1 1 1 1 1 1 1 1 1 1
2 2 2 2 2 2 2 2 2 2
3 3 3 3 3 3 3 3 3 3
4 4 4 4 4 4 4 4 4 4
2 2 2 2 2 2 2 2 2 2
5 5 5 5 5 5 5 5 5 5
6 6 6 6 6 6 6 6 6 6
6 6 6 6 6 6 6 6 6 6
2 2 2 2 2 2 2 2 2 2
7 7 7 7 7 7 7 7 7 7
8 8 8 8 8 8 8 8 8 8
8 8 8 8 8 8 8 8 8 8
9 9 9 9 9 9 9 9 9 9
10 10 10 10 10 10 10 10 10 10
1 1 1 1 1 1 1 1 1 1
1 1 1 1 1 1 1 1 1 1
2 2 2 2 2 2 2 2 2 2
1 1 1 1 1 1 1 1 1 1
7 7 7 7 7 7 7 7 7 7
5 5 5 5 5 5 5 5 5 5
8 8 8 8 8 8 8 8 8 8
6 6 6 6 6 6 6 6 6 6
5 5 5 5 5 5 5 5 5 5
8 8 8 8 8 8 8 8 8 8
11 11 11 11 11 11 11 11 11 11
6 6 6 6 6 6 6 6 6 6
5 5 5 5 5 5 5 5 5 5
10 10 10 10 10 10 10 10 10 10
5 5 5 5 5 5 5 5 5 5
8 8 8 8 8 8 8 8 8 8
5 5 5 5 5 5 5 5 5 5
4 4 4 4 4 4 4 4 4 4
3 3 3 3 3 3 3 3 3 3
12 12 12 12 12 12 12 12 12 12
3 3 3 3 3 3 3 3 3 3
13 13 13 13 13 13 13 13 13 13
3 3 3 3 3 3 3 3 3 3
4 4 4 4 4 4 4 4 4 4
14 14 14 14 14 14 14 14 14 14
1 1 1 1 1 1 1 1 1 1
4 4 4 4 4 4 4 4 4 4
15 15 15 15 15 15 15 15 15 15
16 16 16 16 16 16 16 16 16 16
2 2 2 2 2 2 2 2 2 2
7 7 7 7 7 7 7 7 7 7
2 2 2 2 2 2 2 2 2 2
2 2 2 2 2 2 2 2 2 2
11 11 11 11 11 11 11 11 11 11
1 1 1 1 1 1 1 1 1 1
5 5 5 5 5 5 5 5 5 5
3 3 3 3 3 3 3 3 3 3
9 9 9 9 9 9 9 9 9 9
7 7 7 7 7 7 7 7 7 7
16 16 16 16 16 16 16 16 16 16
3 3 3 3 3 3 3 3 3 3
14 14 14 14 14 14 14 14 14 14
2 2 2 2 2 2 2 2 2 2
3 3 3 3 3 3 3 3 3 3
14 14 14 14 14 14 14 14 14 14
8 8 8 8 8 8 8 8 8 8
14 14 14 14 14 14 14 14 14 14
12 12 12 12 12 12 12 12 12 12
8 8 8 8 8 8 8 8 8 8
2 2 2 2 2 2 2 2 2 2
2 2 2 2 2 2 2 2 2 2
1 1 1 1 1 1 1 1 1 1
1 1 1 1 1 1 1 1 1 1
5 5 5 5 5 5 5 5 5 5
3 3 3 3 3 3 3 3 3 3
5 5 5 5 5 5 5 5 5 5
5 5 5 5 5 5 5 5 5 5
5 5 5 5 5 5 5 5 5 5
1 1 1 1 1 1 1 1 1 1
15 15 15 15 15 15 15 15 15 15
7 7 7 7 7 7 7 7 7 7
5 5 5 5 5 5 5 5 5 5
7 7 7 7 7 7 7 7 7 7
5 5 5 5 5 5 5 5 5 5
6 6 6 6 6 6 6 6 6 6
8 8 8 8 8 8 8 8 8 8
1 1 1 1 1 1 1 1 1 1
8 8 8 8 8 8 8 8 8 8
5 5 5 5 5 5 5 5 5 5
12 12 12 12 12 12 12 12 12 12
12 12 12 12 12 12 12 12 12 12
1 1 1 1 1 1 1 1 1 1
1 1 1 1 1 1 1 1 1 1
13 13 13 13 13 13 13 13 13 13
16 16 16 16 16 16 16 16 16 16
1 1 1 1 1 1 1 1 1 1
4 4 4 4 4 4 4 4 4 4
10 10 10 10 10 10 10 10 10 10
11 11 11 11 11 11 11 11 11 11
3 3 3 3 3 3 3 3 3 3
2 2 2 2 2 2 2 2 2 2
9 9 9 9 9 9 9 9 9 9
17 17 17 17 17 17 17 17 17 17
12 12 12 12 12 12 12 12 12 12
6 6 6 6 6 6 6 6 6 6
2 2 2 2 2 2 2 2 2 2
3 3 3 3 3 3 3 3 3 3
5 5 5 5 5 5 5 5 5 5
1 1 1 1 1 1 1 1 1 1
5 5 5 5 5 5 5 5 5 5
8 8 8 8 8 8 8 8 8 8
5 5 5 5 5 5 5 5 5 5
4 4 4 4 4 4 4 4 4 4
2 2 2 2 2 2 2 2 2 2
10 10 10 10 10 10 10 10 10 10
10 10 10 10 10 10 10 10 10 10
12 12 12 12 12 12 12 12 12 12
15 15 15 15 15 15 15 15 15 15
1 1 1 1 1 1 1 1 1 1
5 5 5 5 5 5 5 5 5 5
5 5 5 5 5 5 5 5 5 5
8 8 8 8 8 8 8 8 8 8
2 2 2 2 2 2 2 2 2 2
9 9 9 9 9 9 9 9 9 9
17 17 17 17 17 17 17 17 17 17
14 14 14 14 14 14 14 14 14 14
8 8 8 8 8 8 8 8 8 8
6 6 6 6 6 6 6 6 6 6
8 8 8 8 8 8 8 8 8 8
5 5 5 5 5 5 5 5 5 5
7 7 7 7 7 7 7 7 7 7
10 10 10 10 10 10 10 10 10 10
1 1 1 1 1 1 1 1 1 1
2 2 2 2 2 2 2 2 2 2
5 5 5 5 5 5 5 5 5 5
6 6 6 6 6 6 6 6 6 6
15 15 15 15 15 15 15 15 15 15
10 10 10 10 10 10 10 10 10 10
8 8 8 8 8 8 8 8 8 8
6 6 6 6 6 6 6 6 6 6
16 16 16 16 16 16 16 16 16 16
1 1 1 1 1 1 1 1 1 1
15 15 15 15 15 15 15 15 15 15
5 5 5 5 5 5 5 5 5 5
7 7 7 7 7 7 7 7 7 7
11 11 11 11 11 11 11 11 11 11
1 1 1 1 1 1 1 1 1 1
1 1 1 1 1 1 1 1 1 1
7 7 7 7 7 7 7 7 7 7
7 7 7 7 7 7 7 7 7 7
8 8 8 8 8 8 8 8 8 8
2 2 2 2 2 2 2 2 2 2
7 7 7 7 7 7 7 7 7 7
5 5 5 5 5 5 5 5 5 5
8 8 8 8 8 8 8 8 8 8
7 7 7 7 7 7 7 7 7 7
5 5 5 5 5 5 5 5 5 5
18 18 18 18 18 18 18 18 18 18
4 4 4 4 4 4 4 4 4 4
2 2 2 2 2 2 2 2 2 2
1 1 1 1 1 1 1 1 1 1
1 1 1 1 1 1 1 1 1 1
5 5 5 5 5 5 5 5 5 5
5 5 5 5 5 5 5 5 5 5
1 1 1 1 1 1 1 1 1 1
1 1 1 1 1 1 1 1 1 1
6 6 6 6 6 6 6 6 6 6
6 6 6 6 6 6 6 6 6 6
8 8 8 8 8 8 8 8 8 8
2 2 2 2 2 2 2 2 2 2
14 14 14 14 14 14 14 14 14 14
2 2 2 2 2 2 2 2 2 2
2 2 2 2 2 2 2 2 2 2
11 11 11 11 11 11 11 11 11 11
3 3 3 3 3 3 3 3 3 3
12 12 12 12 12 12 12 12 12 12
4 4 4 4 4 4 4 4 4 4
9 9 9 9 9 9 9 9 9 9
2 2 2 2 2 2 2 2 2 2
4 4 4 4 4 4 4 4 4 4
7 7 7 7 7 7 7 7 7 7
1 1 1 1 1 1 1 1 1 1
8 8 8 8 8 8 8 8 8 8
5 5 5 5 5 5 5 5 5 5
8 8 8 8 8 8 8 8 8 8
4 4 4 4 4 4 4 4 4 4
3 3 3 3 3 3 3 3 3 3
1 1 1 1 1 1 1 1 1 1
14 14 14 14 14 14 14 14 14 14
2 2 2 2 2 2 2 2 2 2
5 5 5 5 5 5 5 5 5 5
7 7 7 7 7 7 7 7 7 7
14 14 14 14 14 14 14 14 14 14
9 9 9 9 9 9 9 9 9 9
8 8 8 8 8 8 8 8 8 8
19 19 19 19 19 19 19 19 19 19
8 8 8 8 8 8 8 8 8 8
8 8 8 8 8 8 8 8 8 8
18 18 18 18 18 18 18 18 18 18
4 4 4 4 4 4 4 4 4 4
5 5 5 5 5 5 5 5 5 5
2 2 2 2 2 2 2 2 2 2
2 2 2 2 2 2 2 2 2 2
2 2 2 2 2 2 2 2 2 2
1 1 1 1 1 1 1 1 1 1
10 10 10 10 10 10 10 10 10 10
5 5 5 5 5 5 5 5 5 5
7 7 7 7 7 7 7 7 7 7
12 12 12 12 12 12 12 12 12 12
16 16 16 16 16 16 16 16 16 16
5 5 5 5 5 5 5 5 5 5
5 5 5 5 5 5 5 5 5 5
2 2 2 2 2 2 2 2 2 2
8 8 8 8 8 8 8 8 8 8
18 18 18 18 18 18 18 18 18 18
10 10 10 10 10 10 10 10 10 10
2 2 2 2 2 2 2 2 2 2
12 12 12 12 12 12 12 12 12 12
5 5 5 5 5 5 5 5 5 5
17 17 17 17 17 17 17 17 17 17
1 1 1 1 1 1 1 1 1 1
3 3 3 3 3 3 3 3 3 3
2 2 2 2 2 2 2 2 2 2
6 6 6 6 6 6 6 6 6 6
12 12 12 12 12 12 12 12 12 12
7 7 7 7 7 7 7 7 7 7
5 5 5 5 5 5 5 5 5 5
7 7 7 7 7 7 7 7 7 7
13 13 13 13 13 13 13 13 13 13
6 6 6 6 6 6 6 6 6 6
5 5 5 5 5 5 5 5 5 5
13 13 13 13 13 13 13 13 13 13
3 3 3 3 3 3 3 3 3 3
6 6 6 6 6 6 6 6 6 6
11 11 11 11 11 11 11 11 11 11
11 11 11 11 11 11 11 11 11 11
2 2 2 2 2 2 2 2 2 2
11 11 11 11 11 11 11 11 11 11
4 4 4 4 4 4 4 4 4 4
16 16 16 16 16 16 16 16 16 16
12 12 12 12 12 12 12 12 12 12
1 1 1 1 1 1 1 1 1 1
11 11 11 11 11 11 11 11 11 11
2 2 2 2 2 2 2 2 2 2
6 6 6 6 6 6 6 6 6 6
5 5 5 5 5 5 5 5 5 5
1 1 1 1 1 1 1 1 1 1
1 1 1 1 1 1 1 1 1 1
2 2 2 2 2 2 2 2 2 2
7 7 7 7 7 7 7 7 7 7
2 2 2 2 2 2 2 2 2 2
2 2 2 2 2 2 2 2 2 2
5 5 5 5 5 5 5 5 5 5
5 5 5 5 5 5 5 5 5 5
6 6 6 6 6 6 6 6 6 6
7 7 7 7 7 7 7 7 7 7
10 10 10 10 10 10 10 10 10 10
7 7 7 7 7 7 7 7 7 7
3 3 3 3 3 3 3 3 3 3
6 6 6 6 6 6 6 6 6 6
15 15 15 15 15 15 15 15 15 15
13 13 13 13 13 13 13 13 13 13
16 16 16 16 16 16 16 16 16 16
10 10 10 10 10 10 10 10 10 10
8 8 8 8 8 8 8 8 8 8
14 14 14 14 14 14 14 14 14 14
6 6 6 6 6 6 6 6 6 6
1 1 1 1 1 1 1 1 1 1
5 5 5 5 5 5 5 5 5 5
7 7 7 7 7 7 7 7 7 7
3 3 3 3 3 3 3 3 3 3
11 11 11 11 11 11 11 11 11 11
15 15 15 15 15 15 15 15 15 15
5 5 5 5 5 5 5 5 5 5
9 9 9 9 9 9 9 9 9 9
15 15 15 15 15 15 15 15 15 15
3 3 3 3 3 3 3 3 3 3
14 14 14 14 14 14 14 14 14 14
3 3 3 3 3 3 3 3 3 3
1 1 1 1 1 1 1 1 1 1
5 5 5 5 5 5 5 5 5 5
20 20 20 20 20 20 20 20 20 20
4 4 4 4 4 4 4 4 4 4
7 7 7 7 7 7 7 7 7 7
2 2 2 2 2 2 2 2 2 2
1 1 1 1 1 1 1 1 1 1
10 10 10 10 10 10 10 10 10 10
2 2 2 2 2 2 2 2 2 2
10 10 10 10 10 10 10 10 10 10
4 4 4 4 4 4 4 4 4 4
6 6 6 6 6 6 6 6 6 6
5 5 5 5 5 5 5 5 5 5
11 11 11 11 11 11 11 11 11 11
17 17 17 17 17 17 17 17 17 17
3 3 3 3 3 3 3 3 3 3
2 2 2 2 2 2 2 2 2 2
11 11 11 11 11 11 11 11 11 11
5 5 5 5 5 5 5 5 5 5
17 17 17 17 17 17 17 17 17 17
4 4 4 4 4 4 4 4 4 4
5 5 5 5 5 5 5 5 5 5
4 4 4 4 4 4 4 4 4 4
6 6 6 6 6 6 6 6 6 6
1 1 1 1 1 1 1 1 1 1
8 8 8 8 8 8 8 8 8 8
6 6 6 6 6 6 6 6 6 6
2 2 2 2 2 2 2 2 2 2
20 20 20 20 20 20 20 20 20 20
2 2 2 2 2 2 2 2 2 2
10 10 10 10 10 10 10 10 10 10
2 2 2 2 2 2 2 2 2 2
1 1 1 1 1 1 1 1 1 1
5 5 5 5 5 5 5 5 5 5
9 9 9 9 9 9 9 9 9 9
1 1 1 1 1 1 1 1 1 1
2 2 2 2 2 2 2 2 2 2
12 12 12 12 12 12 12 12 12 12
2 2 2 2 2 2 2 2 2 2
14 14 14 14 14 14 14 14 14 14
8 8 8 8 8 8 8 8 8 8
5 5 5 5 5 5 5 5 5 5
19 19 19 19 19 19 19 19 19 19
7 7 7 7 7 7 7 7 7 7
5 5 5 5 5 5 5 5 5 5
11 11 11 11 11 11 11 11 11 11
13 13 13 13 13 13 13 13 13 13
7 7 7 7 7 7 7 7 7 7
4 4 4 4 4 4 4 4 4 4
7 7 7 7 7 7 7 7 7 7
12 12 12 12 12 12 12 12 12 12
7 7 7 7 7 7 7 7 7 7
3 3 3 3 3 3 3 3 3 3
5 5 5 5 5 5 5 5 5 5
16 16 16 16 16 16 16 16 16 16
4 4 4 4 4 4 4 4 4 4
4 4 4 4 4 4 4 4 4 4
3 3 3 3 3 3 3 3 3 3
6 6 6 6 6 6 6 6 6 6
1 1 1 1 1 1 1 1 1 1
10 10 10 10 10 10 10 10 10 10
2 2 2 2 2 2 2 2 2 2
1 1 1 1 1 1 1 1 1 1
6 6 6 6 6 6 6 6 6 6
7 7 7 7 7 7 7 7 7 7
1 1 1 1 1 1 1 1 1 1
5 5 5 5 5 5 5 5 5 5
1 1 1 1 1 1 1 1 1 1
1 1 1 1 1 1 1 1 1 1
2 2 2 2 2 2 2 2 2 2
2 2 2 2 2 2 2 2 2 2
15 15 15 15 15 15 15 15 15 15
4 4 4 4 4 4 4 4 4 4
2 2 2 2 2 2 2 2 2 2
5 5 5 5 5 5 5 5 5 5
5 5 5 5 5 5 5 5 5 5
8 8 8 8 8 8 8 8 8 8
1 1 1 1 1 1 1 1 1 1
14 14 14 14 14 14 14 14 14 14
3 3 3 3 3 3 3 3 3 3
1 1 1 1 1 1 1 1 1 1
6 6 6 6 6 6 6 6 6 6
1 1 1 1 1 1 1 1 1 1
8 8 8 8 8 8 8 8 8 8
1 1 1 1 1 1 1 1 1 1
5 5 5 5 5 5 5 5 5 5
17 17 17 17 17 17 17 17 17 17
4 4 4 4 4 4 4 4 4 4
19 19 19 19 19 19 19 19 19 19
2 2 2 2 2 2 2 2 2 2
16 16 16 16 16 16 16 16 16 16
5 5 5 5 5 5 5 5 5 5
8 8 8 8 8 8 8 8 8 8
5 5 5 5 5 5 5 5 5 5
2 2 2 2 2 2 2 2 2 2
2 2 2 2 2 2 2 2 2 2
7 7 7 7 7 7 7 7 7 7
5 5 5 5 5 5 5 5 5 5
2 2 2 2 2 2 2 2 2 2
1 1 1 1 1 1 1 1 1 1
15 15 15 15 15 15 15 15 15 15
10 10 10 10 10 10 10 10 10 10
10 10 10 10 10 10 10 10 10 10
8 8 8 8 8 8 8 8 8 8
11 11 11 11 11 11 11 11 11 11
1 1 1 1 1 1 1 1 1 1
5 5 5 5 5 5 5 5 5 5
16 16 16 16 16 16 16 16 16 16
9 9 9 9 9 9 9 9 9 9
1 1 1 1 1 1 1 1 1 1
5 5 5 5 5 5 5 5 5 5
19 19 19 19 19 19 19 19 19 19
4 4 4 4 4 4 4 4 4 4
5 5 5 5 5 5 5 5 5 5
5 5 5 5 5 5 5 5 5 5
5 5 5 5 5 5 5 5 5 5
15 15 15 15 15 15 15 15 15 15
3 3 3 3 3 3 3 3 3 3
7 7 7 7 7 7 7 7 7 7
10 10 10 10 10 10 10 10 10 10
12 12 12 12 12 12 12 12 12 12
10 10 10 10 10 10 10 10 10 10
1 1 1 1 1 1 1 1 1 1
4 4 4 4 4 4 4 4 4 4
3 3 3 3 3 3 3 3 3 3
5 5 5 5 5 5 5 5 5 5
4 4 4 4 4 4 4 4 4 4
