1 22
1 52
1 126
1 129
1 133
1 169
1 263
22 8
22 9
22 71
22 85
22 102
22 120
22 123
22 129
22 133
22 163
22 228
22 263
52 126
52 169
52 263
52 285
126 263
129 102
129 123
129 133
129 234
129 285
133 3
133 8
133 62
133 85
133 87
133 102
133 121
133 123
133 148
133 163
133 169
133 202
133 215
133 228
133 316
263 85
2 47
2 87
2 122
2 176
2 205
47 124
47 166
47 205
47 214
47 245
47 252
47 265
87 3
87 8
87 18
87 29
87 33
87 62
87 79
87 96
87 121
87 124
87 143
87 148
87 152
87 174
87 177
87 227
87 248
87 288
122 96
122 124
122 145
122 205
122 265
122 270
122 280
176 124
176 145
176 281
205 203
205 206
205 245
205 270
3 15
3 18
3 29
3 35
3 50
3 92
3 99
3 123
3 158
3 161
3 177
3 179
3 304
15 5
15 18
15 29
15 30
15 35
15 50
15 79
15 92
15 99
15 158
15 167
15 220
18 99
18 177
18 252
29 27
29 35
29 44
29 50
29 73
29 99
29 121
29 138
29 161
29 175
29 220
29 282
35 27
35 44
35 50
35 53
35 61
35 73
35 78
35 79
35 92
35 139
35 161
35 174
35 177
35 179
35 265
35 314
50 21
50 27
50 33
50 41
50 61
50 63
50 66
50 69
50 78
50 79
50 80
50 101
50 124
50 136
50 138
50 139
50 177
50 200
50 235
50 249
50 252
50 274
92 70
92 78
92 79
92 86
92 143
92 170
92 244
92 251
92 252
99 31
99 40
99 63
99 68
99 69
99 80
99 101
99 103
99 105
99 107
99 136
99 139
99 200
99 231
99 249
99 270
99 272
123 8
123 9
123 62
123 67
123 148
123 153
123 228
158 33
158 73
158 138
161 5
161 179
177 30
177 32
177 33
177 73
177 78
177 79
177 115
177 124
177 138
177 143
177 174
177 179
177 227
179 73
179 78
179 79
179 143
179 174
179 206
304 209
304 258
304 290
304 292
304 297
304 303
304 307
304 312
304 313
304 314
304 317
304 324
304 326
4 21
4 101
21 40
21 41
21 48
21 54
21 63
21 66
21 77
21 79
21 80
21 101
21 107
21 125
21 130
21 136
21 190
21 193
21 200
21 204
21 235
21 249
21 272
21 274
21 286
101 31
101 40
101 41
101 48
101 63
101 69
101 80
101 105
101 107
101 125
101 130
101 136
101 139
101 235
101 249
101 251
101 272
101 274
101 288
5 30
5 33
5 44
5 73
5 91
5 115
5 174
5 252
30 33
30 44
30 61
30 73
30 115
30 166
33 44
33 70
33 96
33 115
33 174
33 248
33 288
44 61
44 73
44 98
44 115
44 138
44 143
44 174
44 248
44 252
73 27
73 78
73 79
73 143
73 174
73 227
73 248
73 252
73 261
91 17
115 32
115 70
115 98
115 170
115 174
115 252
174 61
174 227
252 27
252 61
252 78
252 79
252 143
252 166
6 135
6 185
6 250
6 279
135 116
135 132
135 150
135 151
135 165
135 171
135 185
135 211
135 218
135 238
135 256
135 279
135 296
135 308
135 312
135 313
135 317
185 14
185 54
185 211
185 218
185 219
185 256
185 279
185 302
185 308
185 309
250 211
250 317
279 211
279 251
7 143
7 170
143 79
143 96
143 170
143 227
143 248
170 78
170 79
170 244
8 62
8 65
8 102
8 120
8 163
8 228
62 71
62 120
62 148
62 163
62 228
62 317
65 12
65 24
65 26
65 32
65 43
65 45
65 49
65 59
65 68
65 71
65 72
65 75
65 97
65 102
65 110
65 134
65 157
65 163
65 178
65 217
65 228
65 275
102 71
102 175
102 228
102 254
120 202
120 264
120 285
163 148
163 228
228 13
228 71
228 72
228 104
228 108
228 131
228 178
228 239
228 259
9 85
9 142
9 153
9 285
153 183
153 234
11 12
11 19
11 54
11 74
11 182
11 233
11 256
12 14
12 25
12 28
12 68
12 74
12 82
12 83
12 93
12 107
12 136
12 144
12 162
12 209
12 213
12 219
12 221
12 223
12 256
19 54
19 116
19 233
19 256
19 300
19 321
54 14
54 56
54 88
54 182
54 184
54 209
54 233
54 256
54 258
54 309
74 56
74 82
74 93
74 94
74 136
74 144
74 162
74 182
74 187
74 197
74 200
74 209
74 212
74 213
74 219
74 223
74 225
74 233
74 256
74 258
74 260
182 55
182 94
182 121
182 162
182 195
182 197
182 209
182 212
182 223
182 256
182 258
182 309
182 326
233 94
233 256
256 14
256 55
256 56
256 93
256 94
256 144
256 162
256 187
256 195
256 197
256 212
256 213
256 219
256 223
256 225
256 258
256 260
256 296
256 308
256 309
256 312
256 313
14 43
14 94
14 137
14 195
14 209
14 212
14 213
14 219
14 298
25 39
25 134
25 188
25 189
25 221
25 287
28 64
28 134
28 175
28 216
28 217
28 220
28 221
28 278
68 31
68 40
68 41
68 63
68 69
68 80
68 103
68 107
68 130
68 136
68 154
68 200
68 204
68 221
68 251
68 274
82 56
82 197
82 219
82 223
83 144
83 213
83 223
93 213
107 40
107 41
107 63
107 69
107 80
107 103
107 105
107 136
107 200
107 204
107 251
107 274
136 31
136 40
136 41
136 63
136 69
136 80
136 105
136 130
136 200
136 221
144 56
144 94
144 162
144 187
144 209
144 212
144 260
144 314
144 317
144 326
162 56
162 94
162 187
162 195
162 209
162 212
162 213
162 223
162 260
162 313
209 55
209 94
209 213
209 219
209 258
209 308
209 326
213 56
213 187
213 194
213 195
213 212
213 219
213 223
213 225
213 282
213 316
219 137
219 195
219 223
219 298
221 94
221 134
221 147
221 167
221 171
221 188
221 189
221 220
221 247
223 55
223 187
223 197
13 38
13 97
13 104
13 131
13 259
38 26
38 42
38 43
38 75
38 97
38 104
38 108
38 131
38 173
38 178
38 192
38 240
38 273
97 42
97 71
97 75
97 104
97 108
97 128
97 131
97 134
97 178
97 239
97 259
97 262
97 266
97 275
104 42
104 59
104 71
104 131
104 134
104 178
104 239
104 266
131 42
131 49
131 71
131 72
131 108
131 128
131 134
131 216
131 217
131 239
131 266
131 275
259 71
43 26
43 45
43 49
43 75
43 76
43 100
43 108
43 134
43 157
43 262
94 56
94 211
94 305
94 317
137 132
137 151
137 238
137 283
137 288
137 308
195 132
195 140
195 186
195 187
195 196
195 197
195 225
212 56
212 187
212 260
212 313
298 290
298 293
298 303
298 305
79 32
79 48
79 70
79 78
79 86
79 125
79 138
79 251
79 270
167 188
167 282
220 64
220 181
220 217
17 124
17 145
124 34
124 138
124 236
124 245
124 265
124 268
145 206
145 265
145 280
116 114
116 165
116 184
116 197
116 291
116 296
116 299
116 300
116 303
116 317
116 319
116 321
300 294
300 299
300 319
300 321
321 294
321 302
321 303
321 310
20 42
20 59
20 75
20 108
20 192
20 217
20 240
20 262
20 266
42 59
42 72
42 76
42 108
42 134
42 178
42 239
42 262
42 266
42 275
59 75
59 134
59 178
59 192
59 239
59 240
59 262
59 266
75 24
75 72
75 108
75 134
75 192
75 217
75 239
75 240
75 275
108 24
108 26
108 76
108 178
108 217
108 239
108 240
108 262
108 266
108 273
108 275
192 26
192 72
192 217
192 239
217 24
217 26
217 71
217 110
217 134
217 207
217 215
217 239
217 240
217 266
217 275
217 278
240 76
240 262
240 275
262 76
262 178
262 215
262 266
262 275
266 71
266 76
266 178
266 239
266 275
40 41
40 63
40 66
40 69
40 80
40 105
40 125
40 130
40 139
40 190
40 204
40 235
40 249
40 251
41 31
41 63
41 69
41 80
41 139
41 200
41 204
41 231
41 249
41 272
41 274
48 70
48 86
48 105
48 127
48 130
48 139
48 193
48 270
63 69
63 77
63 80
63 103
63 125
63 130
63 139
63 190
63 204
63 249
63 272
63 274
66 235
77 235
77 276
80 31
80 69
80 103
80 130
80 200
80 204
80 235
80 241
80 249
80 251
125 31
125 69
125 105
125 130
125 138
125 225
125 235
125 272
125 274
130 193
130 235
130 249
130 274
190 204
190 257
193 249
200 31
200 32
200 103
200 138
200 139
200 274
200 291
204 127
204 272
204 288
235 69
235 127
235 251
249 31
249 69
249 138
249 231
249 274
272 31
272 105
272 127
272 139
272 274
272 288
274 31
274 103
274 139
274 270
286 64
286 154
286 173
286 210
286 216
286 277
71 24
71 26
71 72
71 110
71 128
71 134
71 157
71 239
24 72
24 275
72 26
72 49
72 110
72 128
72 134
72 157
72 178
72 207
72 215
72 239
72 275
72 278
275 76
275 134
275 178
275 239
39 46
39 172
39 173
39 188
39 189
39 210
39 216
39 229
39 247
39 253
39 273
134 26
134 45
134 49
134 100
134 110
134 128
134 152
134 188
134 189
188 189
188 287
189 64
189 172
189 287
287 46
26 45
26 49
26 100
26 110
26 128
26 157
26 215
26 239
45 49
45 100
45 110
45 128
45 157
45 178
49 100
49 110
49 157
49 216
100 110
100 128
100 157
100 215
110 76
110 128
110 157
110 178
128 175
215 32
215 207
215 239
239 173
239 216
27 78
27 139
78 61
78 98
78 139
78 227
78 248
78 261
78 294
78 322
139 31
139 69
139 70
139 103
139 231
64 173
64 210
64 216
64 255
64 277
175 51
175 147
216 278
278 141
121 96
121 232
121 244
121 288
121 316
138 70
282 46
61 166
31 32
31 69
31 70
31 103
69 241
70 86
70 98
70 230
70 248
70 270
103 105
96 269
96 271
248 227
34 95
34 203
34 245
34 265
34 268
245 265
265 152
265 255
53 109
53 171
314 294
314 303
314 306
314 308
314 316
314 317
314 320
173 46
173 273
178 76
273 168
273 253
46 229
46 255
172 164
210 141
210 154
210 277
229 168
229 255
253 164
105 127
251 225
251 257
98 227
98 230
255 168
214 154
86 152
86 270
127 257
51 147
109 114
109 294
109 322
171 114
171 140
171 154
171 180
171 308
56 187
56 260
56 316
88 267
88 296
184 113
184 309
258 55
258 112
258 197
258 260
258 326
309 112
309 152
309 289
309 290
309 291
309 293
309 294
309 301
309 302
309 307
309 308
309 310
309 312
309 317
309 320
309 322
55 187
55 197
55 225
187 313
197 225
197 313
225 211
316 289
316 292
316 293
316 295
316 301
316 303
316 306
316 308
316 317
316 320
316 322
316 324
316 326
58 106
317 165
317 289
317 290
317 291
317 294
317 295
317 296
317 301
317 303
317 305
317 310
317 312
317 318
317 320
277 141
277 181
67 191
154 141
154 254
154 291
154 313
230 227
227 294
227 322
294 291
294 296
294 301
294 307
294 308
294 312
294 313
294 320
294 322
294 326
322 292
322 296
322 301
322 308
322 312
267 113
267 132
267 238
267 313
296 291
296 297
296 301
296 302
296 308
296 312
296 324
296 326
211 218
305 165
305 289
305 291
305 297
305 310
254 141
113 132
113 140
132 151
132 283
132 301
165 150
165 289
165 308
291 290
291 292
291 293
291 295
291 302
291 307
291 310
291 312
299 302
299 303
299 319
303 289
303 290
303 292
303 293
303 308
303 320
303 324
319 302
319 313
202 264
280 206
301 297
301 307
301 308
301 312
301 313
301 320
218 308
308 290
308 292
308 307
308 312
308 313
308 320
312 302
312 307
312 310
312 313
313 297
313 310
326 292
326 293
326 297
326 320
206 243
206 246
206 281
289 290
289 293
289 295
289 320
281 246
181 208
186 196
290 293
290 307
290 320
293 292
293 307
320 292
320 324
307 292
292 324
297 323
