1 22
1 52
1 67
1 85
1 126
1 142
1 163
1 263
1 305
22 60
22 67
22 85
22 89
22 120
22 123
22 153
22 163
22 176
22 191
22 202
22 234
22 285
52 9
52 67
52 85
52 117
52 123
52 133
52 142
52 169
52 191
52 234
52 263
52 305
67 85
67 89
67 126
67 133
67 152
67 153
67 160
67 163
67 191
67 200
85 9
85 16
85 89
85 123
85 126
85 142
85 163
85 183
85 263
126 133
126 183
126 263
142 9
142 117
142 183
142 234
163 60
163 89
163 176
163 191
163 258
263 8
263 16
263 106
263 133
263 183
263 234
305 290
305 292
305 296
305 298
305 313
305 317
305 326
2 17
2 34
2 86
2 91
2 95
2 122
2 145
2 152
2 203
2 206
2 236
2 268
2 271
2 280
17 176
17 236
34 86
34 91
34 122
34 152
34 160
34 176
34 179
34 206
34 236
34 245
34 268
86 10
86 48
86 70
86 91
86 152
86 160
86 246
86 270
91 10
91 21
91 70
91 105
91 122
91 145
91 152
91 160
91 204
91 236
91 265
91 270
91 281
95 47
95 145
95 160
95 199
95 203
95 214
95 284
122 152
122 160
122 176
122 206
122 236
122 280
145 87
145 124
145 136
145 152
145 160
152 10
152 94
152 124
152 149
152 160
152 176
152 201
152 206
152 236
152 282
203 124
203 137
203 160
203 176
203 219
203 245
203 304
203 311
206 160
206 236
206 280
236 280
268 160
268 246
268 265
268 281
271 176
280 176
3 5
3 33
3 35
3 50
3 70
3 73
3 78
3 87
3 92
3 98
3 99
3 119
3 121
3 143
3 161
3 174
3 179
3 199
3 227
3 230
3 248
3 288
5 7
5 27
5 30
5 35
5 70
5 73
5 79
5 92
5 121
5 138
5 143
5 170
5 179
5 227
5 248
5 252
5 288
33 27
33 35
33 50
33 87
33 111
33 121
33 161
33 177
33 179
33 244
35 27
35 44
35 78
35 79
35 92
35 98
35 111
35 115
35 121
35 177
35 179
35 199
35 227
35 230
35 252
50 32
50 70
50 73
50 119
50 121
50 138
50 159
50 161
50 174
50 179
70 10
70 27
70 48
70 73
70 79
70 92
70 115
70 124
70 143
70 160
70 170
70 177
70 248
70 265
70 270
73 7
73 30
73 78
73 79
73 99
73 115
73 119
73 121
73 138
73 143
73 170
73 174
73 179
73 199
73 227
73 230
73 248
73 252
73 261
73 288
78 4
78 30
78 32
78 79
78 87
78 92
78 98
78 115
78 121
78 159
78 174
78 199
78 227
78 230
78 252
87 30
87 98
87 115
87 143
87 158
87 159
87 170
87 177
87 179
87 204
87 227
87 242
87 288
92 7
92 27
92 30
92 32
92 79
92 115
92 143
92 179
92 248
92 252
98 44
98 115
98 199
98 227
98 230
98 252
99 4
99 21
99 29
99 48
99 68
99 69
99 80
99 103
99 105
99 107
99 111
99 125
99 136
99 139
99 143
99 190
99 199
99 200
99 235
99 242
99 248
99 249
99 257
99 272
119 29
119 30
119 32
119 115
119 121
119 143
119 179
119 252
121 12
121 27
121 32
121 111
121 115
121 177
121 179
121 227
143 7
143 79
143 170
143 177
143 179
143 200
143 248
161 138
161 179
174 138
174 227
174 230
179 29
179 30
179 32
179 66
179 79
179 111
179 135
179 138
179 139
179 177
179 190
179 199
179 200
179 265
199 27
199 29
199 32
199 115
199 133
199 158
199 200
199 227
199 276
227 230
227 248
227 252
230 115
230 248
248 7
248 27
248 79
248 170
248 252
288 4
288 68
288 105
288 138
288 242
4 21
4 40
4 41
4 48
4 68
4 105
4 111
4 136
4 138
4 139
4 190
4 231
4 272
21 40
21 41
21 63
21 66
21 77
21 111
21 138
21 139
21 190
21 200
21 235
21 242
21 249
21 272
21 274
40 31
40 66
40 68
40 69
40 80
40 103
40 105
40 107
40 111
40 136
40 138
40 139
40 190
40 204
40 231
40 235
40 272
40 274
41 63
41 249
48 10
48 111
48 249
68 31
68 69
68 103
68 105
68 107
68 136
68 138
68 139
68 190
68 200
68 204
68 242
68 272
105 31
105 63
105 69
105 103
105 107
105 111
105 127
105 136
105 138
105 139
105 204
105 242
105 249
105 272
105 274
111 69
111 115
111 136
111 139
111 177
111 190
111 200
111 235
111 272
111 274
136 31
136 69
136 103
136 107
136 139
136 190
136 200
136 242
136 249
136 274
138 32
138 139
138 177
138 200
138 274
139 31
139 63
139 66
139 69
139 103
139 107
139 200
139 235
139 249
139 265
139 274
139 276
190 63
190 204
190 249
190 265
231 63
272 204
272 242
7 79
27 79
27 115
27 170
27 177
27 252
30 29
30 32
30 79
30 115
30 252
79 32
79 252
170 158
170 177
252 44
252 115
252 200
252 261
6 14
6 112
6 155
6 185
6 218
6 256
6 279
14 11
14 82
14 137
14 201
14 209
14 213
14 218
14 219
14 223
112 116
112 137
112 151
112 155
112 182
112 184
112 219
112 256
112 325
112 326
155 238
185 135
185 184
185 211
185 218
185 279
185 302
218 135
218 184
218 211
218 279
256 11
256 12
256 19
256 54
256 74
256 82
256 83
256 137
256 182
256 187
256 194
256 201
256 209
256 212
256 213
256 219
256 223
256 233
256 258
256 260
256 302
256 325
256 326
279 132
279 150
279 165
279 211
279 219
279 308
8 60
8 62
8 117
8 133
8 169
8 183
8 234
8 285
60 123
60 133
60 148
60 153
60 181
62 117
62 183
117 9
117 123
117 153
117 183
117 234
133 123
133 148
133 153
133 191
133 200
169 123
169 168
169 208
169 234
169 254
183 9
183 106
183 153
183 285
234 9
234 123
285 120
9 148
9 153
9 192
9 217
148 89
148 94
148 123
148 153
153 94
153 123
153 191
192 24
192 43
192 45
192 49
192 72
192 75
192 108
192 217
192 266
217 20
217 24
217 26
217 43
217 45
217 49
217 75
217 97
217 157
217 240
10 96
10 270
10 281
96 269
270 160
11 19
11 74
11 201
11 209
11 219
11 223
11 325
11 326
19 54
19 113
19 209
19 213
19 233
74 12
74 83
74 201
74 209
74 213
74 219
74 233
201 82
201 182
201 209
201 213
201 219
201 223
209 12
209 82
209 137
209 182
209 213
209 219
209 223
209 224
209 258
219 12
219 83
219 137
219 182
219 213
219 223
219 224
219 304
223 82
223 176
223 182
223 238
223 267
325 326
326 182
326 291
326 293
326 296
326 297
326 304
326 312
326 320
12 80
12 82
12 83
12 94
12 213
12 224
12 233
12 294
12 304
12 316
12 322
80 31
80 69
80 103
82 176
82 238
83 213
94 144
94 212
94 224
94 258
94 317
213 55
213 160
213 195
213 212
213 224
213 260
224 137
224 144
224 258
224 267
224 304
233 54
233 300
294 109
294 290
294 292
294 293
294 296
294 301
294 306
294 308
294 312
294 316
294 322
294 323
304 132
304 137
304 258
304 292
304 296
304 303
304 312
304 314
304 316
304 320
304 322
304 323
304 324
316 290
316 292
316 293
316 295
316 298
316 301
316 306
316 307
316 308
316 312
316 314
316 317
316 322
322 28
322 109
322 301
322 302
322 306
322 308
322 312
322 317
13 36
13 42
13 43
13 59
13 71
13 90
13 97
13 104
13 128
13 131
13 207
13 215
13 259
13 266
13 275
36 38
36 42
36 71
36 72
36 90
36 108
36 131
36 146
36 157
36 178
36 207
36 215
36 239
36 259
36 275
42 24
42 59
42 71
42 76
42 90
42 108
42 131
42 178
42 207
42 259
42 266
42 275
43 26
43 45
43 49
43 72
43 75
43 108
43 110
43 146
43 157
43 215
43 239
59 38
59 71
59 76
59 90
59 178
59 266
59 275
71 24
71 38
71 76
71 90
71 104
71 128
71 131
71 154
71 178
71 207
71 259
71 275
90 24
90 38
90 72
90 76
90 108
90 128
90 131
90 157
90 207
90 215
90 239
90 266
90 275
97 20
97 72
97 75
97 104
97 198
97 240
97 259
97 262
104 20
104 49
104 108
104 198
104 239
104 240
104 262
128 24
128 72
128 131
128 178
128 259
128 275
131 24
131 72
131 76
131 178
131 207
131 259
131 275
207 72
207 157
207 215
207 259
207 275
215 26
215 45
215 49
215 72
215 110
215 146
215 157
215 239
215 275
259 38
259 72
259 76
259 178
259 266
259 275
266 72
266 76
266 178
266 275
275 72
275 76
275 178
137 135
137 140
137 151
137 238
137 258
16 106
106 102
176 47
176 89
176 124
176 195
176 238
176 246
176 267
113 116
113 132
113 184
113 267
20 75
20 108
20 239
20 240
20 262
75 26
75 157
75 239
75 240
108 38
108 45
108 49
108 157
108 198
108 239
108 240
108 262
239 26
239 146
239 157
239 198
240 24
240 26
240 262
262 45
262 76
262 110
262 198
63 204
63 249
63 257
63 276
66 200
66 235
77 276
200 32
200 103
200 107
200 235
235 32
235 125
235 249
235 257
242 204
249 274
274 31
274 69
274 103
274 107
274 204
274 265
89 123
89 191
120 202
202 264
24 38
24 45
24 72
24 178
45 26
45 49
45 100
45 146
72 26
72 76
72 178
178 76
25 39
25 46
25 247
25 282
39 46
39 141
39 173
39 181
39 216
39 229
39 247
39 254
39 255
39 273
39 277
46 167
46 172
46 222
46 229
46 247
46 255
46 282
46 286
247 181
247 216
247 282
282 51
282 167
282 173
282 181
282 216
282 254
282 273
282 286
26 49
26 146
26 157
49 100
49 110
49 157
157 110
115 32
115 44
177 158
28 208
28 254
28 278
208 168
208 172
208 173
208 181
208 210
208 254
254 168
254 181
254 277
278 154
31 69
160 124
160 245
160 265
160 301
245 47
141 181
141 216
141 277
173 64
173 167
173 175
173 216
173 221
173 229
173 255
173 273
173 286
181 216
181 277
216 64
216 172
216 277
229 168
229 255
229 273
255 51
255 167
255 168
255 210
255 273
273 51
273 221
277 64
277 168
103 107
103 204
204 127
110 100
167 64
167 168
167 172
167 210
167 221
167 222
167 286
172 64
286 64
286 210
47 214
51 175
53 318
318 135
318 150
318 291
318 296
318 307
318 308
318 309
318 317
55 162
55 197
55 212
55 260
162 56
162 212
162 260
197 56
197 93
212 56
212 260
260 56
260 144
260 258
56 93
56 144
56 258
144 258
144 314
257 125
257 127
257 251
276 127
64 154
64 210
154 210
210 168
124 265
265 246
238 267
88 267
317 289
317 290
317 295
317 298
317 302
317 306
317 312
317 313
317 314
317 321
109 114
109 150
114 140
114 171
150 135
150 211
150 296
150 308
116 135
116 151
116 303
116 315
151 132
132 283
132 303
132 308
132 315
140 171
140 180
140 195
171 180
135 211
135 296
135 308
303 290
303 292
303 298
303 308
303 314
303 315
303 320
303 323
303 324
315 291
315 299
308 292
308 293
308 296
308 298
308 301
308 306
308 307
308 312
308 320
211 296
296 291
296 293
296 297
296 301
296 302
296 311
296 312
296 313
314 292
314 293
314 298
314 302
314 312
314 313
314 320
314 321
314 323
314 324
301 291
301 292
301 293
301 297
301 306
301 307
301 309
301 312
164 253
165 250
302 311
302 312
302 319
302 321
311 291
311 307
311 309
311 312
300 319
300 321
289 290
289 295
289 309
289 312
290 292
290 293
290 298
290 307
290 309
295 292
295 306
309 291
309 307
309 312
312 291
312 292
312 293
312 306
312 307
312 313
292 291
292 293
292 298
292 306
292 307
292 320
292 323
293 298
293 306
298 307
298 320
307 291
291 319
319 299
306 323
320 313
320 324
323 297
297 313
313 321
321 324
