1 24
1 38
1 52
1 57
1 64
1 71
1 85
1 123
1 126
1 129
1 133
1 142
1 153
1 169
1 192
1 207
1 217
1 234
1 263
1 316
24 15
24 26
24 36
24 38
24 43
24 49
24 65
24 72
24 75
24 87
24 146
24 195
24 217
24 273
24 313
38 13
38 26
38 36
38 39
38 42
38 51
38 52
38 59
38 64
38 65
38 69
38 72
38 97
38 104
38 106
38 108
38 133
38 148
38 178
38 183
38 192
38 207
38 216
38 217
38 229
38 255
38 259
38 275
38 286
38 289
38 316
52 8
52 16
52 25
52 57
52 85
52 123
52 129
52 142
52 153
52 154
52 169
52 181
52 191
52 192
52 217
52 234
52 263
52 291
57 3
57 22
57 43
57 63
57 67
57 85
57 120
57 123
57 133
57 163
57 181
57 191
57 202
57 207
57 225
57 234
57 263
57 290
64 25
64 39
64 141
64 142
64 154
64 173
64 181
64 189
64 208
64 210
64 217
64 220
64 247
64 254
64 255
64 273
64 277
64 278
64 286
71 13
71 16
71 97
71 104
71 106
71 110
71 128
71 157
71 259
85 22
85 67
85 126
85 129
85 191
85 263
123 67
123 117
123 133
123 148
123 153
123 169
123 191
123 234
126 106
126 129
126 183
126 263
129 28
129 106
129 117
129 142
129 183
129 217
129 228
129 234
129 263
129 278
133 3
133 8
133 15
133 67
133 142
133 148
133 153
133 169
133 181
133 207
133 263
142 75
142 106
142 117
142 153
142 154
142 181
142 192
142 228
142 234
142 263
153 8
153 31
153 62
153 66
153 67
153 117
153 148
153 191
153 228
169 8
169 263
192 72
192 75
192 104
192 110
192 119
192 146
192 217
207 26
207 36
207 67
207 72
207 217
217 43
217 49
217 65
217 72
217 75
217 108
234 28
234 117
234 191
234 220
263 22
263 51
263 67
263 106
263 147
263 148
263 163
263 181
263 183
316 48
316 121
316 290
316 291
316 292
316 294
316 301
316 306
316 307
316 322
316 326
2 245
2 290
245 290
290 292
290 293
290 301
290 307
290 309
290 323
290 324
3 5
3 7
3 15
3 27
3 30
3 61
3 73
3 87
3 99
3 115
3 119
3 143
3 158
3 161
3 167
3 174
3 179
3 199
3 222
3 248
3 317
5 15
5 30
5 33
5 70
5 73
5 78
5 79
5 119
5 143
5 161
5 252
7 79
7 87
7 92
7 121
7 143
7 248
15 4
15 22
15 44
15 61
15 65
15 78
15 115
15 119
15 158
15 161
15 199
15 291
27 73
27 79
27 115
27 119
27 158
27 161
27 179
27 244
27 252
27 261
30 44
30 50
30 61
30 70
30 78
30 115
30 119
30 158
30 159
30 174
30 179
30 199
30 249
30 252
61 36
61 44
61 79
61 115
61 119
61 159
61 174
61 177
61 179
61 199
61 252
73 33
73 44
73 87
73 92
73 98
73 115
73 119
73 121
73 143
73 174
73 179
73 200
73 227
73 232
73 248
87 33
87 44
87 68
87 79
87 115
87 121
87 179
87 232
87 241
87 248
87 252
99 68
99 101
99 118
99 136
99 231
99 276
115 32
115 44
115 70
115 79
115 119
115 159
115 174
115 179
115 199
119 44
119 121
119 158
119 161
119 174
119 177
119 179
119 199
119 200
143 32
143 33
143 44
143 79
143 121
143 179
143 199
158 70
158 79
158 138
158 161
158 179
161 177
161 179
161 199
167 25
167 46
167 51
167 168
167 173
167 181
167 208
167 216
167 247
167 282
174 44
174 70
174 98
174 199
174 227
174 230
174 299
179 33
179 44
179 70
179 79
179 121
179 177
179 199
179 200
179 244
179 249
179 274
179 288
199 33
199 44
199 80
199 101
199 104
199 121
199 317
248 33
248 98
248 227
248 232
248 288
317 14
317 31
317 41
317 63
317 114
317 182
317 201
317 219
317 289
317 295
317 307
317 308
317 309
317 318
4 21
4 66
4 101
4 130
4 288
21 40
21 41
21 48
21 63
21 66
21 69
21 77
21 130
21 159
21 193
21 249
21 257
66 40
66 101
66 105
66 190
66 200
66 235
66 274
101 31
101 40
101 48
101 68
101 69
101 81
101 124
101 130
101 136
101 160
101 190
101 200
101 204
101 231
101 251
101 265
101 274
101 276
130 40
130 48
130 68
130 136
130 159
130 193
130 257
288 68
288 70
288 105
33 70
33 121
33 232
70 78
70 79
70 98
70 159
70 230
70 232
70 244
70 249
70 252
78 230
79 32
79 50
79 92
79 159
79 249
79 252
252 44
252 92
6 14
6 185
6 211
6 218
6 256
6 258
6 302
14 12
14 140
14 185
14 209
14 219
14 256
14 302
14 304
14 319
14 324
185 114
185 135
185 137
185 151
185 184
185 211
185 218
185 256
185 258
185 302
185 304
185 323
211 135
211 137
211 218
211 225
211 279
218 137
218 279
256 11
256 12
256 19
256 54
256 55
256 56
256 74
256 83
256 182
256 194
256 195
256 201
256 209
256 212
256 213
256 219
256 223
256 225
256 258
256 260
256 279
256 304
258 11
258 94
258 182
258 201
258 209
258 224
258 304
302 295
302 300
302 310
302 319
92 32
92 98
92 138
92 159
121 244
8 62
8 228
62 117
62 228
62 310
228 13
228 104
228 148
228 178
228 259
10 86
10 152
10 270
10 314
86 156
86 160
86 270
152 160
152 270
314 292
314 298
314 304
314 313
314 320
11 12
11 19
11 54
11 55
11 56
11 74
11 88
11 182
11 201
11 219
11 224
12 19
12 55
12 74
12 83
12 93
12 182
12 194
12 201
12 209
12 212
12 213
12 219
12 223
12 225
12 233
12 279
12 309
12 313
19 54
19 56
19 295
19 298
19 299
19 300
54 55
54 56
54 194
54 279
55 56
55 74
55 195
55 201
55 279
56 83
56 162
56 213
56 260
56 279
74 83
74 93
74 94
74 182
74 201
74 213
74 260
88 109
88 113
88 180
88 267
182 197
182 201
182 223
182 224
182 260
201 31
201 53
201 82
201 83
201 114
201 116
201 187
201 194
201 195
201 197
201 209
201 212
201 213
201 219
201 223
201 225
201 260
219 137
219 209
219 213
224 94
224 112
224 189
224 212
224 213
224 223
224 260
224 304
83 94
83 213
93 94
194 186
194 187
194 195
194 196
194 225
209 304
209 313
212 162
213 53
213 116
213 162
213 260
213 304
223 146
225 36
225 49
225 187
225 197
225 279
279 135
279 150
279 187
279 323
309 49
309 291
309 292
309 293
309 301
309 307
309 322
313 195
313 291
313 299
313 304
313 318
313 320
13 42
13 97
13 104
13 259
42 36
42 43
42 45
42 72
42 97
42 104
42 106
42 131
42 146
42 178
42 259
97 36
97 72
97 104
97 108
97 110
97 128
97 131
97 178
97 216
97 259
104 26
104 72
104 128
104 131
104 178
104 259
259 43
259 108
259 110
259 178
140 114
140 267
304 135
304 150
304 184
304 267
304 291
304 307
304 318
304 323
304 324
304 326
319 299
319 300
319 315
324 320
22 67
22 120
22 128
22 148
22 163
22 191
22 202
22 241
22 264
22 273
22 285
44 98
44 159
44 227
44 230
44 244
65 26
65 43
65 45
65 72
65 108
65 110
65 131
65 195
65 295
291 292
291 293
291 299
291 307
291 310
291 318
291 326
16 106
16 183
106 102
106 183
295 51
295 289
295 303
295 307
295 322
298 292
298 307
298 323
299 303
299 307
299 310
300 292
40 68
40 81
40 235
40 276
41 63
41 105
41 107
41 276
48 107
63 171
63 190
63 251
63 257
63 276
69 31
69 80
69 200
69 231
77 257
159 32
193 251
193 257
249 32
249 105
249 138
249 200
249 231
249 274
257 31
257 105
257 127
257 274
67 31
67 80
67 181
67 191
120 163
120 181
120 191
120 202
120 264
128 36
128 43
128 45
128 110
128 131
128 146
148 231
163 202
202 117
202 264
202 285
241 68
241 136
273 39
273 46
273 147
273 164
273 173
273 189
273 229
273 253
273 255
285 286
26 36
26 43
26 45
26 49
26 72
26 90
26 110
26 146
36 43
36 45
36 49
36 51
36 90
36 100
36 108
36 110
36 131
36 146
36 157
36 286
43 45
43 49
43 72
43 90
43 100
43 108
43 110
43 146
43 157
49 45
49 90
49 100
49 110
49 146
49 147
49 157
49 175
49 200
72 45
72 90
72 110
72 216
75 59
75 110
146 31
146 45
146 51
146 90
146 100
146 108
146 110
195 186
25 45
25 220
25 247
25 287
45 51
45 90
45 100
45 110
45 157
45 274
220 28
220 39
220 46
220 51
220 117
220 189
220 216
220 253
220 278
247 181
247 278
247 287
287 208
90 100
90 110
90 157
110 100
110 216
244 32
28 51
28 117
28 154
28 208
28 278
51 39
51 147
51 164
51 168
51 216
51 253
117 278
154 181
154 210
208 181
208 254
278 181
278 254
278 277
50 35
50 177
31 68
31 80
31 200
68 103
68 105
68 107
68 111
68 136
68 200
80 32
80 81
80 274
200 32
200 103
200 107
200 138
200 231
200 274
32 138
138 177
138 274
34 122
100 157
108 275
131 178
286 39
286 46
286 141
286 173
286 181
286 188
286 189
286 210
286 255
286 277
39 46
39 173
39 181
39 216
39 229
39 253
39 254
39 255
216 102
216 168
216 173
229 46
229 147
229 173
229 253
229 255
255 46
255 147
255 173
255 181
255 210
275 262
289 306
46 164
46 173
46 189
173 168
173 181
173 282
181 141
181 147
181 210
181 254
253 164
253 189
254 147
254 210
254 322
81 105
81 231
81 274
235 125
276 127
105 107
105 111
105 127
105 136
105 204
105 251
105 274
107 103
98 227
98 230
227 230
164 189
189 172
147 175
175 210
175 277
175 282
168 282
53 109
53 171
109 114
109 135
109 171
109 180
171 114
171 135
171 180
162 260
310 292
310 296
141 210
141 277
210 277
210 282
103 231
111 204
82 116
82 303
116 113
116 114
303 301
303 307
303 320
156 145
160 124
160 203
160 265
113 184
113 267
267 137
91 284
124 265
135 137
135 150
112 250
250 226
132 283
137 151
150 226
150 318
318 326
323 320
323 326
322 293
322 297
322 301
322 308
322 315
269 281
306 292
306 293
306 301
306 307
292 293
292 301
292 305
292 307
292 308
293 294
293 301
301 296
307 308
307 320
305 308
308 320
296 315
