1 16
1 21
1 22
1 52
1 55
1 80
1 102
1 105
1 117
1 120
1 123
1 126
1 129
1 142
1 169
1 191
1 234
1 249
1 263
1 285
16 22
16 102
16 106
16 126
16 129
16 228
16 263
21 4
21 6
21 10
21 31
21 48
21 77
21 86
21 99
21 101
21 105
21 107
21 121
21 125
21 130
21 143
21 179
21 193
21 203
21 235
21 249
21 257
21 274
22 57
22 67
22 85
22 102
22 106
22 123
22 129
22 148
22 153
22 163
22 187
22 202
22 264
22 285
22 286
52 8
52 42
52 66
52 71
52 102
52 105
52 108
52 117
52 120
52 129
52 142
52 153
52 169
52 191
52 192
52 217
52 220
52 263
55 73
55 187
55 197
55 209
55 225
55 256
55 260
55 263
55 292
80 34
80 63
80 81
80 99
80 125
80 135
80 192
80 204
80 235
80 241
80 249
80 251
102 62
102 85
102 100
102 106
102 123
102 129
102 163
102 183
102 263
105 4
105 63
105 69
105 99
105 107
105 111
105 125
105 130
105 169
105 235
105 249
105 274
117 62
117 106
117 120
117 129
117 133
117 142
117 148
117 153
117 228
117 234
117 263
117 264
117 285
120 67
120 100
120 106
120 126
120 129
120 153
120 181
120 191
120 202
120 220
120 264
123 57
123 67
123 133
123 148
123 153
123 163
123 228
123 263
126 67
126 106
126 137
126 142
126 169
126 183
126 191
126 220
126 263
129 57
129 67
129 85
129 106
129 142
129 148
129 153
129 183
129 191
129 202
129 210
129 217
129 228
129 234
129 286
142 8
142 25
142 57
142 64
142 67
142 85
142 106
142 141
142 148
142 153
142 154
142 183
142 189
142 203
142 234
142 263
142 264
142 277
142 286
142 287
169 97
169 99
169 110
169 220
169 241
169 263
191 67
191 106
191 148
191 153
191 217
191 263
191 264
234 62
234 317
249 34
249 41
249 99
249 115
249 125
249 200
249 235
249 251
249 274
263 43
263 57
263 64
263 67
263 106
263 154
263 173
263 183
263 210
263 264
285 106
2 145
145 34
145 86
145 96
145 121
145 124
145 125
145 135
145 156
145 165
145 220
145 315
145 319
3 7
3 15
3 27
3 30
3 70
3 73
3 79
3 87
3 92
3 98
3 115
3 119
3 121
3 143
3 174
3 179
3 187
3 199
3 232
3 248
3 288
3 302
7 5
7 27
7 33
7 44
7 70
7 73
7 79
7 87
7 121
7 143
7 174
7 199
7 227
7 248
15 27
15 44
15 50
15 61
15 78
15 98
15 101
15 115
15 119
15 121
15 125
15 135
15 138
15 143
15 161
15 174
15 177
15 187
15 197
15 199
15 220
15 235
15 252
15 261
15 284
15 288
27 73
27 115
27 158
27 174
27 248
30 5
30 32
30 33
30 44
30 61
30 78
30 79
30 92
30 94
30 115
30 174
30 177
30 197
30 199
70 10
70 48
70 86
70 135
70 143
70 152
70 179
70 227
70 230
70 248
70 279
70 288
70 314
73 5
73 33
73 50
73 79
73 87
73 92
73 115
73 121
73 143
73 158
73 161
73 177
73 179
73 199
73 227
73 248
73 252
73 317
79 5
79 33
79 44
79 50
79 61
79 65
79 78
79 92
79 100
79 115
79 119
79 121
79 143
79 158
79 159
79 161
79 174
79 177
79 179
79 199
79 214
79 227
79 244
79 252
79 292
79 293
87 5
87 33
87 44
87 50
87 78
87 115
87 121
87 138
87 158
87 174
87 177
87 179
87 199
87 232
87 248
87 252
87 288
87 296
92 5
92 32
92 33
92 44
92 100
92 110
92 115
92 121
92 143
92 159
92 174
92 177
92 244
92 248
92 252
98 174
98 227
115 32
115 33
115 44
115 59
115 61
115 94
115 119
115 158
115 174
115 177
115 179
115 192
115 199
115 248
115 252
115 299
119 75
119 121
119 143
119 161
119 174
119 177
119 179
119 192
119 199
119 252
121 5
121 33
121 50
121 138
121 143
121 158
121 160
121 177
121 179
121 187
121 199
121 232
121 245
121 248
121 288
143 5
143 44
143 50
143 78
143 158
143 161
143 174
143 177
143 199
143 227
143 248
143 317
143 319
174 33
174 44
174 61
174 78
174 177
174 187
174 227
174 248
179 50
179 75
179 161
179 177
179 192
179 244
179 248
187 6
187 12
187 19
187 93
187 94
187 138
187 194
187 196
187 197
187 201
187 213
187 219
187 225
187 258
199 33
199 44
199 50
199 135
199 158
199 214
199 248
232 248
248 5
248 33
248 50
248 158
248 177
248 214
248 220
248 227
248 230
248 237
248 260
248 261
248 288
302 203
302 292
302 301
302 306
302 309
302 313
302 314
5 50
5 61
5 78
5 158
5 177
5 252
50 31
50 32
50 66
50 130
50 138
50 158
50 162
50 177
50 293
50 301
50 317
61 44
61 78
61 93
61 94
61 177
61 227
61 252
61 293
61 310
78 12
78 83
78 138
78 227
78 230
158 44
177 33
177 44
177 138
177 161
177 294
252 159
6 14
6 112
6 116
6 135
6 137
6 151
6 180
6 185
6 218
6 226
6 258
6 279
14 19
14 56
14 82
14 185
14 201
14 209
14 213
14 218
14 219
14 225
14 256
112 151
112 184
116 34
116 114
116 135
116 165
116 201
116 238
116 299
135 33
135 34
135 86
135 94
135 109
135 140
135 155
135 171
135 185
135 201
135 211
135 218
135 279
135 283
135 287
135 295
135 299
135 303
135 309
135 314
137 54
137 56
137 185
137 188
137 203
137 219
137 233
137 238
137 250
137 256
137 267
137 279
180 109
180 113
180 114
180 132
180 171
185 88
185 211
185 218
185 226
185 304
218 211
226 88
226 150
226 155
226 267
258 19
258 94
258 182
258 209
258 213
258 224
258 256
258 304
279 10
279 86
279 88
279 93
279 94
279 150
279 152
279 211
279 270
279 287
279 314
33 44
33 86
33 161
33 244
33 246
44 59
227 94
227 138
8 24
8 62
8 65
8 67
8 110
8 202
8 220
8 228
8 264
24 13
24 36
24 42
24 43
24 47
24 65
24 71
24 72
24 108
24 146
24 192
24 207
24 215
24 217
24 304
62 194
62 228
65 36
65 45
65 47
65 49
65 72
65 97
65 104
65 108
65 110
65 128
65 157
65 217
65 319
67 57
67 85
67 106
67 133
67 148
67 153
67 183
67 217
110 13
110 43
110 45
110 71
110 72
110 90
110 97
110 100
110 128
110 157
110 189
110 207
110 215
110 217
110 259
202 106
202 163
202 264
220 25
220 28
220 46
220 51
220 64
220 108
220 125
220 146
220 147
220 168
220 175
220 181
220 188
220 192
220 210
220 216
220 217
220 221
220 235
220 254
220 255
220 256
220 278
220 286
220 287
228 148
264 106
264 163
10 48
10 63
10 86
10 152
10 270
48 31
48 47
48 86
48 130
48 152
48 159
48 193
63 81
63 86
63 99
63 111
63 241
86 152
86 270
86 281
152 47
152 124
152 270
152 314
11 83
11 213
11 256
83 12
83 56
83 201
83 213
83 223
83 256
213 12
213 19
213 56
213 82
213 162
213 182
213 201
213 212
213 219
213 224
213 256
213 304
256 12
256 19
256 54
256 56
256 182
256 196
256 201
256 212
256 219
256 233
12 19
12 93
12 201
12 223
19 54
19 56
19 74
19 182
19 197
19 201
19 212
19 224
19 233
93 74
93 94
93 162
93 219
93 292
201 34
201 74
201 82
201 156
201 162
201 195
201 197
201 219
201 223
201 225
201 233
201 260
201 292
201 295
201 297
201 299
201 303
223 82
13 38
13 39
13 42
13 45
13 71
13 90
13 97
13 104
13 131
13 157
13 259
13 262
13 280
38 36
38 42
38 43
38 51
38 59
38 69
38 71
38 76
38 97
38 100
38 104
38 108
38 131
38 146
38 157
38 178
38 188
38 189
38 215
38 259
38 262
38 292
38 293
38 294
38 301
38 306
38 316
38 322
39 46
39 51
39 147
39 168
39 173
39 216
39 229
39 255
39 273
39 282
42 36
42 43
42 45
42 59
42 71
42 72
42 76
42 97
42 104
42 108
42 128
42 131
42 146
42 157
42 181
45 26
45 36
45 43
45 49
45 90
45 100
45 108
45 132
45 146
45 157
45 215
45 225
45 286
45 287
71 36
71 43
71 59
71 97
71 104
71 108
71 131
71 147
71 178
71 217
71 259
71 262
71 275
90 26
90 36
90 43
90 49
90 72
90 100
90 104
90 108
90 146
90 157
90 207
90 215
97 59
97 76
97 100
97 104
97 128
97 131
97 178
97 215
97 259
97 262
97 277
104 59
104 76
104 108
104 131
104 178
104 217
104 259
104 262
131 36
131 108
131 128
131 178
131 259
157 36
157 43
157 49
157 57
157 59
157 69
157 100
157 108
157 128
157 146
157 217
157 225
157 259
157 275
157 278
259 59
259 108
259 178
259 217
259 262
259 275
262 59
262 76
262 178
262 275
280 34
280 122
280 124
280 205
56 54
56 182
56 209
56 212
56 225
82 219
82 233
209 182
209 203
209 219
209 224
219 94
219 197
219 203
219 225
225 195
225 196
225 211
101 66
101 69
101 130
101 190
101 257
125 31
125 66
125 99
125 130
125 200
125 204
125 235
138 32
138 161
197 74
197 94
197 182
197 301
235 66
235 99
235 107
235 130
235 200
235 204
235 274
284 34
284 47
284 95
284 160
106 163
106 183
54 182
54 212
74 94
74 233
224 260
224 304
233 156
233 299
31 32
31 66
31 130
31 193
31 200
31 274
77 130
77 257
99 107
99 111
99 124
99 127
99 241
99 274
107 111
130 32
130 36
130 69
130 190
130 193
130 257
130 274
193 257
193 274
203 34
203 91
203 108
203 154
203 156
203 160
203 245
203 304
203 316
257 118
257 251
274 41
274 66
274 69
57 85
57 133
57 163
85 183
85 217
85 277
148 133
148 153
148 183
148 217
153 163
153 183
153 241
286 25
286 64
286 147
286 164
286 172
286 188
286 189
286 208
286 210
286 216
286 217
286 253
286 273
286 277
36 26
36 43
36 108
36 124
36 128
36 146
36 207
43 26
43 49
43 72
43 100
43 108
43 128
43 146
43 207
43 277
43 278
47 34
47 96
47 122
47 124
47 205
47 245
47 269
47 304
72 26
72 49
72 75
72 146
72 207
72 215
72 217
108 26
108 49
108 59
108 146
108 178
108 192
108 217
108 275
108 322
146 49
146 128
146 207
146 217
192 59
192 75
192 100
192 207
192 217
207 75
207 215
207 217
215 26
215 49
215 69
215 76
215 100
215 217
217 59
217 75
217 100
217 275
217 277
304 34
304 96
304 124
304 160
304 205
304 281
304 322
304 326
25 46
25 64
25 141
25 154
25 164
25 167
25 173
25 188
25 189
25 247
25 253
25 255
25 277
25 287
46 69
46 76
46 164
46 167
46 168
46 172
46 222
46 245
46 247
46 253
46 273
46 282
64 28
64 141
64 164
64 167
64 172
64 173
64 175
64 181
64 188
64 189
64 253
64 277
64 287
64 294
64 306
141 154
141 210
141 277
141 287
154 183
154 208
154 210
154 254
154 277
154 282
154 287
164 172
164 188
164 189
164 253
167 28
167 133
167 168
167 173
167 216
167 222
167 254
167 255
167 282
167 306
173 51
173 229
173 255
173 273
173 278
173 282
188 76
188 147
188 168
188 189
188 221
189 76
189 221
189 253
189 277
189 287
247 147
247 210
247 294
253 273
255 51
255 147
255 168
255 175
255 273
255 278
255 282
277 51
277 175
277 210
277 278
277 287
287 28
26 49
26 76
26 100
49 59
49 100
49 183
49 275
49 292
49 293
49 299
76 59
76 69
76 100
76 178
76 275
100 128
100 168
28 147
28 181
28 278
147 51
147 168
147 175
147 216
147 221
147 229
147 273
147 278
147 282
147 306
181 208
181 254
278 208
32 200
94 69
94 150
94 162
94 211
94 250
94 301
94 319
66 200
200 69
246 34
34 96
34 122
34 124
34 160
34 245
34 269
34 281
34 295
34 303
96 118
96 124
96 269
96 281
122 124
122 205
122 245
124 245
124 265
124 268
124 269
124 281
160 205
160 245
245 205
269 281
295 156
295 293
295 299
295 303
295 309
303 299
303 307
303 309
51 175
59 75
178 275
292 290
292 293
292 294
292 296
292 297
292 301
292 306
292 316
292 320
292 322
292 324
293 294
293 296
293 297
293 301
293 316
293 322
294 297
294 316
294 322
301 296
301 306
301 307
301 309
301 310
301 313
301 316
301 319
301 320
301 322
301 326
306 175
306 282
306 296
306 307
306 309
306 316
306 322
316 307
316 309
316 322
322 307
322 309
322 326
168 221
168 229
168 254
168 282
216 172
273 172
273 210
40 81
81 127
41 111
111 113
111 127
111 204
111 241
111 251
132 165
132 171
132 283
275 75
299 156
162 260
317 291
317 297
317 307
317 314
317 315
317 323
175 210
53 114
114 109
114 113
114 165
114 171
114 238
114 319
310 323
194 195
194 196
241 127
241 251
319 113
319 267
319 300
319 313
319 315
314 296
314 309
314 315
88 113
88 150
113 156
113 184
113 211
113 267
113 315
150 165
150 250
250 118
250 165
109 171
156 267
267 140
267 238
165 140
238 140
238 155
265 268
283 309
309 196
309 307
309 313
208 254
176 186
186 195
289 300
290 324
291 307
291 326
298 305
