1 16
1 52
1 102
1 108
1 117
1 123
1 124
1 126
1 142
1 148
1 169
1 225
1 234
1 263
16 13
16 22
16 57
16 59
16 71
16 102
16 106
16 153
16 163
16 183
16 263
52 9
52 22
52 28
52 71
52 117
52 120
52 133
52 142
52 148
52 153
52 169
52 217
52 234
52 239
52 258
52 263
52 278
52 309
102 22
102 67
102 85
102 106
102 126
102 183
102 263
108 20
108 22
108 24
108 26
108 38
108 42
108 43
108 45
108 49
108 69
108 71
108 75
108 76
108 97
108 104
108 153
108 157
108 173
108 198
108 211
108 239
108 240
108 259
108 262
108 263
108 266
108 275
108 292
117 9
117 60
117 62
117 123
117 142
117 148
117 153
117 228
117 234
123 9
123 26
123 60
123 67
123 90
123 133
123 142
123 148
123 153
123 169
123 191
123 234
123 275
124 2
124 10
124 34
124 41
124 47
124 66
124 86
124 96
124 145
124 152
124 160
124 176
124 203
124 209
124 214
124 236
124 265
124 268
124 270
126 22
126 153
126 183
126 228
126 263
142 62
142 71
142 148
142 169
142 239
148 9
148 45
148 60
148 67
148 133
148 153
148 228
169 8
169 9
169 153
169 234
225 55
225 56
225 151
225 152
225 187
225 201
225 211
225 245
225 279
234 9
234 191
234 228
234 263
234 285
263 8
263 9
263 22
263 24
263 38
263 41
263 51
263 67
263 69
263 71
263 106
263 120
263 153
263 183
263 285
2 34
2 145
2 160
2 203
2 206
2 236
2 280
2 281
2 284
34 47
34 122
34 160
34 176
34 203
34 236
34 245
145 22
145 47
145 121
145 122
145 201
145 202
160 10
160 86
160 95
160 203
160 204
160 209
160 224
160 236
160 245
160 258
160 265
160 268
160 270
160 304
203 47
203 236
203 245
203 265
203 268
203 284
206 47
206 122
206 236
206 245
206 280
236 17
236 47
236 176
236 265
236 268
280 122
280 246
280 265
280 271
281 47
281 246
281 268
281 269
284 91
284 95
284 118
284 271
3 35
3 70
3 98
3 248
3 288
35 27
35 30
35 44
35 70
35 98
35 115
35 170
70 5
70 27
70 79
70 91
70 92
70 115
70 158
70 288
98 29
98 227
98 230
248 5
248 7
248 73
248 79
248 92
248 143
248 177
248 179
248 273
288 30
288 115
4 40
4 66
4 80
4 111
4 139
4 200
4 231
4 242
40 19
40 21
40 31
40 41
40 48
40 66
40 68
40 69
40 80
40 125
40 127
40 139
40 231
40 249
40 251
40 300
66 21
66 31
66 41
66 127
66 200
66 235
66 276
80 31
80 48
80 68
80 69
80 103
80 125
80 136
80 190
80 231
80 235
111 99
111 105
111 107
111 136
111 190
111 200
111 242
111 276
139 14
139 21
139 41
139 95
139 103
139 105
139 107
139 190
139 200
139 219
139 231
139 249
139 274
200 31
200 99
200 103
200 107
200 136
200 159
200 272
231 41
231 242
231 292
242 68
242 69
242 105
242 136
242 204
242 272
5 79
5 92
5 143
79 7
79 92
79 143
79 252
92 7
92 143
143 7
143 73
6 112
6 113
6 151
6 155
6 185
6 211
6 218
112 53
112 184
112 218
113 55
113 132
113 150
113 184
113 211
113 233
113 267
113 289
113 300
113 302
113 305
113 316
113 319
113 321
113 323
151 185
151 201
155 13
155 88
155 135
155 137
155 185
155 226
185 184
185 211
211 55
211 135
211 150
211 218
211 256
211 279
211 289
211 292
211 296
211 315
211 319
218 135
8 60
8 62
8 133
8 245
60 9
60 67
60 133
60 228
62 24
62 245
62 279
133 9
133 12
133 30
133 67
133 110
133 153
133 191
133 228
133 295
245 10
245 22
245 47
245 86
245 103
245 120
245 152
245 176
245 187
245 265
245 279
9 67
9 85
9 120
9 217
9 228
67 22
67 26
67 57
67 76
67 90
67 153
67 191
67 262
67 295
67 317
85 183
85 286
120 22
120 28
120 103
120 163
120 187
120 191
120 202
120 228
120 264
120 304
217 20
217 43
217 45
217 56
217 97
217 100
217 110
217 192
217 239
228 22
228 24
228 38
228 104
228 153
228 163
228 202
228 259
10 48
10 86
10 270
48 31
48 86
48 99
48 159
48 270
86 152
86 186
86 268
86 270
86 279
270 152
270 178
11 12
11 54
11 55
11 56
11 182
11 213
11 219
11 256
11 325
12 43
12 54
12 55
12 74
12 83
12 93
12 94
12 197
12 201
12 209
12 212
12 213
12 219
12 256
54 19
54 55
54 56
54 74
54 83
54 212
54 213
54 224
54 233
54 239
54 256
54 302
54 304
54 309
55 19
55 144
55 187
55 197
55 213
55 223
55 256
55 260
55 292
55 293
55 294
55 302
55 319
56 19
56 83
56 93
56 162
56 201
56 212
56 213
56 233
56 256
56 258
182 144
182 197
182 201
182 224
182 233
213 19
213 74
213 83
213 94
213 144
213 197
213 223
213 224
213 233
213 256
213 258
219 14
219 82
219 83
219 93
219 201
219 209
219 256
219 258
219 260
256 14
256 19
256 74
256 82
256 83
256 94
256 144
256 201
256 212
256 223
256 233
256 258
256 260
256 302
256 304
256 309
256 312
256 324
325 304
325 309
325 317
325 326
43 13
43 26
43 36
43 45
43 49
43 97
43 100
43 110
43 146
43 157
43 198
43 215
43 239
43 240
74 83
74 93
74 94
74 144
74 212
74 224
74 233
74 258
74 260
83 93
83 94
83 144
83 197
83 233
83 258
93 19
93 197
93 212
94 144
94 212
94 224
94 233
94 258
94 279
94 304
197 82
197 201
197 223
197 258
197 260
197 300
197 304
201 13
201 14
201 26
201 36
201 82
201 90
201 176
201 187
201 209
201 212
201 223
201 224
201 233
201 260
201 295
201 302
201 303
201 304
201 312
201 317
201 321
209 14
209 196
209 224
209 258
209 260
209 303
209 304
209 326
212 162
212 233
212 258
13 42
13 69
13 76
13 104
13 128
13 135
13 221
13 259
42 36
42 38
42 45
42 71
42 128
42 131
42 259
69 31
69 38
69 77
69 99
69 136
69 173
69 239
69 259
69 272
69 290
76 38
76 59
76 90
76 168
76 178
76 239
76 259
76 262
76 266
76 275
104 20
104 26
104 97
104 110
104 146
104 157
104 215
104 240
104 259
104 262
128 24
128 71
128 131
135 88
135 140
135 144
135 150
135 226
135 279
135 302
135 305
135 315
135 316
135 317
135 319
135 321
135 323
221 39
221 172
259 38
259 45
259 59
259 173
259 178
259 239
259 262
259 266
259 275
14 233
14 260
14 274
233 19
233 260
260 82
260 162
260 223
260 239
274 21
274 103
274 249
22 57
22 71
22 152
22 153
22 163
22 191
22 202
22 264
22 279
57 163
59 38
59 71
59 178
59 239
59 262
59 266
71 38
71 131
71 239
106 153
106 183
153 38
153 183
153 191
153 239
163 202
163 279
183 38
183 264
183 285
17 91
17 271
91 95
91 96
91 122
91 246
91 265
271 95
271 118
271 268
19 195
19 300
195 176
195 186
195 238
300 309
300 317
300 319
300 321
20 97
20 110
20 157
20 240
20 262
97 49
97 146
97 239
97 240
97 262
110 45
110 49
110 100
110 146
110 215
110 262
157 24
157 26
157 45
157 49
157 51
157 90
157 100
157 146
157 239
240 45
240 100
240 262
262 24
262 26
262 38
262 45
262 49
262 178
262 215
262 239
262 266
21 41
21 63
21 159
21 193
21 249
41 63
41 68
41 103
41 249
41 317
63 204
63 249
159 32
159 121
249 125
249 204
152 176
152 292
191 89
191 90
202 68
202 103
202 187
202 264
202 279
264 103
264 304
279 144
279 187
279 308
279 320
279 323
24 36
24 72
24 239
36 38
36 72
36 90
36 239
72 26
72 90
72 215
72 239
239 26
239 38
239 45
239 49
239 146
239 173
239 192
239 198
239 224
239 266
239 275
239 304
25 173
25 247
25 255
25 282
25 287
173 39
173 64
173 168
173 216
173 229
173 253
173 255
173 273
247 46
247 64
247 154
247 167
247 255
247 258
247 277
247 282
247 287
247 309
255 28
255 39
255 46
255 51
255 64
255 167
255 168
255 175
255 181
255 216
255 229
255 273
255 277
255 282
255 286
255 287
255 313
282 46
282 51
282 167
282 168
282 216
282 273
282 287
287 46
287 154
287 167
287 273
26 39
26 45
26 49
26 51
26 90
26 146
26 215
26 317
39 46
39 64
39 164
39 216
39 229
39 253
39 273
39 304
39 307
45 38
45 49
45 51
45 90
45 100
45 192
45 198
45 215
49 51
49 146
49 215
51 46
51 154
51 175
51 210
51 216
51 278
90 215
90 266
90 275
90 295
146 100
146 215
215 100
215 122
215 295
215 309
215 316
317 144
317 150
317 171
317 180
317 226
317 289
317 292
317 294
317 295
317 296
317 301
317 302
317 303
317 304
317 306
317 307
317 309
317 310
317 311
317 314
317 315
317 316
317 319
317 320
317 321
317 322
317 323
317 326
27 30
27 32
27 115
27 119
27 158
27 199
27 252
30 115
30 119
30 199
32 115
115 44
115 199
115 214
115 252
119 161
119 179
119 227
158 170
199 29
199 44
199 214
199 252
252 29
252 44
252 73
252 78
252 227
28 64
28 208
28 254
28 278
64 46
64 141
64 178
64 277
64 278
64 286
208 154
208 181
208 254
208 277
208 278
254 154
254 181
254 277
254 278
254 290
278 141
278 154
278 210
278 277
278 286
29 125
125 31
125 235
31 103
31 127
31 272
31 276
103 68
103 107
103 187
103 204
103 295
127 105
127 257
272 105
272 136
276 99
276 105
276 107
276 136
276 154
276 204
276 210
276 241
33 244
47 122
47 176
47 246
47 268
47 294
122 144
122 265
176 82
176 265
176 268
44 73
44 78
44 179
38 46
38 178
38 306
46 167
46 216
46 229
46 273
46 286
178 168
178 266
178 275
306 292
306 293
306 294
306 298
306 308
306 316
306 320
164 172
164 229
164 253
164 273
216 167
216 273
216 286
229 168
229 273
253 273
273 168
304 204
304 224
304 258
304 293
304 312
304 314
304 315
304 316
304 324
304 326
307 290
307 299
307 301
307 303
307 308
307 309
307 314
307 315
307 318
307 320
307 322
68 204
68 295
251 99
251 105
251 107
251 204
286 277
246 96
268 265
294 292
294 293
294 296
294 301
294 302
294 308
294 315
294 316
294 320
294 321
294 322
294 323
99 107
99 136
154 141
154 175
154 210
154 277
210 277
258 144
258 224
309 290
309 291
309 292
309 293
309 295
309 302
309 308
309 310
309 311
309 312
309 315
309 319
309 320
309 321
309 323
309 326
302 144
302 150
302 290
302 292
302 293
302 295
302 301
302 308
302 311
302 312
302 315
302 316
302 319
302 320
302 321
302 323
144 162
187 186
187 194
187 196
223 82
292 162
292 289
292 290
292 293
292 295
292 298
292 301
292 305
292 313
292 314
292 315
292 316
292 320
292 321
292 324
293 305
293 308
293 314
293 315
293 316
293 320
293 323
293 324
319 289
319 295
319 299
319 310
319 311
319 315
319 321
319 326
266 275
204 105
141 277
277 181
295 299
295 303
295 305
295 320
295 321
295 326
77 105
136 107
136 241
290 289
290 303
290 315
290 320
105 190
105 257
186 140
87 177
88 171
88 181
171 109
171 114
171 140
95 118
95 214
95 265
96 269
269 121
107 241
109 114
114 132
184 267
132 137
132 283
150 296
150 308
150 323
267 140
267 238
289 320
289 323
305 140
305 291
316 301
316 308
316 315
316 320
316 322
316 323
316 326
321 310
321 315
321 320
323 296
323 298
323 308
323 310
323 320
116 165
161 138
137 238
140 315
315 291
315 301
315 320
296 291
296 301
296 322
308 301
308 318
308 320
194 196
303 291
303 299
303 320
312 313
312 314
326 291
326 314
313 298
313 314
324 320
320 301
320 311
320 314
320 322
291 314
314 298
314 322
298 299
322 318
