1 9
1 16
1 22
1 25
1 38
1 49
1 52
1 57
1 60
1 85
1 126
1 129
1 133
1 142
1 148
1 163
1 181
1 183
1 191
1 202
1 217
1 228
1 263
1 294
9 16
9 52
9 57
9 60
9 85
9 117
9 119
9 123
9 126
9 129
9 142
9 148
9 153
9 191
9 217
9 228
9 234
9 276
16 52
16 106
16 126
16 129
16 153
16 228
16 264
22 52
22 57
22 85
22 102
22 120
22 133
22 142
22 148
22 163
22 183
22 191
22 202
22 264
22 285
25 3
25 28
25 52
25 64
25 117
25 129
25 142
25 168
25 175
25 210
25 217
25 287
38 20
38 36
38 42
38 43
38 52
38 59
38 97
38 104
38 108
38 201
38 239
38 262
38 316
49 26
49 43
49 45
49 90
49 215
52 57
52 60
52 85
52 106
52 117
52 120
52 126
52 129
52 133
52 142
52 148
52 169
52 191
52 217
52 228
52 263
57 68
57 85
57 102
57 107
57 129
57 142
57 163
57 183
57 191
57 220
57 234
57 263
57 264
60 8
60 12
60 123
60 133
60 148
60 153
60 169
60 181
85 64
85 117
85 120
85 129
85 163
85 183
85 191
85 202
85 228
126 117
126 129
126 169
126 263
129 8
129 14
129 102
129 106
129 117
129 128
129 142
129 183
129 263
133 8
133 11
133 12
133 94
133 123
133 148
133 153
133 181
133 191
142 28
142 117
142 163
142 175
142 181
142 217
142 228
142 278
148 8
148 11
148 94
148 123
148 153
148 181
148 183
148 191
148 216
148 228
148 259
163 106
163 183
163 191
163 228
163 264
181 153
181 208
181 221
181 228
181 229
183 102
183 106
183 120
183 228
191 106
191 123
191 153
191 167
202 120
202 264
217 12
217 20
217 59
217 72
217 75
217 117
217 215
217 220
217 240
217 262
217 275
228 62
228 117
228 123
228 169
228 259
263 106
263 169
294 12
294 289
294 301
294 302
294 304
294 306
294 309
294 316
294 319
294 320
294 321
294 322
2 34
2 86
2 122
2 246
2 268
2 284
34 86
34 87
34 96
34 107
34 122
34 145
34 152
34 156
34 160
34 176
34 179
34 203
34 214
34 245
34 246
34 261
34 265
34 270
34 284
86 10
86 48
86 70
86 84
86 87
86 91
86 152
86 156
86 269
86 270
122 28
122 96
122 145
122 206
122 280
246 87
246 160
246 176
246 269
246 270
268 124
268 206
284 48
284 87
284 124
284 145
284 151
284 160
284 176
284 203
284 214
284 265
284 269
284 317
3 5
3 15
3 18
3 27
3 29
3 50
3 99
3 101
3 119
3 143
3 158
3 161
3 170
3 179
3 199
3 220
3 276
3 278
5 15
5 18
5 27
5 44
5 70
5 98
5 119
5 143
5 158
5 159
5 161
5 170
5 174
5 177
5 179
5 248
5 252
5 288
15 18
15 29
15 30
15 44
15 87
15 92
15 119
15 143
15 161
15 170
15 177
15 205
15 288
18 143
18 170
18 199
27 29
27 30
27 44
27 79
27 92
27 121
27 143
27 158
27 159
27 170
27 177
27 179
27 248
27 252
27 288
29 44
29 50
29 119
29 158
29 161
29 170
29 177
29 179
29 199
29 220
29 276
29 288
29 313
50 138
50 158
50 170
50 177
50 179
50 199
50 249
50 252
50 274
99 4
99 31
99 63
99 68
99 81
99 103
99 105
99 107
99 111
99 136
99 204
99 235
99 242
99 249
99 272
99 276
101 4
101 21
101 81
101 87
101 103
101 105
101 107
101 159
101 161
101 176
101 200
101 242
101 265
101 276
101 281
119 44
119 115
119 161
119 174
119 177
119 179
143 30
143 44
143 70
143 79
143 87
143 115
143 121
143 138
143 158
143 170
143 174
143 177
143 179
143 232
143 248
143 288
158 30
158 44
158 79
158 87
158 92
158 98
158 115
158 138
158 170
158 177
158 179
158 199
158 261
158 274
158 288
161 138
161 179
170 30
170 44
170 79
170 87
170 98
170 121
170 138
170 174
170 177
170 179
170 199
170 232
170 248
170 288
179 30
179 44
179 79
179 87
179 92
179 98
179 115
179 138
179 174
179 199
179 248
179 261
179 288
199 30
199 79
199 95
199 124
199 177
199 214
199 269
199 276
220 20
220 24
220 28
220 39
220 64
220 75
220 167
220 175
220 208
220 210
220 221
220 239
220 286
220 298
276 77
276 127
276 200
278 28
278 64
278 141
278 145
278 210
4 21
4 41
4 63
4 66
4 68
4 69
4 81
4 84
4 105
4 111
4 136
4 193
4 200
4 204
4 242
4 272
4 274
21 31
21 41
21 63
21 66
21 68
21 69
21 105
21 111
21 159
21 193
21 235
21 242
41 31
41 48
41 63
41 66
41 68
41 124
41 127
41 138
41 235
41 242
41 272
41 274
63 31
63 66
63 68
63 81
63 105
63 111
63 136
63 138
63 190
63 193
63 200
63 204
63 235
63 272
66 31
66 138
66 235
68 31
68 80
68 81
68 87
68 103
68 105
68 107
68 111
68 136
68 138
68 200
68 242
68 272
68 274
69 31
69 81
69 105
69 111
69 272
81 31
81 103
81 105
81 107
81 111
81 136
81 138
81 200
81 242
81 272
84 249
84 281
105 48
105 111
105 136
105 235
105 242
105 272
111 31
111 136
111 138
111 242
111 272
111 274
136 103
136 107
136 204
136 242
193 159
193 204
200 31
200 87
200 103
200 107
200 159
200 274
204 31
204 77
204 127
204 251
242 64
242 107
242 190
242 272
272 31
272 127
272 190
272 235
272 274
274 87
274 103
274 115
44 30
44 70
44 73
44 79
44 92
44 98
44 115
44 121
44 177
44 227
44 248
70 10
70 31
70 33
70 48
70 91
70 160
70 166
70 174
70 232
70 248
98 33
98 79
98 87
98 121
98 174
98 177
98 227
159 32
159 48
159 79
159 92
159 138
159 227
174 30
174 115
174 121
174 177
174 227
174 248
174 261
177 30
177 33
177 79
177 87
177 92
177 121
177 138
177 288
248 30
248 33
248 73
248 87
248 92
248 121
248 227
248 232
248 288
288 30
288 87
288 121
6 109
6 116
6 135
6 137
6 151
6 184
6 185
6 238
6 267
6 279
6 302
109 114
109 132
109 135
109 137
109 150
109 151
109 171
109 180
109 287
116 19
116 151
135 114
135 137
135 150
135 171
135 185
135 211
135 250
135 279
135 296
135 318
137 11
137 12
137 54
137 82
137 112
137 114
137 151
137 171
137 184
137 185
137 211
137 218
137 219
137 238
137 250
137 258
137 260
137 267
151 171
151 302
151 309
151 317
184 113
185 155
185 211
185 218
185 279
238 140
238 155
238 176
238 250
238 267
238 296
238 317
267 19
267 88
267 113
267 114
267 140
267 171
267 176
279 211
279 218
279 250
302 291
302 300
302 306
302 314
302 317
302 319
302 321
8 123
8 169
123 46
123 117
123 153
123 167
169 168
117 62
117 106
117 153
117 234
117 253
117 285
10 48
10 87
10 91
10 124
10 245
10 270
48 91
87 30
87 33
87 47
87 79
87 107
87 115
87 121
87 124
87 138
87 145
87 244
87 265
87 269
91 265
91 270
91 281
124 95
124 145
124 149
124 176
124 265
124 270
124 271
245 160
245 203
270 145
270 152
270 265
270 269
270 271
11 12
11 14
11 19
11 54
11 55
11 56
11 74
11 83
11 93
11 182
11 209
11 219
11 256
11 258
11 260
12 14
12 19
12 54
12 74
12 83
12 93
12 94
12 182
12 201
12 209
12 219
12 224
12 256
12 258
12 260
14 74
14 82
14 201
14 209
14 219
14 224
14 258
19 54
19 82
19 94
19 113
19 156
19 233
19 260
19 300
19 319
54 55
54 56
54 74
54 94
54 182
54 201
54 209
54 233
54 256
54 260
55 224
55 256
55 260
56 74
56 182
56 212
56 213
56 233
56 256
74 93
74 94
74 182
74 201
74 219
74 233
74 256
74 317
83 94
83 201
83 213
93 94
93 182
93 258
182 94
182 201
182 209
182 212
182 224
182 233
182 256
182 258
209 82
209 201
209 219
209 224
209 258
209 326
219 201
219 224
219 258
219 305
256 94
256 187
256 197
256 201
256 212
256 213
256 223
256 225
256 258
256 260
258 82
258 94
258 162
258 201
258 212
258 213
258 224
258 304
260 162
260 201
260 213
94 197
94 224
94 233
94 289
94 298
94 305
94 317
201 82
201 97
201 152
201 156
201 162
201 224
201 233
201 281
201 299
201 309
224 82
224 112
224 213
224 233
224 250
224 304
224 326
13 71
13 104
13 131
13 259
71 97
71 104
71 128
71 131
104 97
104 108
104 131
131 36
131 42
131 59
131 90
131 97
131 146
131 157
131 259
259 36
259 59
259 108
259 275
82 176
30 32
30 73
30 115
30 227
92 79
92 115
92 138
106 102
106 216
106 264
264 120
264 285
113 132
113 300
113 319
113 321
156 96
156 160
156 269
156 313
300 299
300 319
300 321
319 299
319 321
20 36
20 59
20 90
20 97
20 108
20 146
20 157
20 239
20 240
20 262
36 42
36 43
36 45
36 65
36 90
36 97
36 134
36 146
36 157
36 239
59 75
59 90
59 97
59 108
59 239
59 275
90 26
90 43
90 45
90 97
90 108
90 110
90 146
90 157
90 229
90 275
90 287
97 134
97 146
108 239
108 240
108 262
108 266
108 275
146 42
146 43
146 75
146 157
146 239
157 43
157 45
157 110
157 229
157 287
239 65
239 72
240 275
262 72
262 266
31 138
235 203
102 216
285 45
24 65
24 72
24 110
65 42
65 43
65 134
72 26
72 45
72 110
72 215
110 45
110 100
110 128
110 134
28 64
28 145
28 147
28 168
28 172
28 189
28 208
28 216
28 282
28 287
64 39
64 147
64 172
64 189
64 208
64 210
64 216
64 286
64 287
168 167
168 282
175 47
175 141
175 147
175 210
175 277
210 147
210 154
210 208
287 39
287 46
287 147
287 172
287 229
287 253
287 273
287 282
79 138
121 33
121 73
145 95
145 186
145 265
145 269
147 216
147 254
172 46
172 128
172 164
172 167
172 188
172 189
172 216
172 282
189 39
189 46
189 216
216 164
216 167
216 221
216 253
282 46
282 167
282 221
313 107
313 296
313 304
313 314
313 317
313 322
313 323
73 227
115 166
115 227
96 265
107 103
152 160
152 250
152 281
152 299
152 314
152 317
160 203
160 265
176 214
176 309
214 95
214 271
214 280
265 280
42 134
43 45
43 134
43 180
45 100
45 134
134 100
134 128
316 289
316 292
316 296
316 301
316 304
316 306
316 308
316 310
316 314
316 317
316 320
316 322
316 323
39 46
39 164
39 229
39 253
39 273
46 167
46 173
46 229
46 253
164 253
164 273
127 249
180 88
180 171
100 128
215 118
215 207
317 289
317 290
317 291
317 296
317 299
317 304
317 305
317 307
317 309
317 314
317 320
317 321
317 326
281 326
88 140
140 114
140 195
197 223
289 290
289 298
289 305
289 306
289 320
298 290
298 291
298 293
298 296
298 303
298 305
298 309
298 314
298 320
305 291
305 293
305 299
305 310
305 314
305 320
305 326
95 271
114 250
132 283
132 315
150 296
171 155
171 291
112 326
326 297
326 299
326 301
326 315
321 299
321 303
321 315
250 296
118 195
195 186
206 280
315 322
315 323
211 218
296 297
296 301
296 304
296 306
296 314
318 309
141 154
141 277
154 277
309 290
309 291
309 293
309 301
309 303
309 307
309 310
309 311
299 301
314 293
314 304
314 320
314 323
291 290
291 293
291 301
291 303
291 307
291 320
194 196
304 292
304 293
304 306
304 308
304 323
304 324
290 293
290 303
290 307
290 320
306 292
306 301
306 303
306 308
306 310
306 320
306 322
306 323
320 292
320 301
320 303
320 308
320 322
320 323
320 324
293 301
293 303
293 307
293 323
303 292
303 301
303 323
307 311
301 292
301 297
301 308
301 322
301 323
292 308
323 322
