1 9
1 52
1 89
1 106
1 126
1 129
1 169
1 183
1 217
1 228
1 263
1 264
9 8
9 52
9 64
9 75
9 85
9 123
9 129
9 133
9 141
9 142
9 148
9 153
9 169
9 183
9 192
9 217
9 228
9 234
9 263
9 277
52 22
52 25
52 28
52 67
52 71
52 89
52 99
52 106
52 108
52 115
52 126
52 142
52 169
52 183
52 191
52 196
52 217
52 239
52 240
52 263
52 266
52 278
52 285
52 286
89 67
89 123
89 142
89 169
89 183
89 228
106 22
106 58
106 71
106 102
106 120
106 126
106 129
106 131
106 183
106 202
106 263
106 285
126 71
126 102
126 108
126 142
126 263
126 285
129 3
129 22
129 67
129 120
129 123
129 134
129 142
129 148
129 183
129 191
129 202
129 264
129 285
169 8
169 22
169 133
169 263
169 285
183 67
183 102
183 123
183 148
183 153
183 215
183 228
183 285
217 25
217 28
217 38
217 43
217 49
217 64
217 65
217 67
217 75
217 85
217 97
217 108
217 141
217 142
217 178
217 192
217 215
217 227
217 239
217 240
217 259
217 275
217 277
217 278
217 286
228 8
228 38
228 62
228 104
228 123
228 132
228 133
228 148
228 168
228 222
228 264
228 282
263 8
263 21
263 22
263 38
263 67
263 71
263 85
263 102
263 108
263 120
263 285
263 301
263 314
264 22
264 63
264 110
264 120
264 202
264 245
264 279
264 314
2 17
2 34
2 47
2 91
2 95
2 122
2 124
2 145
2 156
2 160
2 203
2 205
2 206
2 214
2 243
2 245
2 280
17 95
17 122
17 156
34 47
34 91
34 96
34 122
34 124
34 145
34 152
34 160
34 176
34 180
34 203
34 205
34 236
34 245
34 265
34 268
34 269
34 271
34 280
47 27
47 35
47 91
47 96
47 124
47 145
47 176
47 203
47 205
47 206
47 243
47 245
47 265
47 268
91 86
91 96
91 118
91 132
91 152
91 203
91 214
91 243
91 270
91 271
95 203
95 214
95 243
95 271
122 124
122 144
122 145
122 160
122 205
122 206
122 236
122 280
124 118
124 145
124 176
124 203
124 205
124 206
124 214
124 236
124 245
124 265
124 268
124 271
124 280
145 11
145 86
145 118
145 152
145 156
145 160
145 205
145 206
145 209
145 269
145 270
145 280
156 96
156 265
156 281
160 176
160 203
160 205
160 245
160 246
160 268
160 280
203 96
203 176
203 243
203 245
203 246
203 268
203 269
205 206
205 236
205 243
205 246
205 265
205 268
205 270
206 176
206 236
206 265
206 280
206 281
214 118
214 176
214 199
214 243
214 271
243 97
243 245
245 110
245 152
245 176
245 279
280 88
280 144
3 4
3 15
3 18
3 29
3 31
3 33
3 40
3 50
3 73
3 98
3 99
3 105
3 114
3 115
3 121
3 136
3 138
3 158
3 161
3 177
3 179
3 199
3 227
3 252
3 272
3 288
3 316
4 118
4 186
4 317
15 18
15 29
15 35
15 50
15 73
15 87
15 99
15 114
15 121
15 133
15 136
15 138
15 158
15 161
15 177
15 179
15 180
15 199
15 227
15 230
15 241
15 296
15 317
18 29
18 33
18 50
18 71
18 73
18 98
18 99
18 104
18 121
18 136
18 138
18 161
18 177
18 179
18 199
18 227
18 240
18 288
18 293
18 294
18 316
29 33
29 44
29 73
29 87
29 99
29 114
29 115
29 133
29 138
29 158
29 161
29 177
29 179
29 288
29 296
31 21
31 40
31 48
31 69
31 105
31 111
31 130
31 139
31 200
31 290
33 7
33 73
33 87
33 92
33 115
33 143
33 177
33 227
33 252
33 288
40 21
40 38
40 63
40 66
40 69
40 77
40 80
40 105
40 107
40 108
40 120
40 130
40 139
40 235
40 241
40 279
50 5
50 21
50 30
50 32
50 35
50 41
50 63
50 73
50 98
50 99
50 105
50 115
50 121
50 125
50 138
50 161
50 174
50 177
50 179
50 199
50 227
50 249
50 265
50 274
73 5
73 7
73 27
73 30
73 44
73 78
73 87
73 98
73 121
73 125
73 138
73 143
73 170
73 177
73 179
73 185
73 199
73 227
73 230
73 232
73 244
73 248
73 252
73 261
73 288
98 30
98 78
98 115
98 121
98 143
98 158
98 174
98 199
98 227
98 230
98 288
99 7
99 101
99 105
99 107
99 110
99 111
99 114
99 136
99 193
99 199
99 240
105 77
105 107
105 111
105 130
105 139
105 241
105 274
105 276
114 6
114 109
114 137
114 150
114 171
114 180
115 5
115 11
115 30
115 32
115 35
115 44
115 61
115 70
115 78
115 92
115 143
115 158
115 179
115 227
115 252
115 270
121 5
121 7
121 30
121 35
121 70
121 79
121 87
121 138
121 143
121 170
121 174
121 177
121 179
121 199
121 227
121 230
121 232
121 288
136 63
136 68
136 101
136 103
136 111
136 199
136 200
136 274
136 317
138 5
138 7
138 21
138 32
138 87
138 111
138 161
138 174
138 177
158 7
158 27
158 30
158 32
158 35
158 44
158 61
158 87
158 143
158 166
158 170
158 227
158 288
161 179
161 200
177 7
177 35
177 78
177 143
177 174
177 179
177 199
177 227
177 252
177 288
179 5
179 35
179 87
179 227
179 248
179 265
179 288
179 323
199 61
199 63
199 68
199 101
199 125
199 227
199 249
199 276
227 44
227 64
227 87
227 143
227 170
227 174
227 230
227 248
227 288
227 321
252 5
252 7
252 35
252 44
252 61
252 78
252 79
252 87
252 92
252 143
252 194
252 248
272 21
272 127
288 30
288 87
288 174
288 230
288 248
316 38
316 75
316 108
316 235
316 279
316 289
316 291
316 292
316 293
316 294
316 295
316 296
316 301
316 303
316 304
316 306
316 307
316 308
316 312
316 314
316 317
316 320
316 322
316 324
316 326
118 265
118 269
118 271
118 281
118 319
186 140
186 195
186 196
317 6
317 21
317 165
317 224
317 226
317 251
317 289
317 295
317 297
317 302
317 303
317 305
317 306
317 307
317 309
317 310
317 312
317 314
317 315
317 319
317 321
317 323
5 7
5 30
5 44
5 70
5 78
5 79
5 92
5 143
5 170
5 185
7 27
7 35
7 78
7 79
7 143
7 170
7 235
7 325
30 27
30 35
30 44
30 61
30 63
30 87
30 166
30 230
30 232
44 61
44 70
44 78
44 79
44 92
44 141
44 143
44 170
44 313
44 320
70 32
70 35
70 48
70 87
70 92
70 174
70 230
78 35
78 61
78 92
78 140
78 143
78 170
78 174
78 248
79 11
79 27
79 32
79 35
79 92
79 143
79 170
79 325
92 11
92 27
92 35
92 125
92 143
92 244
92 325
143 35
143 170
143 244
143 248
170 35
170 87
170 244
185 6
185 112
185 116
185 135
185 150
185 151
185 184
185 211
185 218
185 225
185 250
185 279
6 109
6 112
6 151
6 165
6 184
6 218
6 250
6 279
109 112
109 116
109 135
109 171
112 116
112 184
112 218
112 226
151 132
151 135
151 137
151 211
151 279
165 116
165 135
165 211
165 218
165 226
165 250
184 116
184 211
218 135
218 150
218 180
250 86
250 94
250 116
250 132
250 135
250 144
250 224
250 279
279 80
279 116
279 135
279 152
279 202
279 236
279 238
279 314
27 35
35 32
35 61
35 166
235 66
235 125
325 11
325 294
325 304
325 307
325 308
8 62
8 104
8 153
8 181
8 285
62 234
104 13
104 38
104 42
104 43
104 59
104 71
104 75
104 76
104 97
104 131
104 178
104 192
104 239
104 259
153 67
153 108
153 123
153 133
153 148
153 157
153 234
153 275
153 285
181 25
181 46
181 51
181 58
181 64
181 154
181 164
181 167
181 175
181 208
181 247
181 255
181 277
181 282
285 71
64 25
64 28
64 51
64 141
64 154
64 173
64 175
64 189
64 207
64 210
64 216
64 247
64 254
64 255
64 277
64 278
64 282
64 286
64 287
75 20
75 24
75 36
75 38
75 42
75 43
75 46
75 59
75 65
75 72
75 131
75 133
75 167
75 192
75 239
75 240
85 22
85 142
123 67
123 108
123 133
123 148
123 157
123 163
123 191
123 234
133 67
133 103
133 108
133 148
133 157
133 207
141 25
141 154
141 164
141 175
141 210
141 277
141 278
141 286
141 287
142 25
142 28
142 67
142 154
142 163
142 239
142 278
142 286
142 326
148 67
148 191
192 36
192 43
192 45
192 59
192 65
192 76
192 239
192 266
234 191
277 23
277 25
277 147
277 154
277 175
277 255
277 278
277 287
11 54
11 93
11 125
11 187
11 209
11 219
11 225
11 256
11 258
11 326
54 19
54 93
54 213
54 233
54 256
93 12
93 74
93 83
93 94
93 144
93 162
93 182
93 256
93 293
93 307
93 322
93 324
125 21
125 32
125 66
125 101
125 127
125 139
125 200
125 292
187 14
187 55
187 74
187 194
187 196
187 212
187 219
187 225
187 256
209 12
209 14
209 76
209 83
209 94
209 182
209 196
209 219
209 224
209 256
209 258
219 12
219 14
219 55
219 74
219 83
219 101
219 137
219 225
219 256
225 12
225 55
225 101
225 135
225 150
225 194
225 196
225 211
225 256
256 12
256 19
256 55
256 56
256 94
256 137
256 144
256 162
256 196
256 197
256 212
256 213
256 260
258 94
258 144
258 162
258 182
258 197
258 213
258 224
258 304
326 42
326 290
326 294
326 297
326 304
326 306
326 312
326 313
326 318
326 324
12 14
12 19
12 55
12 74
12 76
12 82
12 83
12 144
12 196
12 213
14 55
14 83
19 196
55 94
55 182
55 197
55 212
74 83
74 94
74 144
74 182
76 38
76 42
76 45
76 59
76 97
76 108
76 131
76 178
76 188
76 189
76 198
76 224
76 259
76 262
76 266
76 275
76 304
82 176
82 201
83 61
83 94
144 94
144 135
144 213
196 194
213 56
213 260
13 38
13 42
13 71
13 97
13 110
13 131
13 259
38 20
38 36
38 42
38 59
38 69
38 71
38 97
38 108
38 120
38 131
38 146
38 178
38 198
38 224
38 239
38 241
38 259
38 266
38 273
38 275
38 293
38 294
38 301
38 306
38 320
42 20
42 36
42 39
42 59
42 65
42 71
42 90
42 97
42 108
42 131
42 178
42 239
42 240
42 259
42 262
42 266
42 273
42 275
71 65
71 90
71 97
71 102
71 128
71 131
71 178
71 240
71 259
71 266
71 275
97 20
97 59
97 65
97 131
97 134
97 178
97 198
97 207
97 215
97 239
97 240
97 259
97 315
110 45
110 49
110 65
110 90
110 100
110 120
110 128
110 157
110 202
110 240
110 314
131 36
131 45
131 90
131 128
131 146
131 178
131 207
131 240
131 259
259 20
259 59
259 108
259 178
259 207
259 239
259 240
259 262
259 266
259 275
87 21
87 127
87 174
87 230
87 232
87 238
87 248
87 276
180 171
180 268
230 63
230 232
241 69
241 107
241 111
241 152
241 249
241 276
296 135
296 150
296 290
296 292
296 294
296 297
296 299
296 302
296 304
296 307
296 308
296 309
296 312
296 313
296 314
296 322
296 324
240 20
240 22
240 59
240 65
240 101
240 108
240 202
240 207
240 239
240 262
240 266
240 275
293 278
293 290
293 292
293 294
293 295
293 301
293 305
293 309
293 312
293 320
293 322
293 324
294 108
294 291
294 292
294 295
294 301
294 302
294 304
294 306
294 307
294 308
294 309
294 310
294 312
294 313
294 314
294 319
294 320
294 322
294 323
294 324
20 59
20 65
20 108
20 178
20 207
20 239
20 262
20 275
59 45
59 65
59 108
59 239
59 262
59 266
59 275
65 22
65 24
65 26
65 36
65 39
65 43
65 49
65 157
65 163
65 202
65 207
65 239
65 266
108 67
108 69
108 80
108 94
108 157
108 173
108 207
108 224
108 239
108 262
108 273
108 275
178 198
207 26
207 36
207 45
207 49
207 72
207 90
207 146
207 147
207 215
207 239
207 266
207 275
239 24
239 72
239 90
239 94
239 154
239 210
239 215
239 266
239 275
262 266
262 275
275 266
21 48
21 63
21 86
21 107
21 111
21 130
21 193
21 249
21 276
48 130
63 39
63 41
63 61
63 66
63 68
63 69
63 80
63 101
63 103
63 111
63 130
63 139
63 173
63 200
63 229
63 265
63 273
63 274
63 304
86 49
86 152
86 270
107 61
107 103
107 111
107 139
107 200
107 249
107 276
107 290
111 69
111 77
111 139
111 200
111 249
111 257
111 276
130 69
130 77
130 101
130 103
130 139
130 231
130 249
130 276
193 101
193 249
249 101
249 200
249 257
249 274
276 127
276 139
22 24
22 67
22 102
22 120
22 163
22 191
22 202
24 45
24 72
24 157
67 25
67 28
67 157
67 191
67 278
67 309
102 120
102 134
102 202
120 152
120 202
120 314
23 51
51 25
51 28
51 46
51 94
51 147
51 154
51 164
51 172
51 175
51 216
51 220
51 247
51 253
51 287
45 26
45 36
45 43
45 49
45 90
45 100
45 128
45 134
45 146
45 157
45 215
45 266
72 215
157 43
157 49
157 90
157 100
157 128
25 28
25 147
25 175
25 210
25 221
25 247
25 255
25 278
25 282
25 286
28 46
28 154
28 208
28 220
28 247
28 278
28 282
28 286
28 313
147 154
147 164
147 172
147 175
147 188
147 208
147 210
147 247
147 253
147 254
147 255
147 287
175 94
175 154
175 164
175 210
175 247
175 253
175 254
175 255
175 278
175 287
210 154
210 168
210 216
210 255
210 278
210 286
221 46
221 188
221 247
221 287
247 154
247 167
247 168
247 254
247 286
247 312
247 315
255 46
255 154
255 167
255 168
255 229
255 282
255 286
278 154
278 286
278 287
282 46
282 154
282 167
282 222
282 253
282 286
286 154
286 167
286 173
26 36
26 43
26 49
26 90
26 146
36 43
36 49
36 90
36 100
36 146
36 266
43 49
43 90
43 128
43 134
43 146
49 90
49 100
49 146
49 231
90 100
90 128
90 146
90 266
146 128
146 266
46 167
46 172
46 173
46 189
46 229
154 216
154 287
208 164
208 172
208 188
208 253
208 254
313 39
313 292
313 301
313 304
313 305
313 307
313 309
313 310
313 312
313 314
313 319
69 80
69 139
69 265
139 41
139 77
139 204
139 257
139 266
200 32
200 101
200 274
290 292
290 305
290 306
290 307
290 320
290 324
32 244
96 236
96 269
152 246
152 270
176 116
176 236
176 246
236 265
265 246
265 268
269 246
266 215
224 182
224 188
224 189
224 295
224 304
224 312
273 39
273 164
273 173
273 229
273 253
301 292
301 297
301 306
301 307
301 308
301 310
301 312
301 314
301 320
301 322
301 324
306 292
306 307
306 308
306 312
306 314
306 320
306 322
306 324
320 292
320 295
320 303
320 305
320 307
320 308
320 315
320 323
320 324
39 164
39 173
39 229
39 253
39 304
164 172
164 173
164 253
164 254
173 229
173 304
229 304
253 172
304 182
304 292
304 303
304 309
304 312
304 322
304 324
66 41
66 77
66 101
66 251
66 274
80 41
41 101
41 204
41 251
41 274
101 68
101 190
101 274
204 190
251 127
251 257
251 274
128 134
134 314
172 189
172 254
189 188
231 103
174 248
174 314
287 188
182 197
197 312
212 162
68 190
309 291
309 298
309 300
309 302
309 305
309 307
309 308
309 310
309 312
309 314
309 315
309 319
309 321
309 323
248 261
140 195
140 267
140 303
270 246
127 194
127 257
88 116
116 132
116 135
116 150
116 171
116 226
132 135
132 137
132 171
162 260
307 291
307 322
307 324
322 292
322 308
322 318
324 292
324 298
324 305
324 308
324 312
324 315
315 305
315 312
315 314
315 319
135 113
135 150
135 211
135 308
314 303
314 305
314 308
314 310
314 312
314 321
314 323
226 137
137 283
150 211
150 308
319 299
319 300
319 302
319 308
319 312
292 295
292 298
292 305
292 312
308 289
308 297
308 303
308 312
308 321
308 323
303 289
303 295
303 297
303 298
303 323
323 297
323 298
323 302
323 310
323 312
312 295
312 298
312 300
312 302
312 305
312 318
312 321
295 298
295 300
321 300
321 302
289 305
305 297
305 298
305 300
291 310
310 300
302 297
300 299
