0 20
0 24
0 36
0 38
0 42
0 59
0 65
0 71
0 72
0 75
0 76
0 97
0 131
0 178
0 212
0 217
0 239
0 240
0 259
0 262
0 266
0 275
0 290
20 38
20 42
20 59
20 71
20 75
20 76
20 97
20 108
20 131
20 178
20 192
20 239
20 240
20 259
20 262
24 16
24 36
24 42
24 59
24 62
24 65
24 72
24 110
24 207
24 239
24 262
24 266
36 22
36 38
36 42
36 43
36 45
36 65
36 71
36 72
36 90
36 127
36 128
36 129
36 131
36 134
36 135
36 146
36 148
36 157
36 163
36 215
36 239
38 14
38 42
38 43
38 59
38 65
38 67
38 71
38 72
38 74
38 76
38 94
38 97
38 108
38 110
38 114
38 123
38 131
38 133
38 163
38 168
38 173
38 178
38 191
38 198
38 209
38 225
38 228
38 229
38 239
38 240
38 246
38 255
38 259
38 262
38 275
38 278
38 293
38 301
38 308
38 316
42 13
42 43
42 45
42 59
42 65
42 71
42 75
42 76
42 90
42 97
42 104
42 106
42 108
42 128
42 131
42 134
42 178
42 198
42 239
42 240
42 259
42 266
42 275
59 13
59 33
59 45
59 49
59 65
59 71
59 75
59 76
59 90
59 97
59 108
59 131
59 134
59 178
59 192
59 217
59 239
59 240
59 259
59 262
59 266
59 275
65 13
65 16
65 43
65 62
65 71
65 72
65 75
65 90
65 97
65 108
65 110
65 124
65 134
65 173
65 174
65 207
65 215
65 236
65 239
65 259
65 263
65 304
71 13
71 16
71 26
71 72
71 90
71 97
71 102
71 104
71 106
71 120
71 126
71 128
71 131
71 134
71 146
71 178
71 215
71 228
71 259
72 43
72 45
72 75
72 90
72 97
72 100
72 108
72 110
72 178
72 207
72 215
72 239
72 266
72 275
75 1
75 15
75 22
75 43
75 49
75 57
75 64
75 76
75 119
75 129
75 131
75 133
75 134
75 152
75 161
75 163
75 192
75 217
75 240
75 259
75 278
75 286
75 317
76 13
76 178
76 239
76 240
76 262
76 266
76 275
97 13
97 104
97 108
97 128
97 131
97 134
97 146
97 178
97 198
97 215
97 228
97 239
97 240
97 259
131 13
131 90
131 104
131 128
131 134
131 157
131 178
131 188
131 198
131 215
131 259
178 13
178 104
178 198
178 207
178 262
178 266
178 275
212 19
212 54
212 55
212 74
212 81
212 82
212 94
212 144
212 162
212 182
212 186
212 201
212 209
212 213
212 219
212 224
212 256
212 260
212 290
217 1
217 9
217 43
217 45
217 49
217 52
217 100
217 110
217 128
217 129
217 134
217 142
217 157
217 192
217 215
217 239
217 275
217 287
239 39
239 43
239 45
239 49
239 104
239 128
239 134
239 146
239 183
239 198
239 207
239 215
239 240
239 275
240 46
240 108
240 134
240 198
240 228
240 259
240 262
240 266
240 275
259 13
259 28
259 45
259 104
259 108
259 110
259 128
259 129
259 134
259 173
259 191
259 198
259 207
259 228
259 266
262 104
262 108
262 198
262 215
262 266
262 275
262 314
266 43
266 108
266 110
266 275
275 49
275 108
275 128
275 134
275 191
275 207
275 215
275 246
290 137
290 289
290 292
290 295
290 301
290 303
290 307
290 315
290 316
290 317
290 324
1 8
1 9
1 52
1 57
1 64
1 85
1 106
1 108
1 123
1 126
1 129
1 133
1 142
1 163
1 181
1 188
1 220
1 234
1 263
1 287
8 9
8 22
8 52
8 60
8 62
8 85
8 106
8 117
8 123
8 133
8 142
8 169
8 183
8 191
8 228
8 263
8 277
8 285
8 317
9 52
9 57
9 81
9 85
9 110
9 123
9 129
9 133
9 141
9 142
9 148
9 163
9 169
9 191
9 192
9 228
9 263
9 277
9 278
52 28
52 57
52 85
52 106
52 117
52 123
52 129
52 142
52 173
52 183
52 220
52 225
52 228
52 263
52 278
52 287
57 22
57 44
57 47
57 64
57 67
57 85
57 102
57 106
57 108
57 110
57 117
57 120
57 123
57 126
57 129
57 133
57 142
57 163
57 183
57 191
57 202
57 247
57 263
57 264
64 22
64 28
64 39
64 51
64 67
64 141
64 147
64 163
64 167
64 168
64 172
64 173
64 181
64 188
64 189
64 192
64 208
64 210
64 216
64 220
64 221
64 229
64 247
64 255
64 273
64 277
64 278
64 286
64 287
85 22
85 67
85 102
85 106
85 117
85 123
85 129
85 142
85 183
85 263
106 16
106 58
106 102
106 123
106 126
106 129
106 183
106 191
106 202
106 263
108 28
108 43
108 46
108 49
108 51
108 67
108 69
108 110
108 118
108 123
108 133
108 142
108 147
108 148
108 154
108 163
108 173
108 191
108 228
108 255
108 273
108 277
108 293
108 301
108 316
123 46
123 60
123 67
123 110
123 114
123 118
123 129
123 133
123 142
123 148
123 153
123 191
123 228
126 16
126 22
126 45
126 58
126 102
126 110
126 129
126 183
126 220
126 263
129 16
129 22
129 102
129 117
129 133
129 142
129 148
129 163
129 183
129 191
129 192
129 234
129 263
129 287
129 320
133 13
133 22
133 46
133 60
133 67
133 110
133 117
133 142
133 148
133 153
133 163
133 169
133 183
133 191
133 201
133 228
133 263
133 264
133 273
133 296
142 25
142 28
142 60
142 139
142 148
142 163
142 183
142 220
142 228
142 247
142 264
142 277
142 278
142 287
163 16
163 22
163 67
163 102
163 117
163 183
163 202
163 263
163 324
181 28
181 39
181 58
181 130
181 147
181 208
181 210
181 220
181 221
181 229
181 255
181 278
188 26
188 28
188 39
188 46
188 90
188 102
188 110
188 168
188 173
188 189
188 255
188 273
188 287
220 15
220 25
220 28
220 29
220 46
220 58
220 119
220 167
220 173
220 201
220 208
220 221
220 278
220 286
220 287
220 313
220 314
234 117
234 320
263 22
263 45
263 58
263 100
263 102
263 127
263 153
263 183
263 228
287 25
287 28
287 147
287 167
287 169
287 173
287 229
287 247
287 278
287 286
2 17
2 34
2 91
2 96
2 103
2 118
2 122
2 124
2 145
2 152
2 176
2 205
2 206
2 214
2 243
2 309
2 311
2 312
17 47
17 91
17 118
17 122
17 124
17 145
17 205
17 281
17 309
34 47
34 124
34 152
34 176
34 203
34 206
34 245
34 246
34 265
91 10
91 47
91 48
91 69
91 101
91 122
91 124
91 145
91 179
91 203
91 206
96 47
96 68
96 118
96 122
96 152
96 205
96 284
103 31
103 63
103 68
103 69
103 81
103 99
103 105
103 107
103 111
103 125
103 130
103 136
103 204
103 231
103 235
103 242
103 249
118 47
118 69
118 122
118 124
118 211
118 246
118 271
122 68
122 95
122 144
122 145
122 179
122 206
122 214
122 243
122 245
122 246
122 268
122 269
122 271
122 280
122 281
122 284
122 291
122 305
122 313
122 314
124 47
124 48
124 86
124 138
124 205
124 206
124 236
124 246
124 257
124 265
124 268
124 270
124 309
145 86
145 174
145 205
145 284
145 309
152 10
152 86
152 205
152 243
152 271
152 314
176 47
176 203
176 265
176 268
205 203
205 206
205 236
205 265
205 268
206 10
206 14
206 47
206 201
206 203
206 219
206 236
206 245
206 265
206 268
206 284
206 305
214 280
309 6
309 47
309 54
309 78
309 115
309 151
309 201
309 265
309 284
309 291
309 292
309 293
309 294
309 296
309 301
309 302
309 304
309 307
309 311
309 312
309 314
309 315
309 317
309 321
311 54
311 302
311 307
311 314
311 317
312 5
312 37
312 51
312 113
312 121
312 256
312 292
312 294
312 296
312 297
312 301
312 302
312 304
312 307
312 308
312 313
312 316
312 317
312 320
312 322
312 324
3 15
3 21
3 41
3 93
3 119
3 161
3 174
3 201
3 209
3 317
3 324
15 27
15 29
15 33
15 35
15 45
15 70
15 78
15 79
15 87
15 113
15 115
15 119
15 121
15 158
15 161
15 170
15 177
15 192
15 227
15 230
21 4
21 48
21 68
21 77
21 99
21 105
21 125
21 130
21 136
21 159
21 193
21 235
21 251
21 317
41 31
41 63
41 66
41 80
41 84
41 125
41 139
41 190
41 235
93 12
93 14
93 54
93 74
93 83
93 94
93 186
93 196
93 201
93 209
93 213
93 219
93 223
93 225
93 233
93 260
119 29
119 31
119 32
119 98
119 161
119 170
119 179
119 192
119 230
161 50
161 138
161 174
161 177
161 179
161 192
161 200
174 27
174 29
174 32
174 33
174 35
174 44
174 78
174 87
174 115
174 158
174 159
174 177
174 199
174 227
174 232
174 244
174 248
201 12
201 14
201 19
201 31
201 37
201 55
201 74
201 78
201 82
201 83
201 94
201 116
201 137
201 144
201 162
201 194
201 195
201 197
201 209
201 213
201 219
201 223
201 225
201 233
201 246
201 256
201 258
201 260
201 283
201 289
201 295
201 299
201 300
201 319
209 12
209 14
209 54
209 74
209 83
209 94
209 144
209 182
209 194
209 196
209 213
209 219
209 223
209 224
209 225
209 233
209 256
209 258
209 304
317 37
317 113
317 135
317 173
317 182
317 192
317 279
317 289
317 291
317 292
317 293
317 294
317 296
317 301
317 304
317 307
317 308
317 310
317 314
317 315
317 316
317 320
317 322
317 324
324 109
324 292
324 295
324 296
324 303
324 304
324 308
324 316
324 320
324 321
324 322
324 326
4 63
4 69
4 84
4 99
4 101
4 105
4 111
4 125
4 130
4 136
4 231
4 235
4 242
4 272
63 40
63 66
63 69
63 80
63 81
63 84
63 99
63 101
63 105
63 107
63 110
63 125
63 130
63 136
63 140
63 190
63 200
63 202
63 235
63 251
69 31
69 40
69 80
69 81
69 105
69 139
69 231
69 251
69 272
69 284
84 77
84 99
84 101
84 105
84 111
84 127
84 130
84 193
84 251
84 257
99 31
99 48
99 70
99 105
99 107
99 111
99 125
99 136
99 139
99 204
99 235
99 249
99 257
101 105
101 111
101 139
101 190
101 235
101 257
105 68
105 77
105 111
105 125
105 127
105 130
105 136
105 190
105 204
105 231
105 235
105 242
105 257
105 272
111 77
111 107
111 125
111 127
111 130
111 190
111 204
111 231
111 242
111 257
111 272
125 31
125 48
125 66
125 77
125 107
125 130
125 235
125 249
125 272
130 48
130 77
130 107
130 190
130 193
130 231
130 235
130 251
130 257
136 68
136 107
231 68
231 107
231 139
231 272
231 276
235 31
235 66
235 249
235 257
242 40
242 81
242 204
242 272
272 40
272 107
272 138
272 139
272 200
272 204
5 7
5 27
5 29
5 30
5 44
5 73
5 78
5 79
5 87
5 115
5 121
5 143
5 158
5 170
5 199
5 227
5 230
5 237
5 244
5 248
5 252
7 33
7 35
7 44
7 70
7 73
7 87
7 121
7 177
7 227
7 230
7 237
7 244
7 248
27 35
27 73
27 79
27 92
27 158
27 227
27 252
29 35
29 50
29 73
29 78
29 98
29 110
29 115
29 158
29 170
29 177
29 227
29 252
30 33
30 35
30 44
30 61
30 73
30 79
30 110
30 115
30 158
30 170
30 248
30 252
44 33
44 61
44 70
44 78
44 115
44 158
44 177
73 33
73 35
73 61
73 87
73 115
73 121
73 143
73 158
73 159
73 170
73 177
73 199
73 248
73 252
78 33
78 37
78 61
78 79
78 87
78 90
78 92
78 98
78 115
78 159
78 177
78 179
78 227
78 230
78 245
78 252
78 279
78 283
78 307
78 314
79 35
79 48
79 70
79 87
79 92
79 115
79 121
79 138
79 158
79 159
79 177
79 179
79 227
79 244
79 252
87 33
87 35
87 61
87 92
87 115
87 121
87 158
87 170
87 177
87 199
87 227
87 230
87 232
87 252
115 33
115 35
115 61
115 92
115 121
115 147
115 158
115 170
115 177
115 227
115 245
115 248
115 252
115 279
115 298
115 314
115 320
121 33
121 35
121 92
121 98
121 158
121 159
121 170
121 177
121 179
121 199
121 227
121 237
121 252
121 269
143 35
143 61
143 70
143 158
143 170
143 177
143 237
143 244
143 248
158 33
158 35
158 61
158 159
158 170
158 199
158 230
158 237
158 244
158 248
170 33
170 35
170 159
170 177
170 179
170 199
170 227
170 237
170 244
170 248
199 33
199 98
199 177
199 252
227 33
227 35
227 92
227 98
227 230
227 237
227 244
227 248
227 252
230 35
230 61
230 70
230 98
230 110
230 248
237 179
237 244
244 70
244 179
244 248
248 33
248 61
248 70
248 98
248 159
248 177
252 33
252 35
252 61
252 92
252 113
252 279
6 19
6 113
6 116
6 135
6 137
6 151
6 165
6 184
6 185
6 211
6 218
6 250
6 279
6 302
6 304
19 14
19 54
19 83
19 162
19 195
19 196
19 197
19 213
19 219
19 224
19 233
19 256
19 258
19 300
19 304
19 319
19 321
113 26
113 88
113 116
113 132
113 184
113 211
113 233
113 238
113 245
113 267
113 279
113 283
113 293
113 296
113 300
113 315
113 319
116 88
116 112
116 135
116 137
116 151
116 165
116 171
116 180
116 185
116 218
116 226
116 238
116 250
116 299
135 37
135 88
135 137
135 144
135 165
135 171
135 180
135 185
135 211
135 218
135 226
135 250
135 255
135 267
135 279
135 294
135 307
135 315
137 37
137 45
137 54
137 82
137 151
137 197
137 219
137 226
137 267
137 304
151 37
151 112
151 132
151 184
151 185
151 257
151 267
151 302
165 112
165 171
165 180
165 211
165 226
165 250
165 279
184 112
184 144
184 185
185 88
185 211
185 218
185 225
185 250
185 279
185 304
211 218
211 225
211 279
211 314
218 225
218 250
218 279
250 88
250 180
250 225
250 226
279 61
279 140
279 226
279 245
279 314
302 256
302 297
302 299
302 303
302 310
302 321
304 12
304 39
304 47
304 54
304 74
304 83
304 194
304 196
304 213
304 219
304 223
304 224
304 256
304 258
304 260
304 292
304 293
304 294
304 296
304 301
304 303
304 307
304 308
304 313
304 315
304 316
304 320
304 322
304 326
33 94
33 177
33 256
35 32
35 37
35 92
35 159
35 179
70 86
70 92
70 98
177 61
177 86
177 92
177 138
177 179
22 102
22 117
22 120
22 183
22 191
22 202
22 228
22 264
60 49
60 148
62 169
62 228
117 102
117 153
117 320
169 228
183 16
183 67
183 102
183 153
183 228
191 67
191 148
191 153
191 228
228 13
228 67
228 120
228 148
228 153
277 51
277 141
277 154
277 254
277 278
277 286
81 31
81 40
81 68
81 80
81 110
81 120
81 139
81 202
81 241
81 251
81 253
81 264
110 28
110 45
110 49
110 80
110 90
110 100
110 102
110 120
110 128
110 146
110 153
110 157
110 173
110 192
110 202
110 215
110 253
110 264
110 273
110 294
110 319
110 320
141 51
141 154
141 210
141 247
141 278
141 286
148 67
148 153
192 43
192 45
192 49
192 100
192 215
192 278
192 286
278 25
278 26
278 28
278 51
278 154
278 173
278 208
278 253
278 273
278 286
10 86
10 245
10 265
10 270
86 236
86 265
86 270
86 280
245 47
245 144
245 149
245 265
245 280
245 295
245 313
245 314
265 47
265 203
265 236
265 246
265 268
265 270
270 246
12 14
12 54
12 74
12 83
12 94
12 144
12 182
12 196
12 197
12 213
12 219
12 223
12 224
12 233
12 256
14 82
14 144
14 197
14 213
14 219
14 256
14 258
14 313
54 55
54 74
54 83
54 144
54 182
54 195
54 196
54 197
54 213
54 219
54 224
54 225
54 233
54 256
54 258
54 294
74 82
74 94
74 144
74 197
74 213
74 219
74 224
74 258
83 94
83 144
83 182
83 213
83 223
83 256
83 258
94 40
94 55
94 144
94 182
94 186
94 213
94 219
94 224
94 256
94 258
94 295
144 49
144 55
144 182
144 194
144 213
144 223
144 224
144 256
144 295
182 55
182 162
182 197
182 213
182 224
182 256
182 258
182 260
196 194
196 195
196 197
196 225
196 233
196 284
197 223
197 313
213 55
213 82
213 162
213 171
213 180
213 186
213 219
213 223
213 225
213 233
213 256
213 258
219 61
219 82
219 90
219 162
219 195
219 223
219 224
223 194
223 225
223 233
223 256
224 55
224 162
224 189
224 256
224 258
233 55
233 194
233 225
233 256
233 319
233 321
256 55
256 162
256 194
256 195
256 225
256 297
13 90
13 104
13 134
13 157
13 207
90 26
90 43
90 45
90 49
90 100
90 128
90 134
90 146
90 157
104 134
134 45
134 128
134 146
157 26
157 43
157 45
157 49
157 100
157 146
157 215
207 43
207 215
258 162
313 45
313 102
313 292
313 294
313 301
313 305
313 307
313 308
313 314
313 316
313 320
313 321
313 322
313 325
45 26
45 43
45 49
45 100
45 146
45 215
16 102
102 58
47 295
47 314
162 55
162 186
162 195
162 260
195 186
300 299
300 316
300 319
300 321
319 156
319 314
319 321
321 294
321 310
321 314
321 316
48 40
48 92
48 159
48 249
48 251
68 107
68 139
68 274
77 251
77 257
77 276
159 32
159 61
159 92
251 40
251 55
251 80
251 202
251 249
251 274
120 40
120 80
120 202
120 264
202 40
202 164
202 264
264 80
264 164
264 253
264 273
25 28
25 154
25 167
25 173
25 221
25 247
25 254
28 154
28 164
28 173
28 189
28 208
28 216
28 229
28 254
28 274
28 286
154 51
154 203
154 210
154 216
154 254
154 286
167 46
167 67
167 153
167 222
167 282
173 39
173 46
173 51
173 189
173 198
173 215
173 216
173 229
173 253
173 255
173 273
173 286
173 320
221 168
221 247
221 253
247 147
247 208
254 208
26 43
26 49
26 146
26 215
43 49
43 146
43 215
49 100
49 146
49 215
146 215
215 100
92 61
164 39
164 172
164 253
164 273
189 172
189 229
189 255
189 273
208 147
208 286
216 39
216 51
216 273
216 286
229 39
229 46
229 255
229 273
274 66
274 139
274 179
286 39
286 255
286 273
50 32
50 138
98 232
31 40
31 66
31 80
31 127
31 139
31 200
31 226
31 249
40 80
40 139
40 204
66 127
66 139
127 139
127 249
127 257
127 276
139 190
200 107
200 138
226 88
226 326
249 107
249 276
32 138
138 179
203 204
203 268
203 284
246 269
246 271
246 284
246 314
37 132
37 283
37 296
37 301
179 271
128 282
132 267
132 283
296 294
296 297
296 301
296 314
296 315
296 316
296 318
296 322
296 326
301 292
301 293
301 294
301 297
301 298
301 299
301 305
301 307
301 308
301 310
301 314
301 316
301 322
67 153
114 109
114 171
114 180
114 294
114 316
114 322
168 255
168 282
198 186
225 55
225 194
225 314
255 39
255 273
293 291
293 292
293 294
293 314
293 316
293 320
308 292
308 303
308 314
308 316
308 320
308 322
316 291
316 292
316 294
316 295
316 307
316 320
316 322
316 326
39 46
39 51
39 253
39 273
39 282
46 172
46 222
46 273
51 100
51 147
51 175
51 273
253 172
253 273
204 107
190 257
100 284
295 289
295 292
295 299
295 320
314 284
314 291
314 292
314 298
314 305
314 307
314 315
314 320
314 322
147 175
147 210
294 298
294 303
294 320
294 322
140 88
140 186
140 238
140 267
284 194
284 269
307 291
307 318
307 322
88 109
88 180
88 267
109 291
180 171
267 112
267 238
186 194
95 271
291 292
291 310
291 318
291 326
320 289
320 292
320 303
112 326
326 292
326 297
322 292
322 298
322 305
322 325
298 292
298 297
298 305
298 310
299 289
305 289
305 292
305 310
289 292
289 303
297 310
