1 9
1 52
1 142
1 183
9 52
9 57
9 67
9 85
9 108
9 142
9 167
9 175
9 228
9 278
9 282
52 85
52 142
142 85
142 163
142 278
183 123
183 148
183 153
2 34
2 47
2 95
2 122
2 124
2 152
2 176
2 203
2 214
2 269
2 271
2 284
34 47
34 95
34 122
34 124
34 145
34 152
34 160
34 203
34 245
34 246
34 265
34 269
34 270
34 280
47 86
47 124
47 176
47 245
47 246
47 265
47 281
95 124
95 143
95 152
95 203
95 214
95 245
95 271
95 284
122 124
122 205
122 280
124 10
124 41
124 145
124 160
124 176
124 245
124 265
124 269
124 284
152 10
152 86
152 91
152 145
152 160
152 270
152 292
152 314
176 10
176 82
176 160
176 195
176 246
176 269
176 270
176 271
203 149
203 214
203 245
203 284
214 160
214 199
214 271
214 284
269 10
269 96
269 160
269 245
271 160
271 199
271 245
271 284
284 10
284 86
284 96
284 145
284 160
284 219
284 245
284 246
284 265
3 15
3 18
3 29
3 30
3 33
3 44
3 61
3 87
3 99
3 115
3 119
3 121
3 138
3 161
3 174
3 177
3 179
3 182
3 199
3 232
3 235
3 276
3 288
15 18
15 27
15 29
15 73
15 79
15 87
15 98
15 115
15 125
15 161
15 179
15 199
15 227
15 317
18 30
18 33
18 44
18 87
18 115
18 119
18 161
18 177
18 227
18 288
29 33
29 115
29 119
29 121
29 158
29 161
29 199
29 227
29 249
29 304
30 5
30 27
30 61
30 70
30 73
30 115
30 143
30 158
30 170
30 174
30 227
30 248
30 249
30 276
30 288
33 44
33 87
33 115
33 121
33 177
33 227
33 248
44 61
44 63
44 73
44 78
44 79
44 87
44 94
44 98
44 115
44 119
44 138
44 150
44 158
44 166
44 177
44 179
44 227
44 296
61 5
61 27
61 70
61 115
61 143
61 158
61 170
87 73
87 115
87 119
87 121
87 177
87 199
87 227
87 248
99 4
99 21
99 63
99 101
99 103
99 105
99 107
99 111
99 136
99 200
99 235
99 242
99 249
99 257
99 274
99 276
115 32
115 63
115 70
115 98
115 119
115 121
115 161
115 166
115 177
115 199
115 227
115 244
115 248
115 296
119 70
119 73
119 121
119 138
119 161
119 177
119 179
119 200
119 227
119 249
119 274
119 288
119 309
121 73
121 79
121 143
121 177
121 232
121 248
121 288
138 5
138 27
138 50
138 70
138 92
138 143
138 159
138 177
138 179
138 227
138 249
138 252
161 70
161 177
161 227
161 288
174 94
174 227
174 288
177 73
177 150
177 158
177 179
177 227
177 248
177 296
179 66
179 73
179 79
179 107
179 143
179 200
179 227
179 249
179 261
179 288
182 55
182 94
182 162
182 194
182 195
182 201
182 224
182 258
182 260
199 31
199 73
199 79
199 92
199 105
199 145
199 158
199 170
199 200
199 201
199 299
232 143
235 21
235 66
235 105
235 125
235 136
235 242
235 249
276 41
276 66
276 68
276 69
276 84
276 105
276 107
276 127
276 193
276 200
276 204
276 246
276 317
288 101
288 248
4 21
4 41
4 63
4 81
4 84
4 101
4 107
4 111
4 125
4 136
4 193
4 204
4 242
4 257
21 41
21 48
21 63
21 66
21 68
21 101
21 105
21 136
21 159
21 231
21 249
21 274
41 63
41 68
41 69
41 101
41 107
41 127
41 167
41 231
41 249
41 257
63 31
63 48
63 50
63 66
63 68
63 77
63 81
63 94
63 101
63 103
63 105
63 107
63 127
63 136
63 200
63 204
63 231
63 249
63 251
63 272
63 274
81 31
81 68
81 69
81 101
81 103
81 107
81 127
81 136
81 145
81 200
81 241
81 249
81 257
81 274
84 105
84 125
84 127
84 204
84 249
84 251
84 257
101 48
101 66
101 103
101 107
101 125
101 127
101 136
101 200
101 231
101 242
101 249
101 278
107 103
107 111
107 125
107 136
107 200
111 68
111 69
111 105
111 125
111 136
111 200
111 204
111 231
111 242
111 249
111 274
125 105
125 127
125 204
125 257
136 48
136 103
136 105
136 200
136 231
136 242
136 249
136 257
136 274
193 48
193 77
193 249
204 77
204 105
204 251
242 48
242 68
242 105
242 231
242 249
242 272
242 274
257 105
257 127
257 231
257 249
257 274
5 27
5 70
5 79
5 143
5 158
5 170
5 252
27 158
27 170
70 78
70 143
70 158
70 170
70 244
70 248
79 78
79 92
79 143
79 158
79 252
143 73
143 158
143 170
143 248
158 73
158 78
158 98
158 159
158 170
158 303
170 73
170 105
170 244
170 249
252 92
6 112
6 116
6 137
6 150
6 184
6 185
6 218
112 151
116 218
116 250
137 93
137 113
137 132
137 135
137 140
137 151
137 185
137 211
137 218
137 219
137 224
137 238
137 258
137 267
137 304
137 309
150 135
150 171
150 180
150 185
150 211
150 279
150 296
184 113
184 185
185 114
185 132
185 135
185 211
185 218
185 279
218 135
218 151
218 211
218 279
8 60
60 62
60 133
60 147
57 22
57 120
57 163
57 239
57 264
57 291
67 45
67 108
67 120
67 131
67 278
67 282
85 120
85 148
108 22
108 38
108 42
108 43
108 45
108 46
108 49
108 59
108 65
108 100
108 131
108 167
108 207
108 239
108 259
108 262
108 275
108 282
167 28
167 46
167 64
167 118
167 220
167 239
167 282
175 45
175 46
175 128
175 134
175 147
175 220
175 277
175 278
175 282
175 309
278 45
278 64
278 141
278 157
278 181
282 46
282 164
282 168
282 222
282 273
10 86
10 220
10 245
10 270
10 281
10 292
10 309
10 314
86 91
86 156
86 270
86 314
220 16
220 20
220 24
220 28
220 64
220 75
220 106
220 110
220 208
220 239
220 277
245 96
245 160
245 206
245 265
245 280
270 91
270 145
270 246
270 314
281 246
292 24
292 38
292 258
292 293
292 294
292 296
292 298
292 299
292 301
292 302
292 304
292 305
292 306
292 308
292 309
292 316
292 320
309 55
309 224
309 290
309 291
309 293
309 294
309 296
309 298
309 301
309 302
309 303
309 304
309 305
309 306
309 307
309 310
309 311
309 314
309 316
309 321
309 322
314 110
314 209
314 296
314 298
314 302
314 304
314 305
314 313
314 320
314 321
314 323
11 12
11 14
11 55
11 74
11 93
11 94
11 201
11 219
11 224
11 256
11 260
12 14
12 55
12 56
12 74
12 83
12 93
12 94
12 201
12 213
12 219
12 256
12 260
14 54
14 74
14 93
14 197
14 201
14 209
14 219
14 223
14 256
14 258
55 56
55 74
55 83
55 93
55 94
55 162
55 194
55 201
55 213
55 219
55 233
55 256
55 258
55 260
55 311
74 56
74 83
74 93
74 94
74 213
74 219
74 223
74 256
74 258
93 56
93 83
93 197
93 213
93 219
93 223
93 256
93 258
93 260
94 54
94 56
94 83
94 197
94 213
94 233
94 256
94 258
94 260
94 279
94 296
94 304
201 19
201 31
201 82
201 83
201 162
201 197
201 213
201 219
201 223
201 224
201 233
201 256
201 258
201 260
201 299
219 54
219 56
219 83
219 162
219 194
219 197
219 209
219 223
219 224
219 258
224 56
224 83
224 209
224 258
224 260
224 304
256 19
256 54
256 187
256 197
256 212
256 213
256 233
256 260
260 19
260 56
260 83
260 162
260 187
260 194
260 197
260 213
260 233
56 19
56 83
56 197
56 212
56 213
56 233
56 258
83 197
83 209
83 212
83 213
83 233
83 258
213 54
13 42
13 45
13 71
13 97
13 104
13 131
13 259
42 16
42 38
42 59
42 65
42 97
42 104
42 106
42 110
42 131
42 134
42 146
42 207
42 275
45 24
45 26
45 36
45 43
45 49
45 72
45 100
45 104
45 110
45 134
45 147
45 157
45 207
45 216
71 43
71 49
71 97
71 128
71 131
71 189
97 36
97 104
97 131
97 134
97 259
131 16
131 26
131 36
131 43
131 128
131 134
131 207
131 216
131 239
131 259
131 275
54 19
54 212
197 162
197 223
197 233
209 38
209 212
209 233
209 258
209 296
209 304
223 82
223 187
223 233
223 258
258 38
258 160
258 162
258 195
258 212
258 304
73 98
73 227
73 248
98 227
98 248
227 78
227 200
227 248
317 290
317 291
16 106
16 118
16 145
106 163
118 299
145 91
145 96
145 265
19 82
19 194
19 233
194 187
194 196
233 113
233 212
20 59
20 217
20 240
20 262
59 43
59 240
59 262
59 266
217 75
217 207
217 215
217 240
217 275
240 90
240 262
240 266
240 275
262 189
262 266
262 275
48 103
48 127
48 249
66 127
66 200
68 103
68 127
68 200
68 231
68 249
105 200
105 244
105 249
105 251
105 272
105 274
231 103
231 249
249 50
249 77
249 127
249 200
249 274
249 306
274 50
274 103
274 200
22 120
22 163
22 239
120 202
120 264
163 46
239 24
239 28
239 215
24 65
24 72
24 207
65 26
65 36
65 38
65 43
65 62
65 100
65 110
65 134
65 207
72 43
72 49
72 110
72 188
72 207
72 215
207 38
207 43
207 90
207 110
207 215
207 275
25 154
154 181
154 210
26 49
26 90
26 134
26 157
49 36
49 43
49 90
49 100
49 110
49 146
49 157
90 100
90 110
90 157
134 36
134 43
134 110
134 128
134 146
134 215
157 43
28 39
28 64
28 110
28 208
28 216
28 254
39 46
39 173
39 229
39 253
39 273
39 277
39 287
64 46
64 141
64 147
64 181
64 189
64 210
64 247
64 277
110 43
110 100
110 128
110 146
110 216
110 266
110 275
208 181
208 189
208 254
208 277
216 172
216 273
216 287
216 307
304 171
304 291
304 296
304 306
304 307
304 311
304 313
304 316
304 320
304 323
304 324
304 326
248 32
248 200
31 127
32 92
32 200
92 78
200 103
160 96
160 268
265 91
280 205
36 146
146 43
146 100
38 301
38 306
301 135
301 291
301 293
301 294
301 296
301 297
301 302
301 306
301 311
301 316
301 322
306 135
306 291
306 293
306 294
306 298
306 307
306 308
306 316
46 164
46 168
46 172
46 173
46 189
46 287
173 287
229 273
229 287
253 164
253 273
277 141
287 188
287 221
69 251
275 100
275 215
296 291
296 298
296 302
296 305
296 313
296 316
296 323
100 128
147 133
147 172
147 221
164 221
168 133
172 189
189 181
189 188
189 221
103 241
311 291
311 302
264 202
291 290
291 293
291 298
291 307
291 313
291 316
272 241
181 247
188 221
215 308
148 123
148 153
88 135
88 140
135 140
135 171
135 211
135 250
135 279
135 293
140 109
140 171
140 211
140 238
140 267
279 211
279 225
279 250
109 114
109 171
109 180
114 171
114 180
114 267
171 180
171 211
151 132
113 267
113 283
113 319
267 238
283 132
299 293
299 300
299 303
299 316
299 326
123 153
126 263
211 225
211 238
293 294
293 302
293 323
303 294
303 298
303 320
303 322
195 186
187 196
187 225
308 316
307 294
307 322
289 298
289 305
289 316
298 302
298 305
298 316
305 302
305 316
316 294
316 322
316 326
313 294
294 322
320 323
320 324
323 297
297 326
326 310
300 321
