546 606
1624 1624
1624 1624
0 992
1158 55
1624 1624
1624 1624
1225 1225
414 1091
1158 642
0 992
1624 1624
1158 619
1158 1557
1158 1628
1158 1936
340 55
1624 1624
546 452
1624 1624
1158 1126
1158 1385
1158 1740
1158 71
0 992
1158 1967
1624 1624
1624 1624
1158 1598
1158 1479
1158 843
1624 1624
1624 1624
1158 990
1158 1273
1158 2017
1158 1600
631 992
1624 1624
1126 452
1624 1624
1624 1624
1158 339
1624 1624
1222 992
1624 1624
1158 312
1158 1747
1158 1628
1624 1624
0 992
1158 1986
1624 1624
1624 1624
1549 1747
1624 1624
1624 1624
1624 1624
1158 1276
1158 1769
1158 1880
1624 1624
1158 1631
1624 1624
1006 277
1158 1928
1158 55
1158 1785
1624 1624
1158 1104
1158 277
1158 486
1158 1628
1624 1624
814 814
814 814
1624 1624
1624 1624
999 245
1624 1624
999 894
999 245
1650 1650
1624 1624
1624 1624
999 894
1624 1624
1158 1747
1624 1624
1624 1624
546 452
1624 1624
1617 546
1617 1158
0 992
1624 1624
546 800
1158 1598
1624 1624
1158 452
1624 1624
1624 1624
340 55
340 55
1624 1624
1624 1624
1578 894
1624 1624
1899 245
1899 245
340 55
1158 1122
1158 1026
340 55
340 55
1624 1624
1624 1624
1624 1624
1624 1624
1624 1624
1158 1395
1574 452
1574 452
1574 452
1158 891
497 245
1624 1624
1475 245
452 712
452 1668
330 245
1624 1624
1624 1624
1158 933
1624 1624
1624 1624
1158 1557
1158 1047
1624 1624
330 245
1650 1650
1624 1624
1158 2026
1624 1624
1624 1624
1624 1624
1624 1624
497 245
1570 1570
497 245
1158 1218
1624 1624
1624 1624
1624 1624
1338 245
1624 1624
358 328
358 475
358 1549
358 1767
358 1986
255 245
1624 1624
1158 619
1158 942
1624 1624
1624 1624
1624 1624
1624 1624
497 245
255 245
0 452
0 277
497 245
1624 1624
1624 1624
1158 868
1062 245
1158 409
1158 1586
255 894
100 245
976 894
1158 1747
1158 1178
255 245
1905 139
1905 448
1905 729
1905 1499
1160 245
1129 245
330 245
1624 1624
1624 1624
497 245
497 245
1624 1624
358 894
1158 1402
1624 1624
497 245
1158 1038
1624 1624
1881 992
1881 992
1881 992
1881 992
1881 992
1624 1624
1881 992
1881 992
1881 992
1881 992
1881 992
1158 922
1158 1165
1158 1273
1158 1909
1881 992
1881 992
1881 992
1881 992
1158 1586
1158 1609
1881 992
1881 992
1881 992
1881 992
1881 992
1881 992
1881 992
1881 992
1881 992
1881 992
1881 992
1881 992
1881 992
1881 992
255 245
1881 992
1881 992
1881 992
1881 992
1881 992
838 838
1881 992
1881 992
1881 992
1881 992
1881 992
1881 992
1881 992
1881 992
1881 992
1881 992
1881 992
1881 992
1881 992
1881 992
1881 992
1881 992
1881 992
1881 992
1881 992
1881 992
1881 992
1881 992
1881 992
1881 992
1881 992
1881 992
1881 992
1881 992
1881 992
1881 992
1881 992
1881 992
1881 992
1881 992
1881 992
1881 992
1881 992
1881 992
1881 992
1881 992
1881 992
1881 992
1881 992
1881 992
1881 992
1881 992
1881 992
1881 992
1881 992
1881 992
1881 992
1881 992
1881 992
1881 992
1881 992
1881 992
1881 992
1881 992
1881 992
1881 992
1881 992
1881 992
1881 992
1881 992
1881 992
1881 992
1881 992
1881 992
1881 992
1881 992
1881 992
1881 992
1881 992
1881 992
1881 992
1881 992
1881 992
1881 992
1881 992
1881 992
1881 992
587 245
1873 1873
1158 1261
1158 467
1158 1747
1271 894
497 245
1846 245
896 1905
255 245
1728 245
1624 1624
497 245
1411 894
1624 1624
647 245
497 245
546 967
497 245
497 245
497 245
1042 894
1624 1624
918 245
1158 1647
1624 1624
1624 1624
1158 1069
674 1499
674 1951
990 894
674 894
1276 1276
1276 1668
1276 1276
1276 1668
1624 1624
497 245
674 1499
1826 894
497 245
497 245
546 1630
546 1520
497 245
1250 245
1668 312
1668 1668
1877 1668
1877 1877
1668 885
1668 1668
0 351
0 1668
0 1668
0 1731
0 1592
0 1668
1668 629
1668 1668
270 245
1668 1668
1668 1825
1668 749
1668 1668
1668 749
1668 1668
1668 1668
1668 1825
0 253
0 1668
0 751
0 1668
