0 1668
1873 202
1873 411
1873 538
1873 828
411 1873
1197 1143
840 942
840 1521
489 1668
202 538
1873 152
1197 1143
136 1705
411 202
1956 1873
1668 489
1253 53
1253 110
1253 153
1253 188
1253 377
1253 401
1253 513
1253 561
1253 668
1253 732
1253 987
1253 1087
1253 1325
1253 1372
1253 1792
1253 1871
1253 1951
1253 1972
1253 1985
1253 2003
136 1705
729 1668
550 1873
1873 1143
1115 1951
1781 1143
1781 1873
340 1700
1796 1700
924 1286
1302 689
1302 689
1286 924
584 1143
1832 1302
1875 1090
881 448
881 1158
881 1376
202 349
584 1873
202 534
202 1767
1873 828
1452 1143
1767 202
202 1302
456 1767
1257 1873
1257 1873
0 550
1245 1158
1036 79
1036 429
1036 1158
1036 1194
1036 1376
1036 1443
1036 1980
340 546
1640 1376
1926 456
1873 550
1926 1767
1521 840
1521 942
1997 840
1997 942
1997 1521
202 83
202 411
202 828
202 1079
538 202
538 828
538 1562
538 1873
1257 828
1257 1873
0 1257
1257 828
202 1926
1257 1267
1257 828
1873 1257
1795 1677
340 1705
1668 1905
202 534
1257 1873
411 202
411 828
896 1905
1873 1267
792 1888
1736 114
349 534
349 538
1893 1143
792 1888
1302 1832
68 277
202 83
202 411
202 828
202 1873
1873 1267
1873 202
1873 411
1873 538
1873 828
1873 1257
1873 349
1873 1750
1873 756
1873 202
202 852
202 1257
202 1832
202 1873
828 1562
1926 202
1926 534
1873 1257
828 1562
1873 202
1873 852
1873 1257
1873 1832
202 1873
1575 202
1873 202
1873 1575
1627 0
1575 1873
1257 1842
411 83
411 202
411 828
411 1873
411 1996
1257 1750
1257 1832
1257 1873
1905 1905
1905 1905
1905 1905
1873 202
1873 534
1873 1926
992 1601
1873 1257
1873 1750
1873 1832
1832 1873
1873 34
1873 92
1873 322
1873 349
1873 852
1873 1133
1873 1750
1873 1257
1873 1714
202 1832
202 1873
1926 202
1926 534
1926 1873
1926 202
1926 1873
202 1926
1926 202
1873 202
1873 1832
887 1705
202 1575
1575 202
1257 1873
202 1257
1808 1705
1926 202
1952 1952
1668 202
1668 202
1668 202
202 1668
1714 1257
1714 1705
1873 887
852 1873
881 448
881 1158
881 1376
92 852
1905 1668
852 349
349 852
1750 534
349 1750
349 1750
1873 1257
1873 1714
1750 349
349 1750
92 1873
756 1873
1197 1143
756 1873
349 1873
1843 1143
1843 1197
756 349
1617 1376
1842 1257
1842 1873
534 202
534 538
534 828
534 1767
534 1832
534 1838
534 1873
852 34
852 92
852 322
852 349
852 1133
852 1705
852 1750
534 538
792 1888
828 1873
202 411
349 1873
534 202
792 1888
828 1873
1796 1700
942 840
942 1150
942 1521
942 1997
345 1705
497 1951
497 546
497 1158
497 1705
497 1700
1238 1143
1362 452
1873 369
1873 862
1238 1143
828 202
828 1257
828 1257
1843 1143
1843 1238
828 1257
942 840
942 1521
942 1997
534 202
154 452
1267 1873
534 349
534 852
881 1158
881 1305
881 1376
881 1593
881 1905
1723 1951
1257 349
1257 1873
1257 344
1257 944
1257 1873
1036 1158
1036 1376
1036 1593
1036 1980
132 1705
862 1705
1952 1952
534 202
534 1873
1267 1873
1726 202
1257 1873
828 83
828 202
828 1562
828 1873
828 1996
828 1873
1180 1705
828 83
828 202
828 1562
828 1873
828 1996
1952 1952
369 1705
369 1873
1796 1700
828 83
828 202
828 1562
828 1873
828 1996
1373 1705
1197 1143
1796 1700
722 1143
202 828
1832 202
1832 1873
202 1832
1197 722
1873 1257
411 828
1873 828
1873 20
202 828
1197 722
998 1873
1873 828
202 1873
1873 756
1579 722
1579 1197
1873 1873
1197 1143
1873 998
202 1873
998 1143
1197 1143
510 20
1579 998
1579 1143
1579 1143
1579 1197
998 1143
411 83
411 202
411 828
411 1873
411 1996
998 1143
1197 1143
202 83
202 411
202 828
202 1873
1873 83
1873 202
1873 411
1873 828
1579 998
1579 1143
1579 998
1579 1143
1197 1143
1579 1143
1197 1143
202 1873
1197 1143
998 1143
1873 202
1579 998
1579 1143
202 83
202 534
202 828
202 1079
202 349
1873 233
1873 202
1873 349
1197 1143
1197 1579
202 1873
998 1257
998 1873
998 1962
998 1997
998 1143
1617 1873
136 1705
1245 1158
1197 1143
998 1143
998 1197
998 1579
1299 546
452 1191
1579 1143
1579 1500
1197 1143
1197 1143
998 1143
1197 1143
1197 1143
998 1143
1197 1143
1579 1579
998 1143
881 448
881 1158
881 1376
1873 202
1873 1585
1873 1832
1873 202
1873 1585
1873 1832
1873 998
1873 1143
701 1875
701 541
1705 374
756 1873
1705 374
690 1286
998 1898
1286 701
349 1873
690 452
1286 690
998 1898
452 690
998 1143
690 1286
690 452
452 690
690 1286
690 452
1893 998
1893 1898
1286 690
1881 1873
1705 1760
998 1893
998 1898
1705 1929
1009 1143
1705 202
362 1158
349 202
852 202
852 1638
852 1705
349 202
349 1873
792 1888
712 141
712 278
712 292
712 818
712 891
712 1478
712 1779
712 1905
712 194
712 194
712 204
712 204
712 452
712 452
202 828
202 1873
701 452
1893 1143
1053 1873
1640 1376
1873 921
1185 452
1808 1705
1875 701
1875 1951
1158 1185
937 452
452 937
921 1705
828 202
541 1286
1838 202
1838 411
1838 534
1838 538
1838 828
1838 1873
828 83
828 202
828 1562
828 1832
828 1873
828 1996
828 83
828 202
828 1562
828 1832
828 1873
828 1996
828 1873
828 1873
1873 1873
1036 79
1036 429
1036 1158
1036 1194
1036 1376
1036 1443
1036 1980
1991 1143
1991 1197
1873 202
1873 411
1873 534
1873 538
1873 828
1873 1838
2026 701
452 2026
1956 1873
233 1873
233 1873
202 828
1929 1873
141 452
141 712
202 828
921 1873
83 202
83 1873
1873 862
1257 1873
1537 541
1191 452
62 1059
1882 1705
154 452
840 1150
736 1143
736 1178
736 1651
840 1150
736 736
736 736
736 736
0 992
1929 202
1929 1767
1929 1873
1873 1565
1873 1257
1873 1565
1873 83
1873 202
1873 828
1624 1624
1624 1624
1624 1624
1624 1624
1627 0
1257 1496
345 1705
1669 1439
1669 1873
862 1705
1881 452
497 245
497 546
497 1158
497 1951
497 1700
497 1705
1197 1143
1669 464
1669 1873
792 1888
1751 1700
202 828
1669 464
1669 1873
1991 1143
1991 1197
1669 1439
1669 1873
24 840
24 1150
1838 538
868 690
868 1286
1038 712
1038 712
510 1838
828 202
828 1873
83 202
83 828
83 1562
83 1832
83 1873
83 1996
690 868
411 510
828 83
828 202
828 1562
828 1832
828 1873
828 1996
868 690
690 868
868 1286
868 690
690 868
1585 1257
1585 1873
729 1820
202 349
202 411
202 534
202 828
202 1873
868 452
868 452
868 1668
868 1668
868 452
868 1668
868 690
464 1669
1669 464
1286 126
868 452
868 452
868 1668
868 1668
828 83
828 202
828 1873
1705 1496
894 1905
894 1905
1873 534
1873 1905
1873 534
1873 1905
1873 1905
66 1873
1905 1873
1905 1873
1036 79
1036 1158
1036 1194
1036 1376
1036 1443
1036 1980
828 202
828 534
828 538
828 1562
828 1838
828 1873
538 202
538 534
538 686
538 828
538 1838
828 202
1565 1873
278 712
1905 245
1905 894
818 278
1156 1158
0 1981
1905 1873
792 1888
1496 1873
792 1888
1931 1873
1565 1873
1905 1873
1905 1873
792 1888
1496 1873
828 83
828 202
828 1873
1565 1873
1496 1257
349 83
349 202
349 534
349 828
349 1562
349 1705
828 202
792 1888
792 1888
792 1888
792 1888
792 1888
828 202
828 534
828 1562
828 1873
534 1873
792 1888
222 1158
792 1888
792 1888
