1668 1171
1668 1668
1668 8
1668 1668
1668 1119
1668 1668
1668 1119
1668 1668
1119 1119
1119 1668
1668 1119
1668 1668
1668 1119
1668 1668
1668 596
1668 1668
1668 170
1668 1668
497 245
1624 1624
0 1668
0 1968
1668 1668
1668 1782
1668 1585
1668 1668
0 1668
0 1765
1668 1001
1668 1668
1668 1001
1668 1668
1668 536
1668 1668
497 245
1624 1624
0 1508
0 1668
1668 1188
1668 1668
0 1668
0 1835
0 1668
0 1731
1668 1188
1668 1668
1668 1668
1668 1838
1340 245
0 1668
0 1848
497 245
1668 1234
1668 1668
1668 25
1668 1668
496 245
1078 1004
497 245
473 245
1668 1188
1668 1668
0 351
0 1668
1668 1003
1668 1668
0 992
109 245
1668 1188
1668 1668
1668 1668
1668 1877
1668 1567
1668 1668
0 1668
0 1725
1668 1668
1668 1897
1668 1668
1668 1897
1668 1585
1668 1668
1668 984
1668 1668
1668 1668
1668 1877
497 245
699 245
1624 1624
1668 1506
1668 1668
1668 1563
1668 1668
0 1175
0 1668
0 1259
0 1668
0 1668
0 1765
0 313
0 1668
0 313
0 1668
1668 412
1668 1668
1668 1585
1668 1668
497 245
1624 1624
1257 1257
1668 1439
1668 1668
1668 246
1668 1668
1668 246
1668 1668
1668 1295
1668 1668
1668 1668
1668 1950
1668 1668
1668 1950
1668 1188
1668 1668
701 701
701 1668
1668 1668
1668 1877
1668 1668
1668 1877
1155 245
0 992
0 1430
0 1668
0 1430
0 1668
1668 1668
1668 1916
1668 1668
1668 2026
246 246
246 1668
1624 1624
1276 1276
1276 1668
1668 412
1668 1668
0 1474
0 1668
1668 1003
1668 1668
1624 1624
1668 1585
1668 1668
1624 298
1624 1624
1158 1628
1158 1628
1624 1624
497 245
0 1668
0 1968
1668 1585
1668 1668
497 245
0 1430
0 1668
0 1668
0 1731
1668 1668
1668 1838
0 1668
0 1731
497 245
1668 1585
1668 1668
0 351
0 1668
109 245
978 245
0 529
0 1668
0 1259
0 1668
0 1668
0 1731
1624 1624
0 643
0 1668
1322 1322
1322 1668
0 241
0 1668
0 1447
0 1668
497 245
672 245
497 245
0 351
0 1668
0 351
0 1668
1276 1276
1276 1668
910 245
109 245
0 1495
0 1668
1668 1668
1668 1838
1668 673
1668 1668
0 1259
0 1668
1668 673
1668 1668
1668 673
1668 1668
748 748
748 1668
1158 1767
0 1668
0 1968
1668 1668
1668 1825
497 245
497 245
910 245
0 551
0 1668
1841 245
0 316
0 1668
0 316
0 1668
0 1259
0 1668
109 245
0 1642
0 1668
0 1642
0 1668
0 1645
0 1668
497 245
0 1447
0 1668
109 245
497 245
0 15
0 1668
497 245
2005 452
2005 894
2005 1286
216 840
216 1150
0 1668
0 1968
672 245
1276 1276
1276 1668
0 1234
0 1668
1668 1585
1668 1668
1668 1668
1668 1838
0 1668
0 1968
0 1447
0 1668
0 1474
0 1668
497 245
0 1246
0 1668
0 643
0 1668
0 1533
0 1668
0 1642
0 1668
1668 1276
1668 1668
1668 1585
1668 1668
0 1259
0 1668
497 245
0 1447
0 1668
0 1224
0 1668
1877 1668
1877 1877
497 245
497 245
0 1668
0 1968
0 741
0 1668
0 122
0 1668
1668 1668
1668 1825
1624 1624
0 1668
0 1968
1668 1668
1668 1769
1668 478
1668 1668
1668 1585
1668 1668
1668 154
1668 551
1668 1668
497 245
1668 1668
1668 1838
910 245
1276 1276
1276 1668
0 1447
0 1668
109 245
1624 1624
497 245
546 1839
1397 1397
1397 1668
1397 1397
1397 1668
1397 1397
1397 1668
1624 1624
0 611
0 1668
0 611
0 1668
0 1668
0 1695
1624 1624
1624 1624
1624 1624
1668 1668
1668 1825
1668 1668
1668 1825
0 751
0 1668
1276 1276
1276 1668
1624 1624
1624 0
219 55
1624 1624
840 1150
216 840
216 1150
497 245
1624 1624
1373 1705
1197 1143
1767 1873
1119 1767
1119 1873
1767 1119
411 1873
736 1143
1379 1143
736 1143
736 1143
1873 1439
1873 1119
1873 1767
1585 1873
1585 1873
1873 1585
1585 998
1585 1257
1585 1873
1585 1873
1585 998
1585 1257
1585 1873
1873 1439
1379 1143
1238 1143
1379 1143
1197 1143
1577 1143
1577 1197
1577 1143
1577 1238
1277 1143
1257 1873
1705 1060
1873 1257
1439 1257
1439 1257
1439 1873
1257 1439
1257 1143
1257 1439
1439 1257
1197 1143
1577 1143
1577 1197
1277 1143
1277 1197
1277 1577
1277 1143
1277 1197
1277 1577
1277 1143
1277 1197
1277 1577
340 1705
1808 1705
1197 1277
1893 1143
902 1197
902 1277
1379 1143
1873 1439
1736 114
998 1257
1893 998
998 1585
1873 1439
1873 998
1873 1585
1257 1893
1277 1257
1277 1893
722 1143
902 722
902 1143
0 1750
1873 1750
1379 1143
1873 1898
1379 1143
1277 722
1277 902
1277 1143
902 1143
902 1379
1929 411
1929 816
1929 1767
1929 1873
1379 1143
345 1705
1750 1873
1521 1873
1521 1898
497 1705
1379 1143
1379 1143
1873 1521
1873 1898
1277 1143
1521 1873
1521 1898
1750 1873
1873 1521
1873 1898
1873 150
1873 998
1873 1257
1873 1585
1873 1750
340 1705
1439 1873
1873 1585
1873 1838
1197 1143
2026 452
452 2026
1736 114
2026 452
452 2026
2026 452
1736 114
2026 452
452 2026
712 452
2026 712
2026 712
1624 354
2026 712
712 2026
1036 79
1036 1158
1036 1376
1036 1443
1373 1705
