1579 1197
938 1143
938 1257
1956 1873
510 510
510 510
510 510
510 510
510 510
510 998
510 1257
510 1873
510 1997
452 894
1257 510
1997 510
1997 998
1997 1257
1997 1873
894 452
894 452
510 1143
1197 938
862 349
452 894
452 894
894 452
894 452
701 452
510 1143
452 701
701 452
452 701
452 701
452 701
452 701
452 701
452 894
452 894
510 1873
1276 452
452 1276
1276 452
1257 349
44 938
44 1197
701 1955
1257 349
763 1158
701 1286
1257 1143
792 1888
1197 1143
1799 1158
452 701
701 452
452 701
701 452
701 452
868 452
868 992
938 1143
938 1197
992 701
992 701
992 701
992 701
701 992
998 1439
992 701
992 701
804 1158
868 701
868 992
1197 1143
992 868
227 1158
1286 712
992 868
1286 869
1286 1119
1668 1186
1668 452
1668 452
452 1668
1668 452
1668 452
1119 1286
1773 894
1773 1875
1668 871
1668 871
1119 1286
1668 1697
1286 1119
1668 1697
1791 1873
1668 1875
701 452
1668 1875
1668 1875
1873 1791
1791 1873
992 868
1998 0
1843 1143
1843 1197
701 452
701 1525
1873 30
1873 30
1119 1668
1873 1143
1149 1439
1149 1832
1873 1439
1439 998
1668 1119
1893 1143
1368 13
1368 13
1368 23
1368 23
1368 24
1368 24
1368 46
1368 46
1368 119
1368 119
1368 164
1368 164
1368 202
1368 202
1368 216
1368 216
1368 265
1368 265
1368 271
1368 271
1368 305
1368 305
1368 328
1368 328
1368 409
1368 409
1368 411
1368 411
1368 418
1368 418
1368 452
1368 452
1368 456
1368 456
1368 464
1368 464
1368 510
1368 510
1368 557
1368 557
1368 584
1368 584
1368 640
1368 640
1368 689
1368 689
1368 793
1368 793
1368 816
1368 816
1368 851
1368 851
1368 889
1368 889
1368 979
1368 979
1368 998
1368 998
1368 1018
1368 1018
1368 1119
1368 1119
1368 1178
1368 1178
1368 1240
1368 1240
1368 1257
1368 1257
1368 1322
1368 1322
1368 1429
1368 1429
1368 1433
1368 1433
1368 1439
1368 1439
1368 1466
1368 1466
1368 1500
1368 1500
1368 1521
1368 1521
1368 1575
1368 1575
1368 1585
1368 1585
1368 1586
1368 1586
1368 1669
1368 1669
1368 1742
1368 1742
1368 1791
1368 1791
1368 1838
1368 1838
1368 1873
1368 1873
1368 1893
1368 1893
1368 1962
1368 1962
1368 1975
1368 1975
1368 1986
1368 1986
992 868
1119 1668
1439 1873
1439 707
1873 510
868 55
868 55
868 55
868 55
868 55
868 55
1973 1143
136 1158
1873 510
1873 998
1873 1257
1873 1997
690 1286
452 55
452 55
452 55
452 55
452 55
452 55
1697 1668
1873 1791
1838 11
1838 11
1838 11
1838 119
1838 119
1838 119
1838 154
1838 154
1838 154
1838 164
1838 164
1838 164
1838 242
1838 242
1838 242
1838 277
1838 277
1838 277
1838 418
1838 418
1838 418
1838 456
1838 456
1838 456
1838 464
1838 464
1838 464
1838 478
1838 478
1838 478
1838 510
1838 510
1838 510
1838 573
1838 573
1838 573
1838 584
1838 584
1838 584
1838 689
1838 689
1838 689
1838 826
1838 826
1838 826
1838 903
1838 903
1838 903
1838 979
1838 979
1838 979
1838 998
1838 998
1838 998
1838 1119
1838 1119
1838 1119
1838 1134
1838 1134
1838 1134
1838 1257
1838 1257
1838 1257
1838 1322
1838 1322
1838 1322
1838 1368
1838 1368
1838 1368
1838 1439
1838 1439
1838 1439
1838 1509
1838 1509
1838 1509
1838 1575
1838 1575
1838 1575
1838 1585
1838 1585
1838 1585
1838 1618
1838 1618
1838 1618
1838 1628
1838 1628
1838 1628
1838 1668
1838 1668
1838 1668
1838 1750
1838 1750
1838 1750
1838 1766
1838 1766
1838 1766
1838 1791
1838 1791
1838 1791
1838 1873
1838 1873
1838 1873
1838 1877
1838 1877
1838 1877
1838 1962
1838 1962
1838 1962
1838 1986
1838 1986
1838 1986
1838 2000
1838 2000
1838 2000
1838 2005
1838 2005
1838 2005
690 452
1973 1143
510 1873
1843 1143
1843 1893
868 452
1292 1292
1292 1668
452 894
1286 1549
1873 411
1838 103
1838 119
1838 154
1838 332
1838 418
1838 449
1838 456
1838 464
1838 478
1838 555
1838 557
1838 557
1838 573
1838 573
1838 689
1838 826
1838 903
1838 998
1838 1010
1838 1072
1838 1079
1838 1119
1838 1240
1838 1257
1838 1277
1838 1322
1838 1429
1838 1509
1838 1522
1838 1575
1838 1585
1838 1668
1838 1669
1838 1750
1838 1791
1838 1877
1838 1918
1838 1962
1838 1986
1838 2005
1010 103
1010 103
1010 119
1010 119
1010 154
1010 154
1010 418
1010 418
1010 449
1010 449
1010 456
1010 456
1010 462
1010 462
1010 464
1010 464
1010 555
1010 555
1010 557
1010 557
1010 557
1010 557
1010 573
1010 573
1010 573
1010 573
1010 689
1010 689
1010 826
1010 826
1010 863
1010 863
1010 866
1010 866
1010 903
1010 903
1010 998
1010 998
1010 1072
1010 1072
1010 1119
1010 1119
1010 1240
1010 1240
1010 1257
1010 1257
1010 1277
1010 1277
1010 1429
1010 1429
1010 1509
1010 1509
1010 1522
1010 1522
1010 1585
1010 1585
1010 1668
1010 1668
1010 1669
1010 1669
1010 1750
1010 1750
1010 1791
1010 1791
1010 1838
1010 1838
1010 1873
1010 1873
1010 1877
1010 1877
1010 1918
1010 1918
1010 1962
1010 1962
1010 1986
1010 1986
1010 2005
1010 2005
1843 1143
1843 1973
1736 114
1668 701
1668 1838
1668 1748
1439 1843
1668 1748
1336 452
86 1158
262 1158
1973 1439
1973 1843
986 546
1668 219
986 1158
277 382
277 1618
277 1628
1873 1464
1873 1464
136 1158
1997 998
1997 1257
1997 1873
1997 1962
411 1873
701 1668
1668 701
998 1257
998 1873
998 1962
998 1997
1379 1143
1873 176
1873 998
1873 1257
1873 1997
1997 998
1997 1257
1997 1873
1997 1962
1997 1898
690 424
690 452
690 204
690 452
244 277
1668 868
997 701
1832 1873
1873 1832
584 1143
1668 868
1873 584
690 1286
1368 410
1368 510
1368 584
1368 998
1368 1257
1368 1277
1368 1439
1368 1873
1368 1973
1368 1997
1322 89
1322 315
1322 464
1322 1509
1322 1668
1322 1791
1322 1873
0 1447
0 1668
1997 1898
1668 1393
1873 89
1873 89
1873 464
1873 464
1873 478
1873 478
1873 1257
1873 1257
1873 1322
1873 1322
1873 1509
1873 1509
1873 1668
1873 1668
1873 1791
1873 1791
216 1898
216 1997
0 1668
0 1968
1668 452
1668 452
216 1898
216 1997
998 1873
1439 509
1873 998
1873 1152
1873 1873
410 851
1197 1143
1757 1158
998 1873
998 584
998 1873
1379 1143
1197 1143
851 30
584 998
584 1873
1577 1143
1577 1379
1579 1579
1997 1143
1383 1158
998 1257
998 1873
998 1962
998 1997
1439 998
1439 1257
1439 1832
1439 1873
1368 216
1368 1898
1368 1997
739 1705
1997 998
1997 1257
1997 1873
1997 1962
1832 1873
452 868
452 992
1873 410
1873 851
1873 584
1873 998
1873 998
1873 1257
1873 1439
1873 1832
1843 1143
1843 1997
998 584
998 1873
1843 1143
1843 1197
1873 998
1873 1257
1873 1962
1873 1997
998 410
998 851
998 1873
1875 1951
1875 1951
998 1898
452 868
868 992
1873 202
1873 1767
1873 2011
1197 1143
1577 1143
1577 1379
216 998
216 1898
1379 1143
1379 1143
998 216
998 1898
1368 216
1368 998
1368 1898
1096 60
1096 588
1096 894
1096 2015
894 1096
1926 1143
452 1668
992 868
1036 79
1036 1158
1036 1194
1036 1305
1036 1376
1036 1443
1036 1980
1669 1873
998 1257
998 1873
998 1997
1257 1873
1416 1873
1036 79
1036 1158
1036 1194
1036 1305
1036 1376
1036 1443
1036 1980
362 1158
1439 1873
1439 1873
1036 79
1036 1158
1036 1194
1036 1305
1036 1376
1036 1443
1036 1980
1276 1668
1257 1101
1158 701
871 1668
871 1668
1286 1875
1575 417
1575 803
1575 1585
1301 1286
1268 535
1585 1873
1439 677
1036 79
1036 1158
1036 1194
1036 1305
1036 1376
1036 1443
1036 1980
1197 1143
277 244
1429 145
1429 1035
1429 1211
1879 452
1873 411
1873 1873
1873 1585
1873 1166
1158 1336
1962 998
1962 1257
1962 1832
1962 1873
1962 1997
1873 361
1873 411
1668 1600
1873 998
1873 1257
1873 1832
1873 1962
1873 1997
992 212
1286 1286
1286 1271
452 582
1036 79
1036 1158
1036 1194
1036 1305
1036 1376
1036 1443
1036 1980
1439 998
1439 1257
1439 1873
998 1143
1893 1143
736 1143
1197 736
1197 1143
1439 1143
1257 1143
1832 1873
1158 1879
1668 1585
1158 868
1668 1880
1668 1880
411 361
411 1873
244 277
1640 1376
582 452
1997 1832
1997 1873
1197 1143
1843 1143
1843 1197
1843 998
1843 1143
690 690
641 546
1628 277
1503 1503
277 1668
277 1668
1020 1020
2026 1954
300 300
300 300
300 300
300 300
300 300
300 300
868 154
868 1668
154 868
154 1668
868 154
868 1668
1736 114
1761 1628
1257 1143
998 1143
998 1257
452 690
998 1143
869 1286
792 1888
1036 79
1036 1158
1036 1194
1036 1305
1036 1376
1036 1443
1036 1980
1885 1376
1973 998
1973 1257
1973 1873
1973 1962
1973 1997
868 712
868 816
868 1717
1628 1761
1812 452
1812 1668
452 1812
452 1830
1997 998
1997 1257
1997 1873
410 851
410 998
410 1873
1812 452
345 1705
1761 1628
1668 277
1668 277
1832 103
1832 1257
1832 1279
1832 1753
1832 1873
736 552
736 627
736 1143
736 736
736 736
736 736
736 736
210 210
1808 1705
136 1158
1197 1143
4 1158
328 1767
328 1873
328 1986
1197 1143
1767 328
1257 1997
998 1257
998 1997
221 1726
1197 1143
277 1628
277 1761
868 992
1988 1988
1873 998
1873 1257
1873 1997
998 1898
1873 1101
1832 1303
1439 1832
1873 1439
1873 1832
894 452
894 452
1668 1628
1624 1624
1624 1624
1624 1624
998 1439
998 1832
998 1898
1873 172
1832 150
1832 998
1832 1257
1832 1873
868 992
1893 1143
1439 998
1767 328
1767 1873
1767 1986
1197 1143
264 535
1549 1286
0 558
0 1873
1521 998
1521 1898
1873 1585
1761 277
1873 998
1873 1521
1873 1898
1379 1143
1577 1143
1577 1893
992 868
1286 1549
1873 998
1873 1439
998 1439
998 1873
868 992
1873 998
1873 1439
851 410
851 998
851 1873
998 410
998 851
998 1873
992 1559
1439 1873
1997 1143
1997 1379
1379 1997
1668 701
1368 510
1368 1873
410 851
410 998
410 1873
992 868
998 1521
998 1873
998 1898
868 992
868 992
1119 452
1439 998
992 868
992 868
1286 452
1286 452
851 998
851 1439
98 1705
992 149
2009 1668
1875 1286
736 1143
1257 998
1257 1873
1197 1143
690 452
998 1257
998 1873
1973 998
1973 1178
1973 1873
906 1705
1832 456
1832 998
1832 1257
1832 1873
1832 456
1832 998
1832 1257
1832 1873
1101 1257
1873 851
1873 998
1873 1439
1197 1143
1368 998
1368 1521
1368 1873
1368 1898
1962 998
1962 1257
1962 1832
1962 1873
584 1143
851 1143
851 1197
452 992
456 1832
1668 1838
1668 701
452 894
894 452
894 452
998 264
998 456
998 1268
998 1500
998 1586
851 998
23 998
510 1368
510 1873
992 452
452 894
452 894
868 452
868 452
868 992
868 992
1439 998
998 1439
894 452
894 452
452 868
1908 1873
948 1873
1668 1812
992 452
992 452
868 452
868 452
1832 456
154 1668
1119 452
456 898
456 1832
1668 154
154 1668
1997 264
1997 535
998 1997
1668 25
1625 1625
1579 851
1579 1143
1579 1197
154 1668
1832 1962
992 1856
1668 1875
277 1837
1893 851
1893 998
1668 154
1579 851
1579 1143
1579 1197
1268 998
998 1832
998 1962
1997 998
1997 1268
701 47
1197 1143
1697 1376
701 97
1997 851
1997 1143
1997 1197
1997 1579
1697 1376
1873 1439
655 655
1521 1898
402 1143
1873 328
1873 1767
1873 1986
1439 998
1439 1257
1439 1873
1439 1873
1873 998
1873 1832
1873 1962
1271 1286
701 1286
992 1856
1697 1376
1697 1376
712 1286
1873 998
1873 1257
1873 1439
992 452
992 452
1767 328
1767 439
1767 1873
1767 1986
1257 998
1257 1873
1257 1997
1257 998
548 1873
1257 1439
1997 998
1997 1257
1997 1873
868 452
868 452
868 992
868 992
1832 1257
1439 1257
1439 1873
1036 79
1036 1158
1036 1194
1036 1305
1036 1376
1036 1443
1036 1980
1997 998
1997 1257
1997 1873
1997 1962
1705 1832
1705 1997
1873 1558
1873 1439
128 1158
1257 1832
998 1257
998 1873
998 1962
998 1997
1873 998
1873 1257
1873 1962
1873 1997
998 1257
998 1873
998 1962
998 1997
1277 1143
1257 1439
1521 1143
1627 0
1197 1143
1697 1376
1439 1257
992 1856
1197 1143
792 1888
1962 103
1962 1257
1962 1873
1962 1997
1036 79
1036 1158
1036 1194
1036 1305
1036 1376
1036 1443
1036 1980
1439 1521
584 998
584 1873
1036 79
1036 1158
1036 1194
1036 1305
1036 1376
1036 1443
1036 1980
938 1143
792 1888
1105 1097
1873 1257
1873 1832
1036 429
1036 1158
1036 1376
1036 79
1036 1158
1036 1194
1036 1305
1036 1376
1036 1443
1036 1980
1843 1439
1843 1521
1843 1143
1843 1197
1268 998
1268 1997
598 598
411 1464
411 1464
1997 998
1997 1257
1997 1873
1997 1962
1257 1439
1268 998
1268 1997
1439 1257
998 584
998 1873
584 998
1697 1376
986 546
1036 79
1036 1158
1036 1194
1036 1305
1036 1376
1036 1443
1036 1980
992 1919
1962 1257
1962 1832
1962 1873
1873 1257
1873 1832
1873 1962
1036 79
1036 1158
1036 1194
1036 1305
1036 1376
1036 1443
1036 1980
690 992
352 452
1219 1219
1036 79
1036 1158
1036 1194
1036 1305
1036 1376
1036 1443
1036 1980
107 1143
1812 1830
44 1143
1439 998
1439 1257
1439 1873
894 2026
1873 1962
11 998
11 1791
992 868
881 1158
881 1158
881 1305
881 1305
881 1376
881 1376
881 1693
881 1693
881 1700
881 1700
509 1439
509 1987
584 11
584 11
584 11
584 119
584 119
584 119
584 154
584 154
584 154
584 164
584 164
584 164
584 277
584 277
584 277
584 433
584 433
584 433
584 456
584 456
584 456
584 478
584 478
584 478
584 510
584 510
584 510
584 555
584 555
584 555
584 557
584 557
584 557
584 573
584 573
584 573
584 826
584 826
584 826
584 903
584 903
584 903
584 998
584 998
584 998
584 1018
584 1018
584 1018
584 1119
584 1119
584 1119
584 1240
584 1240
584 1240
584 1257
584 1257
584 1257
584 1322
584 1322
584 1322
584 1368
584 1368
584 1368
584 1401
584 1401
584 1401
584 1429
584 1429
584 1429
584 1439
584 1439
584 1439
584 1575
584 1575
584 1575
584 1585
584 1585
584 1585
584 1618
584 1618
584 1618
584 1628
584 1628
584 1628
584 1668
584 1668
584 1668
584 1750
584 1750
584 1750
584 1766
584 1766
584 1766
584 1791
584 1791
584 1791
584 1838
584 1838
584 1838
584 1873
584 1873
584 1873
584 1877
584 1877
584 1877
584 1962
584 1962
584 1962
584 1986
584 1986
584 1986
584 2005
584 2005
584 2005
992 868
998 11
998 1791
1097 894
1097 1875
1962 1898
894 1668
894 1905
1997 998
1997 1257
1997 1873
1997 1962
1997 1973
1812 1830
894 452
1268 998
1268 1997
1193 1143
1036 79
1036 1158
1036 1194
1036 1305
1036 1376
1036 1443
1997 1898
1036 1980
1064 288
973 1705
1286 712
216 1898
216 1997
1521 1898
1521 1962
1290 44
1290 1143
1873 1521
1873 1898
1873 1962
340 1705
998 216
998 1898
998 1997
998 89
998 89
998 464
998 464
998 478
998 478
998 1257
998 1257
998 1322
998 1322
998 1509
998 1509
998 1668
998 1668
998 1791
998 1791
998 1873
998 1873
1521 1873
1521 1898
1521 1962
1830 1812
584 998
1036 79
1036 1158
1036 1194
1036 1305
1036 1376
1036 1443
1036 1980
1439 1143
1368 216
1368 998
1368 1898
1368 1997
1705 301
1705 328
1705 1767
1873 89
1873 89
1873 384
1873 384
1873 866
1873 866
1873 998
1873 998
1873 1213
1873 1213
1873 1257
1873 1257
1873 1322
1873 1322
1873 1401
1873 1401
1873 1522
1873 1522
1705 510
1705 1368
1873 349
1257 1143
1257 349
1439 1143
215 1705
1873 1143
1873 1257
1322 1873
1322 1873
1781 1143
1781 1193
1268 998
1268 1997
1873 349
44 1143
44 1290
1873 998
1873 1268
1873 1997
1579 1143
1579 1439
91 1143
1521 535
1521 1268
1624 1624
1624 1624
1624 1624
1624 1624
1781 1143
1781 1439
1873 1521
1873 1898
1873 1962
1368 1521
1368 1873
1368 1898
1368 1962
792 1888
1439 1143
1668 1549
1158 690
1439 1143
998 1143
1726 65
1726 221
1726 848
1726 923
1726 1158
1499 452
1193 1143
1158 992
1997 998
1997 1257
1997 1873
1997 1962
1158 1119
1521 998
1521 1268
1521 1873
1521 1997
1439 1143
677 1439
1158 894
98 1705
1837 546
1499 452
1290 91
1290 1143
1290 44
1290 1143
1158 894
1036 79
1036 1158
1036 1194
1036 1305
1036 1376
1036 1443
1036 1980
1158 868
2026 452
1873 1322
1781 1143
1781 1193
832 1257
832 1873
604 1143
604 1197
851 1143
851 1439
452 2026
44 1143
44 1290
1624 1624
1624 1624
1624 1624
1624 1624
1439 851
1838 1873
1781 1143
1781 1439
1873 1838
998 1838
998 1873
1838 998
851 1439
851 1500
1998 0
44 1143
44 1290
998 1322
998 1322
998 1873
998 1873
1873 998
1873 998
1873 1322
1873 1322
1873 998
998 1873
998 1838
992 690
222 1158
1838 998
1379 1143
497 245
497 1158
497 1705
497 1951
497 1700
497 546
881 448
881 1158
881 1376
1997 998
1997 1143
1832 998
1873 998
1873 1143
1873 1997
91 1143
1796 1700
1905 1668
708 452
955 894
690 992
1941 1150
1500 1781
1880 1668
792 1888
216 1150
216 1941
1439 1500
1997 216
1997 1150
1997 1941
271 1143
1277 998
1277 1257
1277 1873
1277 1962
1379 1143
1197 1439
1997 1143
1997 1379
1873 202
1873 349
1873 1585
1873 1832
1268 1521
1973 1997
1586 216
1586 1150
1586 1424
1586 1997
1277 998
1277 1257
1277 1873
1277 1962
343 1973
343 1997
851 1143
1257 349
1997 1973
1873 1257
1973 1997
1197 604
91 1143
91 1379
792 1888
1791 1586
1277 998
1277 1257
1277 1873
1277 1962
992 690
1439 20
1290 91
1290 1143
1290 44
1290 1143
1379 91
1379 1143
736 1379
1873 1898
1941 942
1257 998
1257 1873
1873 998
1873 1257
998 1257
998 1873
1197 604
91 1143
91 1290
1962 103
1962 1257
1962 1873
1962 1997
1290 402
1290 1143
1837 277
998 46
998 1257
998 1873
998 1962
1880 1668
1197 1143
1873 46
1873 998
1873 1257
1873 1962
1036 79
1036 1158
1036 1194
1036 1305
1036 1376
1036 1443
1036 1980
1781 1439
1781 1500
655 1143
1327 452
1327 452
1327 712
1327 712
1327 244
1327 357
1327 409
1327 452
1327 571
1327 896
1327 1069
1327 1157
1327 1586
1036 79
1036 1158
1036 1194
1036 1305
1036 1376
1036 1443
1036 1980
1838 998
91 1143
91 1290
1838 11
1838 11
1838 11
1838 119
1838 119
1838 119
1838 154
1838 154
1838 154
1838 164
1838 164
1838 164
1838 242
1838 242
1838 242
1838 277
1838 277
1838 277
1838 418
1838 418
1838 418
1838 456
1838 456
1838 456
1838 464
1838 464
1838 464
1838 478
1838 478
1838 478
1838 510
1838 510
1838 510
1838 573
1838 573
1838 573
1838 584
1838 584
1838 584
1838 689
1838 689
1838 689
1838 826
1838 826
1838 826
1838 903
1838 903
1838 903
1838 979
1838 979
1838 979
1838 998
1838 998
1838 998
1838 1119
1838 1119
1838 1119
1838 1134
1838 1134
1838 1134
1838 1257
1838 1257
1838 1257
1838 1322
1838 1322
1838 1322
1838 1368
1838 1368
1838 1368
1838 1439
1838 1439
1838 1439
1838 1509
1838 1509
1838 1509
1838 1575
1838 1575
1838 1575
1838 1585
1838 1585
1838 1585
1838 1618
1838 1618
1838 1618
1838 1628
1838 1628
1838 1628
1838 1668
1838 1668
1838 1668
1838 1750
1838 1750
1838 1750
1838 1766
1838 1766
1838 1766
1838 1791
1838 1791
1838 1791
1838 1873
1838 1873
1838 1873
1838 1877
1838 1877
1838 1877
1838 1962
1838 1962
1838 1962
1838 1986
1838 1986
1838 1986
1838 2000
1838 2000
1838 2000
1838 2005
1838 2005
1838 2005
992 1905
1521 1873
1521 1898
1838 1668
792 1888
1439 1579
1439 1781
604 44
604 1143
604 1290
1830 1812
688 1705
1439 1873
1873 103
1873 1257
1873 1962
1873 1997
1257 1873
1830 1812
998 1257
998 1873
1290 91
1290 1143
1499 1668
1499 1905
1579 736
1579 1379
216 1257
216 1873
222 1158
1873 216
1873 1257
1873 349
1338 245
1338 452
1338 546
1338 1951
1838 202
1838 202
1838 202
1838 411
1838 411
1838 411
1838 418
1838 418
1838 418
1838 452
1838 452
1838 452
1838 464
1838 464
1838 464
1838 478
1838 478
1838 478
1838 538
1838 538
1838 538
1838 998
1838 998
1838 998
1838 1051
1838 1051
1838 1051
1838 1119
1838 1119
1838 1119
1838 1257
1838 1257
1838 1257
1838 1509
1838 1509
1838 1509
1838 1575
1838 1575
1838 1575
1838 1585
1838 1585
1838 1585
1838 1668
1838 1668
1838 1668
1838 1767
1838 1767
1838 1767
1838 1791
1838 1791
1838 1791
1838 1829
1838 1829
1838 1829
1838 1873
1838 1873
1838 1873
1838 1877
1838 1877
1838 1877
1838 1962
1838 1962
1838 1962
1838 1986
1838 1986
1838 1986
1197 1143
1873 1521
1873 1898
1997 1521
1997 1873
1997 1898
1521 1873
1521 1898
1521 1997
510 1873
792 1888
1873 510
1158 1812
1973 1521
1973 1873
1973 1898
1197 1143
998 1898
1973 1143
1290 44
1290 604
1290 1143
510 998
1439 1303
792 1888
1579 1143
1579 1197
1973 1143
1973 1973
1873 1973
903 1143
1439 1873
1873 1873
1873 1873
1881 1873
1881 1873
1873 1873
792 1888
1973 1143
1973 1973
349 1873
1781 1143
1781 1973
1973 1143
1973 1973
222 1158
1893 1143
1579 1143
1579 1197
1973 1143
1973 1973
1873 344
1973 1143
1379 1143
1158 177
1439 1873
1893 1143
1379 1143
1668 1880
1873 1439
1439 1873
998 1257
998 1873
998 1997
1130 1705
655 1143
655 1193
655 1781
222 1158
1781 1143
1781 1973
452 2026
1873 361
1873 411
1873 1767
1257 1873
222 1158
1873 1257
1873 1730
1466 1898
411 538
411 1873
1290 1143
1290 1379
1379 1143
1905 992
1500 655
1627 0
655 1500
1439 1579
1973 1143
1973 1781
1579 1439
1781 655
1781 1143
1781 1193
2025 1376
1781 655
1781 1500
128 1158
1439 1873
1624 1624
1624 1624
1624 1624
1624 1624
1798 1951
1781 1143
1781 1973
1640 1376
1873 1143
1730 1873
1856 992
1046 575
1046 1767
1046 1873
1973 1143
1973 1781
792 1888
998 1143
31 1705
1439 1873
340 1700
1439 1143
1036 79
1036 1158
1036 1194
1036 1305
1036 1376
1036 1443
1036 1980
340 1705
349 1873
340 546
417 1575
678 1705
1579 998
1579 1143
1579 1143
1579 1439
547 1873
1625 1625
837 1873
1558 1873
1931 1873
1624 1624
1624 1624
1624 1624
1624 1624
1705 411
1705 538
443 1158
1624 1624
1624 1624
1624 1624
1624 1624
1905 894
1439 1873
942 1586
942 1791
942 1941
274 274
576 1189
1796 1700
1356 1700
1356 1951
192 1700
1624 1624
1624 1624
1624 1624
1624 1624
1504 1911
1382 1873
1382 1873
881 448
881 1158
881 1376
1880 1668
538 1562
538 1873
722 1143
1796 1700
881 448
881 1158
881 1376
402 1143
1197 604
881 448
881 1158
881 1376
1373 1705
722 1143
1893 1143
938 1143
938 1781
938 1973
938 722
938 1143
938 1143
938 1893
938 604
938 1197
271 1143
271 1143
