519 245
1893 1143
1579 722
1579 1143
584 1873
1579 722
1579 1143
894 762
1873 584
1873 1143
1579 1143
1579 1873
1197 722
1197 1143
1197 1579
763 1158
33 1143
1197 722
1197 1143
1197 1579
701 894
701 894
278 712
894 701
894 701
701 894
1799 1158
1875 278
1277 1143
410 1143
1668 633
1245 1158
227 1158
1769 1769
1769 30
1769 30
244 328
244 409
244 452
244 1057
244 1586
244 1767
244 1905
244 1986
1668 633
804 1158
510 1873
1521 1143
998 20
410 998
410 1257
410 1873
410 1962
1286 1875
1257 1873
998 410
998 1257
998 1873
998 1962
1178 1791
1178 1822
1178 1873
154 1286
1286 154
410 998
410 1257
410 1873
410 1962
1286 1668
154 1286
1286 154
1873 1257
1873 1368
1668 1628
868 992
816 410
816 998
816 1257
816 1873
998 1898
816 1962
510 20
1257 1873
216 998
216 1898
998 216
998 1898
1368 1257
1368 1873
1791 1178
1791 1822
1791 1873
1873 302
998 1143
1628 1668
1368 216
1368 1832
1368 1873
1873 510
1873 1873
277 1668
1873 832
992 868
452 901
894 868
1668 1549
868 992
1668 1309
478 411
478 418
478 793
478 851
478 998
478 1586
478 1766
478 1873
478 1910
478 1986
903 1143
868 992
452 1286
452 1286
868 894
868 894
992 16
894 868
894 868
1822 1178
1822 1213
1822 1873
1286 452
1286 452
1286 452
1873 365
1873 1257
1873 1873
992 868
1549 1125
1549 1668
868 992
868 894
868 894
894 868
894 868
868 894
868 894
992 868
868 894
868 894
1618 1668
1439 510
894 868
894 868
1286 1875
1668 1585
1838 1585
1838 1668
1286 868
1286 868
1286 894
1286 894
510 1439
1668 1286
1668 1286
1668 277
1668 277
868 894
868 894
1439 851
894 868
868 992
277 1668
1500 1439
998 1143
1277 1439
1277 1500
510 216
510 998
510 1898
1286 1875
868 1286
868 1875
1286 1875
1286 1875
851 1277
851 1439
851 1500
1125 1549
1125 1668
1873 1386
1873 1575
1873 1750
701 894
1579 998
1579 1143
1286 1875
1286 1913
894 701
701 894
894 701
701 894
902 1143
902 1579
902 1873
1668 1585
1668 1309
1873 851
1873 1277
1873 1439
1873 1500
998 63
998 851
998 1277
998 1500
998 1873
1838 1668
992 868
992 16
701 55
701 55
701 55
701 55
701 55
701 55
701 452
701 452
701 452
701 452
701 452
701 452
452 894
1668 382
382 1668
894 701
278 452
1962 510
1962 1873
701 894
894 452
894 452
1998 0
992 868
629 1286
262 1158
86 1158
1286 1875
1197 1143
868 452
1994 1143
1994 1197
986 546
868 452
33 1143
33 1197
33 1994
868 452
868 452
998 33
998 1143
998 1197
998 1994
1973 20
868 992
402 33
402 998
402 1143
402 1197
402 1994
402 33
402 998
402 1143
402 1197
402 1994
1973 33
1973 402
1973 998
1973 1143
1973 1197
1973 1994
1286 1875
998 33
998 402
998 1143
998 1197
998 1973
998 1994
1757 1158
1628 277
1017 75
1017 247
1017 1668
1017 1905
222 1158
1586 1257
1586 1873
1286 894
1286 894
998 176
998 1257
998 1873
998 1997
136 1158
712 1286
1277 1143
1873 1898
1277 1143
1286 712
1257 998
1257 1873
1257 1962
1257 1997
992 868
1277 33
1277 402
1277 998
1277 1143
1277 1197
1277 1973
1277 1994
998 1898
998 410
998 816
998 1257
998 1873
998 1962
1257 410
1257 816
1257 998
1257 1873
1257 1962
1571 277
1277 998
1277 1257
1277 1873
1973 998
1973 1257
1973 1873
1268 998
1268 1873
277 97
277 469
998 1257
998 1277
998 1873
894 1286
894 1286
690 1668
1668 690
1257 998
1257 1873
1257 1962
1535 328
1535 1549
1535 1747
1535 1767
1535 1986
1257 1586
1257 1767
1257 1873
1276 328
1276 1535
1276 1549
1276 1767
1276 1986
1549 328
1549 1535
1549 1767
1549 1986
1257 1586
1257 1767
1257 1873
1767 1257
1767 1586
1767 1873
1286 894
1286 894
1540 452
1540 452
1257 1873
1257 1989
1290 1290
1779 452
452 55
452 55
452 55
452 55
452 55
452 55
452 1540
1893 998
1893 1898
739 1705
1540 452
0 452
510 1575
1779 452
1575 510
1257 1586
1257 1767
1257 1873
1767 1873
1586 1257
1586 1767
1586 1873
1767 1586
1893 851
1893 998
1893 1898
1257 1586
1257 1767
1257 1873
1257 1989
1521 1873
1521 1898
998 1893
998 1898
510 1257
510 1873
1257 1989
1893 998
1893 1898
1276 154
1873 1257
998 1893
1368 998
1368 1893
992 868
1158 174
1257 20
410 1898
1838 1668
868 992
868 1875
1158 1747
901 452
1873 998
1873 1268
862 1873
1257 512
1257 998
1257 1873
1257 1973
1875 1286
1973 1898
1962 998
1962 1257
1962 1873
216 1898
216 1973
1368 13
1368 13
1368 23
1368 23
1368 24
1368 24
1368 46
1368 46
1368 119
1368 119
1368 164
1368 164
1368 202
1368 202
1368 216
1368 216
1368 265
1368 265
1368 271
1368 271
1368 305
1368 305
1368 328
1368 328
1368 409
1368 409
1368 411
1368 411
1368 418
1368 418
1368 452
1368 452
1368 456
1368 456
1368 464
1368 464
1368 510
1368 510
1368 557
1368 557
1368 584
1368 584
1368 640
1368 640
1368 689
1368 689
1368 793
1368 793
1368 816
1368 816
1368 851
1368 851
1368 889
1368 889
1368 979
1368 979
1368 998
1368 998
1368 1018
1368 1018
1368 1119
1368 1119
1368 1178
1368 1178
1368 1240
1368 1240
1368 1257
1368 1257
1368 1322
1368 1322
1368 1429
1368 1429
1368 1433
1368 1433
1368 1439
1368 1439
1368 1466
1368 1466
1368 1500
1368 1500
1368 1521
1368 1521
1368 1575
1368 1575
1368 1585
1368 1585
1368 1586
1368 1586
1368 1669
1368 1669
1368 1742
1368 1742
1368 1791
1368 1791
1368 1838
1368 1838
1368 1873
1368 1873
1368 1893
1368 1893
1368 1962
1368 1962
1368 1975
1368 1975
1368 1986
1368 1986
1257 1962
1119 89
1119 478
1119 1509
1119 1575
1119 1668
992 868
1980 1668
1327 712
1327 1286
75 1017
894 868
1873 1257
1873 1962
1286 701
2026 55
2026 55
2026 55
2026 55
2026 55
1158 1779
1668 1838
1158 1286
1668 868
1521 1143
452 1540
510 1873
1158 1689
1158 1689
410 998
410 1257
410 1873
0 1286
701 1286
1875 1286
510 1873
1500 1143
1875 868
1875 1951
2026 452
2026 868
452 2026
2026 452
1875 1286
1875 868
1875 1286
1286 1668
998 1143
1368 216
1368 1898
1368 1973
33 1143
701 277
1257 41
690 1668
1286 894
1286 894
277 701
701 277
1158 248
1119 202
1119 202
1119 452
1119 452
1119 464
1119 464
1119 1585
1119 1585
1119 1769
1119 1769
1119 1791
1119 1791
1668 154
154 1668
1158 894
1668 1880
690 452
690 1668
1158 248
1668 452
1668 452
1540 1586
1540 1767
1540 1873
1668 690
1668 868
277 701
1998 0
1268 998
1268 1873
1962 1898
1668 154
701 277
1991 1143
1991 1500
1540 1767
868 1668
851 1540
851 1767
584 510
584 1873
0 1668
0 1968
0 452
1158 248
366 1705
690 55
690 55
690 55
690 55
690 55
894 1286
894 1286
868 992
1158 248
1875 1286
510 20
758 0
366 1705
1158 868
1838 868
1838 1668
992 868
868 992
1973 998
1973 1257
1973 1873
1158 868
1158 868
366 1705
1873 998
1873 1257
1873 1973
1668 1276
992 868
868 992
1668 452
1668 452
1873 851
1257 584
851 1873
1973 1873
1286 868
1286 1875
510 1341
510 1873
1617 546
1617 1158
340 1700
1617 546
1617 546
1617 1158
1617 1158
1158 1249
0 1286
1036 1158
1036 1376
1036 1593
1036 1980
478 382
478 665
478 1651
478 1766
362 546
362 546
510 1143
1257 1898
1257 1962
727 1668
1439 998
1439 1257
1439 1873
998 1257
998 1439
998 1873
1257 1586
1257 1767
1257 1873
1439 998
1873 11
1668 337
1668 1814
762 373
1640 1376
338 1143
0 1642
0 1668
712 452
868 154
868 1668
216 1257
216 1898
216 1962
1808 1705
1668 1875
1668 1875
736 552
736 627
736 1143
1668 1618
736 736
736 736
736 736
736 736
1257 1873
0 1286
4 1158
1705 1257
1705 1586
1705 1767
452 990
452 997
68 277
1257 1143
894 1875
1668 1875
1705 1257
1705 1586
1705 1767
762 894
1286 1549
1286 868
1257 998
1257 1750
1257 1873
868 1077
894 868
894 868
868 894
868 894
894 868
894 868
881 79
881 1158
881 1423
1257 1143
1982 1158
0 452
1277 998
1277 1257
1277 1873
1277 1962
1450 1158
1366 1705
1368 216
1368 1257
1368 1898
1368 1962
271 271
1257 311
1257 1873
998 1257
998 1277
998 1873
998 1962
1668 55
1668 55
1668 55
1668 55
1668 55
1668 55
1618 1668
1973 1143
1973 1143
1973 1257
1628 1668
1973 998
1973 1257
1973 1277
1973 1873
1973 1962
792 1888
851 1973
1277 998
1277 1257
1277 1873
1277 1962
1277 1973
868 452
1579 1143
1579 1452
998 1257
998 1277
998 1873
998 1962
998 1973
345 1705
330 546
1668 452
1668 452
894 1668
894 1668
894 1905
894 1905
584 1257
410 998
410 1439
1640 1376
1439 998
1439 1257
1439 1832
1439 1873
1668 1191
1657 1875
1668 729
1439 410
792 1888
1668 894
1668 894
1668 894
1668 1905
1668 1905
1668 1905
1668 464
1429 1668
1668 2026
1549 1286
1873 228
998 1277
998 1439
1221 1376
1668 1618
1668 1628
793 793
793 793
1618 1668
868 260
868 260
868 260
868 277
868 277
868 277
868 442
868 442
868 442
868 690
868 690
868 690
868 982
868 982
868 982
868 1276
868 1276
868 1276
868 1286
868 1286
868 1286
868 1668
868 1668
868 1668
868 1918
868 1918
868 1918
868 2026
868 2026
868 2026
1628 1668
2026 154
2026 629
2026 690
2026 1276
2026 1668
729 1668
1286 1549
1873 1257
1873 1257
1973 1143
1640 1376
510 1341
1873 411
1873 1873
1277 1143
1277 1143
1579 1143
1579 1500
1579 1991
510 1341
998 20
1998 0
1439 998
729 629
729 1668
411 411
411 1873
998 1898
998 1898
1668 382
729 382
881 448
881 1158
881 1376
1905 894
1905 894
1905 1286
1905 1286
1873 1873
1873 1891
1893 998
1893 1898
1737 50
1737 750
1737 1892
1737 2002
1893 1143
792 1888
1439 998
1439 1257
1439 1873
1832 1257
1832 1873
1439 1832
1158 1668
701 1668
998 1893
1509 464
1509 2026
1668 1119
1119 1668
1832 1439
1873 365
1873 1257
1873 1873
1624 1257
1624 1873
792 1888
1277 998
1277 1893
1873 365
1873 1257
1873 1873
1873 411
1873 1873
411 411
411 1873
1797 894
411 196
411 411
411 1873
302 1873
1257 998
1257 1439
1257 1832
1257 1873
1624 1624
1624 1624
1624 1624
1624 1624
340 546
33 1143
1286 452
1286 452
382 729
1286 452
1286 452
1286 452
1913 1875
452 1286
452 1286
452 1286
1286 452
1286 452
1286 452
222 1158
655 655
705 1873
1689 452
792 1888
1832 202
1832 349
1832 1257
1832 1873
1873 202
1873 349
1873 1257
1873 1832
1221 1376
998 428
894 1286
894 1286
1286 894
1286 894
894 1286
894 1286
1991 1143
1991 1500
1991 1579
0 1286
452 629
452 629
1624 1624
1624 1624
1624 1624
1624 1624
411 196
411 411
411 1079
411 1891
840 998
840 1150
881 448
881 1158
881 1376
216 840
216 998
216 1150
1873 196
1873 411
1873 1079
1873 1676
998 216
998 840
998 1150
1873 349
1873 1832
1158 1404
228 226
248 452
598 598
340 1705
992 868
902 1143
248 452
1873 196
1873 411
1873 1873
1257 349
1257 1585
1257 1832
1257 1838
1257 1873
248 452
510 20
510 998
1742 464
1742 1509
1742 2026
998 20
1547 1547
2026 1742
1624 1257
1624 1439
1624 1873
1197 1143
1257 1439
1257 1873
998 1143
998 1197
901 452
1742 2026
1257 1898
1158 712
1257 1873
1115 1951
1158 712
1905 1668
1905 1668
248 452
128 1158
1873 365
1873 1257
1873 1873
584 1143
1277 998
1277 1257
1277 1873
584 1873
248 452
701 1668
1750 998
1750 1257
1750 1873
1873 1143
1873 1143
1036 79
1036 1158
1036 1194
1036 1376
1036 1443
1893 1257
1893 1898
1673 23
1673 202
1673 256
1673 305
1673 328
1673 409
1673 411
1673 418
1673 464
1673 793
1673 816
1673 851
1673 1178
1673 1585
1673 1586
1673 1767
1673 1791
1673 1873
1673 1986
1893 1257
1893 1898
1197 1143
1613 452
998 1257
998 1893
998 1898
906 1705
1873 998
1873 1257
1873 1893
1873 1898
1613 452
510 1873
1873 510
1873 1877
1873 1986
1197 1143
222 1158
1873 20
1989 3
1989 1804
1873 202
1873 464
1873 1143
1873 1585
1873 1791
1873 1832
358 452
1379 1143
1290 1143
1290 1873
410 998
410 1257
410 1873
1158 1747
1290 1143
1290 1197
1624 1624
1624 1624
1624 1624
1624 1624
1257 1143
1158 1851
1257 998
1257 1873
1257 1893
1257 1898
1572 0
452 493
1257 998
1257 1873
998 46
998 1257
998 1873
998 1962
1962 998
1962 1257
1962 1873
358 452
1640 1376
792 1888
402 1143
1257 1873
1277 998
1277 1257
1277 1873
1277 1962
1973 1277
1158 1613
136 1158
1962 998
1962 1257
1962 1277
1962 1873
998 46
998 1257
998 1873
998 1962
1158 1613
1439 1257
1257 1143
1439 1257
1158 1851
1439 1832
1439 1143
358 575
358 1535
358 1549
358 1975
1832 1439
228 1873
1277 1143
690 452
1873 410
1873 998
1873 1257
1989 1257
1277 1898
1277 1973
1973 1277
23 428
1873 46
1873 998
1873 1257
1873 1962
1614 828
1614 1873
1521 1277
1521 1898
1624 1624
1624 1624
1624 1624
1624 1624
1873 998
1873 1257
1873 1962
1873 46
1873 998
1873 1257
1873 1962
1290 402
1290 1143
1277 1521
1277 1898
1873 1143
1873 1277
222 1158
584 1873
1873 1277
1873 1973
1962 1898
1036 1158
1036 1376
1036 1693
1873 20
1873 584
584 1898
1873 584
1873 998
1873 1257
704 1158
1415 828
584 1898
828 1873
402 1143
1905 894
1905 894
1905 1668
1905 1668
33 1143
792 1888
33 1143
366 1158
23 428
216 998
216 1898
881 448
881 1158
881 1376
581 1257
497 245
497 1158
497 1705
497 1951
497 546
497 1700
1988 1988
1290 402
1290 1143
1521 1898
1521 1962
998 1143
349 1832
349 1873
1257 1873
998 1308
998 1973
1624 1624
1624 1624
1624 1624
1624 1624
531 546
998 1308
998 1973
216 998
216 1898
402 1143
629 452
629 452
402 1143
1327 452
1327 452
1327 712
1327 712
1327 244
1327 357
1327 409
1327 452
1327 571
1327 896
1327 1069
1327 1157
1327 1586
1986 510
1986 1873
1986 1877
1384 452
584 1143
792 1888
11 1439
11 1669
11 1873
1838 1585
1838 1668
510 1986
452 493
1197 1143
452 1286
452 1286
828 1873
894 452
894 452
894 452
1277 1143
402 1143
402 1857
1277 1143
402 1143
402 1857
402 1143
402 1857
1290 1143
1290 1439
402 1143
402 1857
1276 358
1880 1668
464 2026
801 1873
1191 1668
1290 402
1290 1143
1290 1857
54 1873
1796 1700
1624 1624
1624 1624
1624 1624
1624 1624
1624 1624
1429 464
1838 449
1838 449
1838 449
1838 452
1838 452
1838 452
1838 464
1838 464
1838 464
1838 478
1838 478
1838 478
1838 538
1838 538
1838 538
1838 667
1838 667
1838 667
1838 1051
1838 1051
1838 1051
1838 1119
1838 1119
1838 1119
1838 1257
1838 1257
1838 1257
1838 1509
1838 1509
1838 1509
1838 1575
1838 1575
1838 1575
1838 1585
1838 1585
1838 1585
1838 1648
1838 1648
1838 1648
1838 1668
1838 1668
1838 1668
1838 1767
1838 1767
1838 1767
1838 1791
1838 1791
1838 1791
1838 1829
1838 1829
1838 1829
1838 1832
1838 1832
1838 1832
1838 1873
1838 1873
1838 1873
1838 1877
1838 1877
1838 1877
1838 1961
1838 1961
1838 1961
1838 1962
1838 1962
1838 1962
1838 1986
1838 1986
1838 1986
251 0
145 1742
1851 452
1341 510
1851 452
1341 510
1439 1873
1509 145
717 491
717 1873
1875 281
828 1614
828 1873
881 79
881 1158
881 1423
868 1286
868 1875
1193 1143
488 1873
1191 358
1191 452
97 277
717 0
1180 1705
942 216
942 840
942 998
942 1150
1158 1286
581 1257
1158 278
1139 39
881 448
881 1158
881 1376
1440 1158
1440 546
1622 1705
493 452
1719 1705
1625 1625
493 452
1875 1286
1499 1797
837 1873
410 428
358 1276
134 690
1931 1873
410 998
410 1257
410 1873
222 1158
1373 1705
1873 1439
1873 410
1873 998
1873 1257
1193 1143
1193 1857
