1873 998
1384 452
510 510
510 510
510 510
510 510
510 1143
510 1873
1991 44
1991 1143
722 1143
1379 1143
1257 1893
1997 20
1997 1439
722 1143
851 1991
722 1143
1257 349
1257 1585
1257 1750
1257 1873
1245 1158
1257 1143
722 1143
722 1257
1392 1286
1286 1392
1991 722
1991 1143
44 1143
216 584
216 1898
722 1143
1392 1286
227 1158
629 452
1991 722
1991 1143
1379 1143
1439 1997
44 1143
763 1158
452 629
1368 1143
1838 1585
1838 1873
1799 1158
1991 1143
1991 1379
1838 510
1838 1873
1379 1143
1439 510
1439 1873
840 216
840 1150
1368 20
1257 832
701 452
1585 349
1991 1143
1991 1379
244 328
244 409
244 452
244 1057
244 1586
244 1767
244 1905
244 1986
804 1158
1997 1143
1997 1379
510 1873
510 1973
998 1143
998 1143
998 1368
1973 1143
1973 1368
629 452
1997 216
1997 840
1997 1150
584 1143
510 1873
510 1973
1973 1143
1991 998
1991 1143
1991 1368
1579 1143
1579 1197
1197 722
1197 1991
510 1873
1585 998
1585 1257
1585 1750
1585 1873
1973 1143
1585 1838
998 1585
1257 832
1257 998
1594 1376
1257 1439
1286 1875
1439 1257
1379 1143
1286 1875
1286 1668
1379 1143
1705 520
1973 20
1286 1392
1973 1143
1973 1379
1973 1997
1668 1322
1668 868
452 701
1973 998
1973 1257
1973 1873
1973 1997
998 1079
998 1257
998 1973
998 1997
1668 1429
1668 2026
1668 701
271 1143
1893 1143
136 1158
510 1257
510 1439
1668 701
1439 510
1668 871
1668 871
1668 868
1257 1973
701 1668
1973 1257
1257 1439
1257 1973
894 1875
1973 1257
1973 1898
1997 1257
1997 1898
1997 1973
510 755
1843 1143
1843 1379
1439 1257
1668 2009
868 1575
868 1585
1575 452
0 1234
0 1668
1736 114
244 277
998 1257
998 1439
262 1158
510 20
510 828
510 1873
86 1158
1276 1668
1286 1418
1286 1875
986 1158
222 1158
1594 1376
1577 1143
1577 1379
1757 1158
1197 1143
510 13
510 13
510 23
510 23
510 24
510 24
510 46
510 46
510 119
510 119
510 164
510 164
510 202
510 202
510 216
510 216
510 265
510 265
510 271
510 271
510 305
510 305
510 328
510 328
510 409
510 409
510 411
510 411
510 418
510 418
510 452
510 452
510 456
510 456
510 464
510 464
510 557
510 557
510 584
510 584
510 640
510 640
510 689
510 689
510 793
510 793
510 816
510 816
510 851
510 851
510 889
510 889
510 979
510 979
510 998
510 998
510 1018
510 1018
510 1119
510 1119
510 1178
510 1178
510 1240
510 1240
510 1257
510 1257
510 1322
510 1322
510 1368
510 1368
510 1429
510 1429
510 1433
510 1433
510 1439
510 1439
510 1466
510 1466
510 1500
510 1500
510 1521
510 1521
510 1575
510 1575
510 1585
510 1585
510 1586
510 1586
510 1669
510 1669
510 1742
510 1742
510 1791
510 1791
510 1838
510 1838
510 1873
510 1873
510 1893
510 1893
510 1962
510 1962
510 1975
510 1975
510 1986
510 1986
1277 1143
998 1257
998 1873
998 1962
998 1997
147 1705
1973 1257
1973 1898
1973 1997
1668 645
729 1668
998 20
277 244
216 1257
216 1898
216 1973
216 1997
1998 0
1668 729
729 1668
1973 216
1973 1257
1973 1898
1973 1997
1290 1290
33 1143
244 277
1057 244
452 1286
349 1257
868 452
868 992
1286 1418
1286 1875
1941 1150
1197 1143
1286 452
1286 452
510 828
510 1230
1668 729
216 1150
216 1941
868 452
868 452
868 1668
868 1668
1668 729
1668 729
1668 729
851 1466
851 1873
510 998
510 1257
510 1439
1383 1158
1368 1898
1439 510
1521 1368
1521 1898
739 1705
998 1257
998 1873
998 1962
998 1997
1368 1521
1368 1898
510 1439
1036 79
1036 1158
1036 1194
1036 1305
1036 1376
1036 1443
1036 1980
136 1158
202 150
992 577
992 868
1893 1143
881 245
881 245
881 385
881 385
881 1158
881 1158
881 1305
881 1305
881 1376
881 1376
881 1905
881 1905
452 992
452 992
1997 216
1997 1150
1997 1941
1503 0
584 1277
1379 1143
452 868
1379 1143
1843 1143
1843 1197
1962 998
1962 1257
1962 1873
1962 1997
655 1143
881 245
881 245
881 385
881 385
881 1158
881 1158
881 1305
881 1305
881 1376
881 1376
881 1905
881 1905
222 1158
1257 998
1257 1873
1257 1962
1257 1997
840 1150
216 840
216 1150
1767 1873
1767 1986
998 1257
998 1898
1994 1143
832 1257
1036 79
1036 1158
1036 1194
1036 1305
1036 1376
1036 1443
1036 1980
992 1955
992 154
992 868
210 210
1277 1143
840 216
840 942
840 1150
840 1941
1875 1286
1893 998
1893 1257
1893 1898
1197 1143
1500 1143
1277 1143
222 1158
604 1143
402 1143
1500 1143
1579 1143
1579 1197
1197 1143
832 1257
510 998
510 1257
510 1873
510 1962
510 1997
1579 1143
1579 1500
1521 1143
894 1875
1843 1143
1843 1500
792 1888
871 1668
792 1888
1579 402
1579 1143
1379 1143
871 1668
228 226
1020 1020
1257 1898
1521 1143
338 1143
1893 1257
1893 1898
510 1257
510 1893
510 1898
584 1143
584 1379
222 1158
792 1888
1500 1257
1500 1873
277 1057
641 546
1257 1873
1277 1143
1057 277
277 143
1873 1257
1277 1143
1119 384
1119 478
1119 1575
1119 1668
792 1888
1057 277
1893 1143
881 245
881 245
881 385
881 385
881 1158
881 1158
881 1305
881 1305
881 1376
881 1376
881 1423
881 1423
881 1905
881 1905
12 1791
1257 1873
277 1057
1286 1668
1286 1668
1057 277
244 277
992 452
2026 894
1624 1624
1624 1624
1624 1624
154 868
154 992
792 1888
868 154
868 154
868 992
868 992
2026 1954
894 2026
143 277
701 1668
2026 894
1668 1286
1668 1286
1277 1143
894 2026
1277 1143
277 244
1585 998
1585 1257
1585 1750
1585 1873
881 245
881 245
881 385
881 385
881 1158
881 1158
881 1305
881 1305
881 1376
881 1376
881 1905
881 1905
510 1873
2026 894
868 154
868 992
1668 633
1668 701
1158 868
1158 992
1624 1624
1624 1624
1624 1624
1668 701
1998 0
499 1158
736 552
736 627
736 1143
244 277
736 736
736 736
736 736
1158 1830
1286 1838
1640 1376
655 1143
0 452
1257 998
1257 1873
1257 1997
510 1873
150 794
150 1750
150 1873
1838 284
1158 1286
1997 998
1997 1257
1997 1873
1997 1962
1277 1308
894 2026
222 1158
998 1277
998 1873
510 1873
1277 998
1277 1873
998 1277
1668 690
1668 1880
1668 1880
1808 1705
1586 452
340 1705
1276 894
894 1276
1276 894
1286 989
1286 1875
4 1158
1838 1286
881 1158
881 1305
881 1376
1455 1705
338 1143
701 452
1881 992
992 577
992 868
992 868
840 216
840 1150
701 1668
1276 1276
1276 1668
1881 452
1368 1257
1368 1873
1286 2005
1277 1143
1277 1143
868 1668
1403 1158
1830 452
1973 1873
990 740
1286 1875
990 914
1873 1014
1873 1873
1873 228
510 1873
1392 1286
1158 868
868 452
998 1257
998 1873
998 1962
998 1997
584 1143
1286 452
1286 452
1997 998
1997 1257
1997 1873
1997 1962
1277 1143
998 1257
998 1873
998 1962
998 1997
1286 1668
1286 1668
1997 998
1997 1257
1997 1873
1997 1962
1277 1143
792 1888
1843 535
881 448
881 1158
881 1376
1668 1955
998 535
998 1843
629 452
629 452
1668 868
1668 1575
1668 1585
1575 868
1575 1585
1575 1668
1575 868
1575 1585
1575 1668
1585 1575
1668 840
840 1668
1973 1143
1379 1143
1286 1392
1830 452
1594 1376
1624 1624
1624 1624
1843 535
1843 998
1257 1257
998 535
998 1843
992 111
1997 535
1997 998
1997 1843
1843 535
1843 998
1843 1997
1500 998
345 1705
1873 932
1873 1873
1158 1830
992 868
1973 1873
1865 1705
992 868
701 452
701 1767
150 202
906 1705
998 1500
1973 1143
1500 998
1594 1376
998 1500
992 712
992 712
992 1668
992 1668
1500 998
1579 1143
1579 1521
1286 1875
1838 1286
1838 1286
1838 1286
1767 1500
1368 20
338 1143
338 1973
1873 1973
998 1500
1767 701
1973 1873
584 1873
584 1873
851 998
851 1500
701 1600
701 1668
1262 245
1873 851
1873 998
1873 1500
998 1143
1600 701
1286 1875
998 851
998 1500
998 1873
1586 851
1586 998
1586 1500
1586 1873
792 1888
1838 11
1838 11
1838 11
1838 63
1838 63
1838 63
1838 118
1838 118
1838 118
1838 154
1838 154
1838 154
1838 265
1838 265
1838 265
1838 418
1838 418
1838 418
1838 456
1838 456
1838 456
1838 464
1838 464
1838 464
1838 478
1838 478
1838 478
1838 510
1838 510
1838 510
1838 573
1838 573
1838 573
1838 689
1838 689
1838 689
1838 826
1838 826
1838 826
1838 903
1838 903
1838 903
1838 979
1838 979
1838 979
1838 998
1838 998
1838 998
1838 1080
1838 1080
1838 1080
1838 1099
1838 1099
1838 1099
1838 1190
1838 1190
1838 1190
1838 1240
1838 1240
1838 1240
1838 1257
1838 1257
1838 1257
1838 1322
1838 1322
1838 1322
1838 1368
1838 1368
1838 1368
1838 1429
1838 1429
1838 1429
1838 1509
1838 1509
1838 1509
1838 1509
1838 1509
1838 1509
1838 1575
1838 1575
1838 1575
1838 1585
1838 1585
1838 1585
1838 1628
1838 1628
1838 1628
1838 1668
1838 1668
1838 1668
1838 1669
1838 1669
1838 1669
1838 1717
1838 1717
1838 1717
1838 1750
1838 1750
1838 1750
1838 1791
1838 1791
1838 1791
1838 1844
1838 1844
1838 1844
1838 1873
1838 1873
1838 1873
1838 1877
1838 1877
1838 1877
1838 1962
1838 1962
1838 1962
1838 1962
1838 1962
1838 1962
1838 1986
1838 1986
1838 1986
1838 2000
1838 2000
1838 2000
701 1600
701 1767
0 452
1873 932
1873 1873
1962 998
1962 1257
1962 1873
1276 1668
1973 998
1973 1257
1973 1439
1973 1873
1873 851
1873 998
1873 1500
1873 1586
1668 897
1439 1973
1843 851
1843 998
1843 1500
1843 1586
1843 1873
1873 998
1873 1257
1873 1439
1873 1973
598 598
1257 1767
1767 1257
1997 998
1997 1143
1973 998
1973 1143
1973 1997
1379 1143
1579 1143
1579 1439
1668 1880
998 1143
998 1973
998 1997
1286 1434
1988 1988
1668 701
998 1257
998 1439
998 1873
998 1973
1286 1875
655 655
1439 998
1286 452
1286 452
1795 894
1668 712
1668 992
1624 1624
1624 1624
1624 1624
1668 701
1838 119
1838 154
1838 332
1838 418
1838 456
1838 464
1838 478
1838 555
1838 557
1838 573
1838 689
1838 826
1838 903
1838 998
1838 1010
1838 1079
1838 1119
1838 1240
1838 1257
1838 1277
1838 1322
1838 1429
1838 1509
1838 1522
1838 1575
1838 1585
1838 1668
1838 1669
1838 1791
1838 1877
1838 1918
1838 1962
1838 1986
1838 2005
1973 998
1973 1439
701 1668
1668 1585
1668 701
91 1143
91 1379
1997 998
1997 1143
1997 1973
914 990
1500 998
701 1668
1873 1199
1873 1873
1439 510
1627 0
1668 452
1668 452
1873 1973
678 1705
510 1439
452 1668
1668 452
1668 452
584 1143
882 546
1838 1585
1838 1668
1668 1838
882 546
222 1158
1585 998
1585 1257
1585 1873
1519 452
992 452
992 1955
1197 1143
1873 1439
1873 1119
1962 1898
1973 1873
584 1143
1873 1257
1873 1368
1843 851
1843 998
1843 1500
1843 1586
1843 1873
1873 1277
1873 1308
1997 1143
1277 1308
1277 1873
1577 91
1577 1143
1577 1379
68 277
1873 959
1873 998
1873 1257
1873 1750
1873 998
1873 1257
1873 1750
1873 346
998 1257
998 1750
998 1873
1286 1434
91 1143
91 1197
584 1143
1873 1973
1277 1143
1973 1873
1379 1143
1769 998
1769 1257
1769 1873
1769 1962
1322 1585
1322 1668
216 1898
216 1962
1257 584
1257 1143
584 1143
584 1257
346 1873
91 1143
91 1197
1873 1973
998 584
998 1143
998 1257
1973 1873
938 1143
1750 998
1750 1257
1750 1873
1379 1143
584 998
584 1143
584 1257
1986 1873
1418 1286
1418 1875
1873 1986
1158 1519
510 1873
510 1873
1875 1286
1439 998
1439 1257
1439 1873
1875 1286
1379 1143
1158 1519
1257 1143
510 1873
828 1873
722 1143
1257 851
1257 998
1257 1500
1257 1586
1257 1843
1257 1873
1418 1286
1418 1875
352 452
792 1888
1893 1143
1997 1898
992 1668
992 1668
828 510
998 1898
1238 1143
1893 1898
1893 1997
1838 1668
1500 1238
510 1893
510 1898
510 1997
362 1158
1668 1838
1682 245
1682 1833
792 1888
216 998
216 1898
1368 216
1368 998
1368 1898
2005 1286
792 1888
828 1873
1875 2005
998 1257
998 1873
998 1997
1158 868
1873 1166
1158 1576
277 1837
1268 535
1873 1166
1736 114
1230 510
1230 828
894 1276
1448 851
1448 1873
629 894
1276 894
128 1158
792 1888
216 535
216 1268
584 584
584 998
584 1143
584 1257
1668 897
1838 1668
1158 701
1617 1158
1838 202
1838 202
1838 202
1838 411
1838 411
1838 411
1838 418
1838 418
1838 418
1838 452
1838 452
1838 452
1838 464
1838 464
1838 464
1838 478
1838 478
1838 478
1838 538
1838 538
1838 538
1838 998
1838 998
1838 998
1838 1051
1838 1051
1838 1051
1838 1119
1838 1119
1838 1119
1838 1257
1838 1257
1838 1257
1838 1509
1838 1509
1838 1509
1838 1575
1838 1575
1838 1575
1838 1585
1838 1585
1838 1585
1838 1668
1838 1668
1838 1668
1838 1767
1838 1767
1838 1767
1838 1791
1838 1791
1838 1791
1838 1829
1838 1829
1838 1829
1838 1873
1838 1873
1838 1873
1838 1877
1838 1877
1838 1877
1838 1962
1838 1962
1838 1962
1838 1986
1838 1986
1838 1986
1705 1973
1873 1298
792 1888
1617 571
1617 1158
1624 1624
1624 1624
1624 1624
91 1143
91 1197
916 1158
688 546
1875 1286
604 1143
33 1143
402 1143
1875 1286
851 33
851 1143
1997 33
1997 851
1997 1143
851 1873
792 1888
1158 1574
2005 1875
1257 998
1257 1873
1257 1997
340 1705
1238 1143
251 0
955 894
942 216
942 840
942 1150
942 1997
362 1158
1875 1286
1627 0
1197 1997
1997 1197
1197 1143
942 216
942 1150
942 1941
792 1888
464 1873
497 1158
497 1705
497 546
497 1951
942 216
942 840
942 1424
1997 998
1997 1257
1997 1873
1290 1143
1290 1238
452 194
956 1951
1115 1951
1158 1668
792 1888
998 1997
1290 1143
1290 1197
1219 1219
1197 1143
792 1888
1997 1898
792 1888
251 0
792 1888
1257 1997
1379 1143
1997 1521
1997 1898
1379 1143
1585 1668
1290 1143
1290 1379
989 1286
1624 1624
1624 1624
1624 1624
1327 452
1327 452
1327 712
1327 712
1327 244
1327 357
1327 409
1327 452
1327 571
1327 896
1327 1069
1327 1157
1327 1586
1837 546
1705 510
1277 1379
1521 1898
1521 1997
1277 1379
1379 1143
792 1888
1197 1143
729 1668
91 1143
91 1379
402 1143
1176 1873
1594 1376
1290 1143
1290 1197
1910 1705
91 402
91 1143
959 1873
1197 1143
1880 690
1880 1668
1880 1668
1880 1668
740 990
1880 1668
1197 1143
33 1143
33 1197
989 1286
177 452
1668 729
760 479
760 546
760 807
760 1112
760 1837
1624 1624
1624 1624
1624 1624
1197 1143
1594 1376
620 894
942 216
942 840
942 1150
1290 91
1290 402
1290 1143
1668 1845
1668 1845
1665 1705
340 1705
1627 0
1290 1143
1290 1197
1440 1158
595 595
1024 1439
1024 1669
1024 1873
1290 1143
1290 1197
1257 1257
1624 1624
1624 1624
1624 1624
897 1376
1973 428
1158 1038
1120 546
1257 1767
1257 1873
1257 1767
1257 1873
1574 452
897 1376
941 1705
1277 1143
1668 1585
1627 0
1434 1286
1869 0
1845 452
1845 452
1845 1668
1845 1668
1434 1286
1956 452
1956 1951
163 1705
678 1705
1736 114
1220 1873
1525 1158
1391 1391
1036 79
1036 1158
1036 1194
1036 1305
1036 1376
1036 1443
1036 1980
1624 1624
1624 1624
1624 1624
1624 1624
1624 1624
1624 1624
1600 701
1600 1668
881 245
881 385
881 1158
881 1305
881 1376
881 1423
881 1905
1905 245
1905 245
1905 385
1905 385
1905 1158
1905 1158
1905 1305
1905 1305
1905 1376
1905 1376
1905 1423
1905 1423
837 1873
1156 1158
1163 277
1038 452
1038 452
1956 1873
1574 452
1931 1873
881 448
881 1158
881 1376
1727 1705
1873 1521
1873 1898
1873 1997
1368 1521
1368 1873
1368 1898
1368 1997
1873 20
1873 998
1373 1705
1873 1277
722 1143
722 1143
722 1143
1439 1143
452 759
1991 722
1991 1143
722 1143
1439 1143
1991 722
1991 1143
1991 722
1991 1143
1991 1143
1991 1439
701 1286
1439 1143
