729 1668
938 1143
271 604
271 938
271 1197
1197 604
1197 938
938 271
938 604
938 1197
510 510
510 510
510 510
510 510
510 510
510 510
510 1873
510 1143
736 1143
881 448
881 1158
881 1376
1197 604
1197 938
1245 1158
402 1143
410 1143
1197 604
1197 938
1197 1143
1197 402
1197 1143
1197 1143
1197 1143
938 402
938 1143
938 1197
736 1143
1197 1143
938 1143
938 1197
938 1143
938 1197
938 410
938 1143
868 452
452 868
452 690
992 1905
763 1158
690 452
868 452
1799 1158
868 452
938 1143
938 1197
868 712
868 1668
216 1143
712 868
712 868
1617 1158
1149 1439
1149 1832
452 55
452 55
452 55
452 55
452 55
244 328
244 409
244 452
244 1057
244 1586
244 1767
244 1905
244 1986
1439 1832
804 1158
1617 571
1617 1158
227 1158
362 1158
1197 1143
2026 452
1439 998
1439 1257
1439 1832
1439 1873
712 1955
712 1668
1618 452
154 1668
868 992
1998 0
1439 998
1439 1257
1439 1832
1439 1873
1997 998
1997 1257
1997 1873
1997 1962
868 712
1276 629
1276 1668
1276 2026
1439 1257
1439 1873
1997 998
1997 1257
1997 1873
1997 1962
1997 1973
456 1143
456 1973
584 1997
452 1075
1781 456
1781 1143
1781 1973
998 1143
1549 1668
362 1286
362 1376
362 1610
2026 452
1997 584
868 452
1668 154
362 1286
362 1376
362 1610
1257 584
1257 1873
1257 1997
510 1873
584 1898
1257 1873
1521 584
1521 1898
452 868
510 1873
868 452
510 598
598 510
452 868
998 20
998 1898
604 1143
343 1143
510 584
510 1521
510 1898
1873 1813
868 452
452 868
868 452
584 998
277 1628
1873 1496
452 868
1628 277
1973 998
1973 1257
1973 1873
1973 1962
1973 1997
1843 1143
1843 1197
1322 89
1322 89
1322 315
1322 315
1322 464
1322 464
1322 1509
1322 1509
1322 1668
1322 1668
1322 1791
1322 1791
1322 1873
1322 1873
277 1628
1843 1143
1843 1197
1873 1257
1843 998
1843 1143
452 1483
1873 510
1668 1322
1873 1496
136 1158
868 452
277 452
277 452
452 1483
452 277
452 277
584 11
584 11
584 11
584 119
584 119
584 119
584 154
584 154
584 154
584 164
584 164
584 164
584 277
584 277
584 277
584 433
584 433
584 433
584 456
584 456
584 456
584 478
584 478
584 478
584 510
584 510
584 510
584 555
584 555
584 555
584 557
584 557
584 557
584 573
584 573
584 573
584 826
584 826
584 826
584 903
584 903
584 903
584 998
584 998
584 998
584 1018
584 1018
584 1018
584 1119
584 1119
584 1119
584 1240
584 1240
584 1240
584 1257
584 1257
584 1257
584 1322
584 1322
584 1322
584 1368
584 1368
584 1368
584 1401
584 1401
584 1401
584 1429
584 1429
584 1429
584 1439
584 1439
584 1439
584 1575
584 1575
584 1575
584 1585
584 1585
584 1585
584 1618
584 1618
584 1618
584 1628
584 1628
584 1628
584 1668
584 1668
584 1668
584 1750
584 1750
584 1750
584 1766
584 1766
584 1766
584 1791
584 1791
584 1791
584 1838
584 1838
584 1838
584 1873
584 1873
584 1873
584 1877
584 1877
584 1877
584 1962
584 1962
584 1962
584 1986
584 1986
584 1986
584 2005
584 2005
584 2005
277 1668
277 1668
452 1483
998 584
998 584
998 584
452 1479
452 1747
452 1851
452 358
1838 584
1838 998
1838 1257
1838 1575
1838 1585
1838 1750
1838 1832
1838 1873
1838 1962
1997 1143
1997 1143
452 358
584 998
584 1257
584 1546
584 1585
584 1750
584 1838
584 1873
584 1962
1838 724
1838 998
1838 1257
1838 1750
1838 1873
1838 1962
1439 1257
1549 475
1549 854
1549 868
584 1873
701 452
894 1668
1873 1439
1873 1832
1257 1439
1257 1832
1257 1873
136 1158
1439 707
1873 311
1873 1683
1439 1873
1586 30
1586 30
1873 998
1873 1257
1873 1439
1873 1832
1873 103
1873 1257
1873 1439
1873 1832
86 1158
262 1158
1500 1143
1439 1873
802 1668
986 1376
1873 1586
1586 1873
1873 584
1873 1586
1439 1257
1873 1257
1873 1439
655 1143
1832 1873
986 546
1257 1439
1873 724
1873 998
1873 1257
1873 1750
1873 1838
1873 1962
1439 1257
1843 604
1843 1143
1843 655
1843 1143
1873 452
1873 452
1873 584
1873 584
1873 998
1873 998
1873 1257
1873 1257
1873 1546
1873 1546
1873 1585
1873 1585
1873 1750
1873 1750
1873 1838
1873 1838
1873 1962
1873 1962
992 1905
1197 1143
1624 1257
1624 1439
1624 1873
410 1873
1668 633
1368 998
1368 1257
1368 1873
1368 1962
1368 1997
1873 2001
1873 1987
1439 998
1439 1257
1439 1873
1873 1257
1873 1439
1873 1624
992 1867
701 452
1873 998
1873 1257
1873 1368
1873 1962
1873 1997
868 992
1873 998
1873 1257
1873 1439
452 1668
998 1257
998 1368
998 1873
998 1962
998 1997
1873 998
1873 1257
1873 1368
1873 1962
1873 1997
1668 452
1668 452
1036 79
1036 1158
1036 1194
1036 1305
1036 1376
1036 1443
1036 1980
1997 998
1997 1257
1997 1368
1997 1873
1997 1962
452 901
584 410
584 1873
1439 1873
452 1668
1668 452
1668 452
1439 1873
1439 1873
452 1668
690 452
1668 452
1668 452
1277 998
1277 1257
1277 1873
1277 1962
452 1668
690 452
1257 1439
1257 1873
690 452
1877 851
1877 998
1877 1586
1877 1673
1877 1873
1877 1973
1668 452
1668 452
992 868
1439 1257
452 1668
1368 13
1368 13
1368 23
1368 23
1368 24
1368 24
1368 46
1368 46
1368 119
1368 119
1368 164
1368 164
1368 202
1368 202
1368 216
1368 216
1368 265
1368 265
1368 271
1368 271
1368 305
1368 305
1368 328
1368 328
1368 409
1368 409
1368 411
1368 411
1368 418
1368 418
1368 452
1368 452
1368 456
1368 456
1368 464
1368 464
1368 510
1368 510
1368 557
1368 557
1368 584
1368 584
1368 640
1368 640
1368 689
1368 689
1368 793
1368 793
1368 816
1368 816
1368 851
1368 851
1368 889
1368 889
1368 979
1368 979
1368 998
1368 998
1368 1018
1368 1018
1368 1119
1368 1119
1368 1178
1368 1178
1368 1240
1368 1240
1368 1257
1368 1257
1368 1322
1368 1322
1368 1429
1368 1429
1368 1433
1368 1433
1368 1439
1368 1439
1368 1466
1368 1466
1368 1500
1368 1500
1368 1521
1368 1521
1368 1575
1368 1575
1368 1585
1368 1585
1368 1586
1368 1586
1368 1669
1368 1669
1368 1742
1368 1742
1368 1791
1368 1791
1368 1838
1368 1838
1368 1873
1368 1873
1368 1893
1368 1893
1368 1962
1368 1962
1368 1975
1368 1975
1368 1986
1368 1986
1668 633
1600 1668
1668 452
1668 452
1628 277
510 1873
1843 655
1843 1143
1668 1600
868 154
868 992
690 452
992 868
1843 1143
1843 1197
1277 998
1277 1257
1277 1873
1277 1962
452 1668
1893 1143
1838 1873
1383 1158
992 518
992 696
1290 1290
998 20
998 1898
998 851
998 1586
998 1873
998 1877
998 1949
998 1973
998 1257
998 1277
998 1873
998 1962
1257 349
1257 1873
1877 851
1877 998
1877 1586
1877 1673
1877 1873
1877 1973
1838 1873
1873 399
1813 1705
1873 1873
992 868
739 1705
343 1143
1812 452
1997 998
1997 1257
1997 1873
1997 1962
475 1668
1158 868
1549 475
1549 1668
1832 1257
1439 1257
868 992
1832 1873
584 1143
1439 1832
349 1257
1838 998
1838 998
1838 998
1832 998
1832 1257
1832 1439
1832 1873
1439 1832
1257 998
1257 1439
1257 1832
1257 1873
1439 1832
1873 1898
1873 998
1873 1257
1873 1439
1873 1832
1873 1439
1873 1832
1257 998
1257 1873
1257 1997
1257 92
1257 1838
1838 92
1838 1257
1439 1873
690 105
792 1888
1873 1439
1997 998
1997 1257
1997 1873
1873 998
1873 1257
1873 1277
1873 1962
1832 1873
1873 1832
1277 998
1277 1257
1277 1873
1277 1962
1439 1873
1439 1873
1873 399
1873 1873
452 901
1158 2026
1832 1439
2026 244
1750 1873
1750 1873
2026 452
690 452
1757 1158
1832 1439
690 452
1873 1680
1158 1618
792 1888
121 992
1873 998
1873 1257
1873 1997
1439 998
1439 1257
1439 1873
1257 1368
1997 1257
1997 1368
1997 1898
1351 2013
1197 1143
1439 1832
1351 2013
1439 1832
1624 1257
1624 1439
1624 1750
1624 1832
1624 1873
366 1158
222 1158
328 452
328 2026
1705 584
1705 1997
1832 1439
216 1898
216 1997
0 452
1197 1143
1368 216
1368 1898
1368 1997
2026 328
1832 1257
1832 1439
1832 1873
1997 1143
1997 1143
998 1143
998 1997
1257 998
1257 1873
1257 1962
1257 1997
210 210
1277 1143
1893 998
1893 1143
1893 1997
584 1143
1941 1150
1521 1150
1521 1941
1483 452
600 1951
1997 1150
1997 1521
1997 1941
1997 584
1997 1143
903 1143
1301 1286
1483 452
1873 998
1873 1143
1873 1893
1873 1997
540 1873
1750 1624
1483 452
1873 998
1873 1257
1873 1962
1873 1997
1439 1832
1257 998
1257 1873
1257 1962
1257 1997
0 1668
701 1668
868 452
1197 1143
1997 998
1997 1257
1997 1873
1997 1962
510 46
510 998
510 1873
510 1893
452 894
452 1286
452 894
452 894
452 1286
452 1286
1277 510
1277 998
1277 1143
1277 1873
1277 1893
1277 1997
992 1867
894 452
894 452
894 452
894 1286
894 1286
894 1286
452 894
1668 475
1668 1549
452 894
452 894
1668 868
1668 633
1668 633
1668 868
998 510
998 1143
998 1277
998 1873
998 1893
998 1997
894 452
894 452
894 452
452 894
452 894
1905 992
998 20
894 452
894 452
894 452
452 894
452 894
452 894
1668 729
938 1143
938 1197
1268 535
1268 1521
894 1600
729 1668
1668 1905
894 452
894 452
894 452
1668 712
1668 712
1668 868
1668 868
868 712
868 712
868 1668
868 1668
1941 942
1941 1150
1941 1521
510 1873
655 1143
2026 1429
1439 1832
1257 998
1257 1873
1257 1962
1257 1997
1668 2009
92 1873
998 1585
998 1750
998 1832
792 1888
998 176
998 1257
998 1873
998 1997
1973 20
1668 452
1668 452
998 1898
1585 998
1796 1700
452 1479
452 1747
0 1668
1286 894
1286 894
998 1585
1521 998
1521 1898
792 1888
1832 998
998 1521
998 1898
992 868
1668 633
452 1668
998 20
894 1286
1668 55
1668 55
1668 55
1668 55
1668 55
1668 55
1893 1143
1893 1500
1158 701
1668 55
1668 55
1668 55
1668 55
1668 55
1668 55
906 1705
1668 712
584 410
1277 998
1277 1257
584 1873
1277 1873
1277 1962
1158 1668
992 868
1668 1905
1277 1143
1158 901
1158 1668
1439 998
1439 1257
1439 1873
712 1668
1668 712
1158 690
340 546
712 1668
1158 690
1158 1668
1668 1880
1668 1955
754 267
1158 1668
1286 701
1941 942
1941 1150
1941 1521
1941 1941
584 20
410 1143
992 154
992 868
1668 25
456 1873
1158 1668
340 1705
2026 1954
1668 1905
736 552
736 627
736 1143
1158 1812
1579 1143
1579 1500
1579 1893
792 1888
736 736
736 736
736 736
736 736
1668 1585
1911 1873
1503 1503
1429 2026
1668 701
1911 1504
1808 1705
4 1158
1579 655
1579 1143
792 1888
1668 701
690 1286
701 1668
0 1254
0 1873
792 1888
690 1286
1158 1812
1668 1585
1368 1143
1368 1143
510 1368
510 1873
1036 79
1036 1158
1036 1194
1036 1305
1036 1376
1036 1443
1036 1980
1439 1143
1668 1585
1439 1873
1668 1585
584 1873
1439 1143
92 1838
1893 1143
1668 729
881 1158
881 1305
881 1376
881 1593
881 1905
1668 729
1624 1257
1624 1439
1624 1750
1624 1832
1624 1873
1286 1875
1277 998
1277 1257
1277 1873
1277 1962
881 1158
881 1305
881 1376
881 1593
881 1905
1257 1439
1257 1624
1257 1750
1257 1832
1257 1873
1998 0
998 1257
998 1277
998 1873
998 1962
729 1668
1277 1898
1668 729
2026 1429
1286 1668
998 1257
998 1277
998 1873
998 1898
998 1962
1439 1257
1750 1624
1962 689
1962 998
1962 1257
1962 1873
1668 633
1668 633
992 471
1286 1875
1668 1585
1158 690
1585 1668
1668 701
1668 1585
1158 901
1197 1143
729 1668
216 998
216 1257
216 1277
216 1873
216 1898
216 1962
345 1705
1158 328
1158 2026
1579 1143
1579 1439
1521 1277
1521 1898
1668 554
1668 729
11 464
11 1586
11 1791
11 1873
1504 1911
1873 11
1873 464
1873 1586
1873 1791
1941 942
1941 1150
1941 1521
1158 690
1873 294
1873 998
1873 1548
1158 425
1439 1143
1158 690
1941 942
1941 1150
1941 1521
584 1143
1257 998
1257 1873
1257 1962
1257 1997
425 452
452 1668
1257 1143
1257 1439
1257 1579
1158 425
452 1519
1500 1257
425 452
1020 1020
1668 452
1668 452
701 1668
1873 584
1873 832
1873 1257
1873 1257
1873 1439
1873 689
1873 998
1873 1257
1873 1962
1873 216
1873 998
1873 1257
1873 1277
1873 1898
1873 1962
986 546
510 1308
598 598
510 1308
1496 1873
986 1158
1832 1962
792 1888
1668 701
1668 701
1873 510
1873 1308
1600 894
868 1668
1455 1705
701 1668
510 1898
1668 868
1668 701
1668 701
1873 1143
1873 30
1873 30
1873 1143
1873 294
1873 998
1873 1548
1439 1873
1873 535
1873 1268
1873 1521
1500 1143
1791 30
1791 30
1791 1586
1791 1586
1276 36
1276 664
1276 873
1276 1023
1276 1620
584 1143
584 1997
1257 998
1257 1873
1257 1962
1257 1997
998 1143
1973 20
792 1888
1173 1804
1286 701
1286 1668
1941 942
1941 1150
1941 1521
1838 1873
1838 1873
584 1838
584 1873
1873 998
1873 1257
1873 1962
1873 1997
1832 584
1832 584
1873 584
1873 584
1873 1838
1873 1838
210 210
1668 701
1668 701
1668 1286
1668 1286
689 1832
689 1962
1600 1668
2001 1873
1600 894
1277 1143
894 1600
1257 1500
1668 701
1668 701
1668 1286
1668 1286
1873 349
31 1705
998 1143
1873 1817
1873 1873
1197 1143
1579 1257
1579 1500
1257 1898
894 1286
894 1286
1973 1898
688 1705
1286 452
1286 452
1719 1705
452 1519
1997 1898
792 1888
1759 961
1893 1898
1893 1962
1521 510
1521 1898
216 1257
216 1898
1197 1143
510 1521
510 1898
1440 1158
1286 430
1791 1873
1577 1500
1575 1257
1575 1750
1575 1873
1750 1575
1997 216
1997 1257
1997 1898
1873 1817
1873 1873
792 1888
1973 20
998 428
1286 1773
701 1668
701 1668
1905 1668
1813 1873
1439 1832
1873 1575
1873 1750
1873 1832
1873 1838
1873 1791
44 1143
1832 1873
1624 1624
1624 1624
1624 1624
1624 1624
0 1286
1197 1143
510 216
510 1257
510 1898
510 1997
452 1479
452 1502
1496 1873
340 1700
938 1143
452 1955
216 1898
216 1997
452 1191
1577 1143
998 1898
452 868
452 733
1873 216
1873 1898
1873 1997
452 277
1873 998
868 452
1791 418
1791 1767
1791 1873
410 1143
1585 1838
0 1286
584 1873
452 55
452 55
452 55
452 55
452 55
712 141
712 278
712 292
712 818
712 891
712 1478
712 1779
712 1905
1036 429
1036 1158
1036 1376
452 1286
452 1286
452 1286
452 1668
452 1668
452 1668
452 712
452 712
452 894
452 894
452 1286
452 1286
107 1143
894 452
894 452
894 452
894 712
894 712
894 712
894 1286
894 1286
894 1286
452 894
452 894
452 894
1873 418
1873 1767
1873 1791
894 452
894 452
894 452
998 1898
1973 998
1973 1257
1973 1873
452 894
452 894
452 894
1873 328
1873 1767
894 452
894 452
1973 20
998 1521
998 1898
452 894
452 894
452 894
1873 998
1873 1257
1873 1973
510 998
510 1521
510 1898
1973 998
1973 1257
1973 1873
1865 1705
358 452
792 1888
1832 202
1832 998
1832 1257
1832 1873
1873 1680
358 452
1286 452
1286 452
1286 452
1286 1668
1286 1668
1286 1668
1439 998
1439 1257
1439 1873
1036 79
1036 1158
1036 1194
1036 1305
1036 1376
1036 1443
1036 1980
584 1143
1767 152
1767 439
1767 1873
358 452
1286 894
1286 894
128 1158
1867 992
1197 1143
894 1286
894 1286
1873 1192
1873 1873
33 1143
33 1197
1257 1523
1257 1873
894 1875
1873 998
1873 1257
1873 1973
1668 154
1668 629
1668 1276
1668 2026
1668 1585
1873 998
1873 1257
1873 1439
510 1832
1108 1873
1276 154
1276 629
1276 1668
1276 2026
2026 1276
1668 1276
2026 1668
1439 1873
510 998
510 1873
986 1158
1668 2026
1219 1219
340 1705
2026 1668
1276 1668
1668 1585
352 452
1286 1208
1873 1257
1873 152
1873 439
1873 1767
1893 1143
1477 1705
1873 1439
510 216
510 1873
510 1898
510 1997
216 510
216 1873
216 1898
216 1997
1873 1257
1873 1523
510 216
510 1873
510 1898
510 1997
584 1143
1257 1143
1873 510
1668 452
1257 349
1722 1873
1683 311
1683 1873
629 1276
1781 44
655 1143
1781 1143
1987 1873
832 1257
832 1873
1197 33
1197 1143
1875 1286
311 1683
311 1873
328 1767
328 1873
621 621
510 1873
1832 510
349 1257
1417 40
1832 1439
998 1257
998 1873
998 1997
277 452
277 452
1873 176
1873 998
1873 1257
1873 1997
1873 998
1873 1257
1873 1997
998 1257
998 1873
998 1997
1257 1898
1439 1873
216 1257
1976 1705
510 216
510 1257
1781 33
1781 1143
1781 1197
998 1143
1368 1898
452 1668
1832 998
1832 1439
1832 1873
33 1143
33 1197
33 1781
998 428
584 998
633 1668
792 1888
44 33
44 1143
44 1197
44 1781
1521 1368
1521 1898
998 1368
998 1521
998 1898
832 1873
1781 1143
1781 1439
533 1873
1873 20
1368 998
1368 1521
1368 1898
1257 1873
340 1668
340 1668
105 690
1257 1873
792 1888
340 1668
340 1668
792 1888
998 1898
1197 1143
1873 365
1873 1257
1873 1873
633 1668
1873 998
1873 1439
1873 1832
881 448
881 1158
881 1376
1521 1898
1521 1973
1257 1257
733 452
1197 1143
1873 152
1873 439
1873 1767
1621 1705
1781 1143
1781 1197
1873 512
1680 1873
24 1898
1873 24
1873 1898
1973 1521
792 1888
1873 602
1873 1130
792 1888
881 245
881 245
881 245
881 1158
881 1158
881 1158
881 1305
881 1305
881 1305
881 1376
881 1376
881 1376
881 1951
881 1951
881 1951
617 1700
340 1700
1875 1090
1519 452
1680 1873
998 20
998 1898
792 1888
1519 452
497 245
497 1705
497 1951
497 1700
497 546
497 1158
1838 584
1838 584
1838 1873
1838 1873
1773 1286
452 1519
452 1519
584 1873
1624 1624
1624 1624
1624 1624
1624 1624
1197 1143
997 1158
1773 1286
901 894
901 894
901 1158
901 1158
792 1888
992 471
452 546
792 1888
1832 349
1832 1753
1832 1873
1523 1257
1523 1873
1781 1143
1781 1197
962 70
452 712
452 894
452 1286
1875 1618
452 1479
452 1747
942 1150
942 1521
942 1941
1832 103
1832 1257
1832 1753
1832 1873
1838 202
1838 202
1838 202
1838 411
1838 411
1838 411
1838 418
1838 418
1838 418
1838 452
1838 452
1838 452
1838 464
1838 464
1838 464
1838 510
1838 510
1838 510
1838 538
1838 538
1838 538
1838 866
1838 866
1838 866
1838 998
1838 998
1838 998
1838 1051
1838 1051
1838 1051
1838 1119
1838 1119
1838 1119
1838 1257
1838 1257
1838 1257
1838 1322
1838 1322
1838 1322
1838 1409
1838 1409
1838 1409
1838 1509
1838 1509
1838 1509
1838 1575
1838 1575
1838 1575
1838 1585
1838 1585
1838 1585
1838 1767
1838 1767
1838 1767
1838 1791
1838 1791
1838 1791
1838 1829
1838 1829
1838 1829
1838 1873
1838 1873
1838 1873
1838 1877
1838 1877
1838 1877
1838 1962
1838 1962
1838 1962
1327 452
1327 452
1327 712
1327 712
1327 244
1327 357
1327 409
1327 452
1327 571
1327 896
1327 1069
1327 1157
1327 1586
901 452
901 452
1439 1257
1523 1257
1624 1624
1624 1624
1624 1624
1624 1624
997 452
1197 1143
633 1668
792 1888
1668 1880
1668 1158
955 894
358 452
1781 1143
1781 1197
340 1705
174 452
349 1832
1796 1700
650 245
1873 510
1873 862
1873 998
1873 1997
1781 584
1781 1143
792 1888
792 1888
792 1888
1997 1143
248 452
942 1150
942 1521
942 1941
584 1143
1115 1951
294 998
294 1277
294 1873
942 1150
942 1521
942 1941
1873 349
1873 1832
1873 998
1873 1257
1873 1753
1873 1832
1781 655
1781 1143
942 1150
942 1521
942 1941
942 1150
942 1521
942 1941
512 1873
1711 0
1711 962
1711 1698
1711 1945
1439 1781
294 998
294 1277
294 1873
992 471
280 1873
566 0
1869 1869
1859 1158
832 1257
832 1873
1624 1624
1624 1624
1624 1624
1624 1624
340 1700
340 1705
862 510
862 998
862 1705
862 1997
1191 452
1191 1880
633 1668
633 1668
1191 452
1191 1880
1036 429
1036 1158
1036 1376
1880 452
1880 1191
862 510
862 998
862 1705
862 1997
349 1873
1624 1624
1624 1624
1624 1624
1624 1624
862 998
862 1705
862 1997
862 1705
619 1046
619 1767
619 1873
1627 0
177 452
474 0
474 391
474 962
474 1938
328 1257
328 1767
328 1873
328 1257
328 1767
328 1873
1391 1391
1705 1927
1624 1624
1624 1624
1624 1624
1624 1624
1036 429
1036 1158
1036 1376
619 1046
619 1767
619 1873
862 851
862 998
862 1705
862 1997
837 1873
1624 1624
1624 1624
1624 1624
1624 1624
998 428
1156 1158
132 1705
274 274
1664 1664
1880 1376
1880 1376
410 1143
1727 1705
410 1143
1197 1143
1373 1705
1208 1286
