0 1668
1257 1048
1379 1143
1036 448
1036 1158
1036 1376
1036 1772
1277 1143
1893 1143
1277 1143
1873 150
1873 349
1873 1257
1873 1750
1893 1143
1991 1143
1991 1277
851 1143
851 1277
1991 1143
1991 1893
1277 1143
1893 1143
1585 150
1585 1257
1585 1750
1585 1873
1991 1143
1991 1277
1277 1143
1893 1143
1873 534
1873 1257
1873 150
1873 1257
1873 1585
1873 1750
1277 1143
1991 1143
1991 1893
1893 1143
1439 1873
1893 1143
1277 1143
1277 1143
1873 150
1873 349
1873 1257
1873 1750
1439 998
1439 1257
1439 1873
1439 1257
1439 1873
1873 998
1873 1257
1873 1439
1873 150
1873 349
1873 1257
1873 1750
1873 1585
1873 1257
1873 1439
1500 1277
1585 1873
1873 1257
1873 1439
1197 851
1379 1143
1585 1873
1277 1143
1991 1143
1991 1277
1439 1873
1277 1143
851 1143
851 1277
1277 1143
1439 1873
1873 1585
1873 1986
1873 1873
1991 1143
1991 1277
1893 1143
1893 1143
1277 1143
1893 1143
1986 1873
1991 1143
1991 1893
1245 1158
1277 1143
1991 1143
1991 1277
464 1873
1277 1143
1893 1143
1991 1143
1991 1277
1277 1143
1893 1143
150 349
150 794
150 1750
150 1873
1277 1143
1893 1143
1277 1143
1277 1143
1277 1143
1991 1991
1873 1439
1277 1873
1277 1873
1257 1277
11 464
11 1178
11 1791
11 1873
11 510
11 1873
349 150
349 1257
349 1750
349 1873
1730 464
1730 1119
1730 1767
1730 1791
1730 1873
1730 1973
1730 1986
736 552
736 627
736 1143
736 736
736 736
1379 1143
1379 1143
510 11
33 1143
1238 1143
1808 1705
1257 1767
1257 1791
1257 1873
1705 464
1257 349
1705 1925
1752 1705
1752 1910
510 1257
510 1873
1277 1143
1257 1842
1197 1143
1277 1143
1257 510
1197 1143
1257 20
534 1257
1276 452
345 1705
1257 20
1197 1143
1257 1143
1579 1143
1579 1197
349 1257
1513 1705
411 1716
1036 79
1036 1158
1036 1376
1036 1443
1257 998
1257 1873
1257 1997
690 452
452 690
1842 1257
1716 452
1716 1562
1873 349
1873 1257
1119 1873
497 1158
497 1705
604 1143
1579 604
1579 1143
1873 1585
1873 1119
1585 1873
1119 1873
1036 79
1036 1158
1036 1376
1036 1443
1036 79
1036 1158
1036 1376
1036 1443
349 1257
349 1873
1579 1143
1579 1238
736 1736
1277 736
736 1277
1257 1143
1257 349
1379 1143
1379 1143
1379 1143
1499 1237
1796 1700
1736 114
1156 1158
1931 1873
792 1888
163 1705
792 1888
538 1873
1727 1705
792 1888
222 1158
1373 1705
1197 1143
1796 1700
792 1888
792 1888
1991 1143
1379 1143
1379 1143
510 510
510 510
510 510
510 510
510 510
510 510
510 1143
1439 1257
510 1873
452 690
1379 1143
1245 1158
1237 894
690 452
1873 1257
1873 1439
1036 448
1036 1158
1036 1376
736 1143
1197 1143
1439 1873
1439 1873
1439 1873
1379 1143
1439 998
1439 1257
1439 1873
1197 1143
1197 1991
227 1158
736 1143
1962 1257
1962 1585
763 1158
792 1888
452 1947
1799 1158
1973 1873
1873 1179
1873 1873
1197 1143
91 1143
998 1257
1873 1119
894 1237
894 1524
33 1197
452 690
792 1888
712 1286
712 1286
1997 33
1997 1197
452 1947
712 1286
1873 1817
1873 1873
1873 283
475 1286
804 1158
475 690
1119 1873
1873 998
1873 1257
1873 1439
690 475
475 690
690 452
690 475
475 690
736 1143
690 475
1668 701
1893 1143
1277 1750
736 1143
1439 1873
1668 701
1286 475
604 1143
475 1286
1668 55
1668 55
1668 55
1668 55
1668 55
1286 712
1286 712
1769 21
1769 1962
1962 21
1962 1769
1257 1873
1873 1910
712 1286
1286 712
1549 690
464 1178
464 1791
464 1873
33 1143
1286 712
1286 712
510 1873
1585 1962
510 1873
510 1873
510 1873
510 1873
510 1873
510 1873
1997 1257
1997 1873
1873 202
1873 328
1873 349
1873 361
1873 411
1873 1585
1873 1767
1873 1986
1379 1143
1893 1143
1257 1997
584 1143
1791 464
1791 1178
1791 1873
1843 584
1843 1143
510 1873
464 1178
464 1791
464 1873
690 1549
277 1628
1873 349
1873 1257
1873 1962
478 411
478 418
478 793
478 851
478 998
478 1586
478 1766
478 1873
478 1910
478 1986
1178 464
1178 1791
1178 1873
1668 1875
1668 1875
1286 1875
1873 510
1873 1368
1549 690
1962 410
1962 1257
1962 1873
1873 584
1873 1439
1873 410
1873 1277
1668 701
1668 712
701 712
701 1668
701 712
701 1668
1668 793
1873 410
1873 1257
1873 1962
1286 1875
1873 375
452 690
690 1549
1668 1585
1549 690
475 690
475 1549
1238 1143
1277 1143
1668 1585
1873 1873
1873 1873
1668 1119
1997 1143
1997 1277
1668 1668
1881 1873
1277 1143
1668 1119
1668 1668
1873 283
244 328
244 409
244 452
244 1057
244 1586
244 1767
244 1905
244 1986
1668 55
1668 55
1668 55
1668 55
1668 55
690 475
584 410
584 1257
584 1873
584 1962
510 1368
510 1873
1986 1873
1286 989
1439 998
1439 1257
1439 1873
1668 1905
1277 1257
1277 1873
1277 1997
1439 998
1439 1257
1439 1873
792 1888
868 55
868 55
868 55
868 55
868 55
868 55
277 899
1286 2005
1668 629
793 37
793 1668
1277 1143
262 1158
0 1259
0 1668
729 1668
1668 729
86 1158
729 1668
1843 1143
1843 1238
1812 1668
1812 1668
986 1158
410 613
410 1873
792 1888
1668 154
202 1873
792 1888
1277 1750
1257 1873
1439 998
1439 1257
1439 1873
992 868
992 1668
992 1668
1668 992
1379 1143
1238 1143
1439 998
1439 1257
1439 1873
1873 1585
1277 1257
1277 1873
1277 1997
1757 1158
1873 998
1873 1257
1873 1439
1873 1257
1873 1277
1873 1997
1873 1986
1439 1873
1873 1439
1873 998
1873 1257
1873 1439
1873 998
1873 1257
1873 1439
992 1668
992 1668
1257 1439
1257 1873
136 1158
452 894
452 894
1439 998
1439 1257
1439 1873
1585 1873
1873 1361
1668 452
1668 452
1439 1257
894 1543
1439 1873
452 55
452 55
452 55
452 55
452 55
452 55
1873 1257
1873 1439
510 1439
510 1873
1439 1873
361 1767
361 1873
464 1873
37 1668
1843 1143
1843 1277
1873 1986
1439 1873
1286 2005
1668 1618
1812 452
1812 1618
1812 1668
1618 1668
1873 464
1873 1585
1873 1929
1873 456
154 1668
456 1873
1873 1277
1873 1750
1873 456
136 1158
1668 701
1668 712
1379 1143
1197 33
1197 1997
456 1873
1286 1668
1286 1668
1286 1875
1286 1875
792 1888
894 1668
1197 1143
1577 1143
1577 1379
411 361
411 1767
411 1873
1277 1750
1277 1873
1767 411
690 1668
510 20
1873 411
1873 1767
411 1767
411 1873
739 1705
1368 13
1368 13
1368 23
1368 23
1368 24
1368 24
1368 46
1368 46
1368 119
1368 119
1368 164
1368 164
1368 202
1368 202
1368 216
1368 216
1368 265
1368 265
1368 271
1368 271
1368 305
1368 305
1368 328
1368 328
1368 409
1368 409
1368 411
1368 411
1368 418
1368 418
1368 452
1368 452
1368 456
1368 456
1368 464
1368 464
1368 510
1368 510
1368 557
1368 557
1368 584
1368 584
1368 640
1368 640
1368 689
1368 689
1368 793
1368 793
1368 816
1368 816
1368 851
1368 851
1368 889
1368 889
1368 979
1368 979
1368 998
1368 998
1368 1018
1368 1018
1368 1119
1368 1119
1368 1178
1368 1178
1368 1240
1368 1240
1368 1257
1368 1257
1368 1322
1368 1322
1368 1429
1368 1429
1368 1433
1368 1433
1368 1439
1368 1439
1368 1466
1368 1466
1368 1500
1368 1500
1368 1521
1368 1521
1368 1575
1368 1575
1368 1585
1368 1585
1368 1586
1368 1586
1368 1669
1368 1669
1368 1742
1368 1742
1368 1791
1368 1791
1368 1838
1368 1838
1368 1873
1368 1873
1368 1893
1368 1893
1368 1962
1368 1962
1368 1975
1368 1975
1368 1986
1368 1986
464 1873
1997 20
1997 510
1036 79
1036 1158
1036 1305
1036 1376
1036 1980
1277 1898
1036 79
1036 1158
1036 1305
1036 1376
1036 1980
1286 989
1286 1434
1277 20
1277 510
1277 1997
1290 1290
1257 998
1257 1873
1257 1962
1257 1997
1286 1668
1286 1668
1276 1668
1276 1668
1982 1158
840 1150
1521 1277
1521 1898
1838 689
998 1257
998 1873
998 1962
998 1997
1276 452
1521 840
1521 1150
1668 690
1668 1875
1668 1875
1276 452
452 1276
1997 840
1997 840
1997 1150
1997 1150
1997 1257
1997 1257
1997 1521
1997 1521
1997 1873
1997 1873
1276 452
1509 452
792 1888
998 1257
998 1873
998 1962
998 1997
1257 998
1257 1873
1257 1962
1257 1997
792 1888
998 1257
998 1873
998 1962
998 1997
475 690
158 574
998 1873
1257 1898
283 1873
1585 1277
712 150
478 150
478 1585
584 1898
1585 478
1197 1143
1327 712
1327 1286
216 1257
216 1898
510 216
510 1257
510 1898
1286 1286
1286 1286
1197 1143
1257 1585
1257 1873
1158 1689
1585 1257
1257 1585
375 1705
792 1888
1585 1257
1514 277
2027 452
2027 452
1301 1286
2027 452
349 1257
349 1705
1036 448
1036 1158
1036 1376
1158 1689
1873 1143
1238 1143
792 1888
1875 1286
736 33
736 1143
1875 1286
1973 20
998 1257
998 1873
475 690
0 452
375 1873
1379 1143
1286 452
1286 452
1873 1910
33 1143
410 1521
410 1898
1521 410
1521 1898
1719 245
1986 411
1986 418
1986 793
1986 851
1986 1178
1986 1586
1986 1791
1986 1873
1439 998
1439 1257
1439 1873
1791 411
1791 418
1791 793
1791 851
1791 1178
1791 1586
1791 1873
1791 1986
1257 998
1257 1439
1257 1873
1668 701
1197 1143
701 1668
1668 701
1668 1585
1668 1838
701 1668
1668 701
154 452
154 1276
998 851
998 1586
998 1873
1163 277
510 998
510 1873
1873 510
1873 689
1873 1838
1585 1873
729 1668
1873 20
1668 729
349 1873
1277 20
1277 1873
1873 1585
1873 283
154 452
154 1276
1873 851
1873 998
1873 1586
1439 1277
1962 20
1962 1873
1991 1143
1991 1197
851 998
851 1586
851 1873
868 1628
868 1668
689 1838
689 1873
1668 868
1668 1628
998 1277
998 1439
1973 1873
736 1143
1286 452
452 894
452 894
452 1286
452 1286
1268 173
1268 998
1268 1080
1268 1277
1668 980
894 452
894 452
894 452
1286 894
894 1286
894 1286
894 1286
510 1257
510 1873
1268 998
1268 1500
1268 1521
1268 1873
1873 283
1158 2027
1873 162
1036 79
0 452
1036 1158
1036 1305
1036 1376
1036 1443
1036 1980
1873 510
1873 1257
1158 1276
510 1257
510 1873
1158 2027
1873 162
1873 283
410 510
410 1257
410 1873
690 452
1998 0
1257 1143
1873 840
1873 840
1873 1150
1873 1150
1873 1257
1873 1257
1873 1521
1873 1521
1873 1997
1873 1997
1268 998
1268 1268
1268 1500
1268 1521
1268 1873
1311 1668
690 452
1158 2027
894 1668
690 452
2005 1286
1873 998
1873 464
510 1873
1668 894
1668 894
998 1873
431 1376
584 1143
452 690
894 1921
1158 894
690 452
1873 456
1668 475
456 1873
1873 283
736 1143
584 1143
690 452
1873 998
1873 1277
1873 1585
736 552
736 627
736 1143
1873 560
33 1898
2005 1286
456 1873
736 736
736 736
736 736
736 736
475 1668
1730 464
1730 1585
1730 1767
1730 1791
1730 1873
1730 1986
1873 851
1873 998
1873 1586
410 510
410 1257
410 1873
1668 475
510 147
510 625
510 1257
510 1873
1585 998
1873 1973
1769 30
1769 30
1873 456
1973 1873
510 851
510 998
510 1586
510 1873
410 1585
584 1143
1585 1730
1796 1700
894 1668
894 1668
1873 410
1873 510
1873 1257
1873 1769
1769 1873
411 1769
411 1873
464 1873
1873 283
1585 410
1439 1353
2008 1951
1873 746
1439 998
1439 1257
1439 1873
1873 1353
1873 1439
1120 546
1873 1585
1808 1705
4 1158
1585 1873
1585 452
1585 452
712 1585
1838 63
1838 63
1838 119
1838 119
1838 332
1838 332
1838 418
1838 418
1838 456
1838 456
1838 464
1838 464
1838 478
1838 478
1838 555
1838 555
1838 557
1838 557
1838 573
1838 573
1838 689
1838 689
1838 826
1838 826
1838 903
1838 903
1838 998
1838 998
1838 1010
1838 1010
1838 1079
1838 1079
1838 1119
1838 1119
1838 1240
1838 1240
1838 1257
1838 1257
1838 1277
1838 1277
1838 1322
1838 1322
1838 1429
1838 1429
1838 1509
1838 1509
1838 1522
1838 1522
1838 1575
1838 1575
1838 1585
1838 1585
1838 1669
1838 1669
1838 1791
1838 1791
1838 1877
1838 1877
1838 1918
1838 1918
1838 1962
1838 1962
1585 712
1843 1143
1843 1197
584 1143
1769 1767
1769 1873
452 1585
1108 1873
1973 998
1973 1257
1973 1873
998 1257
998 1873
998 1973
998 152
998 731
998 823
998 1257
998 1873
998 1986
584 1143
840 1150
840 1150
840 1257
840 1257
840 1521
840 1521
840 1873
840 1873
840 1997
840 1997
2005 1286
712 1585
998 147
998 510
998 625
998 1257
998 1873
998 1873
998 1973
1585 464
1585 1257
1585 1791
1585 1873
1875 1286
1875 1286
1973 998
1973 1873
1875 2005
1875 1668
1875 2005
1986 152
1986 731
1986 851
1986 998
1986 1257
1986 1767
1986 1873
1450 1158
1158 1276
345 1705
1439 410
410 510
410 1257
410 1873
1158 1276
1158 18
1873 840
1873 840
1873 942
1873 942
1873 1257
1873 1257
1873 1997
1873 1997
1439 1257
1439 1873
1873 410
1873 510
1873 1257
0 452
1838 11
1838 11
1838 11
1838 63
1838 63
1838 63
1838 119
1838 119
1838 119
1838 154
1838 154
1838 154
1838 164
1838 164
1838 164
1838 265
1838 265
1838 265
1838 315
1838 315
1838 315
1838 418
1838 418
1838 418
1838 456
1838 456
1838 456
1838 464
1838 464
1838 464
1838 555
1838 555
1838 555
1838 557
1838 557
1838 557
1838 640
1838 640
1838 640
1838 689
1838 689
1838 689
1838 903
1838 903
1838 903
1838 998
1838 998
1838 998
1838 1010
1838 1010
1838 1010
1838 1072
1838 1072
1838 1072
1838 1080
1838 1080
1838 1080
1838 1119
1838 1119
1838 1119
1838 1190
1838 1190
1838 1190
1838 1213
1838 1213
1838 1213
1838 1240
1838 1240
1838 1240
1838 1277
1838 1277
1838 1277
1838 1286
1838 1286
1838 1286
1838 1322
1838 1322
1838 1322
1838 1429
1838 1429
1838 1429
1838 1485
1838 1485
1838 1485
1838 1509
1838 1509
1838 1509
1838 1575
1838 1575
1838 1575
1838 1585
1838 1585
1838 1585
1838 1662
1838 1662
1838 1662
1838 1668
1838 1668
1838 1668
1838 1750
1838 1750
1838 1750
1838 1844
1838 1844
1838 1844
1838 1875
1838 1875
1838 1875
1838 1986
1838 1986
1838 1986
1838 2005
1838 2005
1838 2005
840 1150
998 152
998 851
998 1257
998 1637
998 1739
998 1873
998 1986
411 452
411 1716
1368 1898
1947 452
1873 152
1873 731
1873 851
1873 998
1873 1257
1873 1767
1873 1986
510 410
510 1257
510 1873
1873 283
410 1143
0 277
1997 410
1997 1439
1257 152
1257 731
1257 851
1257 998
1257 1767
1257 1873
1257 1986
1875 1838
1873 1767
1873 1769
1238 1143
216 840
216 1150
1973 410
1973 1898
1873 1986
520 510
520 1873
1439 1997
1873 1439
1873 1997
456 1873
1439 1873
998 1439
998 1997
1290 1143
1290 1238
1521 410
1521 1143
840 942
840 1150
456 1873
1873 1767
1873 1986
1873 632
1873 1148
632 1148
632 1873
1973 410
1973 1898
222 1158
986 546
1379 1143
464 305
464 411
464 1769
464 1791
464 1873
1521 410
1521 1898
1521 1973
1947 452
1769 305
1769 411
1769 464
1769 1791
1769 1873
998 20
520 1873
1997 840
1997 942
1997 1150
1221 1376
998 20
584 998
584 1257
510 1873
792 1888
510 1873
1988 1988
736 1143
1947 452
1689 1158
998 584
1439 1143
598 598
411 1767
411 1769
411 1873
736 1143
1668 1877
1791 305
1791 411
1791 464
1791 1769
1791 1873
792 1888
1791 1585
1791 1730
655 655
1439 998
216 1368
216 1898
1921 894
1947 452
902 736
902 1143
1368 216
1368 1898
1873 510
510 1873
1594 1376
1873 584
1873 998
1197 1143
1873 584
1873 998
1705 361
1705 411
1705 1767
1439 520
1439 1873
520 1439
584 1898
1277 1143
1158 1955
283 1873
584 1898
91 1143
1036 79
1036 1158
1036 1376
1036 1443
906 1705
1290 1143
1290 1197
584 1143
1439 1257
1439 1873
1439 520
1873 1199
1873 1873
1873 832
980 1668
520 1439
1221 1376
1521 584
1521 1898
1893 584
1893 1521
1893 1898
283 1873
1997 1143
1689 452
1812 452
1439 1997
1931 1873
456 1873
1893 584
1893 1521
1893 1898
343 584
343 1143
1873 584
1873 1521
1873 1893
1873 1898
1158 1336
1873 1585
1158 894
1158 1286
1873 468
452 1812
997 452
162 1873
283 1873
1257 1873
1873 875
1158 776
510 150
510 712
1873 202
1873 349
1873 1585
1873 456
1585 510
1585 1257
1585 1873
1812 452
792 1888
792 1888
1158 690
1579 91
1579 1143
1158 690
1585 584
1158 690
283 1873
1257 584
1257 1585
0 452
283 1873
2006 1873
1158 690
712 1779
712 292
712 1478
712 818
712 278
712 141
712 1905
712 891
712 194
712 204
1158 1969
1585 1750
1215 546
584 1585
1257 584
1257 1585
338 1143
1873 1257
1873 1585
1158 690
1873 875
712 1779
510 1873
902 1143
894 131
894 1993
352 452
1716 411
1873 1166
1873 510
613 410
613 1873
712 204
1668 1585
1668 1838
1197 1143
712 204
510 1873
1158 1585
1534 1237
584 1873
1439 998
1439 1257
1439 1873
292 712
1197 1143
1379 1143
1585 1873
1439 1873
704 1158
1379 1143
510 464
510 1791
998 1257
998 1439
998 1585
998 1873
1668 2026
1585 998
1705 998
1705 1973
1705 510
998 289
998 410
998 816
998 1010
998 1277
998 1873
989 1286
1277 289
1277 410
1277 816
1277 998
1277 1010
1277 1873
1513 1705
1277 289
1277 410
1277 816
1277 998
1277 1010
1277 1873
452 141
998 1585
998 625
1257 1585
128 1158
283 1873
510 1873
1276 452
881 245
881 245
881 385
881 385
881 1158
881 1158
881 1305
881 1305
881 1376
881 1376
881 1905
881 1905
1219 1219
1875 1838
1875 1838
1197 1143
621 621
222 1158
736 1143
589 894
736 1143
1585 998
1585 1257
1585 1873
1434 989
1434 1286
1877 1668
1257 1873
1668 1877
1838 202
1838 202
1838 202
1838 411
1838 411
1838 411
1838 418
1838 418
1838 418
1838 452
1838 452
1838 452
1838 464
1838 464
1838 464
1838 478
1838 478
1838 478
1838 538
1838 538
1838 538
1838 998
1838 998
1838 998
1838 1051
1838 1051
1838 1051
1838 1119
1838 1119
1838 1119
1838 1257
1838 1257
1838 1257
1838 1509
1838 1509
1838 1509
1838 1575
1838 1575
1838 1575
1838 1585
1838 1585
1838 1585
1838 1668
1838 1668
1838 1668
1838 1767
1838 1767
1838 1767
1838 1791
1838 1791
1838 1791
1838 1829
1838 1829
1838 1829
1838 1873
1838 1873
1838 1873
1838 1877
1838 1877
1838 1877
1838 1962
1838 1962
1838 1962
1838 1986
1838 1986
1838 1986
1877 1668
1668 1838
1334 0
792 1888
411 1277
1668 219
992 868
1890 1873
736 1143
1434 989
1434 1286
1594 1376
1338 245
1338 452
1338 546
1338 1951
1010 411
1594 1376
816 1010
1877 23
1877 23
1877 202
1877 202
1877 305
1877 305
1877 328
1877 328
1877 409
1877 409
1877 411
1877 411
1877 418
1877 418
1877 452
1877 452
1877 464
1877 464
1877 793
1877 793
1877 816
1877 816
1877 851
1877 851
1877 1178
1877 1178
1877 1585
1877 1585
1877 1586
1877 1586
1877 1767
1877 1767
1877 1769
1877 1769
1877 1791
1877 1791
1877 1873
1877 1873
1877 1986
1877 1986
792 1888
1268 535
1509 510
1969 452
510 1509
1779 712
1163 277
1049 428
1624 1624
1624 1624
1624 1624
1624 1624
1893 1143
736 1143
497 1705
497 1158
497 1951
497 546
1257 202
1257 349
1257 1585
1257 1750
1257 1767
1257 1873
1257 1986
97 726
510 1873
456 1873
832 1873
1991 736
1991 1143
1624 1624
1624 1624
1624 1624
1624 1624
411 456
1873 998
1873 1585
1439 1873
1197 1143
1873 510
141 712
1991 1143
1991 1197
141 1158
141 1276
1873 411
1873 456
1873 1439
1439 344
1379 736
1379 1143
1750 1585
998 1873
1379 1143
1750 1585
1197 1143
1973 1898
1873 1929
1991 1143
1991 1238
1327 452
1327 452
1327 712
1327 712
1327 244
1327 357
1327 409
1327 452
1327 571
1327 896
1327 1069
1327 1157
1327 1586
1624 1624
1624 1624
1624 1624
1893 1143
1893 1143
1594 1376
792 1888
792 1888
1379 1143
980 1668
202 1257
625 147
625 510
625 1257
625 1873
1991 1143
1991 1893
792 1888
792 1888
1504 1439
1504 1873
1353 1504
251 0
792 1888
1521 1898
1521 1973
452 901
1640 1376
1893 1143
1705 103
1705 619
1705 731
1705 851
1705 1767
1705 1986
1640 1376
1627 0
1197 1143
942 840
942 840
942 1150
942 1150
942 1521
942 1521
942 1873
942 1873
942 1997
942 1997
942 2010
942 2010
1991 1143
1991 1893
619 731
619 851
619 998
619 1257
619 1767
619 1873
619 1986
1257 349
1640 1376
1115 1951
776 452
1257 1143
1257 349
1873 410
1873 439
1873 1257
1873 1929
1379 1143
619 731
619 851
619 998
619 1257
619 1767
619 1873
619 1986
411 456
411 1873
584 1143
456 411
584 1873
584 452
942 840
942 1150
625 147
625 510
625 998
625 1257
625 1873
942 840
942 1150
1624 1624
1624 1624
1624 1624
1624 1624
1991 1143
1991 1197
717 0
1993 131
1993 894
1988 1988
1624 1624
1624 1624
1624 1624
1277 20
875 1873
1617 1376
875 1873
901 894
901 894
619 1873
837 1873
1499 901
1158 901
204 452
204 712
204 712
204 712
1993 894
1956 452
1956 1951
1625 1625
1624 1624
1624 1624
323 1700
323 1951
127 1705
443 1158
1798 1951
1736 114
1038 712
1038 712
1156 1158
1628 712
1628 277
1929 1046
1046 1929
1929 1046
1873 1813
1046 1929
1873 584
1931 1873
222 1158
1373 1705
402 1143
604 1143
604 1143
816 410
816 439
816 1257
816 1873
816 1929
1991 402
1991 1143
1991 604
1991 1143
1991 604
1991 1143
