1624 1624
300 300
300 300
300 300
300 300
510 510
510 510
510 510
510 510
510 510
792 1888
792 1888
840 24
840 1150
1186 1668
763 1158
1668 1186
792 1888
1799 1158
1982 1158
712 927
541 1537
804 1158
1668 711
1668 1017
1286 654
227 1158
1286 1723
1668 75
1286 924
1668 1286
1668 1286
1668 1880
465 1371
1286 1668
1286 1668
1997 24
1997 840
1997 1150
1668 1585
1668 1276
1668 1286
1668 1286
1286 1549
1286 701
452 868
452 868
1668 1575
1668 712
1276 1668
1668 1905
1286 1875
701 452
1286 1875
1668 452
1668 452
1668 868
1668 868
701 452
1668 1585
1245 1158
840 942
1286 729
1286 868
701 1286
1286 701
1286 1875
1668 729
729 1668
701 452
1668 1699
1668 729
1668 729
701 452
701 1362
701 452
729 1668
1668 452
1668 452
1668 1288
1668 1668
1668 1585
1286 1773
1668 254
1668 1668
75 465
894 416
123 894
894 208
465 75
1307 1158
86 1158
262 1158
1177 277
452 1917
1668 1276
1575 1668
136 1158
1276 1668
1668 1276
277 440
1376 1668
1376 1668
277 1177
792 1888
1549 1286
278 452
136 1158
992 1919
1880 1668
927 712
1618 712
1757 1158
265 265
265 265
265 265
265 265
1838 154
1838 154
1838 382
1838 382
1838 433
1838 433
1838 452
1838 452
1838 478
1838 478
1838 510
1838 510
1838 555
1838 555
1838 557
1838 557
1838 627
1838 627
1838 667
1838 667
1838 795
1838 795
1838 977
1838 977
1838 982
1838 982
1838 1018
1838 1018
1838 1072
1838 1072
1838 1226
1838 1226
1838 1240
1838 1240
1838 1257
1838 1257
1838 1276
1838 1276
1838 1368
1838 1368
1838 1401
1838 1401
1838 1429
1838 1429
1838 1575
1838 1575
1838 1585
1838 1585
1838 1668
1838 1668
1838 1673
1838 1673
1838 1791
1838 1791
1838 1855
1838 1855
1838 1873
1838 1873
465 1668
440 277
164 868
164 1668
164 1673
1668 1880
1585 1838
1585 1838
1838 1585
1838 1585
1585 1838
1585 1838
1668 729
729 1668
1668 729
1767 452
1767 701
1875 1286
1158 278
1158 1917
1875 1951
1875 1286
1327 712
1327 1286
1158 701
1158 701
1875 1233
1875 1951
792 1888
1286 1704
1875 1286
0 992
1177 277
0 277
1875 1090
1875 883
1875 1951
1158 701
1158 1668
1668 1618
1158 1362
1618 1668
894 208
644 245
1332 1668
1332 1668
1838 1585
1838 1668
1986 1668
992 154
992 868
992 1601
1376 1668
1376 1668
1376 1668
1376 1668
992 992
1668 1986
1286 1875
1276 1549
340 1700
951 1668
321 1668
1205 1668
1345 1668
1901 1668
182 1668
813 1668
822 1668
1270 1668
1943 1668
67 1668
522 1668
1435 1668
404 1668
1583 1668
277 440
761 1668
1028 1668
498 1668
744 1668
1358 1668
1463 1668
855 1668
85 1668
975 1668
1451 1668
1789 1668
995 1668
846 1668
2020 1668
1142 1668
715 1668
1635 1668
1599 1668
1819 1668
1606 1668
1140 1668
1241 1668
1306 1668
1242 1668
1960 1668
1264 1668
308 1668
1203 1668
1864 1668
142 1668
514 1668
1560 1668
893 1668
64 1668
115 1668
1107 1668
952 1668
1317 1668
857 1668
285 1668
437 1668
684 1668
481 1668
1359 1668
1958 1668
1032 1668
1457 1668
1251 1668
213 1668
1377 1668
500 1668
1040 1668
1005 1668
624 1668
1151 1668
1966 1668
353 1668
393 1668
1100 1668
406 1668
495 1668
1655 1668
80 1668
273 1668
1394 1668
1530 1668
432 1668
355 1668
1774 1668
1552 1668
597 1668
356 1668
1378 1668
1512 1668
1054 1668
1413 1668
1462 1668
191 1668
1085 1668
609 1668
1957 1668
1636 1668
446 1668
877 1668
1870 1668
821 1668
1235 1668
1281 1668
440 277
201 1668
1668 452
1668 868
1668 1880
1668 1585
1668 1838
1769 30
75 1668
1769 1769
1286 913
1286 712
736 736
736 736
736 736
736 736
729 1668
1286 712
452 894
452 1668
1276 1286
1276 452
4 1158
894 1286
894 1286
894 1600
894 1600
701 154
701 154
701 154
701 277
701 277
701 277
701 629
701 629
701 629
701 712
701 712
701 712
701 868
701 868
701 868
701 1276
701 1276
701 1276
701 1286
701 1286
701 1286
701 1618
701 1618
701 1618
701 1628
701 1628
701 1628
701 1668
701 1668
701 1668
701 2026
701 2026
701 2026
1670 992
1286 894
1286 894
1286 1600
1286 1600
1658 452
1905 1668
1640 1376
1535 328
1535 1549
1535 1747
1535 1767
1535 1986
1186 75
1186 465
1668 2026
1286 629
1286 629
1286 712
1286 712
1286 1276
1286 1276
1286 1668
1286 1668
277 32
32 277
701 1286
1668 729
729 1668
1450 1158
1668 729
1658 452
1618 277
1618 277
1618 277
1618 332
1618 332
1618 332
1618 442
1618 442
1618 442
1618 690
1618 690
1618 690
1618 865
1618 865
1618 865
1618 982
1618 982
1618 982
1618 1668
1618 1668
1618 1668
1618 1918
1618 1918
1618 1918
1796 1700
1286 1549
452 277
452 690
452 712
452 1628
452 2026
1812 452
1286 452
1286 452
452 1812
452 1286
452 1286
1286 452
1286 452
690 277
690 277
690 452
690 452
690 712
690 712
690 1628
690 1628
690 2026
690 2026
1286 541
1286 1537
452 690
793 603
1286 690
1221 1376
1286 1860
136 1158
1119 89
1119 478
1119 1509
1119 1575
1119 1668
1509 452
1668 55
1668 55
1668 55
1668 55
1668 55
1668 55
205 1700
205 546
1276 1668
205 1158
1812 452
1668 1276
690 854
1276 1668
475 690
475 854
452 690
452 690
452 1509
452 1509
452 1668
452 1668
690 475
690 854
1163 277
1017 465
1017 1668
208 894
1017 1668
1880 1668
1509 452
1509 452
1509 690
1509 690
1509 1668
1509 1668
1738 1158
1668 1276
1668 452
1668 452
1668 690
1668 690
1668 1509
1668 1509
1276 1668
1509 452
1509 452
1509 690
1509 690
1509 1668
1509 1668
1668 452
1668 452
1668 690
1668 690
1668 1509
1668 1509
1880 1668
1286 1875
1668 629
1286 452
1286 452
1668 411
942 24
942 840
942 1150
942 1997
1286 452
1286 452
1286 452
1773 1286
1286 541
1286 1875
1221 1376
1276 1668
1509 452
1509 452
1509 690
1509 690
1509 1668
1509 1668
1286 541
1668 2009
1286 1875
1286 541
2026 1276
1668 1880
1276 2026
2026 1276
1875 1951
1875 1286
154 452
1875 1090
1440 1158
1440 546
340 546
1673 23
1673 202
1673 256
1673 305
1673 328
1673 409
1673 411
1673 418
1673 464
1673 793
1673 816
1673 851
1673 1178
1673 1585
1673 1586
1673 1767
1673 1791
1673 1873
1673 1986
1286 541
1332 245
781 1376
1344 1376
1310 1376
847 1376
1875 261
1036 1158
1036 1376
1036 1593
1036 1980
292 452
1917 1158
1362 452
1362 701
1905 1286
452 329
452 546
452 690
452 712
452 1194
452 1628
1158 1747
1158 894
1158 358
1158 1668
1158 1276
452 1812
1812 452
1689 452
452 1812
1158 358
704 1158
128 1158
1812 452
1158 1658
1838 119
1838 119
1838 382
1838 382
1838 410
1838 410
1838 411
1838 411
1838 418
1838 418
1838 422
1838 422
1838 452
1838 452
1838 456
1838 456
1838 464
1838 464
1838 478
1838 478
1838 510
1838 510
1838 555
1838 555
1838 557
1838 557
1838 573
1838 573
1838 627
1838 627
1838 689
1838 689
1838 795
1838 795
1838 826
1838 826
1838 903
1838 903
1838 998
1838 998
1838 1119
1838 1119
1838 1240
1838 1240
1838 1257
1838 1257
1838 1276
1838 1276
1838 1368
1838 1368
1838 1429
1838 1429
1838 1509
1838 1509
1838 1575
1838 1575
1838 1585
1838 1585
1838 1668
1838 1668
1838 1669
1838 1669
1838 1673
1838 1673
1838 1791
1838 1791
1838 1873
1838 1873
1838 1962
1838 1962
1838 1986
1838 1986
1838 1986
1838 1986
244 328
244 409
244 452
244 1057
244 1767
244 1905
244 1986
0 992
992 630
992 1511
1812 452
1668 839
840 1150
32 277
1838 202
1838 202
1838 411
1838 411
1838 418
1838 418
1838 452
1838 452
1838 464
1838 464
1838 478
1838 478
1838 510
1838 510
1838 538
1838 538
1838 795
1838 795
1838 998
1838 998
1838 1051
1838 1051
1838 1072
1838 1072
1838 1079
1838 1079
1838 1119
1838 1119
1838 1257
1838 1257
1838 1322
1838 1322
1838 1425
1838 1425
1838 1439
1838 1439
1838 1509
1838 1509
1838 1575
1838 1575
1838 1585
1838 1585
1838 1668
1838 1668
1838 1673
1838 1673
1838 1767
1838 1767
1838 1791
1838 1791
1838 1829
1838 1829
1838 1832
1838 1832
1838 1832
1838 1832
1838 1873
1838 1873
1838 1962
1838 1962
1838 1986
1838 1986
1704 1951
1286 1905
792 1888
834 452
452 1812
1673 164
1673 868
1673 1668
541 1286
541 1286
1875 1286
541 1286
792 1888
497 245
497 1158
497 1951
497 1700
497 546
541 1286
2026 1668
1624 1624
1624 1624
1624 1624
1624 1624
1875 1286
1286 1905
541 1286
1338 245
1338 546
1338 1951
1338 452
1905 894
1905 894
1905 1668
1905 1668
1327 452
1327 452
1327 712
1327 712
1327 244
1327 357
1327 409
1327 452
1327 571
1327 896
1327 1069
1327 1157
1327 1586
1036 1158
1036 1158
1036 1376
1036 1376
1036 1875
1036 1875
1036 1951
1036 1951
1917 452
277 1316
1811 1376
1811 1376
266 1376
492 1376
1801 1376
853 1376
1756 1376
1884 1376
1905 465
1905 1371
1624 1624
1624 1624
1624 1624
796 1376
358 452
1875 1090
358 452
1067 1700
1875 1286
1521 840
1521 1150
1641 1951
240 1376
1641 1668
340 1700
314 1700
881 448
881 1158
881 1376
1875 1090
1860 1286
1624 1624
1624 1624
1624 1624
881 448
881 1158
881 1376
1036 79
1036 1158
1036 1194
1036 1376
1036 1443
1036 1980
1956 452
1956 1951
1852 1376
1036 1158
1036 1158
1036 1376
1036 1376
1036 1875
1036 1875
1036 1951
1036 1951
958 1376
1956 452
1956 1951
1880 1668
1158 1767
1362 1866
1460 1449
958 1376
1617 1158
1617 1158
1875 1090
166 546
1624 1624
1624 1624
1624 1624
1624 1624
1875 1951
896 1499
1624 1624
1624 1624
1624 1624
792 1888
1937 698
1156 1158
792 1888
792 1888
792 1888
300 300
300 300
300 300
300 300
300 300
792 1888
792 1888
