497 245
881 1158
881 1376
1439 20
1257 1873
1873 1257
1997 998
1997 1257
1997 1873
1997 998
1997 1257
1997 1873
1997 1898
1197 1143
24 1898
24 1997
1997 24
1997 1898
388 1376
1767 152
1873 152
1873 1767
1245 1158
1045 1045
881 448
881 1158
881 1376
340 546
44 1143
340 1705
1585 998
1585 1257
1585 1873
1705 1244
1705 1244
1257 1873
1705 283
1705 283
792 1888
1640 1376
792 1888
1238 1143
1379 1143
1277 1143
938 1143
938 1379
1873 1480
792 1888
1705 998
1705 1257
1705 1997
202 1873
1257 202
1036 429
1036 1158
1036 1376
1808 1705
1257 1873
1991 1143
1991 1238
1973 1143
202 1257
1767 1257
202 1257
1714 1873
24 584
44 24
44 584
349 1257
349 1705
584 1143
1257 1750
881 245
881 245
881 245
881 1158
881 1158
881 1158
881 1305
881 1305
881 1305
881 1376
881 1376
881 1376
881 1951
881 1951
881 1951
1705 1714
1379 1143
1579 44
1991 1143
1991 1379
1257 1585
1257 1873
1997 44
1997 1579
340 1705
584 1873
881 448
881 1158
881 1376
584 1898
1521 584
1521 1898
584 1521
584 1898
1973 20
1193 1143
953 1705
792 1888
792 1888
1624 1624
1624 1624
1624 1624
595 595
792 1888
1736 114
1750 717
1750 1485
1750 1873
1036 79
1036 1158
1036 1194
1036 1305
1036 1376
1036 1443
1036 1980
1750 1257
1750 1257
1036 429
1036 1158
1036 1376
345 1705
497 245
497 1158
497 1705
497 1951
497 546
881 448
881 1158
881 1376
881 1158
881 1305
881 1376
881 1593
881 1905
349 1257
349 1705
349 1750
1705 584
1838 898
1277 1143
1384 452
1480 1873
410 1973
792 1888
619 1257
619 1767
792 1888
881 448
881 1158
881 1376
340 1705
1180 1705
1736 114
1973 410
1624 1624
1624 1624
1624 1624
1621 1705
1036 79
1036 1158
1036 1194
1036 1305
1036 1376
1036 1443
1036 1980
881 448
881 1158
881 1376
1373 1705
792 1888
1997 1143
1379 1143
24 1143
1379 1143
1997 1143
1379 1143
1579 1143
1579 1379
33 1997
24 1143
1997 1143
1579 24
1579 1143
1579 1143
1579 1997
1579 1143
1579 1379
1997 1143
1579 24
1579 1143
1579 1143
1579 1997
24 1143
24 1579
1893 1143
1997 1143
24 1143
24 1579
1997 1143
1812 452
1579 24
1579 1143
1579 1143
1579 1997
1579 1143
1579 1997
1838 689
1838 1873
452 1812
1997 1143
24 1143
1997 1143
24 1143
1579 1143
1579 1997
1997 1143
1299 546
1579 1143
1579 1997
792 1888
1579 24
1579 1143
1579 24
1579 1143
1997 1143
1997 1579
24 1143
24 1579
1579 1143
1579 1997
1579 1143
1579 1997
1997 1143
1997 1579
24 1143
24 1579
24 1143
24 1579
1579 1579
1997 1143
1997 1579
881 448
881 1158
881 1376
1997 1143
1997 1579
584 216
1997 1143
1997 1579
1997 1143
1997 1579
903 1143
1579 1143
1579 1997
459 277
1245 1158
1997 998
1997 1257
1997 1873
1379 1143
157 1705
157 1767
33 1143
1256 1158
1640 1376
1973 1439
1579 33
1579 1143
1439 1973
998 1257
998 1277
998 1585
998 1750
998 1873
998 1962
736 552
736 627
736 1143
1257 1873
736 736
736 736
736 736
1893 91
1893 1143
33 1143
1808 1705
1905 1113
1705 14
1705 374
1705 731
1705 1257
1585 998
349 1873
1585 998
968 452
1773 894
1781 91
1781 1143
1781 1893
1781 91
1781 1143
1781 1893
1625 1625
1873 510
510 20
792 1888
510 1873
33 1143
1627 0
1781 33
1781 1143
792 1888
584 1143
712 194
712 194
712 204
712 204
712 452
712 452
1633 1106
1873 510
792 1888
1379 1143
998 1585
1036 429
1036 1158
1036 1376
792 1888
1838 11
1838 11
1838 11
1838 119
1838 119
1838 119
1838 154
1838 154
1838 154
1838 164
1838 164
1838 164
1838 242
1838 242
1838 242
1838 277
1838 277
1838 277
1838 418
1838 418
1838 418
1838 456
1838 456
1838 456
1838 464
1838 464
1838 464
1838 478
1838 478
1838 478
1838 510
1838 510
1838 510
1838 573
1838 573
1838 573
1838 584
1838 584
1838 584
1838 689
1838 689
1838 689
1838 826
1838 826
1838 826
1838 903
1838 903
1838 903
1838 979
1838 979
1838 979
1838 998
1838 998
1838 998
1838 1119
1838 1119
1838 1119
1838 1134
1838 1134
1838 1134
1838 1257
1838 1257
1838 1257
1838 1322
1838 1322
1838 1322
1838 1368
1838 1368
1838 1368
1838 1439
1838 1439
1838 1439
1838 1509
1838 1509
1838 1509
1838 1575
1838 1575
1838 1575
1838 1585
1838 1585
1838 1585
1838 1618
1838 1618
1838 1618
1838 1628
1838 1628
1838 1628
1838 1668
1838 1668
1838 1668
1838 1750
1838 1750
1838 1750
1838 1766
1838 1766
1838 1766
1838 1791
1838 1791
1838 1791
1838 1873
1838 1873
1838 1873
1838 1877
1838 1877
1838 1877
1838 1962
1838 1962
1838 1962
1838 1986
1838 1986
1838 1986
1838 2000
1838 2000
1838 2000
1838 2005
1838 2005
1838 2005
792 1888
792 1888
792 1888
345 1705
792 1888
1163 277
1838 1286
1838 1286
1838 1286
452 1081
1973 1439
1286 1668
1286 1668
1624 1624
1624 1624
1624 1624
1439 1973
1585 998
1257 349
1257 1143
1257 349
497 245
497 1158
497 1705
497 1951
497 546
792 1888
1257 1838
881 245
881 245
881 1158
881 1158
881 1305
881 1305
881 1376
881 1376
881 1593
881 1593
881 1905
881 1905
1736 114
998 689
998 1257
998 1302
998 1873
998 1962
1736 114
701 55
701 55
701 55
701 55
701 55
1668 1286
1668 1286
1286 1668
1286 1668
1893 1143
1257 349
1257 1322
1257 1322
1036 79
1036 1158
1036 1194
1036 1305
1036 1376
1036 1443
1036 1980
1322 1257
1257 1873
1669 1873
1081 452
1081 1812
1873 1257
689 998
689 1257
689 1302
689 1873
689 1962
1341 1705
851 1143
1750 1322
349 1257
1156 1158
2005 1875
1750 1322
881 448
881 1158
881 1376
956 1951
1727 1705
222 1158
410 1143
722 1143
1373 1705
1931 1873
