0 1668
1962 38
1962 202
1962 1575
1962 1838
1962 1873
1838 1962
1193 1143
584 1143
418 1838
349 202
349 491
349 602
349 831
349 852
349 1705
584 1873
1705 1962
202 418
1838 202
584 1873
349 1873
1962 202
1962 1838
1705 202
1379 1143
1873 202
1873 1838
1873 1962
1873 349
1379 1143
1873 1838
0 349
0 1832
1245 1158
1873 202
1873 349
1873 602
1873 831
1873 852
1873 1832
1873 1962
1257 1143
1873 1575
1873 1585
1873 1838
1873 1962
1575 1585
1575 1838
1575 1873
1575 1962
202 349
1521 1898
1521 1962
851 1521
851 1898
851 1962
1585 202
1521 1257
1521 1898
851 1521
851 1898
851 1962
1581 1952
792 1888
1883 1700
1585 202
1962 1898
1006 546
584 1521
881 448
881 1158
881 1376
388 1376
1796 1700
33 1143
792 1888
1521 1898
1521 1962
1257 1143
1521 1898
1521 1962
1962 1521
1962 1898
851 1521
851 1898
851 1962
1962 851
1962 1521
1962 1898
992 868
992 1616
1257 832
690 452
1257 832
1257 1873
452 690
349 1585
1973 1143
1973 1193
1640 1376
340 1705
1256 1158
349 202
349 435
349 1060
349 1575
349 1705
349 1962
1585 1962
1910 1705
452 894
452 894
452 894
1873 1143
452 894
452 894
452 894
1812 452
881 448
881 1158
881 1376
452 1812
1838 150
1838 202
1838 573
1838 1322
1838 1575
1838 1585
1838 1750
1838 1832
1838 1873
1838 150
1838 202
1838 573
1838 1322
1838 1575
1838 1585
1838 1750
1838 1832
1838 1873
1962 1575
1962 1838
1838 150
1838 202
1838 573
1838 1322
1838 1575
1838 1585
1838 1750
1838 1832
1838 1873
1575 1962
1873 349
1838 150
1838 202
1838 573
1838 1322
1838 1575
1838 1585
1838 1750
1838 1832
1838 1873
792 1888
1893 1143
2009 1668
1838 1962
97 277
1808 1705
349 1585
1838 601
1838 1787
1585 1838
1838 1585
1585 1838
1838 150
1838 202
1838 573
1838 1322
1838 1575
1838 1585
1838 1750
1838 1832
1838 1873
0 452
202 349
1962 1898
349 1873
1688 1873
1197 584
1036 1158
1036 1376
1036 1593
1036 1980
216 1898
216 1962
894 452
894 452
1585 202
1585 216
1585 349
1838 150
1838 202
1838 573
1838 1322
1838 1575
1838 1585
1838 1750
1838 1832
1838 1873
345 1705
881 1158
881 1305
881 1376
881 1593
881 1905
1952 1952
584 1873
1873 202
1873 349
1873 1585
1873 1838
1873 216
1873 1585
1624 1624
1624 1624
1624 1624
1624 1624
1585 1873
1585 1962
1705 360
1873 1585
1873 1962
1705 360
1585 1873
1705 360
1705 360
584 584
584 1143
1952 1952
584 584
584 1143
1873 411
1873 584
584 1873
1873 1679
1873 1688
1873 584
452 894
452 894
452 894
1838 150
1838 202
1838 573
1838 1322
1838 1575
1838 1585
1838 1750
1838 1832
1838 1873
654 1286
1616 992
411 1873
1873 411
411 1873
1893 1143
497 1705
497 1158
497 1951
497 546
497 1700
1616 992
1036 1158
1036 1376
1036 1593
1036 1980
1873 1688
902 33
902 1143
1873 150
1873 202
1873 449
1873 573
1873 717
1873 1585
1873 1750
1873 1832
1873 1838
1838 1873
1838 394
1838 998
1838 1873
1838 1962
1873 20
792 1888
584 1873
1832 1257
1832 1439
1832 1873
1585 1832
1439 1585
1585 1439
1838 1873
1838 1873
1379 1143
584 1873
1873 1905
1873 1257
1873 584
210 210
1838 1873
584 1143
868 992
1873 1905
1838 1873
1838 1873
1838 1873
1873 1838
1873 1838
1838 1873
1838 1873
1873 1838
1873 1838
1838 1873
1832 1873
1705 1352
1873 1838
1873 584
1873 1838
1838 1873
1838 1873
1873 1838
584 1873
584 1873
1873 1838
1352 1873
1352 1873
1838 1873
1838 1873
1905 1873
762 1694
1873 1352
1873 1679
1873 1688
1873 1352
1688 1679
1688 1705
1688 1705
1905 1873
1873 1679
1873 1688
1838 1873
1873 1873
1873 1910
1873 1679
1688 1705
1688 1705
688 546
1373 1705
1197 1973
1624 1624
1624 1624
1624 1624
1624 1624
202 1873
584 1143
1452 1143
584 584
584 1143
584 584
584 1143
1452 1143
1843 584
1843 1143
1843 1143
584 584
584 1143
1452 1143
1843 1143
1843 1452
584 584
584 1143
1679 1873
1452 1143
1245 1158
584 584
584 1143
452 1266
1197 1143
452 1266
1452 1143
1452 1843
452 1266
1197 1143
452 1266
584 1143
210 210
1843 1143
1843 1452
903 1143
1197 1143
1452 1143
349 1705
1838 903
1452 1143
1843 1143
1843 1452
584 1143
584 1452
584 1843
1838 903
1843 1143
1843 1197
584 1838
584 1873
1452 1143
1452 1843
584 1143
584 584
584 1143
1452 1143
1452 1843
33 1452
1197 1843
1452 1143
1452 1843
1299 546
1843 1843
1452 584
1452 1143
1873 349
1276 452
1873 903
1873 1838
868 1549
1873 349
1873 411
1873 578
1873 584
1873 1257
1873 1975
1873 584
154 868
868 154
154 868
584 1143
1617 1158
868 277
868 1628
584 1873
712 194
712 194
712 204
712 204
712 452
712 452
584 1873
1668 712
712 1668
992 868
792 1888
992 868
1617 571
1617 1158
792 1888
362 1158
1973 1452
349 1873
832 1257
349 1873
411 1873
1873 411
584 1873
868 992
792 1888
1640 1376
1276 452
992 868
1276 452
792 1888
1808 1705
792 1888
1843 584
1843 1143
584 1873
1796 1700
792 1888
1893 1143
1163 277
792 1888
1158 129
1158 1266
1158 1380
1952 1952
1266 452
1158 396
1266 452
1266 452
1266 452
1952 1952
1158 1276
792 1888
792 1888
1266 452
1513 1705
1668 452
452 1668
452 1668
1952 1952
736 1143
736 1178
736 1651
736 736
736 736
736 736
736 736
881 448
881 1158
881 1376
345 1705
792 1888
497 245
497 1158
497 1705
497 546
497 1700
1751 1700
657 657
1668 1158
862 523
862 1873
862 1932
1796 1700
584 1873
792 1888
1496 1257
1496 1873
443 1158
1180 1705
1873 584
1873 202
1873 349
1873 1257
1873 1585
1873 1832
1873 1838
688 546
688 546
1591 1705
1156 1158
1036 1158
1036 1376
1036 1593
1036 1980
349 1873
1727 1705
1796 1700
222 1158
1931 1873
1373 1705
1245 1158
1997 1143
402 1143
402 1997
604 1143
902 402
902 1143
902 1997
1873 349
33 1143
1368 1368
1368 1368
1368 1368
1368 1368
1368 1368
1368 1368
1368 1143
902 604
902 1143
1368 1873
