0 1668
0 1968
1668 1171
1668 1668
0 1430
0 1668
0 351
0 1668
0 1668
0 1968
0 1668
0 1968
1668 1159
1668 1668
1668 1159
1668 1668
1668 154
1668 1668
497 245
1762 245
0 1430
0 1668
0 599
0 1668
1668 1668
1668 1825
1668 1188
1668 1668
0 1529
0 1668
0 1668
0 1968
1877 1668
1877 1877
1668 1668
1668 2016
0 351
0 1668
504 245
1158 659
1400 245
0 1668
0 1731
0 1668
0 1731
0 721
0 1668
1015 894
1158 1653
497 245
835 245
835 824
497 245
1624 1624
497 245
1668 1668
1668 1817
1668 1159
1668 1668
544 894
497 245
810 245
1158 505
1342 245
1624 1624
0 1668
0 1968
0 1668
0 1718
0 1234
0 1668
0 622
0 1668
497 245
1907 894
1624 1624
1624 1624
1624 1624
1624 1624
1668 610
1668 1668
0 769
0 1668
0 454
0 1668
1668 119
1668 1668
0 316
0 1668
119 119
119 1668
0 1430
0 1668
0 1430
0 1668
0 1259
0 1668
0 1668
0 1816
0 1668
0 1816
1646 894
1397 1397
1397 1668
1668 1159
1668 1668
1668 1668
1668 1805
0 1437
0 1668
497 894
1623 1237
358 452
358 894
1624 1624
1624 1624
0 447
0 1668
1668 1668
1668 1733
1668 1668
1668 1733
0 1668
0 1968
0 1224
0 1668
1624 1624
0 1668
0 1823
849 245
497 245
1624 1624
0 757
0 1668
0 1495
0 1668
1668 1003
1668 1668
1668 1003
1668 1668
1668 1003
1668 1668
1668 277
1668 1668
1668 1668
1668 1877
849 868
519 55
519 245
1921 245
1921 1287
1921 1951
497 245
1668 1276
1668 1668
1668 1668
1668 1805
0 1224
0 1668
1668 1668
1668 1838
0 1668
0 1718
1668 312
1668 1668
1668 584
1668 1668
1668 1668
1668 1877
0 1668
0 1984
0 1668
0 1968
1668 749
1668 1668
0 1474
0 1668
1624 1624
1624 1624
1624 1624
1624 1624
1744 245
644 245
1271 894
519 245
1624 1624
1516 245
1624 1624
1624 1624
0 1668
0 1718
0 1668
0 1718
0 351
0 1668
1668 119
1668 1668
1158 868
497 245
0 351
0 1668
0 611
0 1668
1624 1624
0 1447
0 1668
2019 245
497 245
1272 1809
1668 119
1668 1668
1668 1119
1668 1668
1668 629
1668 1668
1595 245
0 26
0 1668
1624 1624
544 894
1668 1549
1668 1668
1668 658
1668 1668
1668 1585
1668 1668
594 245
0 351
0 1668
0 1259
0 1668
1626 245
1624 1624
1624 1624
1668 1276
1668 1668
0 651
0 1668
1668 1668
1668 1877
0 1259
0 1668
1144 245
1161 894
1668 1575
1668 1668
1735 245
1668 1668
1668 1769
1668 844
1668 1668
1668 1585
1668 1668
1158 1324
1144 245
786 245
1668 1668
1668 1838
330 245
1668 1119
1668 1668
1668 1119
1668 1668
1668 1119
1668 1668
519 55
519 245
497 245
1469 245
0 1374
0 1668
519 55
519 245
1624 1624
497 245
1624 1624
1624 1624
497 245
1624 1624
497 245
1668 1119
1668 1668
1668 1337
1668 1668
1668 1668
1668 1849
1668 767
1668 1668
1668 1668
1668 1712
1668 1454
1668 1668
421 245
1668 1668
1668 1877
1624 1624
1668 1276
1668 1668
0 1259
0 1668
0 324
0 1668
0 643
0 1668
0 324
0 1668
0 643
0 1668
1668 324
1668 1668
1158 358
1002 245
1624 1624
0 1668
0 1968
0 1259
0 1668
0 1430
0 1668
978 245
1624 1624
1624 1624
0 1668
0 1968
0 1668
0 1968
0 1668
0 1968
0 1390
0 1668
1624 1624
497 245
1624 1624
1624 1624
1624 1624
1624 1624
0 524
0 1668
1668 965
1668 1668
0 524
0 1668
0 351
0 1668
0 351
0 1668
421 245
1624 1624
0 1447
0 1668
0 1315
0 1668
1668 25
1668 1668
0 351
0 1668
244 244
244 1668
0 1668
0 1968
0 1668
0 1968
497 245
0 611
0 1668
497 245
894 278
0 1284
0 1668
0 1668
0 1834
421 245
421 245
545 245
1076 245
1668 1668
1668 1821
0 48
0 1668
0 383
0 1668
0 1259
0 1668
0 1668
0 1968
0 1668
0 1968
497 245
519 55
497 245
1624 1624
1668 1397
1668 1668
1668 1397
1668 1668
1668 1668
1668 1877
1668 1668
1668 1877
1668 1668
