246 246
1368 1368
1368 1368
1368 1368
1368 1368
1368 1368
33 1143
33 1579
1257 202
1257 349
1257 411
1257 1585
1257 1767
1257 1873
1257 1986
33 1143
1368 1143
1197 33
1197 1143
1197 1579
1257 349
1257 1832
1257 1873
1579 33
1579 1143
1579 1197
402 33
402 1143
402 1579
1368 1873
1257 1832
1873 1257
1873 1832
1832 1257
1832 1873
1832 1439
1257 1832
1197 1143
1873 1257
1873 1832
1832 1873
33 1143
1796 1700
1245 1158
1832 1257
1832 1439
1832 1873
992 868
328 452
452 894
452 894
452 1955
452 1955
1873 1257
1873 1439
1873 1832
452 712
452 712
452 1668
452 1668
1439 1832
894 452
894 1955
452 894
452 894
894 452
452 328
1257 402
1873 1439
1873 1832
1439 1873
763 1158
1668 452
1668 452
1832 1439
1679 1491
1679 1684
1679 1791
1679 1873
1679 1962
712 452
1585 1679
894 1286
1439 20
1197 402
1197 1257
1873 1439
1838 202
1838 202
1838 202
1838 411
1838 411
1838 411
1838 418
1838 418
1838 418
1838 452
1838 452
1838 452
1838 464
1838 464
1838 464
1838 478
1838 478
1838 478
1838 538
1838 538
1838 538
1838 667
1838 667
1838 667
1838 703
1838 703
1838 703
1838 964
1838 964
1838 964
1838 1051
1838 1051
1838 1051
1838 1257
1838 1257
1838 1257
1838 1322
1838 1322
1838 1322
1838 1509
1838 1509
1838 1509
1838 1575
1838 1575
1838 1575
1838 1585
1838 1585
1838 1585
1838 1662
1838 1662
1838 1662
1838 1668
1838 1668
1838 1668
1838 1791
1838 1791
1838 1791
1838 1829
1838 1829
1838 1829
1838 1832
1838 1832
1838 1832
1838 1844
1838 1844
1838 1844
1838 1961
1838 1961
1838 1961
1838 1962
1838 1962
1838 1962
1838 1975
1838 1975
1838 1975
1579 1143
1579 1197
452 328
1799 1158
804 1158
227 1158
584 1898
1624 1257
1624 1439
1624 1832
1624 1873
1439 1624
1893 584
1277 1143
584 1893
1277 1143
1668 1880
1668 897
1286 1875
1286 1875
1668 1367
1893 1143
1668 1549
1952 1952
1277 1143
1286 1875
1668 1877
1877 1668
1668 2009
1286 1875
1668 1673
1838 534
1838 1726
1838 1832
1838 1873
881 448
881 1158
881 1376
1277 1143
1673 1668
1668 452
1668 452
1668 712
1668 712
1549 452
452 1668
452 1668
1668 1905
452 1549
452 1549
452 1668
452 1668
1549 1668
1668 452
1668 452
1668 1549
1668 1549
1549 452
1549 452
1549 1668
1549 1668
452 1185
452 1185
452 1549
452 1549
992 1412
894 1191
1368 46
1368 410
1368 584
1368 667
1368 1439
1368 1548
1368 1873
1368 1962
1368 1973
894 1
1257 1898
992 1412
1286 894
1286 894
1276 452
1276 452
24 1257
24 1898
894 1
1549 452
1549 1276
840 1150
1873 657
1368 13
1368 13
1368 23
1368 23
1368 24
1368 24
1368 46
1368 46
1368 119
1368 119
1368 164
1368 164
1368 202
1368 202
1368 216
1368 216
1368 265
1368 265
1368 271
1368 271
1368 305
1368 305
1368 328
1368 328
1368 409
1368 409
1368 411
1368 411
1368 418
1368 418
1368 452
1368 452
1368 456
1368 456
1368 464
1368 464
1368 510
1368 510
1368 557
1368 557
1368 584
1368 584
1368 640
1368 640
1368 689
1368 689
1368 793
1368 793
1368 816
1368 816
1368 851
1368 851
1368 889
1368 889
1368 979
1368 979
1368 998
1368 998
1368 1018
1368 1018
1368 1119
1368 1119
1368 1178
1368 1178
1368 1240
1368 1240
1368 1257
1368 1257
1368 1322
1368 1322
1368 1429
1368 1429
1368 1433
1368 1433
1368 1439
1368 1439
1368 1466
1368 1466
1368 1500
1368 1500
1368 1521
1368 1521
1368 1575
1368 1575
1368 1585
1368 1585
1368 1586
1368 1586
1368 1669
1368 1669
1368 1742
1368 1742
1368 1791
1368 1791
1368 1838
1368 1838
1368 1873
1368 1873
1368 1893
1368 1893
1368 1962
1368 1962
1368 1975
1368 1975
1873 1983
1368 1986
1368 1986
330 1700
1873 1439
1997 840
1997 1150
701 894
701 894
701 1286
701 1286
244 328
244 409
244 452
244 1057
244 1586
244 1767
244 1905
244 1986
1439 1873
1286 701
1257 1832
1873 1439
1873 702
1439 1873
510 1439
510 1832
510 1873
1439 1257
1439 1832
1439 1873
262 1158
986 546
986 1158
1877 1668
1877 1673
1877 1986
729 1668
86 1158
1668 154
510 1873
202 1873
1579 1143
1579 1277
1986 1877
1668 897
1873 342
1873 1873
1873 548
1193 1143
1286 868
1521 840
1521 942
1521 1150
1521 1997
510 20
1439 1143
868 992
1439 1143
1439 510
1412 992
1832 349
136 1158
992 868
510 584
1257 1898
216 1257
216 1898
216 1257
216 1898
510 216
510 1257
510 1898
1875 1951
992 1412
1379 1143
452 712
701 1668
736 1143
1499 452
1499 1955
894 452
894 452
1499 452
894 701
894 1286
997 452
997 452
1286 701
1286 701
1286 894
1286 894
216 510
216 1257
216 1898
1973 20
1973 510
1973 20
1973 510
1999 1158
1973 20
1973 510
2026 1954
1668 701
1973 20
1973 510
1276 894
1197 1143
2026 1954
1257 349
1257 1832
701 1668
1875 1951
701 1286
1668 701
701 1668
452 629
701 452
1286 1875
1905 1499
1499 1951
510 1873
510 1973
739 1705
1286 1875
33 1143
1873 1257
1873 1832
1873 1997
701 452
1973 510
1973 1873
903 1143
202 1873
1875 1951
136 1158
2026 1954
1276 894
510 1873
510 1973
1487 202
1487 1873
1973 510
1973 1873
1193 33
1193 1143
1579 1143
1579 1893
1757 1158
1276 894
1276 894
1585 349
1193 33
1193 1143
1368 1873
1873 202
1873 1487
1873 1750
1873 1832
1579 1579
1873 702
1998 0
1873 1089
1873 1873
184 1951
184 1158
1893 1143
1873 1487
792 1888
1873 895
1873 1873
410 20
1873 1487
1579 33
1579 1143
1579 1193
1276 1304
1873 349
1873 1585
1668 1880
1883 1700
1509 1668
657 657
202 1873
402 1143
33 1143
33 1193
33 1579
1579 402
1579 1143
792 1888
89 510
89 1368
0 277
1624 1624
1624 1624
1624 1624
1624 1624
362 510
362 1873
1875 1286
1875 1286
1875 1286
1998 0
1875 1286
1193 1143
1193 1379
1952 1952
1832 1323
1277 1143
1962 119
1962 418
410 1143
410 1277
1579 1143
1579 1193
1579 1379
1412 992
271 271
1277 20
1277 510
792 1888
1 894
0 452
1668 2026
1286 868
1668 452
1668 452
1893 1143
1873 1504
1277 1143
868 1286
657 1873
1873 202
1873 344
1873 349
1873 944
1873 1767
1873 1986
840 1150
1668 1880
1668 1276
1668 1304
1668 452
1668 452
1668 409
1668 1286
1668 1286
1668 277
1668 1618
1668 2009
1286 988
1286 223
1286 223
988 1286
1668 701
1668 1553
1668 690
1286 988
988 1286
1286 988
988 1286
1499 1276
1668 690
1668 690
1668 1286
1668 1286
1624 1257
1624 1873
701 1668
216 840
216 1150
1499 1276
1499 1276
1668 1905
1873 1257
1873 1624
1668 1905
992 868
1412 992
1668 729
1075 452
1499 1276
1668 633
729 1668
510 1257
510 1873
1158 1075
1997 216
1997 840
1997 1150
729 1668
1668 1880
1640 1376
1668 729
1930 1700
729 1668
410 20
1668 1509
1618 1668
340 1700
1668 1905
1509 1668
154 1286
1668 729
1668 1348
452 1668
1257 510
1257 1873
1668 1810
1668 1810
1668 1880
1668 1880
2026 1954
792 1888
1499 452
1499 701
1499 1286
792 1888
792 1888
89 510
89 1368
1487 202
1487 1060
1487 1873
338 1143
1286 154
2026 1954
154 1286
792 1888
1193 1143
792 1888
2026 1954
1668 452
1668 452
349 1832
452 13
452 328
452 1549
452 1585
452 1767
452 1873
452 1986
1617 1158
1276 452
1617 79
1617 1158
1875 1286
362 79
1875 1286
1893 1143
136 1158
1257 92
1257 150
1257 1750
1257 1873
31 1705
362 1158
4 1158
1158 701
1617 1158
1257 349
1893 1143
1452 1143
792 1888
1501 1705
868 992
584 1143
584 1452
0 452
1257 349
1617 571
1617 1158
0 452
362 79
792 1888
1392 1286
409 1668
792 1888
1257 1873
992 868
1414 1414
1581 1952
1193 1143
1843 584
1843 1143
1843 1452
729 1668
210 210
0 1286
584 1464
584 1464
1276 55
1276 55
1276 55
1276 55
1276 55
1276 55
992 868
1668 409
1158 1880
876 1705
409 1668
1276 194
349 1585
349 1873
1158 177
1276 204
409 1668
1257 1873
1668 2009
1276 1905
1588 245
410 20
0 452
1705 1962
89 89
340 546
1769 30
1769 30
584 1873
345 1705
1158 1276
1286 1392
917 411
917 538
917 1767
917 1873
1392 1286
340 1705
584 1143
992 868
992 868
1286 1392
1808 1705
1158 358
736 552
736 627
736 1143
736 736
736 736
736 736
736 736
881 1158
881 1305
881 1376
881 1593
881 1905
1873 787
1257 1873
1277 20
1277 510
1873 349
598 598
1983 1873
1618 1668
1873 1257
1257 1873
1617 1158
362 79
997 1158
1286 452
1286 452
1286 1286
1286 452
1286 452
1286 452
2026 1954
1873 411
1873 538
1873 917
1873 1257
1873 1767
792 1888
1873 1910
1873 1257
1348 1668
868 992
1952 1952
510 1873
897 1376
1158 1479
1158 1747
792 1888
1036 1158
1036 1158
1036 1376
1036 1376
1036 1875
1036 1875
1036 1951
1036 1951
584 1143
897 1376
1668 1618
868 1276
1197 1143
1384 452
510 20
1277 20
1277 510
0 452
1158 1747
756 1439
410 20
410 510
410 1277
1276 868
1020 1020
1873 1257
1873 832
702 1873
727 1668
868 1276
1392 1286
906 1705
1276 868
1193 1143
1193 1857
452 1286
452 1286
1617 79
1617 1158
1439 1143
1553 1668
1579 1143
1579 1193
1439 756
1905 1668
1439 1143
1036 1158
1036 1194
1036 1376
1905 1668
1286 452
1286 452
1286 452
452 1286
452 1286
452 1286
349 1873
1286 1392
1191 894
1193 1143
1193 1857
271 1143
1257 411
1257 538
1257 828
1257 917
1257 1767
1257 1873
792 1888
1392 1286
1257 1873
792 1888
362 79
792 1888
840 216
840 942
840 1150
840 1997
1838 202
1838 202
1838 202
1838 418
1838 418
1838 418
1838 464
1838 464
1838 464
1838 478
1838 478
1838 478
1838 510
1838 510
1838 510
1838 538
1838 538
1838 538
1838 998
1838 998
1838 998
1838 1051
1838 1051
1838 1051
1838 1072
1838 1072
1838 1072
1838 1079
1838 1079
1838 1079
1838 1119
1838 1119
1838 1119
1838 1257
1838 1257
1838 1257
1838 1322
1838 1322
1838 1322
1838 1425
1838 1425
1838 1425
1838 1509
1838 1509
1838 1509
1838 1575
1838 1575
1838 1575
1838 1585
1838 1585
1838 1585
1838 1668
1838 1668
1838 1668
1838 1673
1838 1673
1838 1673
1838 1767
1838 1767
1838 1767
1838 1791
1838 1791
1838 1791
1838 1829
1838 1829
1838 1829
1838 1986
1838 1986
1838 1986
1286 452
1286 452
1286 452
1257 1143
1257 1193
1257 1857
128 1158
1873 1257
452 1286
452 1286
452 1286
452 1286
452 1668
452 1668
452 1668
452 1668
1832 1323
1158 1668
548 1873
1036 1158
1036 1194
1036 1376
1579 1143
1579 1193
1579 1257
1579 1857
510 1308
443 1158
1796 1700
1668 452
1668 452
1668 452
1668 452
1280 1158
452 1668
452 1668
452 1668
452 1668
917 1257
1796 1700
1158 1280
1983 1873
1280 452
1983 1873
894 452
894 452
894 452
894 452
792 1888
792 1888
452 894
452 894
452 894
452 894
1158 1280
902 1143
792 1888
1286 894
1286 894
1286 894
1286 894
894 452
894 452
894 452
894 452
1158 146
452 894
452 894
452 894
452 894
1280 452
1158 13
1158 328
1158 1585
1158 1660
1158 1767
1158 1873
1158 1986
1158 1276
150 92
150 794
150 1750
150 1873
1193 1143
1193 1257
1193 1579
1193 1857
1962 1898
1286 452
1286 452
1286 452
1286 452
1581 1952
942 840
942 1150
942 1997
1286 1668
1286 1668
452 894
452 894
452 894
584 1143
452 894
452 894
452 894
1952 1952
986 1158
452 690
452 690
452 690
452 690
452 1286
452 1286
452 1286
452 1286
216 1898
216 1962
1286 690
1286 894
1286 894
690 1286
1286 690
690 452
1705 832
1286 690
690 1286
349 1257
510 510
510 510
510 510
510 510
510 510
510 510
897 1376
792 1888
792 1888
452 690
1219 1219
690 452
478 89
478 164
478 209
478 265
478 271
478 464
478 510
478 555
478 557
478 584
478 598
478 689
478 712
478 1240
478 1429
478 1509
478 1522
478 1669
478 1673
478 1730
478 1877
478 1986
1705 410
1705 374
150 1750
349 1873
1257 1143
349 1873
510 1143
510 1257
1880 1191
1880 1425
1954 2026
938 510
938 1143
938 1257
1257 510
1257 938
1257 1143
1668 2009
792 1888
938 510
938 1143
938 1257
340 1700
584 1843
1624 1624
1624 1624
1624 1624
1624 1624
1513 1705
1796 1700
1338 452
1338 1951
1338 245
1338 546
584 1143
1954 2026
621 621
894 1286
894 1286
1286 894
1286 894
1163 277
1905 1668
1705 457
938 510
938 1143
938 1257
1257 510
1257 938
1257 1143
1873 756
1873 1439
1387 992
938 510
938 1143
938 1257
1798 546
1873 216
1873 1898
1873 1962
1257 1898
1257 1873
1873 510
992 1387
156 1705
1873 1257
1962 998
1962 1257
1962 1832
1962 1873
177 452
510 1873
992 1616
251 0
1624 1624
1624 1624
1624 1624
1624 1624
1257 1873
24 1257
24 1898
792 1888
510 24
510 1257
510 1898
832 1873
1627 0
497 245
497 1158
497 1705
497 1951
497 546
497 1700
792 1888
1832 349
1036 79
1036 1158
1036 1194
1036 1305
1036 1376
1036 1443
1036 1980
358 452
358 798
1439 1143
584 1688
1743 1873
792 1888
1832 1487
1504 1873
1439 510
1439 1873
1197 1143
1504 1873
510 1439
1487 1832
1327 452
1327 452
1327 712
1327 712
1327 244
1327 357
1327 409
1327 452
1327 571
1327 896
1327 1069
1327 1157
1327 1586
419 419
938 1143
938 1197
78 1705
1832 1487
1487 1832
1832 202
1832 1585
466 1705
1910 1705
1952 1952
1585 1832
1954 2026
1439 510
792 1888
792 1888
1954 2026
792 1888
358 452
358 1191
1954 2026
792 1888
584 1143
792 1888
792 1888
1767 797
1767 797
1767 797
1767 797
1767 797
1767 797
1767 1357
1767 1357
1767 1357
1767 1357
1767 1357
1767 1357
1257 832
792 1888
837 1873
1257 1873
792 1888
881 1158
881 1305
881 1376
881 1593
881 1905
1574 452
792 1888
349 202
792 1888
1832 1585
349 202
1869 1869
756 1873
349 202
787 1705
787 1873
202 349
832 1873
1873 1257
1952 1952
202 349
1873 584
1873 1688
1873 510
1873 1439
1873 584
1873 1143
538 828
538 917
538 1257
538 1562
538 1767
538 1873
1439 1873
1873 1585
1873 1832
1873 584
1873 1679
1873 1688
202 1873
1625 1625
510 1439
1873 584
1873 1679
1873 1688
792 1888
792 1888
516 516
942 216
942 840
942 1150
942 1997
942 216
942 840
942 1150
942 1997
792 1888
1973 428
1973 998
792 1888
1624 1624
1624 1624
1624 1624
1624 1624
832 1257
1954 2026
358 452
2009 1668
878 1705
1931 1873
1624 1624
1624 1624
1624 1624
1624 1624
1889 1705
1197 1143
1956 1873
1880 1668
1880 1668
1373 1705
1679 584
1679 1688
1679 1873
1688 203
1688 1679
1688 1705
