0 1695
1368 1368
1368 1368
1368 1368
1368 1368
1368 1368
1368 1368
2026 1954
1368 1143
1956 1873
1585 384
1585 478
1585 1668
1368 1873
1873 832
1797 894
1873 832
1668 1575
1197 1143
763 1158
1579 1143
1579 1197
227 1158
992 868
868 992
868 452
1799 1158
992 868
1575 1668
510 20
1197 1143
1893 1143
1893 1197
1668 1575
1286 1434
804 1158
1197 1143
1668 1880
1668 1880
1873 283
452 1668
452 1668
1973 20
0 1668
0 1968
1499 1797
1873 20
1873 1973
1197 1143
1257 24
1257 1898
584 1439
584 1579
1197 1143
1962 868
1962 1575
1962 1585
1962 1668
1962 1832
1973 20
1973 1873
1575 868
1575 1585
1575 1668
1575 1832
1575 1962
1962 868
1962 1575
1962 1585
1962 1668
1962 1832
584 1439
584 1579
584 1143
1257 1873
1286 1392
1843 1143
1843 1197
1843 1893
584 1143
452 1880
1893 1143
1893 1197
1893 1843
1843 1143
1843 1197
894 1191
1843 1143
1843 1197
832 1873
1668 1575
729 1668
1197 1143
1668 729
1575 1668
1997 1143
1585 1575
1668 1575
1997 1143
1617 1158
1617 1376
1617 1158
1617 1158
1617 1376
1617 1376
1549 475
1549 1875
1322 1840
894 1905
1973 20
1277 1143
1286 475
1286 1549
1286 1875
1575 1668
868 1575
868 1668
1893 1143
1575 868
1197 1143
1585 868
894 1905
1668 690
1368 1143
362 1376
851 1898
1257 1898
1997 851
1997 1898
1427 1873
1257 1143
1757 1158
1668 1880
1668 1880
1893 851
1893 1898
1893 1997
1997 851
1997 1893
1997 1898
37 1439
1668 1880
86 1158
262 1158
1669 1873
216 1257
216 1898
1276 452
1668 1367
485 1965
485 1965
485 1965
485 1965
485 1965
485 1965
1997 1143
1668 1955
1668 1955
1257 202
1257 344
1257 349
1257 944
1257 1585
1257 1767
1257 1873
1257 1986
986 546
1873 1257
1893 851
1893 1898
1893 1997
1368 216
1368 1257
1368 1898
1843 1143
1843 1997
1893 851
1893 1898
1893 1997
832 1873
1843 1143
1843 1197
1838 1668
2026 894
894 2026
2026 894
1873 1962
868 1668
1997 1143
1838 154
584 1873
216 1143
2026 894
33 1143
154 1286
154 1838
894 2026
2026 894
1873 1439
154 1286
1873 1285
1873 1873
136 1158
475 328
475 1549
475 1747
475 1767
475 1986
1997 1143
1286 154
154 1286
1973 20
1838 10
1838 10
1838 10
1838 116
1838 116
1838 116
1838 154
1838 154
1838 154
1838 411
1838 411
1838 411
1838 418
1838 418
1838 418
1838 433
1838 433
1838 433
1838 456
1838 456
1838 456
1838 555
1838 555
1838 555
1838 557
1838 557
1838 557
1838 573
1838 573
1838 573
1838 712
1838 712
1838 712
1838 826
1838 826
1838 826
1838 866
1838 866
1838 866
1838 868
1838 868
1838 868
1838 889
1838 889
1838 889
1838 915
1838 915
1838 915
1838 964
1838 964
1838 964
1838 977
1838 977
1838 977
1838 998
1838 998
1838 998
1838 1018
1838 1018
1838 1018
1838 1119
1838 1119
1838 1119
1838 1134
1838 1134
1838 1134
1838 1213
1838 1213
1838 1213
1838 1257
1838 1257
1838 1257
1838 1276
1838 1276
1838 1276
1838 1322
1838 1322
1838 1322
1838 1381
1838 1381
1838 1381
1838 1439
1838 1439
1838 1439
1838 1575
1838 1575
1838 1575
1838 1585
1838 1585
1838 1585
1838 1668
1838 1668
1838 1668
1838 1832
1838 1832
1838 1832
1838 1844
1838 1844
1838 1844
1838 1873
1838 1873
1838 1873
1838 1961
1838 1961
1838 1961
1838 1962
1838 1962
1838 1962
1838 1986
1838 1986
1838 1986
1838 2005
1838 2005
1838 2005
1549 328
1549 475
1549 1747
1549 1767
1549 1986
1276 328
1276 475
1276 1549
1276 1747
1276 1767
1276 1986
1579 216
1579 1143
1549 328
1549 475
1549 1276
1549 1747
1549 1767
1549 1986
793 998
1579 1143
793 1962
1579 1997
510 1873
1880 1668
1962 1873
1579 1143
1579 1277
510 525
510 828
1838 534
1838 1726
1838 1832
1838 1873
510 1838
1838 510
584 1143
136 1158
712 452
475 328
475 1549
475 1747
475 1767
475 1986
629 1286
510 478
510 1766
510 1873
1579 1579
1257 1898
1383 1158
1257 1898
1997 1257
1997 1873
1549 328
1549 475
1549 1747
1549 1767
1549 1986
729 1286
1257 1997
739 1705
1873 1257
1873 1997
792 1888
1439 1257
1439 1832
1439 1873
1579 1143
1579 1997
1439 998
817 277
1257 1439
340 546
1873 998
1873 1439
998 1873
1873 1257
1873 1439
1962 1873
1439 1873
1893 1257
1893 1898
1893 1143
222 1158
690 452
1257 1898
1873 1962
1439 1873
1197 1143
1893 1257
1893 1898
1873 1257
1873 1898
1893 1143
1257 1873
690 784
1286 1271
37 11
37 1439
1998 0
1585 1766
1257 1439
1873 1585
1873 1766
1766 1873
1873 11
1873 1439
1873 1257
1873 1893
1873 1898
1997 1257
1997 1873
1997 1893
1997 1898
1439 1257
1257 1439
1766 1873
1873 1257
1873 1439
1873 1766
510 1873
510 1893
510 1997
510 2010
1893 510
1893 1873
1893 1997
1893 2010
1197 1143
1439 1873
1585 1873
340 1700
1873 480
1766 1585
600 1951
1579 1143
1579 1197
1873 1766
1766 1873
340 1705
851 95
851 510
851 1079
851 1893
851 1898
851 1997
1873 1257
1873 1439
1873 1832
478 510
478 1766
1997 95
1997 827
1997 964
1997 1257
1997 1662
1997 1893
1997 1898
510 478
510 1766
1579 95
1579 510
1579 851
1579 1257
1579 1873
1579 1893
1579 1898
1579 1997
851 95
851 510
851 1257
851 1873
851 1893
851 1898
851 1997
410 1257
1766 510
349 1705
510 1873
510 1893
510 1997
510 2010
1581 1952
1997 964
1997 1257
1997 1893
1997 1898
1257 1997
510 1257
510 1997
1439 1873
811 811
1668 1017
1158 358
1668 55
1668 55
1668 55
1668 55
1668 55
1668 55
584 1143
1873 1439
1617 510
1617 1873
362 1705
1439 1873
222 1158
271 271
1905 894
1439 20
1905 894
1277 1143
1277 1143
868 992
1158 1191
1668 88
1668 1668
690 452
1158 1191
1197 1143
1617 510
1617 1673
1617 1873
1439 1143
1796 1700
1439 1143
1307 1158
1617 1158
0 1642
0 1668
1277 1143
992 868
1439 20
1617 1158
1617 1768
1791 1766
1197 1143
338 1143
997 1668
997 1668
584 1143
1873 584
1873 1143
1973 584
1973 1143
1973 1873
1873 1439
1873 584
1873 1143
1873 1973
1509 145
1509 2026
1368 1143
228 226
1257 20
362 1705
1973 20
1973 1257
362 1705
736 1143
736 1178
736 1651
736 736
736 736
736 736
736 736
338 1143
210 210
584 1873
1588 245
1973 998
1973 1257
1973 1873
1973 1997
1893 1143
1016 1951
1016 1158
1962 1873
1439 1257
1439 1873
840 1150
1873 1257
1873 1439
1368 20
1521 840
1521 1150
1439 1873
1262 1158
1617 1286
729 1668
1873 1439
1668 729
784 448
784 452
584 1143
840 1147
1624 1624
1624 1624
1624 1624
1624 1624
828 1873
1439 1257
1439 1832
1439 1873
1311 1873
2008 1951
1439 1257
1439 1832
1439 1873
431 1705
4 1158
1158 177
1808 1705
283 1873
1952 1952
752 1286
1439 1873
1893 1143
1997 840
1997 1150
1997 1521
1257 1873
1577 1143
1577 1368
0 452
1873 1257
1952 1952
1832 1257
1832 1439
1832 1873
1439 1832
1197 1143
1973 998
1973 1257
1973 1873
1973 1997
1197 1143
249 712
1158 396
340 1700
249 712
1509 2026
572 277
1873 998
1873 1257
1873 1973
1873 1997
2026 1509
1973 1898
402 1143
402 1857
840 1150
0 452
480 1705
1838 1679
1838 1766
1986 152
1197 1143
1276 452
396 452
154 1668
1286 1271
480 1873
1579 402
1579 1143
1579 1857
1893 1143
1197 1143
1368 1898
1893 1898
1893 1973
1911 1504
1521 1368
1521 1898
1521 1368
1521 1898
1617 510
1617 1873
510 1893
510 1898
510 1973
1509 1668
1509 2026
33 1143
464 2026
2026 1509
1668 154
1997 152
1997 1986
1668 154
992 121
992 1856
1668 464
1668 2026
216 152
1881 1668
216 1986
216 1997
1668 633
1832 1257
1832 1439
1832 1873
1905 1668
1742 464
1742 1668
1742 2026
1668 1880
464 1742
1277 1143
1880 1668
1880 1668
1276 1585
1268 535
1668 2026
1668 1905
1038 1158
1038 1276
1668 154
1668 2026
2026 1668
1880 452
1880 452
1880 1668
1880 1668
1434 1286
1813 1705
345 1705
1668 1585
906 1705
1668 1880
584 1898
510 1079
510 1687
510 1873
1668 55
1668 55
1668 55
1668 55
1668 55
1668 55
832 1257
832 1873
1617 1158
1668 1880
1668 1880
1119 384
1119 478
1119 1575
1119 1668
1668 703
1668 1880
992 868
1521 584
1521 1898
1668 1880
1617 1158
1617 1376
717 0
938 1143
938 1197
1893 1143
1579 33
1579 1143
1668 1880
1191 894
510 1873
1277 1143
1277 1143
1197 1143
1617 510
1617 1673
1617 1873
340 1705
851 535
851 1268
1624 1624
1624 1624
1624 1624
1624 1624
1997 1873
851 535
851 1268
1873 1997
1521 1143
402 1143
402 1857
1286 1875
510 1873
868 154
868 992
1197 1143
1997 1873
362 1705
992 868
868 992
1286 452
1286 452
1286 452
1286 452
1286 452
840 591
840 1472
992 868
1873 187
1873 1873
868 992
510 1873
1579 1143
1579 1521
1368 584
1368 1521
1368 1898
992 868
216 402
216 1143
216 1857
410 1143
868 992
1158 1880
1579 1143
1579 1197
1880 452
1286 869
1579 216
1579 402
1579 1143
1579 1857
868 1286
902 1143
1439 1832
1579 1143
1579 1197
1668 1880
1286 868
358 452
358 1191
598 598
1392 1286
452 177
584 1143
868 452
868 452
868 1668
868 1668
1286 1286
410 20
584 1143
1873 1439
1873 1832
1585 349
1585 349
1585 1257
1585 1257
1585 1425
1585 1425
1585 1767
1585 1767
1585 1769
1585 1769
1585 1873
1585 1873
840 682
840 1586
405 277
1997 840
1997 1109
1997 1586
840 840
840 1109
840 1586
1271 1286
1997 535
1997 851
1997 1268
584 1143
358 452
1873 361
1873 411
1873 828
370 452
1873 20
1873 510
1873 1368
1191 452
1439 1257
1439 1832
1439 1873
1873 1910
1873 510
1873 510
271 1143
411 1873
251 0
1873 228
1257 1873
1257 1997
1838 11
1838 11
1838 11
1838 118
1838 118
1838 118
1838 154
1838 154
1838 154
1838 265
1838 265
1838 265
1838 418
1838 418
1838 418
1838 456
1838 456
1838 456
1838 464
1838 464
1838 464
1838 478
1838 478
1838 478
1838 510
1838 510
1838 510
1838 573
1838 573
1838 573
1838 584
1838 584
1838 584
1838 689
1838 689
1838 689
1838 826
1838 826
1838 826
1838 903
1838 903
1838 903
1838 979
1838 979
1838 979
1838 998
1838 998
1838 998
1838 1190
1838 1190
1838 1190
1838 1240
1838 1240
1838 1240
1838 1257
1838 1257
1838 1257
1838 1322
1838 1322
1838 1322
1838 1368
1838 1368
1838 1368
1838 1429
1838 1429
1838 1429
1838 1439
1838 1439
1838 1439
1838 1509
1838 1509
1838 1509
1838 1509
1838 1509
1838 1509
1838 1575
1838 1575
1838 1575
1838 1585
1838 1585
1838 1585
1838 1628
1838 1628
1838 1628
1838 1668
1838 1668
1838 1668
1838 1669
1838 1669
1838 1669
1838 1717
1838 1717
1838 1717
1838 1750
1838 1750
1838 1750
1838 1766
1838 1766
1838 1766
1838 1791
1838 1791
1838 1791
1838 1832
1838 1832
1838 1832
1838 1873
1838 1873
1838 1873
1838 1877
1838 1877
1838 1877
1838 1962
1838 1962
1838 1962
1838 1986
1838 1986
1838 1986
1838 2000
1838 2000
1838 2000
1286 1668
1286 1668
584 1873
1873 828
1873 1910
792 1888
1624 1624
1624 1624
1624 1624
1624 1624
1911 349
1911 1257
1911 1382
1911 1767
1911 1873
1911 1986
452 1266
1873 1257
1873 1997
1873 410
1994 1143
410 1873
1273 327
1273 635
1617 1158
259 700
1617 79
1617 1158
840 591
840 1472
362 79
1873 410
128 1158
1893 1143
1974 1273
1158 1747
274 274
340 1700
1952 1952
1439 1143
1580 1257
1580 1705
1763 1763
264 1997
136 1158
650 245
777 1158
1873 264
1873 1997
1193 1143
1873 1586
1873 1586
121 1856
443 1158
1705 510
1991 1143
1991 1193
177 452
1997 840
1997 1586
1997 1873
1997 264
1997 1873
1997 1898
1257 1143
1158 358
584 1143
1158 358
1880 1668
24 1898
24 1997
1991 1143
1991 1257
1158 358
792 1888
452 1266
1158 358
264 1997
24 264
24 1997
1439 1143
1439 1143
1439 1873
1439 1143
1158 1519
510 24
792 1888
1873 24
1873 510
1158 629
1273 1974
340 1705
1163 277
1158 1880
497 1158
497 1705
497 1951
497 546
497 1700
431 992
1158 1257
881 1158
881 1158
881 1305
881 1305
881 1376
881 1376
881 1693
881 1693
881 1700
881 1700
1875 1286
77 1700
1991 584
1991 1143
1566 452
1384 452
1158 1200
1368 24
1368 510
1368 1873
792 1888
1624 1624
1624 1624
1624 1624
1624 1624
1158 177
1197 1143
869 1286
792 1888
1640 1376
584 1143
1327 452
1327 452
1327 712
1327 712
1327 244
1327 357
1327 409
1327 452
1327 571
1327 896
1327 1069
1327 1157
1327 1586
1766 1679
1384 452
1962 1679
1962 1766
1627 0
1766 1962
1624 1624
1624 1624
1624 1624
1624 1624
1873 1766
1873 1962
251 0
792 1888
1952 1952
1880 452
584 1143
251 0
1873 1905
1017 1668
1905 1668
729 1668
1952 1952
1796 1700
1991 1143
1668 729
1668 1905
1277 1143
881 448
881 1158
881 1376
1338 245
1338 452
1338 546
1338 1951
992 1387
992 1721
992 1071
992 1412
1687 510
1687 1873
1504 1911
251 0
1221 1376
942 840
942 1150
942 1521
942 1997
1911 1504
1668 1905
1504 1911
1997 24
1997 510
1997 1368
1997 1873
1197 1143
701 452
1991 1143
1991 1197
452 701
1991 1143
1991 1197
619 840
1997 1898
1832 1439
1832 1257
1832 1439
1832 1873
1991 1143
1991 1197
1952 1952
881 1158
881 1305
881 1376
881 1593
881 1905
455 1705
358 452
1624 1624
1624 1624
1191 894
358 452
358 798
1624 1624
1624 1624
1624 1624
1624 1624
358 452
1880 1119
358 452
1654 1158
1880 1668
1191 452
1880 452
1880 1668
591 216
1905 1873
1905 1668
274 274
177 452
637 1705
1624 1624
1624 1624
1624 1624
1624 1624
177 452
1627 0
1905 1668
1880 1668
1905 1873
805 1873
805 1962
1625 1625
358 328
358 475
358 1549
358 1767
358 1986
358 328
358 475
358 1549
358 1767
358 1986
358 328
358 475
358 1549
358 1767
358 1986
811 811
828 1873
1266 452
591 216
591 840
1266 452
1905 1668
837 1873
1861 452
828 1873
1627 0
1266 452
1180 1705
1266 452
1266 452
1156 1158
1931 1873
935 1705
222 1158
1439 1257
1439 1832
1439 1873
1373 1705
222 1158
1094 1158
33 1143
1579 33
1579 1143
