0 1668
1997 1143
1997 1143
1368 1873
1997 1143
1873 410
1669 1873
1439 1143
1873 1217
1873 1439
216 1257
216 1898
33 1143
402 1143
1197 1143
1197 1143
998 33
1893 1143
1277 20
998 1277
1893 1143
510 851
510 998
510 1257
510 1873
510 1997
1197 1143
510 1873
410 1873
510 1873
1799 1158
1579 1143
1579 1197
33 1143
244 328
244 409
244 452
244 1057
244 1586
244 1767
244 1905
244 1986
1832 1257
1832 1439
1832 1873
701 1668
1540 452
998 20
1197 1143
227 1158
998 1257
998 1873
1579 1143
1579 1197
1286 1875
1540 452
1624 1257
1624 1873
804 1158
1579 1143
1579 1439
1257 1832
510 20
510 998
154 992
1439 1579
1439 1832
992 154
1579 1439
33 1143
510 478
510 1509
1832 1439
154 992
1668 729
992 154
868 1585
868 1838
1873 998
1873 1257
1873 283
1439 1832
1873 1346
1178 409
1178 464
1178 1873
998 1873
1257 998
1257 1873
1257 1962
1668 633
1668 382
1257 1873
1668 382
1668 1880
510 1873
1668 701
1668 1880
464 1873
1668 729
1668 729
382 1668
1668 729
1668 382
1873 409
1873 464
1873 1178
729 1668
1873 998
1873 998
1873 1257
1873 1962
1791 478
1791 510
1791 1509
1873 464
1873 1257
1962 998
1962 1257
1962 1873
1075 452
1257 202
1257 349
1257 1585
1257 1832
1257 1873
1257 1986
992 154
464 1873
868 154
868 992
1873 998
1873 1257
1873 1962
1257 1898
1873 464
1838 11
1838 11
1838 11
1838 118
1838 118
1838 118
1838 154
1838 154
1838 154
1838 265
1838 265
1838 265
1838 418
1838 418
1838 418
1838 456
1838 456
1838 456
1838 464
1838 464
1838 464
1838 478
1838 478
1838 478
1838 510
1838 510
1838 510
1838 573
1838 573
1838 573
1838 584
1838 584
1838 584
1838 689
1838 689
1838 689
1838 826
1838 826
1838 826
1838 903
1838 903
1838 903
1838 979
1838 979
1838 979
1838 998
1838 998
1838 998
1838 1190
1838 1190
1838 1190
1838 1240
1838 1240
1838 1240
1838 1257
1838 1257
1838 1257
1838 1322
1838 1322
1838 1322
1838 1368
1838 1368
1838 1368
1838 1429
1838 1429
1838 1429
1838 1439
1838 1439
1838 1439
1838 1509
1838 1509
1838 1509
1838 1509
1838 1509
1838 1509
1838 1575
1838 1575
1838 1575
1838 1585
1838 1585
1838 1585
1838 1628
1838 1628
1838 1628
1838 1668
1838 1668
1838 1668
1838 1669
1838 1669
1838 1669
1838 1717
1838 1717
1838 1717
1838 1750
1838 1750
1838 1750
1838 1766
1838 1766
1838 1766
1838 1791
1838 1791
1838 1791
1838 1873
1838 1873
1838 1873
1838 1877
1838 1877
1838 1877
1838 1962
1838 1962
1838 1962
1838 1986
1838 1986
1838 1986
1838 2000
1838 2000
1838 2000
1585 868
992 868
992 868
868 1585
868 992
763 1158
992 868
510 1257
510 1832
510 1873
1257 1873
1257 1962
1769 1873
1873 1257
1873 1962
629 1549
629 1549
1549 629
1549 629
1257 1898
1276 291
1276 452
1197 1143
136 1158
851 1257
851 1873
584 1873
1276 452
0 643
0 1668
1286 1392
1011 452
992 154
1286 712
1503 1503
1197 1143
1392 1286
1439 1397
1392 1286
1791 1439
1791 1669
1791 1873
1893 1257
1893 1898
1838 1585
1838 1668
1439 1832
2026 452
1997 998
1997 1257
1997 1873
1997 1962
1668 1838
1368 1257
1368 1893
1368 1898
1997 1143
1997 1197
1838 1668
1439 1257
1439 1832
1439 1873
1873 998
1873 1257
1873 1962
1873 1997
1997 998
1997 1257
1997 1873
1997 1962
1873 828
33 1143
33 1197
33 1997
1873 998
1873 1257
1873 1962
1873 1997
1873 828
1873 1987
851 33
86 1158
1997 33
1997 1143
1997 1197
262 1158
1579 33
1579 1143
584 1257
584 1873
1998 0
986 546
208 452
1276 368
1276 452
1873 1493
1812 452
1276 1895
1579 1143
1579 1197
1893 1143
1276 1895
136 1158
712 292
712 292
712 452
712 452
712 1668
712 1668
712 1812
712 1812
1439 851
1439 1873
1439 20
1832 1257
1832 1322
1832 1585
1832 1838
1832 1873
292 452
292 452
292 712
292 712
292 1668
292 1668
292 1812
292 1812
1286 1875
1257 209
1257 1322
1257 1585
1257 1832
1257 1873
1838 1257
1838 1322
1838 1585
1838 1832
1838 1873
1832 103
1832 1257
1832 1439
1832 1873
1757 1158
1276 368
1276 452
402 1143
998 1257
998 1439
998 1832
998 1873
584 33
584 1143
584 1197
584 1997
1439 1832
1873 510
510 1873
1668 729
584 33
584 1143
584 1197
584 1997
1579 33
1579 584
1579 1143
1579 1197
1579 1997
1257 1079
1257 1322
1257 1585
1257 1832
1257 1838
1581 1952
1579 402
1579 1143
1119 797
1119 797
1119 797
1119 797
1119 797
1119 797
1119 1357
1119 1357
1119 1357
1119 1357
1119 1357
1119 1357
1322 89
1322 89
1322 315
1322 315
1322 464
1322 464
1322 1509
1322 1509
1322 1668
1322 1668
1322 1791
1322 1791
1322 1873
1322 1873
868 154
868 992
739 1705
1668 2026
1290 1290
33 1143
792 1888
402 1143
1668 634
1668 1286
1668 1286
1843 402
1843 1143
1158 1540
1668 154
1668 868
1875 1951
1767 1873
210 210
1875 1286
1197 1143
1286 1668
1286 1668
1668 1286
1668 1286
998 1873
840 1150
1286 1668
1286 1668
1668 1286
1668 1286
592 1951
1286 1668
1286 1668
992 868
584 1257
584 1873
1668 1286
1668 1286
1257 1898
1257 584
1257 1873
1158 1812
894 955
1997 33
1997 1143
1257 998
1257 1873
1257 1997
1158 1011
283 1873
792 1888
584 1257
584 1873
1767 452
1368 1143
1893 1143
216 1257
216 1898
1893 1143
1036 1158
1036 1376
1036 1693
452 937
452 1618
452 1812
1439 584
1301 1286
216 840
216 942
216 1150
840 216
840 942
840 1150
894 1875
1997 216
1997 840
1997 942
1997 1150
840 1150
0 452
1668 894
1668 894
1668 894
1257 1143
1618 452
1618 937
1618 1812
1618 452
1618 1812
937 452
1439 1832
1276 1269
868 992
1873 1767
1873 584
1873 1439
1980 1668
1980 1668
1873 584
1873 1439
1439 998
1439 1257
1439 1832
1439 1873
1439 1873
1276 1668
1276 2026
1257 998
1257 1439
1257 1832
1257 1873
11 1439
11 1669
11 1791
11 1873
1796 1700
1119 452
992 868
1893 1143
584 1143
998 1143
1197 1143
1668 1618
992 868
1668 1355
1668 1668
402 1143
584 1143
11 998
11 1439
1668 206
1668 1668
33 1143
1873 1257
1257 1873
340 546
1119 452
1206 1276
736 552
736 627
736 1143
1668 475
1668 729
1668 854
1579 33
1579 1143
1439 11
1493 1705
736 736
736 736
736 736
736 736
1873 11
1873 1439
868 992
33 1143
33 1579
1668 1497
1668 1668
1668 475
1368 1143
1439 11
992 868
851 1143
851 1197
1197 1143
1952 1952
340 1705
1197 1143
1875 1951
1286 1434
1669 11
1669 1439
1668 1585
1668 1628
793 805
793 998
793 1873
1579 1143
1579 1197
1668 1955
1668 1955
584 11
584 1439
584 1669
340 1700
1873 1493
1873 1493
1493 1873
1579 402
1579 1143
1668 1278
1668 1668
1197 1143
1197 1579
1673 520
1673 1500
1673 1769
792 1888
1257 1873
271 271
851 1143
851 1197
851 1579
1197 1143
1875 1286
1197 851
1640 1376
1668 1880
1668 1880
1997 851
1997 1143
1997 1197
1997 1579
1579 851
1579 1143
1579 1197
1579 1997
1277 1143
1439 1873
1197 1143
1277 1143
992 121
1579 851
1579 1143
1579 1197
1579 1997
1838 23
1838 23
1838 23
1838 154
1838 154
1838 154
1838 384
1838 384
1838 384
1838 411
1838 411
1838 411
1838 433
1838 433
1838 433
1838 452
1838 452
1838 452
1838 456
1838 456
1838 456
1838 555
1838 555
1838 555
1838 557
1838 557
1838 557
1838 573
1838 573
1838 573
1838 665
1838 665
1838 665
1838 712
1838 712
1838 712
1838 826
1838 826
1838 826
1838 866
1838 866
1838 866
1838 868
1838 868
1838 868
1838 903
1838 903
1838 903
1838 915
1838 915
1838 915
1838 964
1838 964
1838 964
1838 998
1838 998
1838 998
1838 1119
1838 1119
1838 1119
1838 1134
1838 1134
1838 1134
1838 1213
1838 1213
1838 1213
1838 1240
1838 1240
1838 1240
1838 1257
1838 1257
1838 1257
1838 1277
1838 1277
1838 1277
1838 1322
1838 1322
1838 1322
1838 1439
1838 1439
1838 1439
1838 1575
1838 1575
1838 1575
1838 1585
1838 1585
1838 1585
1838 1668
1838 1668
1838 1668
1838 1669
1838 1669
1838 1669
1838 1815
1838 1815
1838 1815
1838 1832
1838 1832
1838 1832
1838 1844
1838 1844
1838 1844
1838 1873
1838 1873
1838 1873
1838 1961
1838 1961
1838 1961
1838 1962
1838 1962
1838 1962
1178 1257
1178 1873
1197 1143
4 1158
1178 1257
1178 1873
851 1898
1197 1143
992 1856
1368 20
1549 1668
1503 1503
1808 1705
1668 1671
1873 20
1873 1368
414 670
414 830
1277 1143
1873 1178
1873 1257
1579 1143
1579 1197
1873 228
1257 1368
1668 1875
1873 228
1668 840
1873 1257
1873 1368
1668 729
1873 1873
1668 729
1668 634
1873 1687
1873 510
1579 1143
1579 1368
894 1905
1197 33
1197 1143
894 1286
894 1286
894 1905
1997 1143
992 121
992 1856
1838 1585
1838 1668
1509 145
1509 2026
423 452
423 568
423 868
729 1286
1873 12
1873 1603
1577 1143
1577 1893
717 0
1581 1952
1873 228
1668 1322
584 1143
2026 1954
992 149
992 306
998 584
1257 1178
1257 1873
736 584
736 1143
345 1705
1511 1668
1511 1668
2026 452
1397 1397
1397 1668
2026 1954
1368 1257
1368 1873
2026 452
1368 1898
986 546
986 1158
216 1368
216 1898
1379 1143
1197 1143
1668 1585
998 428
0 1430
0 1668
2026 452
906 1705
894 1286
894 1286
1668 1618
1668 55
1668 55
1668 55
1668 55
1668 55
1668 55
1579 1143
1579 1379
1368 216
1368 1898
0 643
0 1668
237 1705
1197 1143
1668 1812
1277 1143
1277 1143
1197 1143
894 1747
277 161
1197 1143
1197 1143
368 452
1158 1618
1158 1812
1116 277
792 1888
244 1286
792 1888
805 793
805 998
805 1873
1893 1143
868 992
1346 1873
1286 244
729 1668
33 1898
33 1973
1346 1873
1624 1624
1624 1624
1624 1624
1624 1624
1668 701
1579 1143
1579 1893
851 33
851 1898
851 1973
598 598
1880 1668
992 868
997 1376
1997 216
1997 1368
1997 1898
216 1368
216 1898
216 1997
1880 1668
1668 729
1600 1174
868 452
510 216
510 1368
510 1898
510 1997
1719 1705
1286 1392
452 868
1158 1119
1286 452
1286 452
1022 452
1286 452
1286 452
1286 452
1158 1039
244 1286
1668 1276
1197 1143
1668 1880
1286 1286
902 1143
1276 452
1895 1276
851 418
851 816
851 1767
851 1791
851 1873
851 1986
897 1204
793 603
793 603
992 868
1767 851
1392 1286
1493 1873
729 1668
868 992
1668 729
1286 1392
1392 1286
629 1286
1579 584
1579 1143
992 868
418 816
418 851
418 1767
418 1791
418 1873
418 1986
452 1276
443 1158
868 992
1276 452
992 868
735 998
894 358
121 992
1624 1624
1624 1624
1624 1624
1624 1624
328 452
1368 1143
828 1873
792 1888
1987 1873
128 1158
1197 1143
894 1191
851 418
851 816
851 1767
851 1791
851 1873
851 1986
792 1888
986 546
830 414
986 1158
1276 1585
1286 1668
1286 1668
1215 1158
584 1143
584 1579
1875 1090
1286 1392
1905 571
1905 571
1905 571
1439 1585
1439 1873
1986 797
1986 797
1986 797
1986 797
1986 797
1986 797
1276 194
1668 1286
1668 1286
1215 1158
1286 1668
1286 1668
1628 1838
1895 1276
368 452
368 1276
792 1888
792 1888
1838 1628
1895 1276
1439 1873
338 1143
1585 1276
228 226
228 1257
1158 690
894 1191
510 1079
452 1585
510 1687
1997 33
1997 851
1997 1898
1997 1973
458 1158
998 793
998 805
998 1079
1268 1997
998 20
1875 1668
1998 0
1873 1257
410 20
410 998
1500 338
792 1888
1585 452
12 1873
1812 1668
452 1585
452 1585
452 1668
452 1668
1585 452
1585 452
452 1585
452 1585
992 868
992 1550
1439 11
1905 894
271 1143
452 1779
1838 1668
1585 452
1585 452
1905 894
452 1585
452 1585
228 1873
1585 452
1585 452
452 1585
452 1585
1158 1021
1158 1194
1158 1276
1197 1143
1585 452
1585 452
1197 1143
11 1439
1368 1898
1994 1143
1994 1197
1581 1952
1577 1143
1577 1197
1577 1994
12 1873
410 998
410 1257
410 1873
410 1962
228 1873
1881 992
410 1873
816 1873
216 1368
216 1898
1158 2026
340 1700
729 506
1997 1268
1997 1500
1158 2026
1513 1705
881 448
881 1158
881 1376
1158 2026
1368 216
1368 1898
1257 410
998 1268
998 1500
998 1997
1197 1143
851 1997
1875 1090
1668 1585
1668 1585
1668 1812
998 410
998 1257
998 1873
998 1962
998 1439
851 1997
868 992
617 1700
410 998
410 1257
410 1873
410 1962
584 1873
1997 851
1577 1143
1577 1197
998 1143
998 1464
998 1464
1257 1873
228 226
1268 1997
251 0
955 894
1257 202
1257 349
1257 1585
1257 1767
1257 1832
1257 1873
340 1705
1577 1143
1577 1197
792 1888
1997 1143
1197 1143
955 894
992 868
729 1668
1197 1143
1197 1577
1197 1143
868 992
1197 1143
997 1668
997 1668
942 840
942 1150
1973 1143
584 20
584 410
584 998
1197 1143
1577 1143
1577 1197
792 1888
792 1888
1624 1624
1624 1624
1624 1624
1624 1624
251 0
1577 1143
1577 1197
832 1257
832 1873
497 245
1277 584
497 1158
497 1951
497 1705
497 546
497 1700
1627 0
998 1873
1873 832
1439 998
1873 998
1873 1439
792 1888
1257 410
1257 998
1257 1873
1257 1962
410 1898
410 20
1873 11
1873 20
1873 410
942 840
942 1150
1624 1624
1624 1624
1624 1624
1624 1624
729 1668
24 1898
1668 729
729 1668
1997 24
1997 1898
1973 1277
1286 629
1873 816
228 1873
1624 1624
1624 1624
1624 1624
1624 1624
962 510
1257 1585
1521 410
1521 1898
688 1705
1952 1952
452 328
1873 228
1838 1668
1327 452
1327 452
1327 712
1327 712
1327 244
1327 357
1327 409
1327 452
1327 571
1327 896
1327 1069
1327 1157
1327 1586
1997 24
1997 1898
1439 1873
1585 1257
1873 1257
1873 1585
1997 24
1997 33
1997 1898
1779 452
1500 33
1952 1952
1705 228
998 1873
998 1143
1997 1143
992 868
992 1550
1276 452
1276 452
1257 1873
1276 452
729 1990
1973 20
106 894
1973 20
868 1668
868 1838
1873 1257
584 1143
1257 1898
11 1873
1624 1624
1624 1624
1624 1624
1624 1624
1197 1143
1517 1376
1856 992
366 1705
366 1705
366 1705
1997 1257
1997 1898
1577 584
1577 1143
1197 1143
1197 1143
24 1257
24 1898
1585 868
1440 1158
868 1962
1585 868
1585 1668
1585 868
1585 1668
1585 1962
1880 1668
1577 1143
1577 1197
868 1585
868 1668
1440 546
1585 868
251 0
1873 344
1873 349
1997 24
1997 1257
1997 1898
1668 729
1687 1873
1577 1143
1577 1197
1838 202
1838 202
1838 202
1838 411
1838 411
1838 411
1838 418
1838 418
1838 418
1838 452
1838 452
1838 452
1838 464
1838 464
1838 464
1838 478
1838 478
1838 478
1838 538
1838 538
1838 538
1838 667
1838 667
1838 667
1838 1051
1838 1051
1838 1051
1838 1119
1838 1119
1838 1119
1838 1257
1838 1257
1838 1257
1838 1322
1838 1322
1838 1322
1838 1509
1838 1509
1838 1509
1838 1575
1838 1575
1838 1575
1838 1585
1838 1585
1838 1585
1838 1668
1838 1668
1838 1668
1838 1767
1838 1767
1838 1767
1838 1791
1838 1791
1838 1791
1838 1829
1838 1829
1838 1829
1838 1873
1838 1873
1838 1873
1838 1877
1838 1877
1838 1877
1838 1949
1838 1949
1838 1949
1838 1962
1838 1962
1838 1962
1838 2011
1838 2011
1838 2011
868 1585
1603 1873
1021 452
1021 1954
868 452
868 452
452 868
1585 868
868 452
868 1585
868 1585
1550 992
868 452
1954 2026
1585 868
1585 868
1687 1873
1219 1219
33 1143
1174 1600
453 1705
228 1873
851 1143
228 1873
1952 1952
1880 1668
1880 1668
1174 1600
1158 458
1624 1624
1624 1624
1624 1624
1624 1624
1158 1479
1031 1031
1158 1276
1158 1276
358 894
358 1191
1191 894
1090 1875
352 245
352 452
352 546
352 1951
1622 1705
349 202
349 1767
349 1873
349 1911
1090 1875
1434 1286
837 1873
452 868
1952 1952
1624 1624
1624 1624
1624 1624
1624 1624
1705 1060
443 1158
1585 1873
1163 277
1417 546
1191 452
1504 1911
1911 1504
1911 14
1911 202
1911 374
1911 458
1911 1207
1504 1911
1156 1158
1931 1873
881 448
881 1158
881 1376
1911 349
1796 1700
410 1143
1727 1705
222 1158
1197 1143
1373 1705
1585 868
1585 1668
1585 1832
1585 1962
1954 2026
1575 868
1575 1585
1575 1668
1575 1832
1575 1962
