1921 1951
510 510
510 510
510 510
510 510
510 510
510 1143
510 1873
862 349
1838 1257
1838 1322
1838 1257
1838 1322
1257 1838
1257 1838
1838 1257
938 851
938 1143
1838 1257
851 998
851 1257
851 1466
851 1500
851 1586
851 1853
851 1873
1838 1286
1838 1286
1838 1286
33 851
33 938
33 1143
1379 1143
1997 1143
763 1158
1893 1143
1521 998
1521 1257
1521 1873
1521 1962
1521 1997
1799 1158
1286 1875
1286 2005
1585 349
1257 349
1257 1585
1873 998
1873 1257
1873 1521
1873 1962
1873 1997
1973 1633
1997 998
1997 1257
1997 1521
1997 1873
1997 1962
1575 452
804 1158
998 689
1997 1143
1997 1143
584 11
584 11
584 11
584 119
584 119
584 119
584 154
584 154
584 154
584 164
584 164
584 164
584 277
584 277
584 277
584 433
584 433
584 433
584 456
584 456
584 456
584 478
584 478
584 478
584 510
584 510
584 510
584 555
584 555
584 555
584 557
584 557
584 557
584 573
584 573
584 573
584 826
584 826
584 826
584 903
584 903
584 903
584 998
584 998
584 998
584 1018
584 1018
584 1018
584 1119
584 1119
584 1119
584 1240
584 1240
584 1240
584 1257
584 1257
584 1257
584 1322
584 1322
584 1322
584 1368
584 1368
584 1368
584 1401
584 1401
584 1401
584 1429
584 1429
584 1429
584 1439
584 1439
584 1439
584 1575
584 1575
584 1575
584 1585
584 1585
584 1585
584 1618
584 1618
584 1618
584 1628
584 1628
584 1628
584 1668
584 1668
584 1668
584 1750
584 1750
584 1750
584 1766
584 1766
584 1766
584 1791
584 1791
584 1791
584 1838
584 1838
584 1838
584 1873
584 1873
584 1873
584 1877
584 1877
584 1877
584 1962
584 1962
584 1962
584 1986
584 1986
584 1986
584 2005
584 2005
584 2005
1997 998
1997 1257
1997 1873
1997 998
1997 1257
1997 1873
584 1143
227 1158
1963 1158
1245 1158
903 1143
584 1143
1439 1973
1257 1873
998 689
998 1302
330 546
1618 1668
1668 1618
998 1257
998 1257
1873 939
1618 1668
690 452
1838 11
1838 11
1838 11
1838 119
1838 119
1838 119
1838 154
1838 154
1838 154
1838 164
1838 164
1838 164
1838 242
1838 242
1838 242
1838 277
1838 277
1838 277
1838 418
1838 418
1838 418
1838 456
1838 456
1838 456
1838 464
1838 464
1838 464
1838 478
1838 478
1838 478
1838 510
1838 510
1838 510
1838 573
1838 573
1838 573
1838 584
1838 584
1838 584
1838 689
1838 689
1838 689
1838 826
1838 826
1838 826
1838 903
1838 903
1838 903
1838 979
1838 979
1838 979
1838 998
1838 998
1838 998
1838 1119
1838 1119
1838 1119
1838 1134
1838 1134
1838 1134
1838 1257
1838 1257
1838 1257
1838 1322
1838 1322
1838 1322
1838 1368
1838 1368
1838 1368
1838 1439
1838 1439
1838 1439
1838 1509
1838 1509
1838 1509
1838 1575
1838 1575
1838 1575
1838 1585
1838 1585
1838 1585
1838 1618
1838 1618
1838 1618
1838 1628
1838 1628
1838 1628
1838 1668
1838 1668
1838 1668
1838 1750
1838 1750
1838 1750
1838 1766
1838 1766
1838 1766
1838 1791
1838 1791
1838 1791
1838 1873
1838 1873
1838 1873
1838 1877
1838 1877
1838 1877
1838 1962
1838 1962
1838 1962
1838 1986
1838 1986
1838 1986
1838 2000
1838 2000
1838 2000
1838 2005
1838 2005
1838 2005
1668 477
690 1286
701 1955
1873 1257
1873 1585
1873 1750
1368 13
1368 13
1368 23
1368 23
1368 24
1368 24
1368 46
1368 46
1368 119
1368 119
1368 164
1368 164
1368 202
1368 202
1368 216
1368 216
1368 265
1368 265
1368 271
1368 271
1368 305
1368 305
1368 328
1368 328
1368 409
1368 409
1368 411
1368 411
1368 418
1368 418
1368 452
1368 452
1368 456
1368 456
1368 464
1368 464
1368 510
1368 510
1368 557
1368 557
1368 584
1368 584
1368 640
1368 640
1368 689
1368 689
1368 793
1368 793
1368 816
1368 816
1368 851
1368 851
1368 889
1368 889
1368 979
1368 979
1368 998
1368 998
1368 1018
1368 1018
1368 1119
1368 1119
1368 1178
1368 1178
1368 1240
1368 1240
1368 1257
1368 1257
1368 1322
1368 1322
1368 1429
1368 1429
1368 1433
1368 1433
1368 1439
1368 1439
1368 1466
1368 1466
1368 1500
1368 1500
1368 1521
1368 1521
1368 1575
1368 1575
1368 1585
1368 1585
1368 1586
1368 1586
1368 1669
1368 1669
1368 1742
1368 1742
1368 1791
1368 1791
1368 1838
1368 1838
1368 1873
1368 1873
1368 1893
1368 1893
1368 1962
1368 1962
1368 1975
1368 1975
1368 1986
1368 1986
1286 278
1668 1618
1286 154
1286 1276
33 1143
1668 1113
1668 1905
1276 154
1276 1286
1873 998
1873 1257
1873 1997
1668 1880
0 45
0 1668
1668 154
1668 1276
1668 1553
1668 2026
362 1286
362 1376
362 1610
1873 419
1997 1898
1268 535
1268 1268
1668 2009
1873 535
1873 1268
1873 998
136 1158
736 1143
1379 1143
1521 535
1521 1268
1521 1873
1668 633
366 1705
216 1898
216 1997
1873 1257
1577 1143
1577 1379
998 216
998 1898
998 1997
712 452
1668 1880
216 998
216 1898
216 1997
1757 1158
1668 1845
1668 1845
1668 868
1668 409
1368 216
1368 998
1368 1898
1368 1997
1668 871
1668 871
136 1158
1668 409
1997 1143
998 1257
998 1873
1617 1158
1668 1838
1286 629
998 1873
1997 998
1997 1257
1997 1521
1997 1873
1997 1962
1668 154
262 1158
86 1158
410 1143
410 1997
1668 2009
1668 154
1973 1143
1973 1893
851 33
851 183
851 1143
851 1579
1668 409
1986 152
1986 411
1986 418
1986 682
1986 793
1986 816
1986 851
1986 1178
1986 1586
1986 1791
1986 1873
998 1143
418 152
418 411
418 682
418 793
418 816
418 851
418 1178
418 1586
418 1791
418 1873
418 1986
1873 998
0 1390
0 1668
1997 998
1997 1143
1997 33
1997 183
1997 851
1997 1143
1997 1579
410 998
410 1257
410 1873
410 1962
1036 429
1036 1158
1036 1376
1368 410
1368 510
1368 584
1368 998
1368 1257
1368 1277
1368 1873
1368 1973
1368 1997
1257 1873
452 894
452 894
1617 571
1617 1158
1499 1875
1873 510
1873 1873
1873 510
1873 1873
1257 349
1499 420
1873 1257
1193 1143
1257 1873
1873 998
1873 1257
1873 1439
1257 1873
1873 1257
1257 349
1257 1243
1257 1322
1257 1585
1257 1838
1257 1873
1286 1875
1290 1290
1875 1286
1521 998
1521 1257
1521 1873
1521 1962
1521 1997
894 452
894 452
1257 349
452 894
452 894
1286 1875
410 1143
629 452
452 894
452 894
1962 998
1962 1257
1962 1521
1962 1873
1962 1997
1585 349
1982 1158
739 1705
1875 1286
1521 998
1521 1257
1521 1873
1521 1962
1521 1997
349 1257
349 1705
1499 420
1286 1875
1875 1286
1997 998
1997 1257
1997 1521
1997 1873
1997 1962
902 33
902 183
902 851
902 1143
902 1579
902 1997
1893 1143
1439 998
1439 1257
1439 1750
1439 1873
1286 1875
1875 1286
992 868
1286 1875
894 420
1286 1875
1962 410
1962 998
1962 1257
1962 1873
410 998
410 1257
410 1873
410 1962
1257 349
410 1898
992 868
349 1257
478 411
478 418
478 793
478 851
478 998
478 1586
478 1766
478 1873
478 1910
478 1986
1158 868
816 410
816 998
816 1257
816 1873
816 1962
1973 998
1973 1257
1973 1873
1973 1962
1668 1276
1302 689
1276 1668
1302 998
1668 1276
510 1873
0 1642
0 1668
510 998
510 1873
1286 1875
1962 998
1962 1257
1962 1832
1962 1873
410 1143
244 328
244 409
244 452
244 1057
244 1586
244 1767
244 1905
244 1986
998 20
1521 410
1521 1898
1327 712
1327 1286
1668 154
1257 1807
1668 1905
366 1158
1668 1905
998 23
1158 690
1158 701
1351 2013
1368 410
1368 1521
1368 1898
510 1873
1668 633
1873 501
1873 1033
1873 1257
1873 1807
1873 1143
510 1230
1668 452
1668 452
340 546
1873 349
1873 1257
1257 349
1257 1243
1257 1322
1257 1585
1257 1838
1257 1873
1668 1812
1873 998
1873 1257
1873 1962
1873 1973
1973 1898
1873 202
1873 328
1873 349
1873 1767
1873 1986
216 1898
216 1973
33 1143
362 1158
1668 113
1973 216
1973 1898
655 1143
328 452
1997 998
1997 1257
1997 1521
1997 1873
1997 1962
1668 452
1668 452
1668 1880
1624 998
1624 1257
1624 1873
998 1257
998 1873
340 1705
2026 1425
2026 1954
1873 998
1873 1257
1873 1521
1873 1962
1873 1997
1941 1150
1767 1873
216 1150
216 1941
792 1888
1158 1954
1873 157
1873 832
792 1888
1997 998
1997 1257
1997 1873
1997 1962
1997 998
1997 1257
1997 1873
1997 1962
202 1873
1668 55
1668 55
1668 55
1668 55
1668 55
1202 1873
1368 998
1368 1257
1368 1521
1368 1873
1368 1962
1368 1997
1277 998
1277 1257
1277 1873
1277 1962
1873 972
1873 1873
706 1951
1873 998
1873 1257
1873 1277
1873 1962
998 1257
998 1873
998 1962
998 1997
1873 998
1873 1257
1873 1277
1873 1962
1668 113
440 1406
440 1628
349 1257
1941 216
1941 942
1941 1150
1941 1997
44 1143
1873 176
1873 998
1873 1257
1873 1997
1873 972
1873 1873
1997 998
1997 1257
1997 1873
1997 1962
1668 729
1277 998
1277 1257
1277 1873
1277 1962
1257 349
1257 586
1257 1243
1257 1322
1257 1585
1257 1838
1257 1873
420 894
1873 998
1873 1257
1873 1277
1873 1962
1873 202
1873 344
1873 349
1873 458
1873 1767
1873 1986
1036 429
1036 1158
1036 1376
1579 44
1579 1143
1158 894
1873 1767
736 552
736 627
736 1143
1277 1898
736 736
736 736
736 736
1873 510
1873 828
1668 1393
1873 381
1873 1873
1873 828
1875 1951
1767 1873
420 894
633 1668
1286 1875
349 1257
1875 1286
1973 1143
1973 1893
216 1277
216 1898
1873 381
1158 894
1873 1873
349 1257
1808 1705
4 1158
2005 1286
1158 894
420 894
1640 1376
1628 1668
1873 202
1873 328
1873 349
1873 1767
1873 1986
420 894
1750 1252
1750 1257
1750 1753
1750 1873
1668 1628
1668 633
1439 998
1439 1257
1439 1750
1439 1873
1832 573
1832 1585
1832 1838
1838 1832
1439 1838
1832 573
1832 1585
1832 1838
1838 1832
1439 1838
1668 990
1450 1158
1750 998
1750 1257
1750 1873
0 1668
1873 1439
1873 1838
1600 277
1625 1625
328 202
328 349
328 1767
328 1873
328 1986
1668 1119
1779 452
1779 712
701 1668
584 1143
345 1705
1832 93
701 1690
701 2026
1668 1119
277 1600
452 629
452 868
452 1276
452 1668
1257 1873
154 452
1600 277
1668 633
1439 1832
1779 452
44 1143
44 1579
1379 1143
1158 950
1439 1873
277 440
277 1628
44 1143
97 277
97 1628
1873 930
1873 1873
1838 1439
1838 1873
1986 998
1986 1873
998 1986
1767 152
1767 202
1767 328
1767 349
1767 1873
1767 1986
1986 998
998 1986
1873 152
1873 202
1873 328
1873 349
1873 1767
1873 1986
1714 1257
1714 1705
1873 1033
1873 1492
1873 1257
1873 930
1873 1873
1257 1873
1873 124
1873 694
1873 1580
1257 1873
1873 972
1873 1873
998 1585
998 1750
1221 1376
1880 1668
1577 1143
1577 1379
44 1143
1832 1873
1873 1838
1873 1832
717 0
1873 152
1873 202
1873 328
1873 349
1873 1767
1873 1986
1838 1873
411 305
411 464
411 1769
411 1791
411 1873
1873 152
1873 202
1873 328
1873 349
1873 1767
1873 1986
1873 1838
1044 1668
906 1705
33 1143
1838 1873
1873 972
1873 1873
1257 1873
1873 972
1873 1873
1873 1257
1779 452
1807 1257
998 1986
328 1873
1873 328
1832 1873
1286 1875
1875 1286
277 244
1439 1873
1873 418
1873 1767
1873 1791
1286 1875
1257 1873
244 277
1873 1439
277 1628
1439 1873
655 655
410 1143
1873 1257
1873 1832
998 1585
998 1750
1791 305
1791 411
1791 464
1791 1769
1791 1873
1769 305
1769 411
1769 464
1769 1791
1769 1873
1158 1779
1158 328
1158 328
1791 418
1791 1767
1791 1873
1873 418
1873 1767
1873 1791
1627 0
1791 418
1791 627
1791 1767
1791 1873
701 1690
1997 1898
1873 512
1873 832
712 452
418 627
418 1767
418 1791
418 1873
1257 1873
1873 832
1873 1257
136 1158
1873 832
1257 1202
419 1705
1459 1286
1119 1668
1873 948
1832 1873
216 1898
216 1997
1873 1202
1873 1257
939 1873
598 598
202 1873
1286 452
1286 452
1286 1459
1875 2005
1286 1875
1998 0
1585 998
1368 216
1368 1898
1368 1997
1257 1368
1368 1257
1880 1668
1036 448
1036 1158
1036 1376
1036 1772
1158 1879
1036 448
1036 1158
1036 1376
1036 1772
998 851
998 1257
998 1500
998 1873
998 1997
717 0
1577 44
1577 1143
1257 1838
938 1143
1439 998
328 998
328 998
328 1257
328 1257
998 1585
0 452
349 1257
1769 1962
998 1898
1257 1439
349 1911
1877 23
1877 23
1877 202
1877 202
1877 256
1877 256
1877 305
1877 305
1877 328
1877 328
1877 409
1877 409
1877 411
1877 411
1877 418
1877 418
1877 464
1877 464
1877 793
1877 793
1877 816
1877 816
1877 851
1877 851
1877 1178
1877 1178
1877 1585
1877 1585
1877 1586
1877 1586
1877 1767
1877 1767
1877 1791
1877 1791
1877 1873
1877 1873
1877 1986
1877 1986
349 1257
1873 1486
1873 1873
1873 1769
1873 1962
452 712
452 868
452 1668
1439 1257
1119 384
1119 478
1119 1575
1119 1668
1873 1257
1873 1838
1403 1158
1838 103
1838 456
1838 898
1838 1257
1838 1322
1838 1439
1838 1546
1838 1750
1838 1873
792 1888
1893 1143
584 1143
1521 998
1521 1898
440 277
851 1143
851 1893
868 452
868 452
868 712
868 712
868 1668
868 1668
722 1143
1873 328
1873 328
1873 998
1873 998
1873 1257
1873 1257
420 894
1307 1158
998 1521
998 1898
1838 1257
1838 1439
1838 1585
1838 1873
2023 546
1368 998
1368 1521
1368 1898
1624 1624
1624 1624
1624 1624
2009 1668
992 868
1050 1705
328 1873
328 1873
1668 1880
992 868
1875 690
1875 1951
1276 1668
939 1873
1108 1873
1997 1143
1873 859
1873 1873
1767 797
1767 797
1767 797
1767 797
1767 797
1767 1357
1767 1357
1767 1357
1767 1357
1767 1357
1873 1257
1873 1439
1873 1585
1873 1838
992 868
452 55
452 55
452 55
452 55
990 1668
1873 328
1873 328
992 868
992 1856
1997 1873
1668 154
1668 1276
1668 2026
1668 1880
328 1873
328 1873
1873 1471
1873 1873
1997 1143
1286 1286
1873 9
1873 1997
1873 328
1873 328
1286 1875
792 1888
1875 1286
1873 1523
1158 1519
792 1888
992 1856
1941 1150
366 1158
1286 1875
1519 452
1875 1286
1843 1143
1843 1997
1893 1143
216 1150
216 1941
1286 1875
1875 1286
704 1158
1022 452
1286 1875
1997 216
1997 1150
1997 1941
1286 1526
1519 452
1158 629
1158 868
1158 1276
1158 1668
1668 633
44 1143
1875 1286
1873 1202
33 1143
1158 1519
1286 690
1439 1257
1843 1143
1843 1893
128 1158
1873 510
510 1873
1873 510
582 452
1779 452
1439 1873
1044 1668
1873 349
1873 1439
881 448
881 1158
881 1376
1439 998
1439 1257
1439 1873
1277 33
1277 1143
352 452
456 1143
992 1856
1158 1779
276 1143
1439 677
1286 1875
1875 1286
44 1143
464 1769
690 1286
1286 690
690 1286
1219 1219
452 868
452 868
1873 1987
868 452
868 452
452 868
452 868
1439 1873
1769 464
621 621
1257 1439
1257 1439
23 428
832 512
832 1873
512 1873
1873 512
497 245
497 1158
497 1705
497 1951
497 546
23 428
1987 1873
349 1873
349 1873
1873 1202
1625 1625
1439 1257
1439 1257
2005 1286
2005 1875
210 210
1257 1439
832 1873
1336 452
792 1888
452 1336
1873 1838
584 1143
452 204
1873 584
1873 1143
1336 452
2005 1875
1036 79
1036 1158
1036 1194
1036 1376
1036 1443
1036 1980
44 1143
452 712
452 868
452 1668
1954 452
1230 510
584 11
584 11
584 11
584 119
584 119
584 119
584 154
584 154
584 154
584 164
584 164
584 164
584 277
584 277
584 277
584 433
584 433
584 433
584 456
584 456
584 456
584 478
584 478
584 478
584 510
584 510
584 510
584 555
584 555
584 555
584 557
584 557
584 557
584 573
584 573
584 573
584 826
584 826
584 826
584 903
584 903
584 903
584 998
584 998
584 998
584 1018
584 1018
584 1018
584 1119
584 1119
584 1119
584 1240
584 1240
584 1240
584 1257
584 1257
584 1257
584 1322
584 1322
584 1322
584 1368
584 1368
584 1368
584 1401
584 1401
584 1401
584 1429
584 1429
584 1429
584 1439
584 1439
584 1439
584 1575
584 1575
584 1575
584 1585
584 1585
584 1585
584 1618
584 1618
584 1618
584 1628
584 1628
584 1628
584 1668
584 1668
584 1668
584 1750
584 1750
584 1750
584 1766
584 1766
584 1766
584 1791
584 1791
584 1791
584 1838
584 1838
584 1838
584 1873
584 1873
584 1873
584 1877
584 1877
584 1877
584 1962
584 1962
584 1962
584 1986
584 1986
584 1986
584 2005
584 2005
584 2005
1843 44
1843 1143
998 1439
1327 452
1327 452
1327 712
1327 712
1327 244
1327 357
1327 409
1327 452
1327 571
1327 896
1327 1069
1327 1157
1327 1586
969 1158
1163 277
1439 1987
1624 1624
1624 1624
1624 1624
1624 1624
942 216
942 1150
942 1941
942 1997
1439 998
1322 1257
1322 1832
1322 1873
792 1888
992 121
992 1856
1873 1257
1873 1322
1873 1832
1838 1873
1523 1873
584 1898
1257 1439
1873 1257
1873 1439
1911 14
1911 202
1911 349
1911 1873
563 1705
1439 1873
1322 1439
452 894
452 894
452 894
452 1286
452 1286
452 1286
869 1286
452 868
868 452
868 452
1832 1873
452 868
1624 1624
1624 1624
1624 1624
1873 1832
868 452
868 452
452 868
452 868
868 452
868 452
1044 1668
1044 1668
452 868
452 868
868 452
868 452
828 1873
1838 998
1838 1257
1838 1322
1838 1575
1838 1585
1838 1873
452 868
24 584
817 817
584 24
1911 1873
1115 1951
1845 1668
1845 1668
1193 1143
1193 1143
1480 1705
1941 942
1033 501
1033 1873
619 202
619 328
619 349
619 1767
619 1873
619 1986
619 202
619 328
619 349
619 1767
619 1873
619 1986
1033 1492
1033 1873
1807 1873
1492 1033
1492 1079
1767 452
1843 1143
1843 1193
533 1873
512 1873
1202 1873
512 1873
717 0
619 202
619 328
619 349
619 1767
619 1873
619 1986
287 998
512 1873
942 633
942 1668
633 1668
1121 452
633 140
633 1668
1838 202
1838 202
1838 202
1838 411
1838 411
1838 411
1838 418
1838 418
1838 418
1838 452
1838 452
1838 452
1838 464
1838 464
1838 464
1838 478
1838 478
1838 478
1838 538
1838 538
1838 538
1838 998
1838 998
1838 998
1838 1051
1838 1051
1838 1051
1838 1119
1838 1119
1838 1119
1838 1257
1838 1257
1838 1257
1838 1509
1838 1509
1838 1509
1838 1575
1838 1575
1838 1575
1838 1585
1838 1585
1838 1585
1838 1668
1838 1668
1838 1668
1838 1767
1838 1767
1838 1767
1838 1791
1838 1791
1838 1791
1838 1829
1838 1829
1838 1829
1838 1873
1838 1873
1838 1873
1838 1877
1838 1877
1838 1877
1838 1962
1838 1962
1838 1962
1838 1986
1838 1986
1838 1986
1702 1873
1257 1439
1257 1873
1627 0
1257 349
792 1888
1036 79
1036 1158
1036 1194
1036 1305
1036 1376
1036 1443
1036 1980
1158 1191
1705 1007
349 1873
1158 894
1158 1286
1158 868
1625 1625
1158 328
1158 1767
1158 868
1612 1705
1158 868
1036 79
1036 1158
1036 1194
1036 1305
1036 1376
1036 1443
1036 1980
1880 1668
946 1873
1880 1668
1624 1624
1624 1624
1624 1624
1036 429
1036 1158
1036 1376
1856 992
1191 452
9 1873
837 1873
677 700
677 1873
1856 992
1856 992
1036 79
1036 1158
1036 1194
1036 1305
1036 1376
1036 1443
1036 1980
862 349
862 349
1987 1439
1156 1158
942 216
942 1150
942 1941
942 1997
1736 114
121 992
1191 452
942 1941
1373 1705
1838 456
1838 826
1838 898
1838 998
1838 1257
1838 1322
1838 1439
1838 1575
1838 1585
1838 1873
1257 1143
1197 1143
1873 1257
1257 1873
753 1376
1245 1158
