497 245
1368 1368
1368 1368
1368 1368
1368 1368
1368 1368
1368 1143
1991 1143
1991 1439
1991 1143
1991 1439
452 759
998 1873
1368 1873
604 1143
604 1143
227 1158
33 1143
1439 998
1439 1257
1439 1873
33 1991
216 1143
216 1143
998 216
763 1158
1245 1158
1799 1158
91 1143
91 1439
91 1991
998 1143
0 452
759 452
804 1158
91 722
91 1143
91 1991
1705 1368
510 176
510 667
510 1257
510 1873
510 1997
690 452
452 690
736 13
736 24
736 44
736 73
736 91
736 107
736 135
736 167
736 195
736 216
736 217
736 271
736 279
736 338
736 343
736 402
736 410
736 456
736 510
736 520
736 584
736 598
736 604
736 649
736 716
736 722
736 736
736 826
736 840
736 851
736 872
736 902
736 938
736 954
736 960
736 963
736 998
736 1063
736 1083
736 1128
736 1193
736 1238
736 1257
736 1268
736 1277
736 1290
736 1294
736 1330
736 1379
736 1408
736 1431
736 1439
736 1452
736 1466
736 1500
736 1521
736 1531
736 1577
736 1579
736 1586
736 1596
736 1607
736 1781
736 1790
736 1844
736 1853
736 1873
736 1893
736 1926
736 1935
736 1941
736 1962
736 1973
736 1994
736 1997
690 452
998 1257
998 1873
998 1997
410 1143
998 46
998 510
998 1072
998 1257
998 1873
584 216
584 998
1257 1898
216 1257
216 1898
1439 1143
759 452
510 216
510 1257
510 1898
154 55
154 55
154 55
154 55
154 55
1582 1158
1368 13
1368 13
1368 23
1368 23
1368 24
1368 24
1368 46
1368 46
1368 119
1368 119
1368 164
1368 164
1368 202
1368 202
1368 216
1368 216
1368 265
1368 265
1368 271
1368 271
1368 305
1368 305
1368 328
1368 328
1368 409
1368 409
1368 411
1368 411
1368 418
1368 418
1368 452
1368 452
1368 456
1368 456
1368 464
1368 464
1368 510
1368 510
1368 557
1368 557
1368 584
1368 584
1368 640
1368 640
1368 689
1368 689
1368 793
1368 793
1368 816
1368 816
1368 851
1368 851
1368 889
1368 889
1368 979
1368 979
1368 998
1368 998
1368 1018
1368 1018
1368 1119
1368 1119
1368 1178
1368 1178
1368 1240
1368 1240
1368 1257
1368 1257
1368 1322
1368 1322
1368 1429
1368 1429
1368 1433
1368 1433
1368 1439
1368 1439
1368 1466
1368 1466
1368 1500
1368 1500
1368 1521
1368 1521
1368 1575
1368 1575
1368 1585
1368 1585
1368 1586
1368 1586
1368 1669
1368 1669
1368 1742
1368 1742
1368 1791
1368 1791
1368 1838
1368 1838
1368 1873
1368 1873
1368 1893
1368 1893
1368 1962
1368 1962
1368 1975
1368 1975
1368 1986
1368 1986
2026 55
2026 55
2026 55
2026 55
2026 55
2026 154
2026 154
2026 154
2026 154
2026 154
91 1143
91 1439
91 1991
1286 701
1286 1119
701 1286
1668 712
1668 1769
1119 1286
1286 701
1286 1119
701 1286
1668 712
1668 712
1668 992
992 1668
992 1668
712 1668
1668 1276
1668 2026
33 1143
1119 1286
1286 1119
1276 1668
1276 2026
1668 452
1668 452
2026 1276
2026 1668
726 726
216 176
216 510
216 998
216 1257
216 1873
216 1997
136 1158
1277 998
1277 1257
1277 1750
1277 1873
1277 1962
181 510
181 755
510 181
510 755
1668 1393
998 216
216 998
1668 247
1668 1905
510 216
510 998
1873 998
1873 1257
1873 1277
1873 1750
1873 1962
1873 832
1873 1257
998 1257
998 1277
998 1750
998 1873
998 1962
1277 998
1277 1257
1277 1750
1277 1873
1277 1962
992 868
1873 456
1873 682
1873 851
1873 1398
1873 1586
1668 1276
992 111
690 1668
1586 456
1586 682
1586 851
1586 1398
1586 1873
452 1668
1873 584
1873 1873
1668 452
1668 452
452 1668
452 1668
33 1143
1668 452
1668 452
1873 1838
1873 1873
986 1158
910 245
86 1158
1873 468
262 1158
1757 1158
1668 154
792 1888
792 1888
1668 1905
1873 556
701 1286
1379 1143
1997 1143
1286 701
464 1873
1286 701
1982 1158
992 111
1997 1143
701 1286
1986 1873
1973 1143
1158 701
1158 1525
792 1888
881 1158
881 1305
881 1376
881 1593
881 1905
1873 464
1873 1986
1257 1873
1873 832
1997 998
1997 1257
1997 1873
1997 1962
1997 1143
739 1705
1893 1143
1893 1997
1379 1143
1873 20
1873 746
1873 746
1997 1143
1997 1143
1997 1893
1585 1750
1873 378
584 1143
510 998
510 1257
510 1873
510 1962
510 1997
600 1951
1873 1585
1873 1750
1941 1150
792 1888
1257 1585
216 1150
216 1941
1585 1750
136 1158
464 1873
1257 510
1257 998
1257 1873
1257 1962
1257 1997
1286 452
1286 452
452 1286
1962 1898
1286 452
1286 452
1290 1290
1997 216
1997 1150
1997 1941
992 154
1873 510
1873 998
1873 1257
1873 1962
1873 1997
1873 540
510 1898
510 1962
389 794
389 1500
1158 690
510 1898
1873 20
1997 20
1997 1873
510 1873
1873 510
1379 1143
792 1888
1873 464
584 1257
1379 1143
1521 510
1521 1898
998 1143
1873 584
1873 1257
1577 1143
1577 1379
584 1257
222 1158
1873 584
1873 1257
1873 1585
712 452
510 1521
510 1898
510 1873
1873 939
1873 1298
1873 1298
1873 746
1020 1020
1873 202
1873 852
1873 1585
1873 1750
1452 998
1452 1143
1579 1143
1579 1893
1579 1997
1579 584
1579 1143
1585 1750
202 1750
1163 277
154 992
584 1143
584 1143
510 1838
1838 510
1873 283
1873 832
1513 1705
1439 998
1439 1257
1439 1873
1257 998
1257 1439
1257 1873
1585 1873
1585 1873
91 1143
91 1579
91 1893
91 1997
33 1143
1525 452
154 992
464 1873
1873 998
1873 1257
1873 1439
1873 1585
1873 1257
1693 1668
1693 1668
1873 746
1873 283
1257 361
1257 411
1257 1767
1257 1873
1873 510
1873 1368
1873 1962
1873 746
832 1257
832 1873
832 1873
881 448
881 1158
881 1376
1873 510
1873 1368
1873 1962
1158 1525
1873 510
1873 1368
1873 1962
1668 729
1668 729
1452 998
1452 1143
881 448
881 1158
881 1376
998 1452
1873 283
1997 1143
1452 998
1668 729
1668 1276
1668 2005
1873 510
1873 584
1873 1368
1873 1962
1668 1322
1668 1585
1668 1838
402 1143
1158 1668
1624 1624
1624 1624
1624 1624
584 510
584 1368
584 1873
584 1962
510 584
510 998
510 1178
510 1873
1277 1143
1791 998
1791 1873
2012 1158
1276 1668
1838 1322
1838 1585
1838 1668
1322 1838
1322 1939
1628 452
1838 1668
1158 208
1668 1838
1668 1322
1668 1838
1668 868
736 1143
736 1143
1668 1838
1910 1705
1668 247
1838 1286
1838 1286
1838 1286
452 1628
1986 1873
1640 1376
992 154
1668 452
1668 452
452 1668
452 1668
1276 452
832 1873
1197 1143
452 1668
452 1668
1668 1880
1668 452
1668 452
736 552
736 627
736 1143
1439 998
1439 1257
1439 1873
584 1143
1668 55
1668 55
1668 55
1668 55
1668 55
1439 998
1439 1257
1439 1873
340 546
792 1888
759 452
736 736
736 736
736 736
1577 1143
1577 1197
1439 998
1439 1257
1439 1873
1439 510
1439 1257
1439 1873
1439 1873
1986 152
1986 851
1986 1586
1986 1767
1986 1873
832 1873
1808 1705
851 1439
1750 202
1750 1585
1750 1662
1750 1755
1873 851
1873 1439
851 1873
1997 851
1997 1873
998 1143
792 1888
2026 452
1750 1873
33 851
33 1873
33 1997
1379 1143
340 1705
881 1158
881 1305
881 1376
881 1593
881 1905
746 1873
792 1888
1776 389
1776 794
1776 1500
0 452
1873 33
1873 851
1873 1997
345 1705
1750 1585
1178 1873
4 1158
1628 452
1997 1143
1750 202
1750 1585
1750 1662
1750 1755
1905 1158
1905 1305
1905 1376
1905 1593
33 1143
881 1158
881 1305
881 1376
881 1593
881 1905
1668 367
1668 1668
1668 452
1668 452
1277 1143
1158 368
1158 368
1158 1905
1668 1875
1668 1875
1439 1873
1668 1838
1439 1873
1668 1875
1668 1875
1875 1668
1158 759
1525 452
1973 998
1973 1257
1973 1873
1843 1143
1843 1997
1873 998
1873 1257
1873 1973
998 625
1997 1439
1997 1873
1905 452
736 1143
1875 1668
1875 1668
1379 1143
1668 729
1276 1668
1668 1276
1158 1479
1750 202
1750 1585
1750 1662
1750 1755
1736 114
2026 1668
1158 712
1910 1705
881 448
881 1158
881 1376
1158 712
1158 990
1158 712
840 1150
216 840
216 1150
1750 1873
189 226
1873 1873
1668 854
746 1873
1997 216
1997 840
1997 1150
986 546
986 1158
881 448
881 1158
881 1376
832 1873
1439 1143
1668 633
1668 113
1668 868
475 854
475 1668
868 1668
1880 1668
1197 1143
906 1705
718 1376
1440 1158
1880 1668
881 448
881 1158
881 1376
1257 1873
792 1888
598 598
792 1888
410 20
729 1668
1439 410
746 1873
2026 1954
410 1439
1036 429
1036 1158
1036 1376
1298 1873
792 1888
1910 1705
655 655
410 998
410 1257
410 1873
410 1962
1843 1143
1843 1439
1843 1143
1843 1197
1257 20
1036 429
1036 1158
1036 1376
584 1873
1268 535
729 1668
1624 1624
1624 1624
1624 1624
1873 250
792 1888
1973 410
1973 1439
1873 974
1439 1873
410 998
410 1257
410 1873
410 1962
1873 584
1873 1585
1873 1873
584 1873
1668 729
1273 43
1273 90
1273 190
1273 347
1273 387
1273 403
1273 452
1273 487
1273 508
1273 515
1273 733
1273 782
1273 890
1273 957
1273 1041
1273 1068
1273 1102
1273 1154
1273 1404
1273 1444
1273 1527
1273 1666
1273 1802
1273 1974
1273 1992
1273 2024
410 998
410 1257
410 1873
410 1962
1666 1273
998 584
729 1668
584 998
1873 584
1873 998
1668 729
584 1143
729 1668
1238 1143
1668 729
938 1143
208 452
510 1873
1843 1143
1843 1997
1893 1143
998 410
998 1257
998 1873
998 1962
510 1873
1585 998
1585 1257
1585 1873
1585 1962
1439 510
1439 1257
1439 1873
1962 1585
216 1143
1036 429
1036 1158
1036 1376
216 1143
1624 1624
1624 1624
1624 1624
1873 1585
1873 1962
1873 510
1873 1257
1873 1439
1962 1873
729 1668
283 1873
736 216
736 1143
736 1997
1158 1668
540 1873
1873 1255
1873 1257
816 410
816 998
816 1257
816 1873
816 1962
1973 1143
1379 1143
1873 1143
1873 1973
1379 1143
1521 410
1521 998
1521 1257
1521 1873
1521 1962
1197 1143
1197 1379
1257 1873
840 1150
1705 998
1705 1586
1705 1791
402 1143
902 1143
902 1379
1585 1873
792 1888
247 1668
128 1158
1873 632
1873 1148
464 1873
625 998
1577 1143
1577 1197
1577 1379
1257 349
792 1888
1277 998
1277 1257
1277 1750
1277 1873
1277 1962
1257 349
1873 998
1873 1257
1873 1277
1873 1750
1873 1962
1873 410
1873 998
1873 1257
1873 1962
1257 1873
410 632
998 1257
998 1277
998 1750
998 1873
998 1962
1873 410
1873 1277
410 998
410 1257
410 1873
410 1962
1873 20
998 1257
998 1873
998 1997
1873 410
1873 998
1873 1257
1873 1962
998 20
998 1873
998 1257
998 1873
998 1962
998 1997
1873 998
1873 1257
1873 1997
1586 535
1586 1268
998 1257
998 1873
998 1997
1873 998
1873 1257
1873 1997
1257 998
1257 1585
1257 1838
1257 1873
998 1257
998 1585
998 1838
998 1873
1154 890
998 1257
998 1585
998 1838
998 1873
1257 998
1257 1585
1257 1838
1257 1873
998 1257
998 1873
998 1997
1873 349
1873 1257
998 535
998 1268
1521 1143
998 1143
998 1521
58 1951
792 1888
1873 1898
1873 535
1873 998
1873 1268
1148 1873
1873 1148
510 1873
1148 1873
1893 1873
1893 1898
1873 410
1873 1277
1640 1376
1586 535
1586 998
1586 1268
1586 1873
1368 1873
1368 1893
1368 1898
1594 1376
1585 998
1873 535
1873 998
1873 1268
1873 1586
216 840
216 1150
1997 216
1997 840
1997 1150
1044 1668
1044 1668
1277 1585
1277 998
1277 1585
1521 998
1521 1143
792 1888
998 1143
998 1521
1668 2026
792 1888
998 535
998 1268
998 1586
998 1873
136 1158
998 1257
998 1277
998 1585
998 1750
998 1873
998 1962
690 105
1513 1705
1586 1873
1036 1158
1036 1194
1036 1376
792 1888
1368 998
1368 1143
1368 1521
1379 1143
49 1273
49 1666
792 1888
792 1888
1521 998
1521 1143
1521 1368
890 1802
792 1888
1500 389
368 452
792 1888
1627 0
584 1873
792 1888
368 452
1577 1143
1577 1238
368 452
1036 79
1036 1158
1036 1194
1036 1305
1036 1376
1036 1443
1036 1980
826 1143
1257 1143
2026 1668
1257 349
792 1888
792 1888
701 1286
1191 452
1298 1873
1624 1624
1624 1624
1624 1624
497 245
497 1158
497 1951
497 546
497 1705
1163 277
1036 79
1036 1158
1036 1194
1036 1305
1036 1376
1036 1443
1036 1980
1379 1143
1710 1710
1577 1379
1219 1219
621 621
881 1158
881 1305
881 1376
881 1593
881 1905
1627 0
443 1158
163 1705
540 1873
251 0
1577 402
1577 1143
340 1705
1869 0
1875 1951
402 1143
584 1257
584 1873
1286 1875
792 1888
792 1888
1327 452
1327 452
1327 712
1327 712
1327 244
1327 357
1327 409
1327 452
1327 571
1327 896
1327 1069
1327 1157
1327 1586
1384 452
584 1143
792 1888
1197 1577
1379 1143
1875 1286
1300 1978
792 1888
349 1257
1238 1143
1286 1875
1255 1873
1625 1625
1338 245
1338 452
1338 546
1338 1951
1577 1143
1577 1379
1640 1376
251 0
1197 1143
1627 0
584 1143
1257 349
1322 1257
1322 1873
1158 1276
1577 1238
1889 1705
250 1532
250 1705
1604 1705
1104 1158
1640 1376
974 1804
1954 2026
1197 1143
160 1705
1838 202
1838 202
1838 202
1838 411
1838 411
1838 411
1838 418
1838 418
1838 418
1838 452
1838 452
1838 452
1838 464
1838 464
1838 464
1838 478
1838 478
1838 478
1838 538
1838 538
1838 538
1838 998
1838 998
1838 998
1838 1051
1838 1051
1838 1051
1838 1119
1838 1119
1838 1119
1838 1257
1838 1257
1838 1257
1838 1509
1838 1509
1838 1509
1838 1575
1838 1575
1838 1575
1838 1585
1838 1585
1838 1585
1838 1668
1838 1668
1838 1668
1838 1767
1838 1767
1838 1767
1838 1791
1838 1791
1838 1791
1838 1829
1838 1829
1838 1829
1838 1873
1838 1873
1838 1873
1838 1877
1838 1877
1838 1877
1838 1962
1838 1962
1838 1962
1838 1986
1838 1986
1838 1986
974 1873
352 452
340 1705
250 1439
250 1873
1978 1154
1956 1873
910 245
1115 1951
105 690
1577 1143
1577 1197
942 216
942 840
942 1150
488 1873
1255 1873
1617 1158
1617 1158
1956 1873
130 0
968 452
1625 1625
837 1873
1750 1257
1750 1873
1624 1624
1624 1624
1624 1624
1624 1624
1624 1624
1736 114
1255 1873
1156 1158
942 216
942 840
942 1150
942 1997
792 1888
1052 226
935 1705
809 1873
1750 150
1750 998
1750 1257
1750 1585
1750 1873
1931 1873
222 1158
1373 1705
286 1705
629 452
629 452
452 629
