1119 1873
1094 1158
604 1143
520 1873
1575 1962
736 1143
1290 604
1290 1143
1873 520
1290 722
1290 1143
992 868
520 1873
894 278
33 1143
1521 1143
343 1143
216 1143
763 1158
1197 216
1197 1143
1875 1286
701 452
452 894
452 894
452 1286
452 1286
1277 20
1277 1143
992 16
1799 1158
1245 1158
1197 604
1197 1143
1197 1290
998 1143
244 328
244 409
244 452
244 1057
244 1586
244 1767
244 1905
244 1986
701 1668
701 1668
216 1143
804 1158
1997 216
1997 1143
1579 216
1579 1143
1579 1997
222 1158
410 20
584 1143
1875 1951
1521 1143
1197 1143
216 1143
736 1143
862 851
862 998
862 1705
1796 1700
1257 20
998 216
998 1143
510 1143
1368 1257
1368 1624
1368 1873
584 510
584 1143
1767 83
1277 1257
1873 83
1873 349
1873 411
1873 1257
1873 1767
1757 1158
1767 1873
452 1286
1873 1257
1873 1368
1873 1624
452 1668
510 510
510 510
510 510
510 510
510 510
510 510
1873 1929
1277 1143
712 452
1873 411
1873 1873
998 1257
998 1873
998 1962
998 1997
1962 998
1962 1257
1962 1873
475 202
475 328
475 1549
475 1767
475 1986
1579 216
1579 1143
1579 1997
701 452
1549 202
1549 328
1549 475
1549 1767
1549 1986
701 202
701 328
701 475
701 1549
701 1767
701 1986
1549 202
1549 328
1549 475
1549 701
1549 1767
1549 1986
510 897
1257 998
1257 1873
1257 1962
0 1715
0 1873
411 1873
1875 690
1875 1286
1286 452
1962 1898
1286 1875
1257 1257
868 992
452 1286
1873 1284
1873 1873
1521 1898
1521 1962
1877 851
1877 998
1877 1586
1877 1673
1877 1873
1877 1973
227 1158
1873 186
1873 1873
1873 22
1873 1873
510 1873
998 20
1873 186
1873 1873
1873 83
584 1898
1257 1521
1257 1898
1257 1962
998 851
998 1586
998 1873
998 1877
998 1949
998 1973
1873 13
1873 851
1873 998
1873 1505
1873 1877
1873 1961
328 1549
1586 823
1586 998
1586 1505
1586 1873
1586 1877
1586 1961
1873 83
1873 349
1873 411
1873 1257
1873 1767
1668 1875
1368 20
1257 1873
992 868
1877 851
1877 998
1877 1586
1877 1673
1877 1873
1877 1973
510 584
510 1143
1973 1143
1873 83
1873 349
1873 411
1873 1257
1873 1767
1873 614
1873 1257
278 894
1119 202
1119 452
1119 464
1119 1585
1119 1769
1119 1791
1873 548
868 992
1668 1162
1873 83
1873 349
1873 411
1873 1257
1873 1767
992 16
992 868
1832 998
1832 1257
1832 1873
1873 83
1873 349
1873 411
1873 1257
1873 1767
1873 998
1873 1257
1873 1832
1941 1150
894 277
894 277
894 1628
894 1628
262 1158
1893 584
1893 1898
1628 277
1628 277
1628 277
1628 894
1628 894
1628 894
868 475
868 854
86 1158
584 1893
992 868
216 1150
216 1941
1873 1284
1873 1873
992 16
475 992
1668 55
1668 55
1668 55
1668 55
1668 55
1668 55
992 868
868 992
1274 1158
277 452
277 452
452 277
1873 349
1286 994
510 1143
1668 452
1668 452
1873 510
1873 1368
510 1368
510 1873
1668 729
992 16
1873 510
1873 1368
1668 1276
510 1143
1276 1668
1873 614
1276 452
510 1368
510 1873
277 452
277 452
1873 349
1286 994
1668 554
1668 1276
1286 1875
510 1257
510 1873
868 452
1873 27
1873 1873
1873 228
1873 1257
1286 1875
690 55
690 55
690 55
690 55
690 55
992 475
1873 27
1873 1873
894 452
894 452
894 1286
894 1286
868 452
1875 1951
1036 429
1036 1158
1036 1376
1286 1875
136 1158
1873 228
701 690
701 1286
1257 998
1257 1873
1257 1962
136 1158
278 894
278 894
998 1257
998 1873
998 1962
690 701
690 1286
690 55
690 55
690 55
690 55
690 55
690 55
690 690
690 690
690 690
690 690
690 690
690 690
1873 228
1257 1898
1286 1875
1873 54
1257 1898
1873 54
1873 228
792 1888
0 1873
0 1891
1873 54
1873 228
277 452
277 452
452 277
510 1143
1838 1668
475 992
1257 1873
992 16
1668 1838
1668 1838
1873 228
1668 701
1838 1668
1893 1143
1257 1832
1668 1162
1383 1158
1832 349
452 894
452 1286
1668 452
1668 452
1668 452
1668 452
510 1308
216 1257
216 1898
402 1143
739 1705
452 848
1873 1360
1873 1873
1767 1873
452 1668
510 1143
1873 228
1941 216
1941 1150
998 216
998 1257
998 1898
998 216
998 1150
998 1941
998 510
998 1143
1873 349
1873 155
607 546
1873 155
992 868
1873 1419
475 868
475 992
992 475
1873 1419
992 868
97 701
701 1668
1197 402
1197 1143
402 1143
992 16
0 663
0 1873
1973 510
1973 1308
903 1143
998 510
998 1308
992 475
1767 1873
452 358
722 1143
1832 998
1832 1257
1832 1873
1257 998
1257 1832
1257 1873
1873 510
1873 1308
1873 1973
1893 1143
1290 1290
1439 998
1439 1257
1439 1832
1439 1873
1973 510
1973 1308
1973 1873
1873 349
1439 1873
1286 1875
1832 1439
1036 429
1036 1158
1036 1376
1873 510
1873 1308
1873 1973
340 1700
998 20
1998 0
1579 402
1579 1143
1579 1197
510 1873
868 452
1439 1873
1873 186
1873 1873
1873 1127
1873 1439
410 1439
410 1873
1439 1873
998 722
998 1143
1439 998
1439 1257
1439 1832
1439 1873
1286 994
1257 510
1257 1308
1257 1873
1257 1973
1197 722
1197 998
1197 1143
998 410
998 1439
998 1873
1368 510
1368 1143
1439 1832
411 1873
1439 410
1873 103
1873 1257
1873 1439
1873 1832
1277 410
1277 998
1277 1439
1277 1873
1257 1873
1873 510
1873 1368
1873 1439
1873 1832
510 1257
510 1308
510 1873
510 1973
1873 349
792 1888
510 1898
1368 510
1368 1873
89 510
89 1368
0 1715
0 1873
1873 828
998 1257
998 1873
1873 828
1832 1873
1832 1873
1273 43
1273 90
1273 190
1273 347
1273 387
1273 487
1273 508
1273 515
1273 733
1273 782
1273 890
1273 957
1273 1068
1273 1102
1273 1154
1273 1404
1273 1444
1273 1666
1273 1802
1273 1992
1273 2024
1873 1832
1119 202
1119 202
1119 452
1119 452
1119 464
1119 464
1119 1585
1119 1585
1119 1769
1119 1769
1119 1791
1119 1791
1439 1873
1873 510
1873 1893
1873 1898
1873 828
1215 1158
1215 1158
1873 186
1873 1873
1873 54
1215 1158
1873 1793
1873 1873
42 565
998 1143
1930 1700
1158 1674
1668 1905
1158 1674
1875 1668
998 20
1158 1286
1668 701
1286 1875
584 1143
701 1668
1286 1875
584 1873
998 584
998 1873
1668 629
584 1898
92 1873
154 1668
1668 729
216 584
216 1898
1286 452
584 216
584 1898
1893 1143
1158 1286
1873 1767
349 1767
349 1873
349 83
349 1257
349 1562
349 1767
349 1873
1767 1873
1873 1407
998 1257
998 1873
584 1143
584 1143
584 33
584 851
1368 510
1368 1143
1668 629
802 1668
1668 1618
1668 701
1873 1586
452 55
452 55
452 55
452 55
452 55
452 55
1873 998
1873 1257
701 1668
1873 614
701 1668
1668 701
1618 1668
277 701
1668 768
701 277
154 1668
1668 1587
1668 154
154 1668
1586 1873
1158 937
1277 1143
1286 1554
1286 994
1668 729
729 1668
1668 729
998 20
1439 1277
1286 1875
1286 869
1668 868
0 263
0 1668
1286 1875
1499 278
1322 1840
1158 1747
881 245
881 245
881 245
881 1158
881 1158
881 1158
881 1305
881 1305
881 1305
881 1376
881 1376
881 1376
881 1951
881 1951
881 1951
1499 277
1499 1628
1286 868
1873 1586
1668 1875
548 1873
712 452
1875 528
1286 868
1875 1668
848 452
278 894
1668 1748
340 1705
349 1873
1668 1875
1875 1668
1276 1709
868 1286
868 1286
868 1668
868 1668
1277 1143
840 1873
349 1873
1158 277
1640 1376
1158 1818
349 1873
1286 869
464 1873
1875 1286
1286 154
1286 629
1286 868
1286 1123
1286 1276
1286 1628
228 226
228 1257
1668 729
1277 1143
1277 1143
1875 1286
228 1873
998 1143
998 1277
1499 452
1158 868
1499 1286
722 216
722 1143
722 1197
1158 690
44 33
44 1143
349 1873
1875 1286
228 1873
1873 413
1873 1873
1257 1873
1873 1496
1286 690
1873 1277
1873 1439
228 1873
1873 840
1579 584
1579 1143
1873 375
1286 1123
1286 1276
228 1873
1618 1276
1618 1286
1286 1276
1286 1618
410 1277
410 1439
410 1873
228 1873
271 271
1873 410
1873 1277
1873 1439
228 1873
2026 1767
1767 2026
2026 1767
729 1668
1668 729
228 1873
1158 277
1668 1082
1668 1668
868 452
1668 476
1668 1668
1162 1668
228 1873
1276 629
1893 1143
1276 1286
89 510
89 1368
629 1276
629 1286
0 452
1873 1873
136 1158
1808 1705
658 797
658 797
658 797
658 797
658 797
658 797
4 1158
510 89
510 1368
202 1873
349 1832
736 1143
1808 1705
349 1873
868 1286
89 510
89 1368
729 629
729 1668
604 1143
1078 1004
1078 1762
1257 202
1257 1873
1618 1668
89 89
228 1873
1286 994
1286 869
1286 1875
1286 854
475 854
475 1286
584 1873
701 1668
1875 1286
222 1158
1674 452
1674 452
349 1873
1668 701
1187 1873
1286 1875
1674 452
1286 1875
1286 1875
1668 452
1668 452
1257 1873
1286 1913
1773 528
1773 1875
1268 535
1257 1143
792 1888
701 1668
345 1705
584 1143
278 452
452 1183
1257 1143
1627 0
1162 1668
340 1668
340 1668
1257 1143
1873 202
1873 1257
1873 1775
478 89
478 164
478 209
478 265
478 271
478 464
478 510
478 555
478 557
478 584
478 598
478 689
478 712
478 1240
478 1429
478 1509
478 1522
478 1669
478 1730
478 1877
478 1986
1873 1496
1549 328
1549 1767
1549 1986
1158 278
1873 1586
1158 868
1158 1674
736 552
736 627
736 1143
736 736
736 736
736 736
736 736
1158 990
1158 1955
990 452
1276 452
340 1668
340 1668
851 1767
851 1873
1973 20
1973 1257
1579 44
1521 44
1521 1579
712 1875
340 1668
2026 1767
1158 1851
1158 1479
1875 1286
328 1549
1036 1158
1036 1376
1036 1593
1036 1980
1929 1873
1586 1873
83 14
83 1562
83 1705
1873 998
1873 1257
1873 1586
1286 452
1286 452
1286 712
1286 1875
1197 1143
1873 851
1873 1767
1873 1933
1158 358
340 1668
340 1668
1286 1875
510 1308
792 1888
840 998
840 1150
906 1705
528 894
528 1875
452 1276
792 1888
1873 816
1873 1439
869 1286
655 655
216 840
216 998
216 1150
897 1489
1286 1875
1997 216
1997 840
1997 998
1997 1150
1973 1143
1873 828
1286 1875
1268 535
1268 1268
1973 1143
1873 1143
1873 1973
1873 828
340 1376
340 1376
340 1668
340 1668
1286 1875
83 349
83 1257
83 1562
83 1767
83 1873
998 1268
1286 452
1286 452
1257 1257
998 510
452 1286
452 1286
83 349
83 1257
83 1562
83 1767
83 1873
1276 452
840 998
840 1150
352 452
902 1143
1286 452
1286 452
216 840
216 998
216 1150
548 1873
340 1668
452 1286
452 1286
375 1873
1873 83
1873 411
1873 828
1873 510
1873 998
712 141
712 141
712 278
712 278
712 292
712 292
712 818
712 818
712 891
712 891
712 1478
712 1478
712 1779
712 1779
712 1905
712 1905
712 194
712 194
712 204
712 204
712 452
712 452
452 1875
452 1875
1873 20
1873 1973
1020 1020
1268 998
1611 992
1796 1700
1439 1873
1962 1898
614 794
614 1873
1197 1143
1668 75
1879 452
1879 452
1879 712
1879 712
1879 1668
1879 1668
1873 510
1873 1308
998 1268
897 1489
375 1873
1873 1318
1873 998
1873 1268
216 1898
216 1962
510 1898
722 1143
937 452
83 349
83 1257
83 1562
83 1767
83 1873
452 937
902 1143
902 1197
1709 452
1439 1873
1973 902
1973 1143
1973 1197
16 992
128 1158
1873 1439
216 510
216 1898
1277 998
1277 1257
1277 1873
1873 538
1873 828
1873 998
1873 1257
1873 1277
1277 1143
614 1873
1697 1951
83 1873
894 1905
869 1286
1277 998
1277 1257
1277 1873
1368 216
1368 1898
1368 1962
619 1767
619 1873
894 1905
1439 1873
1078 1004
1078 1034
1078 1088
538 1873
1875 1286
1873 1496
528 1875
1775 1873
1873 1496
1439 1143
1875 475
1873 1086
1873 1086
1668 894
1668 894
1873 998
1873 1257
1873 1277
1561 1873
307 1705
1439 1143
1439 1143
1933 1705
1368 1368
1368 1368
1368 1368
1368 1368
1368 1368
1368 1368
222 1158
155 1873
1813 1705
1440 546
1832 150
1832 349
1832 1257
1832 1873
44 1143
1875 1951
1905 1668
202 1873
1875 1286
16 992
1439 1734
1767 2026
1767 83
1767 411
1767 1873
1268 998
1268 1873
783 619
783 1637
783 1662
1681 452
16 992
1875 1090
942 216
942 998
942 1150
942 1941
155 1873
1090 1875
1277 998
1277 1257
1277 1873
1624 1624
1624 1624
1624 1624
1624 1624
1875 1090
16 992
1257 1873
1697 1951
1290 1143
1290 1439
1873 1257
358 452
1127 1873
1873 202
997 452
792 1888
1997 1143
584 1143
1158 1276
881 1158
881 1305
881 1376
881 1593
881 1905
1627 0
452 1266
1115 1951
271 1143
83 349
83 1873
54 1873
83 349
83 1873
2026 1767
452 2026
1521 1439
1697 1951
881 1158
881 1305
881 1376
881 1980
881 2022
1875 712
1440 1158
828 1873
792 1888
792 1888
497 245
497 1158
497 1705
497 1951
497 546
497 1700
1875 1286
1767 83
792 1888
1875 1286
1875 1286
1875 1286
1183 452
1624 1624
1624 1624
1624 1624
1624 1624
1439 1873
1875 452
1875 452
614 1873
1309 1376
1893 1143
584 1464
584 1464
1587 1668
466 1705
1624 1624
1624 1624
1624 1624
1624 1624
1219 1219
1440 546
621 621
998 428
1318 1873
1496 1873
1851 452
97 469
1290 44
1290 1143
340 1705
1327 452
1327 452
1327 712
1327 712
1327 244
1327 357
1327 409
1327 452
1327 571
1327 896
1327 1069
1327 1157
1327 1586
1221 1376
1440 1158
1624 1624
1624 1624
1624 1624
1624 1624
358 452
1384 452
1587 1668
1905 894
1440 1158
1440 546
349 538
349 828
349 1873
937 452
916 1158
1499 1905
340 1700
1905 894
1905 894
1499 1905
1905 894
1905 894
1496 1873
1197 1143
584 1143
1086 1873
349 1832
1873 1873
792 1888
1496 1873
1197 1143
1158 1266
1257 584
1705 83
1705 411
1705 1767
470 1873
1697 1951
1913 1286
1290 1143
1290 1197
998 1143
1197 1143
1933 1873
1290 1143
1290 1197
1496 1873
1625 1625
1869 1869
1617 1158
1617 1158
1180 1705
1913 1286
828 1873
83 828
83 1562
83 828
83 1562
83 1873
1956 452
1956 1951
1496 1873
538 828
538 1873
538 828
538 1873
1624 1624
1624 1624
1624 1624
1624 1624
1624 1624
1796 1700
1624 1624
1624 1624
1624 1624
1624 1624
1266 452
1266 452
837 1873
1266 452
83 1562
83 1767
83 1873
1627 0
1931 1873
1627 0
1373 1705
