0 1668
497 245
1668 320
1668 1668
1276 1276
1276 1668
1838 1668
1838 1838
497 245
497 245
1668 320
1668 1668
1668 1030
1668 1668
0 1668
0 1968
0 1605
0 1668
1668 478
1668 1668
1668 1668
1668 1838
1838 1668
1838 1838
1668 1369
1668 1668
1668 1276
1668 1668
0 351
0 1668
0 1668
0 1968
1624 1624
1668 1668
1668 1838
0 1668
0 1731
0 351
0 1668
497 245
1668 351
1668 1668
1971 245
1668 1668
1668 1831
1668 596
1668 1668
1668 1668
1668 1904
1668 154
1668 1668
1993 894
1993 894
1668 1188
1668 1668
1668 277
1668 1668
0 1668
0 1731
0 1234
0 1668
1624 1624
309 245
445 245
0 1668
0 1848
1668 1585
1668 1668
0 1668
0 1848
0 1430
0 1668
0 1668
0 1848
0 1668
0 1848
0 1668
0 1731
519 55
519 245
497 245
1321 245
1114 245
102 245
497 245
317 0
1668 1397
1668 1668
1668 1263
1668 1668
1668 812
1668 1668
1668 1397
1668 1668
1668 25
1668 1668
1276 1276
1276 1668
1668 1668
1668 2014
1668 415
1668 1668
1668 1668
1668 2014
0 1668
0 1731
0 1027
0 1668
0 51
0 1668
1668 379
1668 1668
1668 379
1668 1668
0 1668
0 2028
0 1447
0 1668
0 1447
0 1668
1668 1668
1668 1720
0 1175
0 1668
0 1175
0 1668
1668 1188
1668 1668
1668 1668
1668 1720
1668 198
1668 1668
497 245
1668 1628
1668 1668
0 1474
0 1668
1668 1276
1668 1668
0 966
0 1668
497 245
1624 1624
0 992
0 1430
0 1668
0 1668
0 1942
0 1668
0 1848
1624 1624
1624 1624
1668 198
1668 1668
1668 1668
1668 2014
0 51
0 1668
0 1668
0 2021
1668 1276
1668 1668
497 245
1624 1624
497 245
1668 198
1668 1668
0 1668
0 1968
0 1668
0 1968
1668 1668
1668 1858
0 1668
0 1848
1158 570
1623 1237
0 1259
0 1668
1668 1170
1668 1668
0 721
0 1668
0 447
0 1668
1668 1632
1668 1668
1668 1331
1668 1668
0 1074
0 1668
1668 1223
1668 1668
0 1668
0 1968
0 1668
0 1731
497 245
0 1224
0 1668
1276 1276
1276 1668
1668 1506
1668 1668
0 1430
0 1668
0 611
0 1668
0 1224
0 1668
1668 1070
1668 1668
1668 867
1668 1668
1668 867
1668 1668
1668 867
1668 1668
1668 867
1668 1668
1668 867
1668 1668
496 245
1668 867
1668 1668
0 1175
0 1668
1668 1668
1668 1720
0 1668
0 1968
1668 1188
1668 1668
1873 1873
1624 1624
1668 485
1668 1668
1668 485
1668 1668
0 1259
0 1668
1158 612
1668 1119
1668 1668
1668 1131
1668 1668
0 1668
0 1968
1036 448
1036 766
1036 1123
1036 1158
1036 1376
497 245
1624 1624
1668 1668
1668 1803
1668 661
1668 1668
1668 198
1668 1668
1668 198
1668 1668
1668 661
1668 1668
0 1668
0 1968
1668 56
1668 1668
1668 1668
1668 1729
1668 503
1668 1668
1668 790
1668 1668
0 1668
0 1968
1668 1585
1668 1668
1668 1668
1668 1838
1668 1668
1668 1916
1158 358
1158 101
497 245
1873 1873
1338 245
497 245
1624 1624
1668 6
1668 1668
0 293
0 1668
0 949
0 1668
0 1234
0 1668
0 1668
0 1731
0 1668
0 1731
1668 211
1668 1668
0 1668
0 2021
497 245
0 1430
0 1668
0 1668
0 1968
0 1430
0 1668
1668 154
1668 1668
0 1668
0 1968
0 1668
0 1968
1668 56
1668 1668
1668 1188
1668 1668
1668 1668
1668 1720
1668 790
1668 1668
1668 1276
1668 1668
1668 1668
1668 1825
497 245
1624 1624
0 1668
0 1764
119 119
119 1668
0 1447
0 1668
1668 1119
1668 1668
0 1447
0 1668
1668 1227
1668 1668
0 1668
0 1968
0 1234
0 1668
1668 1276
1668 1668
1668 1585
1668 1668
1585 1585
1585 1668
1585 1585
1585 1668
1668 1119
1668 1668
1668 1276
1668 1668
0 1234
0 1668
497 245
0 1234
0 1668
0 769
0 1668
0 1668
0 1968
0 1529
0 1668
0 1529
0 1668
1119 1119
1119 1668
1668 1119
1668 1668
1668 1668
1668 1782
497 245
1158 1540
1276 1276
1276 1668
1668 629
1668 1668
0 351
0 1668
1668 6
1668 1668
1668 8
1668 1668
0 1668
0 1848
1668 1188
1668 1668
0 1668
0 1968
1668 1188
1668 1668
1668 1668
1668 1950
497 245
