1368 1439
2026 452
1368 1368
1368 1368
1368 1368
1368 1368
1368 1368
1379 1143
1368 1873
2026 452
1379 1143
1368 1143
1245 1158
1617 1158
902 1143
902 1379
1617 1158
1617 2026
452 2026
2026 452
902 1143
902 1379
1439 1706
1893 1143
33 1143
1439 1143
1439 1873
1379 1143
1997 1143
1439 510
1439 1873
902 1143
902 1997
227 1158
1439 59
1197 1143
1439 1585
1439 1873
902 1143
902 1439
1997 1257
1997 1585
1997 1832
1997 1873
1585 1997
1880 452
1880 1668
763 1158
902 1143
902 1379
1997 1873
1997 1585
1585 1997
1997 1585
1997 1143
902 1143
902 1197
584 1873
1585 1997
902 1143
902 1997
1799 1158
1997 902
1997 1143
1439 1143
1439 1143
1705 1257
902 1143
902 1379
584 1143
584 1439
1439 1143
1843 1143
1843 1439
1893 1143
520 1701
136 1705
1832 1585
804 1158
1973 20
1668 1276
410 20
410 1973
410 20
410 1973
1873 1873
1873 1873
1197 1143
1585 1873
1843 1143
1843 1439
1535 894
1535 894
1535 1286
1535 1286
1873 349
1873 943
1286 117
1832 202
1832 1323
1832 1585
1832 1873
1452 1143
1439 1838
1439 1838
1439 1838
1286 1875
1873 157
202 1832
0 1668
0 1447
0 1668
1873 1585
510 23
1286 868
1997 1585
410 20
410 1973
1036 1158
1036 1376
1036 1875
1036 1951
868 1286
1668 452
1668 452
1668 452
1668 927
1668 927
1668 927
1668 1286
1668 1286
1668 1286
1873 1661
1873 1873
1668 927
1668 927
1668 927
1286 1708
1668 927
1668 927
1668 927
1973 20
1973 410
1668 526
1286 788
1668 1671
1119 1668
410 20
410 1973
1668 629
349 491
349 1485
349 1705
0 1286
1997 1257
1997 1873
1956 1873
629 1668
1668 629
1668 1119
629 1668
868 1286
1277 410
1973 410
1973 1277
23 510
1286 654
992 1616
23 510
992 868
349 1873
1873 411
1873 419
1286 1875
411 419
411 1873
1668 382
1503 1503
136 1158
136 1705
868 992
0 1224
0 1668
584 1873
349 1832
1158 208
1158 208
1668 845
1668 1446
1668 1920
1668 138
1668 483
1668 675
1668 919
1668 2018
1668 5
1668 1169
1881 1668
1668 1915
1668 1934
1668 72
1668 1138
1668 1141
1668 1312
1881 1668
1668 2004
1668 543
1668 1012
1668 1258
1668 1329
1668 1458
1881 1668
1881 1668
1668 1872
1668 94
1668 112
1668 789
1668 850
1881 1668
1668 268
1668 299
1668 900
1668 1146
1668 1329
1668 1399
1668 125
1158 208
1668 775
136 1158
231 1668
1158 2026
1452 1143
792 1888
1668 234
1452 1143
510 23
792 1888
1286 1875
86 1158
992 868
262 1158
1730 418
1730 851
1730 1401
1730 1767
1730 1791
1730 1873
1730 1986
1757 1158
1509 38
1509 305
1509 382
1509 816
1509 1010
1509 1791
1509 1873
1997 1143
1873 628
1832 1257
1832 1873
1873 1542
1997 1143
986 1376
1257 452
1439 510
986 546
452 1257
1952 1952
584 1898
1439 1873
584 1898
1668 633
1873 799
1439 1873
992 57
1997 1143
1873 1439
1257 452
1873 1615
1439 1873
1439 785
1668 1328
1668 1668
1439 1615
998 1143
1579 1143
1579 1997
992 57
998 1143
998 1521
1997 998
1997 1143
1997 1521
1439 1615
1521 998
1521 1143
868 452
1119 1119
1119 1668
1579 1143
1579 1997
1873 1873
1521 584
1521 1898
411 419
411 1873
1276 1668
1276 1668
1307 1158
1668 1880
868 992
1579 998
1579 1143
1668 580
1668 1668
998 410
998 1257
998 1873
998 1973
1997 998
1997 1257
1997 1873
1997 1962
1368 1257
1368 1439
1368 1873
1368 2011
868 452
1286 1668
1668 52
881 245
881 245
881 1158
881 1158
881 1305
881 1305
881 1376
881 1376
881 1593
881 1593
881 1905
881 1905
208 452
1439 1143
1973 1439
1973 1633
1973 1873
1439 1832
992 868
1439 1368
1439 1368
1952 1952
1439 1633
1257 1873
33 1143
739 1705
584 1143
1439 1143
340 1700
0 452
349 1705
1579 584
1579 1143
1036 1158
1036 1158
1036 1376
1036 1376
1036 1875
1036 1875
1036 1951
1036 1951
1875 1951
349 359
1290 1290
338 1143
1579 33
1579 1143
799 1873
1368 1143
157 1705
1257 1873
1579 338
1579 1143
33 1143
33 1579
1997 33
1997 1143
1997 1579
1579 1143
1579 1439
1997 33
1997 1143
1997 1579
998 1143
1439 628
727 328
727 409
727 452
727 1057
727 1767
727 1905
727 1986
1500 998
1875 1951
1579 33
1579 1143
1579 1997
701 452
1953 1158
452 701
0 452
1875 1951
701 452
452 1276
452 1668
1668 452
1668 452
349 1873
452 1668
1439 1832
1668 452
1668 452
1668 1880
1668 1880
1875 1286
452 1668
157 1705
927 1158
927 1158
927 1158
927 1286
927 1286
927 1286
927 1668
927 1668
927 1668
1843 998
1843 1500
1893 1143
1277 1143
1277 1143
998 1257
998 1873
998 1962
998 1997
1600 452
1517 546
927 1668
927 1668
927 1668
927 1668
927 1668
927 1668
1997 998
1997 1257
1997 1873
1997 1962
1997 1898
1668 452
1668 452
349 378
1439 1143
1439 1143
510 1143
1873 1139
1439 1143
216 1898
216 1997
894 328
894 328
894 1905
894 1905
1617 1158
1617 1376
1617 452
1617 1158
1617 1376
1617 1668
998 216
998 1898
998 1997
1368 216
1368 998
1368 1898
1368 1997
1439 1832
1832 1439
516 516
584 1143
1036 1158
1036 1158
1036 1376
1036 1376
1036 1875
1036 1875
1036 1951
1036 1951
1875 1951
1873 410
1873 1439
1873 1791
1873 349
1257 1291
1439 1791
1277 23
1277 510
1796 1700
410 1439
410 1791
1791 410
1791 1439
1257 1439
1257 1832
1257 1873
338 1143
1439 628
1439 59
1439 1832
1439 1832
202 1873
1257 1873
1668 1276
1439 59
1439 1832
1276 1668
1843 1143
1843 1439
33 1898
1843 1143
1843 1439
1875 1951
1875 1951
349 491
349 1257
349 1705
1617 1158
1617 1376
1617 1158
1617 1158
1617 1376
1617 1376
894 1905
894 1905
362 1376
1439 1832
1832 1439
1439 1791
1286 1875
1197 1143
1286 1875
1668 1276
1276 1668
1615 1705
362 1376
584 1873
1873 1066
1873 1873
1193 1143
1286 1875
1873 1873
1873 1924
1181 1705
1181 1741
1617 1158
1439 1832
1286 1090
1286 1875
349 202
349 1257
349 1705
510 998
510 1072
510 1079
1843 1143
510 1257
1843 1439
510 1997
1973 1143
1973 20
1439 59
1439 1832
1439 59
1439 1832
1997 1143
1997 1973
1439 59
1439 1832
1521 1898
1873 202
1973 20
1973 1997
1668 1288
1668 1668
1997 20
1997 1973
452 1276
1973 1521
1973 1898
1286 1145
1276 452
851 1521
851 1898
851 1973
998 1143
998 1973
998 1997
1197 1143
1873 1540
1873 441
1439 569
1832 1439
452 1880
452 1880
978 245
978 1158
792 1888
1277 20
1277 1973
57 992
1873 202
1893 851
1893 1521
1893 1898
1893 1973
1973 851
1973 1521
1973 1893
1973 1898
1893 851
1893 1521
1893 1898
1893 1973
1998 0
23 1277
202 1873
510 851
510 1521
510 1893
510 1898
510 1973
1668 711
1640 1376
1997 510
1997 823
1997 1893
1997 1898
1997 1973
1311 1668
178 452
178 452
1521 510
1521 851
1521 1893
1521 1898
1521 1973
1521 1997
1668 1380
1668 1380
1873 510
1668 465
1668 1905
1873 510
1873 851
1873 1275
1873 1521
1873 1898
1873 1997
1873 828
868 1286
868 1286
868 1668
868 1668
1286 1090
271 271
881 1158
881 1305
881 1376
881 1593
881 1905
1873 828
1973 20
1973 1277
1617 1158
1617 1376
1439 628
1414 1414
1617 1158
1617 1158
1617 1376
1617 1376
1668 868
1668 868
1668 1286
1668 1286
655 1143
1286 1875
0 1282
0 1873
998 510
998 851
998 1521
998 1873
998 1893
998 1898
998 1973
998 1997
1617 79
1617 1158
1257 1791
510 823
510 1893
510 1898
510 1973
510 1997
338 1143
362 1376
362 79
1277 828
1277 1873
1873 328
1617 1158
1617 712
1617 1158
345 1705
1103 1951
1103 1158
362 1305
1791 1257
410 20
410 1277
410 1973
1036 79
1036 1158
1036 1194
1036 1376
1036 1443
1036 1980
410 998
410 1257
410 1873
410 1962
1973 20
1973 410
1973 1277
1627 0
736 552
736 627
736 1143
1257 1873
998 20
998 410
998 1277
998 1973
1873 1569
1873 1873
736 736
736 736
736 736
736 736
998 1873
33 1898
1973 20
1973 410
1973 998
1973 1277
1521 510
1521 1893
1521 1898
1521 1959
1521 1997
362 1305
1521 510
1521 1893
1521 1898
1521 1959
1521 1997
1043 452
410 20
410 998
410 1277
410 1973
1973 20
1973 410
1973 998
1973 1277
1873 1439
1286 888
1286 894
1286 894
1286 1535
1286 1535
1668 1671
1158 701
4 1158
868 1286
868 1286
868 1668
868 1668
340 1705
1973 20
1973 410
1668 868
1668 868
410 1143
1997 998
1997 1257
1997 1873
1997 1962
1997 1973
1268 535
1268 1268
1368 1257
1368 1439
1368 1873
1368 2011
1973 998
1973 1072
1973 1079
1973 1257
1973 1997
998 1072
998 1079
998 1257
998 1973
998 1997
1873 1540
1158 1043
1139 1705
1893 1143
1997 1898
52 1668
1944 1705
1257 349
1257 1873
1893 1898
1893 1997
1257 1143
1277 20
1277 410
1439 1368
1439 1268
894 452
894 452
1873 54
1873 1257
1873 361
1873 411
419 411
1973 1893
1973 1898
1973 1997
1873 1268
1873 1439
1832 1898
1439 1873
584 1893
584 1898
584 1973
584 1997
1257 54
1257 1873
1705 1496
1277 1143
1873 1439
0 452
1873 1257
1719 1158
1719 1376
1719 1705
1873 336
1873 1873
1873 1257
0 1286
1705 1997
1276 1747
1767 1873
1368 46
1368 584
1368 1893
1368 1973
1158 1276
1158 1668
1873 585
1873 1257
1873 1643
1873 1439
1873 1767
729 1286
1880 452
1880 1668
1277 1439
1277 1873
1952 1952
1379 1143
894 452
894 452
894 452
894 712
894 712
894 712
894 729
894 729
894 729
894 1668
894 1668
894 1668
894 1905
894 1905
894 1905
1286 615
1286 1875
1973 1143
1997 510
1997 851
1997 1521
1997 1873
1997 1893
1997 1898
1997 1973
1158 1668
0 1286
1893 1143
1276 1668
1158 1668
1873 202
1873 1257
1873 1585
1873 1832
998 164
998 851
998 1257
1276 1668
164 851
164 998
164 1257
1286 934
1668 1276
1988 1988
1439 1873
1439 59
1439 1832
410 998
410 1257
410 1873
410 1962
998 164
998 851
998 1257
1873 344
1873 349
1873 944
1277 1143
1873 344
1873 349
1873 944
1705 998
1705 1257
1705 1962
1705 1997
792 1888
411 152
411 361
411 1767
411 1873
1439 569
1439 1579
1010 894
1997 1143
1973 1143
68 277
1268 1277
1268 1439
1268 1873
894 452
894 452
986 546
881 245
881 245
881 1158
881 1158
881 1305
881 1305
881 1376
881 1376
881 1593
881 1593
881 1905
881 1905
584 1143
1952 1952
1286 934
1952 1952
1286 1145
1997 33
1997 1898
906 1705
1873 1439
1873 1579
1276 1668
1767 1873
792 1888
1873 344
452 894
1767 344
1585 344
1585 944
1585 1873
894 452
894 452
894 1010
1439 1873
1286 1875
1873 1603
510 1439
510 1873
943 1873
1997 1143
1036 1158
1036 1158
1036 1376
1036 1376
1036 1875
1036 1875
1036 1951
1036 1951
418 1257
418 1791
968 452
701 555
701 1585
1276 358
1276 452
1276 452
1905 245
349 1873
1832 1257
1832 1439
1832 1873
1257 418
1257 1791
1276 712
1276 729
1276 1286
712 729
712 1276
712 1286
1257 1439
1257 1832
1257 1873
1875 1090
1178 1438
1178 1873
681 681
1973 20
510 20
510 1973
251 0
1579 510
1579 1439
1579 1873
154 1668
851 1143
851 1994
1808 1705
1277 1143
998 1143
998 1277
1579 1143
1579 1997
410 998
410 1257
410 1873
410 1962
1875 1951
1579 851
1579 1143
1579 1994
1791 1257
1791 1257
1579 1143
1579 1973
881 245
881 245
881 1158
881 1158
881 1305
881 1305
881 1376
881 1376
881 1593
881 1593
881 1905
881 1905
1439 1143
1286 452
1286 452
1875 1286
1873 932
1873 1873
1579 1143
1579 1997
378 349
1286 452
1286 452
1286 452
548 1873
628 1873
1036 1158
1036 1376
1036 1593
1036 1980
851 1439
851 1873
1276 1191
1276 1420
1973 1143
1813 0
1277 23
1277 828
1277 1873
1193 1143
1036 1158
1036 1158
1036 1376
1036 1376
1036 1875
1036 1875
1036 1951
1036 1951
271 851
271 1439
271 1873
271 1143
271 851
271 1439
271 1873
1439 1143
510 271
510 851
510 1439
510 1873
419 411
419 1873
1036 79
1036 429
1036 1158
1036 1194
1036 1376
1036 1443
1036 1980
1973 20
792 1888
1616 992
1579 1143
1579 1193
216 1143
419 411
419 1873
881 448
881 1158
881 1376
1521 1832
1521 1898
419 411
419 1873
1832 1521
1832 1898
1090 1286
1380 1668
1380 1668
598 598
792 1888
1169 1376
1973 20
1881 1668
410 1898
1036 1158
1036 1158
1036 1376
1036 1376
1036 1875
1036 1875
1036 1951
1036 1951
1286 1875
1257 1873
1036 1158
1036 1376
1036 1443
1036 1693
1286 1875
840 1150
1277 20
1277 1973
1286 1286
1881 1668
1875 1090
793 603
793 603
1257 1439
1257 1832
1257 1873
792 1888
1542 1873
711 1668
510 1257
510 1873
792 1888
792 1888
452 1276
868 452
419 411
419 1873
1277 510
1277 1257
1277 1873
902 1143
1439 59
1439 1832
992 1616
1257 1439
1873 1257
1873 1439
1518 1700
1233 1499
1233 1499
1145 1286
216 840
216 1150
1668 711
1668 154
1873 653
1873 1873
150 435
150 461
150 1750
150 1800
150 1873
150 435
150 461
150 1750
150 1800
150 1873
1111 452
986 1158
986 546
584 410
216 1143
584 1898
1219 1219
1991 216
1991 1143
1581 1952
998 1143
216 410
216 584
216 1898
628 1439
410 216
128 1158
1668 1276
998 1143
792 1888
340 1700
1668 729
1991 216
1991 1143
1542 1439
1542 1873
1257 510
1257 1277
1257 1873
154 1668
881 1158
881 1305
881 1376
881 1593
881 1905
1991 216
1991 1143
1276 1880
410 20
23 1277
907 1873
1277 1873
1873 23
1873 510
1873 815
1873 828
1873 1277
1875 615
1875 1951
1905 245
1905 1158
1905 1305
1905 1376
1905 1593
615 1875
615 1951
358 328
358 1549
358 1767
358 1986
1893 1143
1633 1873
1633 1973
1633 2007
251 0
1905 894
584 1898
1633 1439
1633 1873
1633 1973
1873 525
1873 1498
1873 1257
1875 1090
1875 1233
934 1286
33 1143
1277 1143
465 1905
792 1888
851 33
851 1143
516 516
792 1888
584 1143
1832 1585
23 1277
1873 593
1197 1143
851 998
851 1143
1873 202
1873 349
1873 1257
1873 1585
1873 1767
1873 1832
1277 23
1873 23
1873 1277
1521 584
1521 1898
584 1521
584 1898
1873 510
1873 1368
1873 1439
1585 1832
510 1873
510 1521
1875 1286
1873 510
1832 1585
1585 1832
1873 510
1873 1521
1997 510
1997 1521
1873 1585
1873 1832
1873 510
1873 1521
1873 1997
1997 1257
1997 1873
1991 1143
1991 1197
711 1668
1873 1257
1873 1997
1496 1873
792 1888
792 1888
349 1873
628 1439
1438 1013
1438 1705
1496 1873
1873 1257
1257 1873
411 828
411 1873
1221 1376
160 1705
340 1705
1873 411
1873 828
792 1888
584 1873
1997 1257
1997 1873
1277 411
1277 828
1277 1873
1368 216
1368 410
1952 1952
154 452
1893 1143
1257 584
1257 1873
617 1700
452 154
792 1888
1624 1624
1624 1624
1624 1624
1624 1624
1036 79
1036 1158
1036 1194
1036 1376
1036 1443
1368 1143
1368 1143
510 1873
1705 410
1705 998
1705 1257
1705 1962
1997 510
1997 1873
497 245
497 1158
497 1951
497 546
497 1700
497 1705
792 1888
894 452
1257 1898
1873 501
792 1888
1277 828
1277 1873
792 1888
510 1873
1257 349
1257 1873
1997 1143
1197 1143
1257 1873
998 1143
998 1143
24 1257
998 23
998 1873
584 1257
1257 24
1997 902
1997 1143
1997 1439
1997 840
1997 942
1997 1150
1624 1624
1624 1624
1624 1624
1624 1624
1257 349
1257 1873
1991 998
1991 1143
1991 902
1991 1143
1991 1439
1991 1997
828 1873
1997 1143
628 1439
621 621
828 1873
1875 1951
1257 1143
1641 1951
1641 1668
314 1700
1875 1286
150 1585
150 1750
150 1873
1440 546
1058 1905
24 1257
251 0
1368 24
1368 1257
896 1905
881 1158
881 1305
881 1376
881 1593
881 1905
510 991
1875 1090
1327 452
1327 452
1327 712
1327 712
1327 244
1327 357
1327 409
1327 452
1327 571
1327 896
1327 1069
1327 1157
1327 1586
1115 1951
1997 510
1997 991
1521 1997
792 1888
1873 378
1036 1158
1036 1376
1036 1593
1036 1980
1873 349
1873 1257
792 1888
1880 452
1880 452
1880 1668
1880 1668
837 1873
441 1873
548 1873
868 452
1880 452
1880 452
792 1888
441 1873
828 441
828 1873
1197 1143
441 828
441 1873
1671 1668
1991 1143
1991 1197
828 1873
828 1873
1197 1143
1197 1857
1991 1143
1991 1197
1991 1857
628 1439
1952 1952
792 1888
1878 1705
1517 1376
1257 1898
1197 1143
1617 1158
362 1443
1197 1143
1617 1158
1838 202
1838 202
1838 202
1838 411
1838 411
1838 411
1838 418
1838 418
1838 418
1838 452
1838 452
1838 452
1838 464
1838 464
1838 464
1838 478
1838 478
1838 478
1838 510
1838 510
1838 510
1838 538
1838 538
1838 538
1838 795
1838 795
1838 795
1838 998
1838 998
1838 998
1838 1051
1838 1051
1838 1051
1838 1072
1838 1072
1838 1072
1838 1079
1838 1079
1838 1079
1838 1119
1838 1119
1838 1119
1838 1257
1838 1257
1838 1257
1838 1322
1838 1322
1838 1322
1838 1425
1838 1425
1838 1425
1838 1439
1838 1439
1838 1439
1838 1509
1838 1509
1838 1509
1838 1575
1838 1575
1838 1575
1838 1585
1838 1585
1838 1585
1838 1668
1838 1668
1838 1668
1838 1673
1838 1673
1838 1673
1838 1767
1838 1767
1838 1767
1838 1791
1838 1791
1838 1791
1838 1829
1838 1829
1838 1829
1838 1832
1838 1832
1838 1832
1838 1832
1838 1832
1838 1832
1838 1873
1838 1873
1838 1873
1838 1962
1838 1962
1838 1962
1838 1986
1838 1986
1838 1986
894 1905
251 0
452 358
1617 154
1617 1158
54 1257
54 1873
1617 154
1617 1158
1719 1705
1719 1376
452 894
452 894
349 1873
54 1257
1719 1705
54 1873
1719 1376
1719 1158
1952 1952
894 452
942 328
942 1549
942 1668
452 894
452 894
1197 1143
452 358
54 1257
54 1873
894 452
894 712
894 1286
894 1010
712 894
712 894
452 894
452 894
1624 1624
1624 1624
1624 1624
1624 1624
1952 1952
1643 1257
1643 1873
1197 1143
1911 1873
894 452
531 546
1603 1873
1991 1143
1991 1197
894 1905
1911 1873
1911 1585
349 1257
1036 79
1036 429
1036 1158
1036 1194
1036 1376
1036 1443
1036 1980
338 1143
349 1257
619 411
358 1276
1286 1875
1286 1875
349 1257
1257 349
1257 1873
1115 1951
1017 465
1017 1905
1498 1873
1191 358
1191 1276
1708 290
1708 1286
1158 894
1158 868
1158 1479
1158 1747
1158 1111
1668 1671
1092 1092
1432 1705
1180 1705
1905 424
1905 1038
695 1700
1627 0
1499 452
1905 1038
1499 452
1668 219
1499 712
1499 1951
1499 1010
1875 1286
1616 992
1625 1625
1905 894
1257 1257
1257 1257
1257 1257
1257 1257
1905 894
828 1873
828 1873
1875 1286
1624 1624
1624 1624
1624 1624
1624 1624
1624 1624
828 1873
942 840
942 1150
828 1873
1671 1668
1156 1158
378 1873
1869 1869
525 1498
378 1873
1956 1873
251 0
1931 1873
1627 0
358 452
358 1158
358 1158
1727 1705
1373 1705
