1197 1143
300 300
300 300
300 300
300 300
300 300
300 300
1290 1143
1290 1277
510 510
510 510
510 510
510 510
510 510
510 510
510 1143
763 1158
452 1879
1277 1143
1277 1143
464 2026
464 2026
2026 1668
1119 202
1119 452
1119 464
1119 1585
1119 1769
1119 1791
1577 1143
1119 89
1119 478
1119 1509
1119 1575
1119 1668
1668 55
1668 55
1668 55
1668 55
1668 55
1668 55
1799 1158
227 1158
452 937
584 1143
584 1143
998 584
998 584
868 452
1618 1875
998 1898
690 278
584 1143
216 584
216 1898
452 868
584 216
584 1898
1521 1898
510 1873
216 998
216 1898
1521 1898
998 216
998 1898
1873 70
1873 962
1873 1711
510 897
998 1521
998 1898
792 1888
216 998
216 1521
216 1898
1521 998
1521 1898
998 216
998 1521
998 1898
1873 1257
1873 1997
210 210
216 998
216 1521
216 1898
998 216
998 1521
998 1898
1973 998
1973 1521
1973 1898
584 1143
1521 998
1521 1898
1521 1973
510 70
510 962
510 1711
510 1873
452 868
1245 1158
1893 1143
1668 1600
1452 1143
1668 629
1668 1276
1668 2026
1193 1143
1193 1452
1257 1873
1767 328
1767 1257
1767 1873
410 1143
690 452
2026 1668
1941 1150
510 216
510 998
510 1898
216 1150
216 1941
1276 1668
1276 2026
1286 1668
1668 1286
1668 1286
1286 1668
1286 1668
1197 1143
33 1143
1368 1143
584 33
584 1143
1618 1875
1575 1750
1575 1873
180 452
410 1143
998 33
998 584
998 1143
1812 1875
510 897
736 1143
1962 998
1962 1257
1962 1585
1962 1832
1962 1873
1873 349
1873 584
1368 13
1368 23
1368 24
1368 46
1368 119
1368 164
1368 202
1368 216
1368 265
1368 271
1368 305
1368 328
1368 409
1368 411
1368 418
1368 452
1368 456
1368 464
1368 510
1368 557
1368 584
1368 640
1368 689
1368 793
1368 816
1368 851
1368 889
1368 979
1368 998
1368 1018
1368 1119
1368 1178
1368 1240
1368 1257
1368 1322
1368 1429
1368 1433
1368 1439
1368 1466
1368 1500
1368 1521
1368 1575
1368 1585
1368 1586
1368 1669
1368 1742
1368 1791
1368 1838
1368 1873
1368 1893
1368 1962
1368 1975
1368 1986
1585 1257
1585 1832
1585 1838
1585 1873
1873 1439
1322 998
1322 1257
1322 1585
1322 1832
1322 1873
1322 1962
1962 998
1962 1257
1962 1322
1962 1585
1962 1832
1962 1873
1322 998
1322 1257
1322 1585
1322 1832
1322 1873
1322 1962
1439 1873
584 1143
1575 998
1575 1079
1575 1322
1575 1585
1575 1832
1575 1962
1873 998
1873 1257
1873 1585
1873 1832
1873 1962
1624 1257
1624 1873
1668 690
1767 1873
1767 328
1767 452
1962 1898
262 1158
792 1888
136 1158
584 1873
452 1767
1873 202
1873 349
1873 1585
1873 1832
349 1873
1832 1575
1767 452
584 1873
1873 1898
1368 20
349 1873
1873 584
216 1898
216 1962
1873 584
1873 998
328 1767
1962 216
1962 1322
1962 1898
1628 1668
712 452
712 452
210 210
1521 1873
1521 1898
629 452
1758 1257
1758 1873
452 712
452 712
1322 89
1322 89
1322 315
1322 315
1322 464
1322 464
1322 1509
1322 1509
1322 1668
1322 1668
1322 1791
1322 1791
1322 1873
1322 1873
452 328
510 1521
510 1873
510 1898
1873 1521
1873 1898
1668 452
1668 452
1668 712
1668 712
1257 851
452 1668
452 1668
86 1158
1668 452
1668 452
452 1668
452 1668
328 452
1322 216
1322 1898
1322 1962
1197 1143
1668 452
1668 452
851 33
851 216
851 1257
851 1853
328 452
1962 216
1962 1322
1873 1421
1873 828
1873 1586
1577 1143
1577 1368
136 1158
1997 216
1997 1150
1997 1941
452 328
868 992
868 452
903 1143
452 868
868 452
452 868
1767 851
1767 1873
328 452
1873 851
1873 1767
1873 30
1873 30
584 1143
452 1668
452 1668
1873 302
1668 452
1668 452
1973 46
1973 998
1973 1257
1973 1873
1178 464
1178 1791
1178 1873
1962 1668
1962 1838
1873 456
1873 1586
1668 1585
1838 1668
1838 1962
992 239
584 1873
998 584
998 1873
1791 464
1791 1178
1791 1873
1585 1962
1585 1668
1575 1585
584 1143
1585 1668
739 1705
992 868
868 452
1628 1585
894 372
1585 1628
584 1197
1439 998
1439 1257
1439 1873
1757 1158
1286 1875
1941 216
1941 1150
1941 1997
998 1257
998 1873
998 1962
998 1997
1290 1290
1277 1143
1838 1257
1838 1585
1838 1832
1838 1873
1286 1875
278 690
604 1143
1973 20
452 868
1832 150
1832 998
1832 1257
1832 1585
1832 1873
868 452
998 20
998 1973
1973 20
1973 998
1962 1322
1962 1585
1962 1668
1962 1832
1962 1838
1439 1832
868 992
1585 1838
1439 998
1439 1257
1439 1832
1439 1873
1439 998
1439 1257
1439 1832
1439 1873
1832 1439
992 868
278 894
868 992
584 1143
216 851
216 1257
216 1456
216 1853
1421 1873
216 851
216 1257
216 1456
216 1853
998 1143
1624 1257
1624 1439
1624 1750
1624 1832
1624 1873
1832 1439
722 1143
456 1586
456 1873
1832 1190
1832 1585
1832 1838
1998 0
998 46
998 1257
998 1873
998 1973
1036 79
1036 1158
1036 1194
1036 1305
1036 1376
1036 1443
1036 1980
1585 1832
1439 851
1439 1873
1832 1624
1439 1832
584 998
340 1700
362 1158
1439 1873
1439 1832
1832 1439
1832 1624
1439 728
1875 1618
1973 1143
1521 998
1521 1257
1521 1873
1521 1973
1521 1997
1439 1832
1286 1286
1277 1898
1750 998
1750 1485
1750 1873
1277 1143
962 510
1286 1208
1585 1750
1257 832
1668 1585
851 1143
851 1277
1668 1748
1750 1585
452 894
452 894
452 894
452 1286
452 1286
452 1286
452 1668
452 1668
452 1668
1290 851
1290 1143
1290 1277
1697 1668
1875 1271
1585 1668
1832 1190
894 372
1668 1585
1585 1750
1875 1951
216 1277
216 1898
1277 851
1277 1143
1277 1290
1832 1585
1286 1697
1585 1668
1286 1668
851 1767
851 1873
1832 1439
1668 1585
1668 452
1668 452
452 1668
452 1668
1875 1618
33 216
33 851
33 1257
33 1853
1668 452
1668 452
1036 79
1036 79
1036 244
1036 244
1036 245
1036 245
1036 727
1036 727
1036 990
1036 990
1036 997
1036 997
1036 1057
1036 1057
1036 1158
1036 1158
1036 1392
1036 1392
1036 1549
1036 1549
1036 1951
1036 1951
998 851
998 1257
998 1586
998 1873
998 1997
1668 55
1668 55
1668 55
1668 55
1668 55
1668 55
1875 1812
452 1668
452 1668
1812 894
868 277
1668 452
1668 452
1812 1875
851 998
851 1257
851 1586
851 1873
851 1997
1439 1832
1286 1668
1286 1668
1286 1668
1585 1668
1368 46
1368 998
1368 1257
1368 1521
1368 1873
1368 1973
0 1259
0 1668
998 851
998 1257
998 1586
998 1873
998 1997
792 1888
1158 1747
1668 1585
1158 328
1158 1767
1668 554
1832 1439
1439 707
1439 1832
1668 154
1668 629
1668 1276
1668 2026
1286 1271
1276 154
1276 629
1276 1668
1276 2026
1036 79
1036 79
1036 79
1036 244
1036 244
1036 244
1036 245
1036 245
1036 245
1036 727
1036 727
1036 727
1036 990
1036 990
1036 990
1036 997
1036 997
1036 997
1036 1057
1036 1057
1036 1057
1036 1158
1036 1158
1036 1158
1036 1392
1036 1392
1036 1392
1036 1549
1036 1549
1036 1549
1036 1951
1036 1951
1036 1951
1484 1376
792 1888
832 1257
832 1873
1812 1668
1271 1875
1873 998
1873 1257
1873 1962
1873 1997
1873 456
1873 1586
1500 584
1500 1439
1500 1873
1873 512
456 1586
456 1873
998 1898
1668 1812
340 1705
1103 1951
1103 1158
1812 452
1812 452
1812 1668
1812 1668
992 1867
277 868
1962 998
1962 1257
1962 1585
1962 1832
1962 1873
868 277
1307 1158
216 998
216 1898
1277 216
1277 1898
998 216
998 1898
277 1316
277 414
1812 452
510 1143
372 894
1368 216
1368 998
1368 1898
1277 1143
1277 1143
1368 1257
1368 1873
1893 1143
584 1500
1873 657
962 510
992 868
992 868
1873 1439
1873 1832
1832 1873
1521 1143
1439 1873
1439 1832
1962 1898
992 1465
1668 1905
216 1898
216 1962
1585 1750
1832 1439
1668 55
1668 55
1668 55
1668 55
1668 55
1838 150
1838 573
1838 689
1838 1322
1838 1575
1838 1585
1838 1668
1277 1143
736 552
736 627
736 1143
1767 851
992 868
736 736
736 736
736 736
736 736
1579 510
1579 1143
1286 994
271 271
1873 1585
1873 1832
1873 851
1873 1439
1873 1439
1873 1832
4 1158
1276 154
1276 154
1276 277
1276 277
1276 629
1276 629
1276 712
1276 712
1276 868
1276 868
1276 1618
1276 1618
1276 1628
1276 1628
1276 1668
1276 1668
1276 2026
1276 2026
1808 1705
1368 1143
1585 1873
1838 150
1838 573
1838 689
1838 1322
1838 1575
1838 1585
1838 1668
1624 1624
1624 1624
1624 1624
1624 1624
1873 349
154 868
1873 1962
1875 1286
1873 851
1873 1767
1962 1873
1276 1276
1276 1668
1257 1873
868 154
868 154
868 277
868 277
868 629
868 629
868 712
868 712
868 1276
868 1276
868 1365
868 1365
868 1522
868 1522
868 1618
868 1618
868 1628
868 1628
1873 1257
1368 20
452 868
1875 1286
452 1812
1257 1873
1579 1143
1579 1368
1277 1143
1838 150
1838 573
1838 689
1838 1322
1838 1575
1838 1585
1838 1668
689 1838
1575 689
1838 1575
1812 452
452 1812
1575 1838
1838 1575
1182 1705
1036 429
1036 1158
1036 1376
992 395
1838 1575
728 250
510 20
1775 1873
1197 1143
1838 1575
1962 689
1962 998
1962 1257
1962 1585
1962 1750
1962 1873
1838 1575
1268 535
345 1705
998 1143
998 535
998 1268
1627 0
1893 1143
1268 535
1873 1257
1873 689
1873 998
1873 1257
1873 1585
1873 1750
1873 1962
274 274
998 535
998 1268
722 1143
1873 535
1873 1268
1873 535
1873 998
1873 1268
1800 1832
1973 1143
1119 1668
1919 395
1268 535
1268 1873
19 962
992 868
510 962
1668 1748
717 0
452 894
452 1286
452 1668
1579 1143
1579 1893
1893 1143
1036 429
1036 1158
1036 1376
372 894
1521 1143
1521 1579
1521 1893
1668 1748
998 535
998 1268
998 1873
277 1837
992 16
372 894
1586 535
1586 998
1586 1268
1586 1873
998 722
998 1143
1579 1521
1277 1143
1672 535
1672 998
1672 1268
1672 1586
1672 1873
998 1257
998 1873
998 1962
998 1997
792 1888
1528 1705
410 998
410 1257
410 1873
1668 1119
1119 1668
1268 535
1268 998
1268 1586
1268 1672
1268 1873
1893 1143
998 535
998 1268
998 1586
998 1672
998 1873
1521 722
1521 998
1521 1143
340 1700
1668 1393
1741 657
1741 1257
1741 1705
1668 701
512 1873
340 1705
1838 1575
701 1838
1668 1575
1668 1575
1668 1838
1668 1838
1600 1668
690 1668
690 1668
906 1705
1838 690
1838 690
1705 456
1705 1586
657 1741
1962 998
1962 1257
1962 1873
1962 1997
690 1838
690 1838
792 1888
1197 1143
897 1489
1268 535
1268 998
1268 1873
1286 1875
1838 690
1838 690
533 1873
1838 690
1838 690
1257 1898
222 1158
1521 1257
1521 1898
1268 535
1268 998
1268 1586
1268 1672
1268 1873
395 1919
998 535
998 1268
998 1586
998 1672
998 1873
998 535
998 1268
998 1873
1368 1257
1368 1521
1368 1898
1838 701
1521 13
1521 535
1521 998
1521 1268
1521 1672
1268 535
1268 998
1268 1586
1268 1672
1268 1873
1973 1898
992 395
1521 535
1521 998
1521 1268
1521 1873
840 998
840 1150
216 840
216 998
216 1150
689 602
689 852
689 1302
689 1585
689 1750
689 1832
998 216
998 840
998 1150
44 1143
992 868
1624 1624
1624 1624
1624 1624
1624 1624
655 1143
1268 535
1268 998
1268 1521
1268 1873
1368 1898
832 1257
832 1873
722 1143
349 1705
1705 998
1705 1257
1705 1585
1705 1832
1705 1962
998 1143
1873 152
510 20
1873 410
1873 998
1873 1257
1257 1585
216 1368
216 1898
1585 1257
1873 349
690 175
1873 1257
1873 1585
897 1489
598 598
690 175
1873 1284
1873 1873
1624 1624
1624 1624
1624 1624
1624 1624
1624 1624
1832 689
443 1158
902 1143
1873 1750
1873 1832
897 1489
1257 1257
1873 302
1277 20
1277 510
722 1143
1838 690
1838 690
349 1873
1277 1143
1277 1143
1624 1624
1994 1143
1368 216
1368 1898
689 602
1561 1873
1579 1143
1579 1277
1705 851
1705 998
1705 1257
1705 1586
1705 1997
1873 302
1579 1143
1579 1277
1873 851
1873 1767
1767 1873
1465 992
1873 375
510 897
655 1143
1036 429
1036 1158
1036 1376
937 452
349 1873
992 452
992 452
992 868
992 868
1257 1873
1873 365
1873 1873
1705 1257
1873 1873
1873 1962
456 710
456 998
1873 349
701 1767
868 452
868 452
868 992
868 992
992 452
992 452
992 868
992 868
1767 701
657 1873
1036 79
1036 1158
1036 1194
1036 1305
1036 1376
1036 1443
1036 1980
1197 1143
998 1143
1277 1143
1873 456
1873 710
1873 998
998 1257
998 1873
998 1962
998 1997
1873 152
1873 328
1873 1767
1119 1575
1119 1668
1257 452
1257 452
1837 277
992 868
1624 1624
1624 1624
1624 1624
1624 1624
1838 690
1838 690
395 992
410 1143
352 452
894 1762
1500 998
998 1500
1962 998
1962 1257
1962 1585
1962 1873
1873 349
902 998
902 1500
998 902
998 1500
792 1888
689 852
302 1873
1036 429
1036 1158
1036 1376
998 689
998 852
1873 689
1873 852
1873 998
1962 1898
1873 1898
1813 1873
992 868
1440 546
1873 1586
1036 429
1036 1158
1036 1376
1521 1873
1521 1898
222 1158
1873 1521
1873 1898
1873 689
1873 852
1873 998
1197 1143
1627 0
792 1888
1711 962
1586 1873
992 16
1873 1586
792 1888
902 998
902 1500
998 902
998 1500
1265 1499
1500 998
998 1500
902 998
902 1500
792 1888
1893 1143
998 1898
1521 998
1521 1898
1873 998
1873 1521
1873 1898
1873 1257
222 1158
942 216
942 1150
942 1941
942 1997
510 998
510 1521
510 1873
510 1898
1277 1439
1194 1668
1194 1668
1577 655
1577 1143
584 1143
271 1143
1521 1143
851 33
868 992
1439 1277
792 1888
992 868
1465 992
1283 0
251 0
548 1873
792 1888
1838 690
1838 690
1577 722
1577 1143
582 452
452 582
582 452
1219 1219
497 245
497 1158
497 1951
497 1705
497 546
584 1143
452 582
1338 452
1338 1951
1338 245
1338 546
358 452
1683 1158
1302 689
690 1668
1197 1143
792 1888
792 1888
1577 1143
1577 1197
1697 1951
1277 1143
1577 1143
1577 1197
602 1832
1302 1832
1036 429
1036 1158
1036 1376
584 851
792 1888
1440 1158
1873 602
1668 1119
1668 690
1867 1700
1327 452
1327 452
1327 712
1327 712
1327 244
1327 357
1327 409
1327 452
1327 571
1327 896
1327 1069
1327 1157
1327 1586
375 1257
375 1368
792 1888
349 1873
1973 1143
1973 1973
1867 992
1973 1143
1973 1973
792 1888
792 1888
852 689
178 452
452 178
178 452
452 178
452 178
136 1158
178 452
452 178
1624 1624
1624 1624
1624 1624
1624 1624
349 1873
1873 1143
1873 1973
792 1888
349 1873
792 1888
1697 1951
1624 1624
1624 1624
1624 1624
1624 1624
1577 1143
1577 1277
1193 1143
340 1700
1036 79
1036 1158
1036 1194
1036 1305
1036 1376
1036 1443
1036 1980
792 1888
147 1705
1191 452
1191 1119
1338 245
1338 452
1338 546
1338 1951
222 1158
792 1888
1191 452
1191 1119
1796 1700
717 0
1193 1143
2023 546
1036 429
1036 1158
1036 1376
33 1143
33 1193
701 1767
1838 104
1838 104
1838 104
1838 202
1838 202
1838 202
1838 411
1838 411
1838 411
1838 464
1838 464
1838 464
1838 478
1838 478
1838 478
1838 510
1838 510
1838 510
1838 538
1838 538
1838 538
1838 703
1838 703
1838 703
1838 998
1838 998
1838 998
1838 1051
1838 1051
1838 1051
1838 1257
1838 1257
1838 1257
1838 1322
1838 1322
1838 1322
1838 1409
1838 1409
1838 1409
1838 1439
1838 1439
1838 1439
1838 1509
1838 1509
1838 1509
1838 1575
1838 1575
1838 1575
1838 1585
1838 1585
1838 1585
1838 1791
1838 1791
1838 1791
1838 1829
1838 1829
1838 1829
1838 1832
1838 1832
1838 1832
1838 1873
1838 1873
1838 1873
1838 1877
1838 1877
1838 1877
1838 1962
1838 1962
1838 1962
1838 1986
1838 1986
1838 1986
602 1873
792 1888
1286 452
1286 452
1286 1271
12 1873
792 1888
16 992
340 1705
619 1873
1640 1376
881 448
881 1158
881 1376
16 992
1697 1951
1625 1625
452 178
1624 1624
1624 1624
1624 1624
942 216
942 840
942 998
942 1150
619 1873
175 690
175 690
1036 79
1036 1158
1036 1194
1036 1376
1036 1443
300 300
300 300
300 300
300 300
300 300
300 300
1257 1257
302 1873
897 1489
1624 1624
1624 1624
1624 1624
1624 1624
302 1873
1813 1705
1271 1286
1624 1624
1624 1624
1624 1624
1624 1624
837 1873
1617 1158
1617 1158
1156 1158
619 1767
222 1158
1931 1873
1373 1705
1197 1143
1119 1668
722 1143
