0 351
1368 1368
1368 1368
1368 1368
1368 1368
1368 1368
1368 1368
1439 464
1368 1143
1368 1873
851 33
712 452
1197 1143
868 452
868 712
1197 1143
1257 1873
277 897
227 1158
902 1143
902 1197
902 1143
902 1197
840 1150
452 55
452 55
452 55
452 55
452 55
452 55
216 840
216 1150
154 868
1799 1158
763 1158
868 154
868 452
1276 452
1245 1158
349 14
349 202
349 491
349 1257
349 1705
452 1276
1276 452
992 868
1276 452
1668 1286
154 452
154 868
1521 1143
1277 1143
584 1143
868 154
868 452
1668 452
1668 452
154 452
804 1158
0 452
584 1143
712 452
452 1668
584 1143
2026 452
868 154
868 452
452 1668
1668 452
894 1668
894 1668
894 1668
868 154
868 452
2026 452
1812 452
1668 452
868 452
2026 452
452 1668
690 1668
1286 278
1286 712
1668 690
690 1668
1286 1668
1286 1668
1286 1668
1286 1668
1668 1286
1668 1286
629 1668
629 1668
1669 1873
1668 1286
1668 1286
1628 1585
1668 154
1668 1276
1668 2026
1276 1668
584 1143
1286 1668
1286 1668
452 55
452 55
452 55
452 55
452 55
452 55
1286 1668
1286 1668
1668 1286
1668 1286
1286 727
1286 727
1286 1668
1286 1668
1277 1143
1286 894
1286 894
0 1286
1549 328
1549 1747
1549 1767
1549 1986
894 1286
894 1286
1973 1257
1973 1873
1973 1962
1668 1286
1668 1286
1257 1873
1257 1962
1257 1973
1286 894
1286 894
629 1668
894 1286
1873 1669
1873 1669
712 452
1286 1668
1286 1668
1286 894
1286 894
1286 894
1286 1668
1286 1668
1286 1668
1286 894
1286 894
894 1286
894 1286
1668 1824
1668 1824
1585 1668
1873 1257
1873 1767
1368 13
1368 13
1368 23
1368 23
1368 24
1368 24
1368 46
1368 46
1368 119
1368 119
1368 164
1368 164
1368 202
1368 202
1368 216
1368 216
1368 265
1368 265
1368 271
1368 271
1368 305
1368 305
1368 328
1368 328
1368 409
1368 409
1368 411
1368 411
1368 418
1368 418
1368 452
1368 452
1368 456
1368 456
1368 464
1368 464
1368 510
1368 510
1368 557
1368 557
1368 584
1368 584
1368 640
1368 640
1368 689
1368 689
1368 793
1368 793
1368 816
1368 816
1368 851
1368 851
1368 889
1368 889
1368 979
1368 979
1368 998
1368 998
1368 1018
1368 1018
1368 1119
1368 1119
1368 1178
1368 1178
1368 1240
1368 1240
1368 1257
1368 1257
1368 1322
1368 1322
1368 1429
1368 1429
1368 1433
1368 1433
1368 1439
1368 1439
1368 1466
1368 1466
1368 1500
1368 1500
1368 1521
1368 1521
1368 1575
1368 1575
1368 1585
1368 1585
1368 1586
1368 1586
1368 1669
1368 1669
1368 1742
1368 1742
1368 1791
1368 1791
1368 1838
1368 1838
1368 1873
1368 1873
1368 1893
1368 1893
1368 1962
1368 1962
1368 1975
1368 1975
1368 1986
1368 1986
1668 690
690 1668
1668 1585
1669 1873
990 1668
1439 1585
1873 1669
1585 1439
701 358
701 452
1669 1873
1617 1158
1617 1376
868 868
868 868
868 868
868 1668
584 118
584 411
584 578
584 667
584 828
584 1213
584 1257
584 1767
584 1873
1668 1824
1668 1824
1257 202
1257 349
1257 1767
1257 1832
1257 1873
1617 1158
1617 1158
1617 1376
1617 1376
1767 1873
1838 1585
1838 1628
1668 1824
1873 510
510 1873
868 992
992 868
210 210
1368 46
1368 410
1368 584
1368 667
1368 1439
1368 1548
1368 1873
1368 1962
1368 1973
868 894
792 1888
1873 30
1873 30
894 868
840 216
840 942
840 1150
1439 1585
658 1873
658 1986
1257 1143
1669 1873
510 510
136 1705
1585 1439
992 57
992 121
992 1856
992 1922
1997 216
1997 840
1997 942
1997 1150
1905 1668
1286 104
1286 104
1286 120
1286 120
1286 332
1286 332
1286 422
1286 422
1286 666
1286 666
1286 1276
1286 1276
1286 1628
1286 1628
1257 1585
1617 1158
1617 1376
1617 1158
1617 1158
1617 1376
1617 1376
868 452
1838 868
1838 1668
1277 1143
362 1376
1668 1824
362 1376
1286 1392
584 1143
2026 1286
992 1856
1257 1767
1257 1873
1286 2026
411 152
411 1767
411 1873
262 1158
86 1158
1585 1257
805 1873
805 1962
1277 1143
1873 697
1873 1873
1838 962
986 546
986 1158
1668 1824
1668 1673
1668 1286
1668 1286
729 1668
1286 1668
1286 1668
1873 658
1873 1986
1838 1257
1838 1585
1757 1158
1668 1286
1668 1286
1286 1668
1286 1668
1158 1276
1158 1977
1668 154
1257 1873
1277 1143
1277 1143
1158 486
1158 1880
1668 633
1893 1143
1668 729
1286 1434
2026 154
2026 629
2026 701
2026 1286
824 894
1668 1286
1668 1286
1873 30
1873 30
1873 1143
1873 1143
1668 154
1158 868
1197 1143
1439 1832
584 118
584 411
584 578
584 667
584 828
584 1213
584 1257
584 1767
584 1873
33 1143
1668 701
1439 1873
329 1668
1452 33
1452 1143
2026 1954
136 1158
1158 328
729 1668
1286 690
1286 690
894 690
894 690
894 1286
894 1286
690 894
690 894
690 1286
690 1286
1286 690
1286 690
1286 894
1286 894
1668 729
894 690
894 690
894 1286
894 1286
410 929
510 1873
1905 1668
411 411
411 1873
868 452
894 690
894 690
894 1286
894 1286
1873 697
1873 1873
868 452
690 894
690 894
690 1286
690 1286
727 1286
727 1286
729 1668
629 1880
278 712
278 1286
1873 118
1873 411
1873 578
1873 584
1873 667
1873 828
1873 1213
1873 1257
1873 1767
1277 1143
1767 1873
1873 697
1873 1873
1668 1905
1668 729
868 452
729 1668
0 770
0 1873
1368 1257
1368 1873
1873 1973
1668 729
1668 1905
1986 797
1986 797
1986 797
1986 797
1986 797
729 1668
792 1888
1158 154
1668 729
1986 1669
1986 1873
739 1705
584 1143
1158 1276
1973 1873
1257 328
729 1668
1290 1290
1158 1276
411 118
411 578
411 584
411 667
411 828
411 1213
411 1257
411 1767
411 1873
1875 1668
1668 729
136 1158
894 482
894 1905
1962 998
1962 1257
1962 1832
1962 1873
1962 1973
1893 1143
1973 998
1973 1257
1973 1832
1973 1873
1973 1962
1843 1143
1843 1277
1668 1905
1668 1286
1973 1143
894 955
1973 1257
1973 1873
1973 1997
1158 154
1873 998
1873 1257
1873 1832
1873 1962
1873 1973
1509 145
1509 1555
1509 1649
1509 1690
1509 1784
1873 1669
1873 1986
1158 712
1873 1095
1158 1668
1158 1194
1509 145
1509 904
1509 1555
1509 1649
1509 1690
894 955
1158 2026
410 929
410 1389
1158 1668
1158 1479
1158 1747
1962 1898
1158 868
1158 2026
1158 1812
1158 1668
1873 83
1873 361
1873 411
1873 584
1873 828
1873 998
1873 1257
1873 1766
1873 1767
1873 1791
1668 1585
1158 358
729 1668
1997 1257
1997 1873
1997 1973
340 1700
429 1668
429 1668
1973 1257
1973 1873
1973 1997
1036 79
1036 1158
1036 1194
1036 1376
1036 1443
997 1668
411 83
411 361
411 584
411 828
411 998
411 1257
411 1766
411 1767
411 1791
411 1873
584 1143
1893 1898
1893 1962
411 584
411 1873
584 411
1301 1286
410 1257
410 1873
584 1143
1973 410
1973 1257
1973 1873
1197 1143
340 1705
868 992
1197 1143
1668 729
510 1257
510 1873
1257 349
1349 1668
1349 1668
1579 584
1579 1143
33 1143
1158 358
584 411
584 1873
1257 510
1197 1143
411 584
411 1873
712 1668
1668 1955
1349 1668
1349 1668
1439 1143
1197 1143
23 30
23 30
278 894
1257 202
1257 349
1257 1767
1257 1832
1257 1873
1286 994
1286 1875
868 452
452 868
1986 797
1986 797
1986 797
1986 797
1986 797
1986 797
1579 1143
1579 1197
868 452
452 868
328 452
868 452
452 328
328 452
452 868
690 328
690 452
868 452
452 868
1286 1276
1286 1276
202 349
202 1257
202 1767
202 1832
202 1873
729 1276
729 1276
729 1286
729 1286
992 868
992 1856
992 868
1767 202
349 202
349 1257
349 1767
349 1832
349 1873
868 992
1349 1668
2026 452
1257 1898
452 2026
1838 200
2026 452
1618 1668
1439 1143
1286 729
1286 729
1286 1276
1286 1276
1276 729
1276 729
1276 1286
1276 1286
1893 1257
1893 1898
1668 1618
1618 1668
1668 1618
202 349
1257 202
1257 349
1618 1668
1668 1618
1286 1875
1286 994
1838 200
881 245
881 245
881 245
881 1158
881 1158
881 1158
881 1305
881 1305
881 1305
881 1376
881 1376
881 1376
881 1951
881 1951
881 1951
1257 349
1873 1257
881 245
881 245
881 245
881 1158
881 1158
881 1158
881 1305
881 1305
881 1305
881 1376
881 1376
881 1376
881 1951
881 1951
881 1951
338 1873
992 1616
1873 202
1873 349
1873 1257
1873 1767
1873 1832
992 868
868 992
1838 962
868 992
1549 868
1579 1143
1579 1439
1640 1376
868 894
271 271
1439 1257
1439 1873
894 868
1832 202
1832 349
1832 1257
1832 1767
1832 1873
992 868
729 1668
1368 1257
1368 1873
154 897
868 992
903 1143
1276 452
429 1951
429 1951
1618 1668
992 868
1581 1952
1368 1873
1197 1143
1439 1257
1439 1832
1439 1873
1618 894
1579 1143
1579 1197
1276 729
1276 729
1276 1286
1276 1286
452 712
452 990
452 1668
452 1955
584 83
584 361
584 411
584 828
584 998
584 1257
584 1766
584 1767
584 1791
584 1873
1286 729
1286 729
1286 1276
1286 1276
1875 1434
1617 1873
1276 452
1286 701
1668 154
154 1668
1276 452
452 1276
1257 202
1257 349
1257 1767
1257 1832
1257 1873
154 1668
1668 154
1668 154
1414 1414
1618 154
1618 1286
1276 452
1276 729
1276 729
1276 1286
1276 1286
154 1286
154 1618
1197 1143
1197 1579
1286 729
1286 729
1286 1276
1286 1276
1286 154
1286 1618
1276 729
1276 729
1276 1286
1276 1286
1668 154
1257 349
1439 1579
1668 729
629 1668
992 530
1668 629
1257 1143
929 410
1618 154
1618 1286
712 1286
1668 629
1276 452
1158 868
992 1616
1618 154
1618 1286
154 1668
992 868
894 1618
1158 868
712 452
712 452
712 990
712 990
1668 154
1509 145
1509 1555
1509 1649
1509 1690
1509 1784
1286 154
1286 154
1286 1618
1286 1618
510 119
510 418
1668 633
701 1286
868 992
154 1668
894 154
894 154
894 1286
894 1286
894 1618
894 1618
1158 1747
410 1143
1257 349
992 868
1197 1143
629 1668
1236 1705
1668 1119
1905 1668
1668 1280
1808 1705
1668 629
1668 701
532 1873
1893 1143
1873 1257
1119 1668
1873 1973
1873 1997
1618 154
1618 154
1618 894
1618 894
1618 1286
1618 1286
1668 1119
2008 1951
1973 1898
736 552
736 627
736 1143
136 1158
1668 629
1905 1668
736 736
736 736
736 736
736 736
1873 1439
1873 1579
1286 701
1905 894
584 83
584 361
584 411
584 828
584 998
584 1257
584 1766
584 1767
584 1791
584 1873
1893 1898
1893 1973
4 1158
1158 868
1812 154
1812 154
1812 894
1812 894
1812 1286
1812 1286
1812 1618
1812 1618
1873 202
1873 349
1873 1257
1873 1767
1873 1832
1876 1705
1973 1893
1973 1898
1197 1143
1439 1873
992 868
1257 202
1257 349
1257 1767
1257 1832
1257 1873
584 1873
1873 584
33 1143
33 1197
1197 33
1197 1143
1873 461
1873 1257
1579 1143
1579 1257
1873 510
1182 1705
510 1873
1997 1143
1119 1668
1668 1119
1439 1997
1893 1143
584 83
584 361
584 411
584 828
584 998
584 1257
584 1766
584 1767
584 1791
584 1873
1767 349
962 510
584 83
584 361
584 411
584 828
584 998
584 1257
584 1766
584 1767
584 1791
584 1873
1721 992
1905 894
510 1893
510 1898
510 1962
510 1893
510 1898
510 1973
1193 1143
482 894
510 1893
510 1898
510 1962
1158 1747
992 868
1286 994
1579 1143
1579 1197
1893 1439
805 1873
805 1962
1392 712
1392 1286
1997 1898
200 1838
1389 929
1392 1286
1268 535
1257 1997
1767 1873
633 1668
1873 1767
1286 994
1286 894
1286 894
1767 1873
1286 1392
1668 154
1668 1276
1668 2026
1668 633
510 1257
510 1873
1509 145
1509 1555
1509 1649
1509 1690
1509 1784
1392 1286
1668 633
350 452
1832 510
1832 1893
1832 1898
1832 1962
452 1276
1581 1952
1668 277
1668 1276
1276 452
1617 1158
452 1276
1414 1414
1617 1158
1617 1768
338 1143
1286 1276
345 1705
629 712
1368 1257
1368 1997
712 629
712 629
1257 510
1257 1873
510 1257
510 1873
1873 365
1873 1257
1873 1873
584 1143
510 1893
510 1898
510 1973
510 1873
1832 510
1832 1893
1832 1898
1832 1962
464 816
349 1257
1628 277
1257 202
1257 349
1257 1767
1257 1832
1257 1873
277 1628
986 546
277 1668
277 1668
1257 584
1257 1143
1286 629
1286 629
1286 712
1286 712
1286 1392
1286 712
1286 1392
1521 1143
584 83
584 361
584 411
584 828
584 998
584 1257
584 1766
584 1767
584 1791
584 1873
997 1668
1276 1668
1392 793
584 1873
906 1705
1276 55
1276 55
1276 55
1276 55
1276 55
1276 55
1368 510
1368 1832
1368 1893
1368 1898
1368 1962
1875 1951
1276 55
1276 55
1276 55
1276 55
1276 55
1276 55
690 55
690 55
690 55
690 55
690 55
690 55
690 1276
690 1276
690 1276
690 1276
690 1276
690 1276
701 55
701 55
701 55
701 55
701 55
701 55
701 690
701 690
701 690
701 690
701 690
701 690
701 1276
701 1276
701 1276
701 1276
701 1276
701 1276
1276 55
1276 55
1276 55
1276 55
1276 55
1276 55
1276 690
1276 690
1276 690
1276 690
1276 690
1276 690
1276 701
1276 701
1276 701
1276 701
1276 701
1276 701
1873 1277
1873 1277
452 1276
452 1276
452 1276
452 1276
452 1276
452 1276
701 452
701 452
701 452
701 452
701 452
701 452
701 1276
701 1276
701 1276
701 1276
701 1276
701 1276
712 277
658 1873
658 1986
1197 1143
277 712
1286 1461
0 452
1873 1828
1873 1873
277 1668
277 1668
452 712
452 990
452 1668
452 1955
903 1143
1873 1828
1873 1873
452 1276
452 1276
1439 1832
23 1873
1668 729
1668 729
1668 729
1668 729
349 202
349 1257
349 1767
349 1832
349 1873
1668 729
1873 23
868 452
1668 729
1668 729
349 202
349 1257
349 1767
349 1832
349 1873
816 30
1873 1828
1873 1873
1673 1668
1510 1510
1416 1873
1832 1257
1832 1873
358 452
805 1277
805 1873
629 1286
629 1286
1873 365
1873 1257
1873 1873
358 452
358 1305
1627 0
1276 1668
1838 23
1838 23
1838 23
1838 154
1838 154
1838 154
1838 384
1838 384
1838 384
1838 411
1838 411
1838 411
1838 433
1838 433
1838 433
1838 452
1838 452
1838 452
1838 456
1838 456
1838 456
1838 555
1838 555
1838 555
1838 557
1838 557
1838 557
1838 573
1838 573
1838 573
1838 665
1838 665
1838 665
1838 712
1838 712
1838 712
1838 795
1838 795
1838 795
1838 826
1838 826
1838 826
1838 866
1838 866
1838 866
1838 868
1838 868
1838 868
1838 903
1838 903
1838 903
1838 915
1838 915
1838 915
1838 964
1838 964
1838 964
1838 998
1838 998
1838 998
1838 1119
1838 1119
1838 1119
1838 1134
1838 1134
1838 1134
1838 1213
1838 1213
1838 1213
1838 1240
1838 1240
1838 1240
1838 1257
1838 1257
1838 1257
1838 1277
1838 1277
1838 1277
1838 1322
1838 1322
1838 1322
1838 1439
1838 1439
1838 1439
1838 1575
1838 1575
1838 1575
1838 1585
1838 1585
1838 1585
1838 1668
1838 1668
1838 1668
1838 1669
1838 1669
1838 1669
1838 1815
1838 1815
1838 1815
1838 1832
1838 1832
1838 1832
1838 1844
1838 1844
1838 1844
1838 1873
1838 1873
1838 1873
1838 1961
1838 1961
1838 1961
1838 1962
1838 1962
1838 1962
1257 20
1873 828
349 202
349 1257
1668 1276
1838 10
1838 10
1838 10
1838 116
1838 116
1838 116
1838 154
1838 154
1838 154
1838 411
1838 411
1838 411
1838 418
1838 418
1838 418
1838 433
1838 433
1838 433
1838 456
1838 456
1838 456
1838 555
1838 555
1838 555
1838 557
1838 557
1838 557
1838 573
1838 573
1838 573
1838 712
1838 712
1838 712
1838 795
1838 795
1838 795
1838 826
1838 826
1838 826
1838 866
1838 866
1838 866
1838 868
1838 868
1838 868
1838 889
1838 889
1838 889
1838 915
1838 915
1838 915
1838 964
1838 964
1838 964
1838 977
1838 977
1838 977
1838 998
1838 998
1838 998
1838 1018
1838 1018
1838 1018
1838 1119
1838 1119
1838 1119
1838 1134
1838 1134
1838 1134
1838 1213
1838 1213
1838 1213
1838 1257
1838 1257
1838 1257
1838 1276
1838 1276
1838 1276
1838 1322
1838 1322
1838 1322
1838 1381
1838 1381
1838 1381
1838 1439
1838 1439
1838 1439
1838 1575
1838 1575
1838 1575
1838 1585
1838 1585
1838 1585
1838 1668
1838 1668
1838 1668
1838 1832
1838 1832
1838 1832
1838 1844
1838 1844
1838 1844
1838 1873
1838 1873
1838 1873
1838 1961
1838 1961
1838 1961
1838 1962
1838 1962
1838 1962
1838 1986
1838 1986
1838 1986
1838 2005
1838 2005
1838 2005
1579 584
1579 1143
1579 1257
1276 1668
1873 685
1873 1873
962 1838
729 1668
1929 1589
897 546
1549 328
1549 1767
1549 1986
1668 55
1668 55
1668 55
1668 55
1668 55
1668 55
98 1705
349 202
349 1257
349 1767
349 1832
349 1873
328 1549
516 516
1933 1705
1873 685
1873 1873
868 1668
1873 1467
868 452
584 1143
1579 1143
1579 1197
349 202
349 1257
349 1767
349 1832
349 1873
202 1257
202 1386
202 1585
202 1750
202 1873
358 452
1392 1286
1193 1143
1286 1392
1880 452
851 1143
1380 1158
510 584
510 1257
510 1873
1668 729
1956 1873
1873 187
1873 1873
33 1143
1873 828
729 1668
1392 1286
1439 1832
1668 729
1439 1873
1286 1392
1193 1143
1962 1257
1962 1832
1962 1873
868 452
1668 329
1439 1832
868 452
902 1143
1439 1201
792 1888
868 452
329 1668
1719 1705
584 1143
0 685
0 1873
792 1888
1257 202
1257 349
1257 1767
1257 1832
1257 1873
1439 1832
868 452
1439 1467
1197 1143
1257 1873
1873 1842
1873 1817
1873 1873
1640 1376
1873 1439
1640 1376
1197 1143
271 1143
1873 30
1873 30
216 1898
1163 277
1579 1143
1579 1193
1668 329
1579 1143
1579 1197
990 452
990 452
1286 1875
1579 584
1579 1143
1158 1276
1286 452
1286 452
1286 1875
1905 1668
992 530
1286 452
1286 452
1286 452
361 1464
361 1464
464 1873
154 897
584 1873
154 897
1873 828
1280 1376
868 712
868 1668
1668 868
1905 328
868 1668
1856 992
894 328
894 328
894 1905
894 1905
1873 349
1873 1538
1668 1905
1439 1470
429 245
328 894
328 894
328 1905
328 1905
154 452
520 1439
1873 1777
1873 1873
1873 1847
1873 828
1509 1873
1439 1470
1832 1257
1832 1873
1439 1832
1873 464
1873 1509
1873 1509
894 1970
1509 1873
986 1376
1509 1873
894 328
894 328
894 1905
894 1905
1791 361
1791 361
986 546
1791 816
1791 816
461 1257
461 1705
349 202
349 1257
349 1767
349 1832
349 1873
719 1873
539 1257
539 1873
1873 1817
1873 1873
931 1873
1257 1143
1439 159
1962 1257
1962 1832
1962 1873
1434 1286
792 1888
1439 1257
1439 1832
1873 1257
1873 1832
1873 1962
1439 159
1257 1832
1257 1873
1257 1962
598 598
1640 1376
1286 1286
584 1898
792 1888
584 1143
216 584
216 1898
584 216
584 1898
1769 411
1769 1585
1769 1767
1769 1791
1769 1873
1875 1286
530 992
1439 1873
1286 1875
1873 828
1668 277
0 1873
584 1898
128 1158
1579 1143
1579 1439
1197 1143
1880 629
1439 1832
1577 584
1095 1705
1439 1579
1439 1832
1962 1873
464 411
464 816
464 1873
655 1143
1585 1439
1873 1257
1873 1832
1873 1898
1873 1962
1585 1962
1873 411
1873 464
1873 816
1439 1585
584 1257
1873 538
1873 828
1873 1585
1873 1767
1873 1962
1585 1439
251 0
411 538
411 828
411 1585
411 1767
411 1873
411 1962
584 20
1781 1143
1781 1197
216 1257
216 1832
216 1873
216 1898
216 1962
584 1143
1439 1585
1873 349
1873 1439
1873 1585
1036 79
1036 1158
1036 1194
1036 1376
1036 1443
851 584
851 1898
1585 411
1873 411
1873 1585
828 83
828 361
828 584
828 998
828 1257
828 1562
828 1766
828 1767
828 1791
828 1873
655 1143
538 361
538 584
538 828
538 998
538 1257
538 1562
538 1766
538 1767
538 1791
538 1873
1585 1873
520 1470
1668 1905
955 894
1585 1873
997 452
584 851
584 1898
1257 1873
1257 1962
1257 1997
997 452
1873 1842
904 145
904 1509
904 1555
904 1649
904 1690
851 998
851 1257
851 1873
1875 1233
955 894
1873 74
1873 176
1873 1257
1873 1898
1439 785
358 452
1257 1898
402 1143
1873 1585
402 1143
402 1857
1940 701
1781 655
1781 1143
520 1439
1439 1873
1158 868
1368 216
1368 1257
1368 1832
1368 1873
1368 1898
1368 1962
1873 828
1873 1257
1197 1143
1750 202
1750 1585
1750 1662
251 0
460 1873
1257 1143
1368 1143
497 245
340 1700
497 1158
497 1951
497 546
497 1700
497 1705
1439 785
1521 1257
1521 1898
456 1143
792 1888
1668 329
1873 411
1873 538
1873 828
1873 1585
1873 1767
1873 1962
1873 1898
1197 1143
1257 1521
329 1668
1158 868
216 1873
216 1898
1832 1257
1832 1873
1893 584
1893 851
1893 1898
584 851
584 1893
584 1898
1158 868
1197 1143
1875 1951
938 1143
938 1368
1440 546
349 1538
1875 1286
1875 1286
1875 1286
1625 1625
584 1873
1697 1951
340 1705
1668 1880
1905 328
1875 1286
1624 1624
1624 1624
1624 1624
1624 1624
1277 1143
1893 1143
1327 452
1327 452
1327 712
1327 712
1327 244
1327 357
1327 409
1327 452
1327 571
1327 896
1327 1069
1327 1157
1327 1586
1197 1143
1439 1197
251 0
897 1443
33 1143
33 1197
1277 1143
1616 992
1277 1143
792 1888
1286 1875
1286 1875
1875 117
1286 1875
938 1143
938 1197
1781 1143
1781 1197
264 1470
1669 464
1669 1439
792 1888
1439 264
688 1705
1277 1143
1439 264
1439 1143
1439 1143
1439 1143
1439 1143
464 1873
464 1791
464 1791
1439 1669
464 1439
1873 1439
1873 1669
1669 1439
1669 1873
1439 1143
1154 1273
520 1701
1277 1143
1158 154
1781 1143
1781 1439
1838 202
1838 202
1838 202
1838 411
1838 411
1838 411
1838 418
1838 418
1838 418
1838 452
1838 452
1838 452
1838 464
1838 464
1838 464
1838 478
1838 478
1838 478
1838 510
1838 510
1838 510
1838 538
1838 538
1838 538
1838 795
1838 795
1838 795
1838 998
1838 998
1838 998
1838 1051
1838 1051
1838 1051
1838 1072
1838 1072
1838 1072
1838 1079
1838 1079
1838 1079
1838 1119
1838 1119
1838 1119
1838 1257
1838 1257
1838 1257
1838 1322
1838 1322
1838 1322
1838 1425
1838 1425
1838 1425
1838 1439
1838 1439
1838 1439
1838 1509
1838 1509
1838 1509
1838 1575
1838 1575
1838 1575
1838 1585
1838 1585
1838 1585
1838 1668
1838 1668
1838 1668
1838 1673
1838 1673
1838 1673
1838 1767
1838 1767
1838 1767
1838 1791
1838 1791
1838 1791
1838 1829
1838 1829
1838 1829
1838 1832
1838 1832
1838 1832
1838 1832
1838 1832
1838 1832
1838 1873
1838 1873
1838 1873
1838 1962
1838 1962
1838 1962
1838 1986
1838 1986
1838 1986
1197 938
1627 0
1439 1669
1905 1905
1905 1905
904 145
904 1509
904 1555
904 1649
904 1690
1439 1832
938 1143
938 1439
1368 1143
1439 1368
1439 1143
1669 1439
1504 1873
938 1143
938 1368
633 1668
1617 546
1277 1143
1627 0
1911 1504
1911 1873
1697 1951
1905 1668
881 245
881 1158
881 1305
881 1376
881 1593
881 1905
1439 1838
1439 1838
1439 1838
633 1668
1439 1838
1439 1838
1439 1838
349 1873
1997 1368
1997 1439
1439 1997
881 245
881 245
881 1158
881 1158
881 1305
881 1305
881 1376
881 1376
881 1593
881 1593
881 1905
881 1905
1842 1873
881 245
881 245
881 1158
881 1158
881 1305
881 1305
881 1376
881 1376
881 1593
881 1593
881 1905
881 1905
1257 349
1257 1873
1257 349
1257 1873
418 464
418 464
833 838
1781 1143
1781 1277
1257 349
1257 1873
1624 1624
1624 1624
1624 1624
1624 1624
1273 43
1273 90
1273 363
1273 387
1273 403
1273 452
1273 508
1273 515
1273 733
1273 782
1273 890
1273 1029
1273 1041
1273 1136
1273 1154
1273 1507
1273 1597
1273 1689
1273 1749
1273 1802
1273 1900
1273 1914
1273 1964
1273 1974
1273 1992
838 232
838 833
881 245
881 245
881 1158
881 1158
881 1305
881 1305
881 1376
881 1376
881 1593
881 1593
881 1905
881 1905
1277 1143
584 1873
1640 1376
1624 1624
1624 1624
1624 1624
1624 1624
1504 1873
1504 1911
1277 1143
881 245
881 1158
881 1305
881 1376
881 1593
881 1905
1781 1143
1781 1277
1705 374
1624 1624
1624 1624
1624 1624
1624 1624
1277 1143
1257 584
1257 1873
1796 1700
222 1158
1257 1873
1467 1873
1873 584
1952 1952
828 1873
1873 349
1873 1257
222 1158
1257 1873
1467 1873
1875 1286
897 1443
1875 1286
136 1705
828 1873
1247 1705
251 0
1115 1951
897 1443
222 1158
897 1443
222 1158
1880 1668
1538 349
828 1873
1617 1158
1617 1158
828 1873
1625 1625
1237 245
828 1873
1156 1158
1499 1549
1627 0
314 1700
828 1873
81 1700
837 1873
1931 1873
1705 584
1705 1257
828 1257
828 1873
1232 1056
1627 0
1624 1624
1624 1624
1624 1624
1624 1624
1624 1624
1624 1624
1624 1624
1624 1624
358 701
1796 1700
464 1873
349 1873
222 1158
1373 1705
1439 1143
1036 452
1036 1286
1036 1668
1036 1875
1875 1286
902 1143
902 1439
1798 1951
1873 349
1873 1257
1873 1832
1197 1143
1586 452
