0 1731
1991 402
1991 1143
510 510
510 510
510 510
510 510
510 510
510 1143
1991 1143
1991 1439
1594 1376
1094 1158
1873 1132
1439 1991
1997 1898
33 402
33 1143
33 1991
1873 1898
1873 1997
1991 1439
763 1158
1873 1817
1873 1873
227 1158
792 1888
33 1143
1873 1817
1873 1873
1585 1257
244 328
244 409
244 452
244 1057
244 1586
244 1767
244 1905
244 1986
1705 1453
792 1888
1799 1158
792 1888
1379 1143
840 1150
1585 1873
1873 1585
1873 1179
1873 1873
410 1143
1452 1143
1668 2026
1668 2026
1668 868
1668 1628
1668 55
1668 55
1668 55
1668 55
1668 55
1668 1618
1379 1452
1245 1158
452 993
804 1158
510 1873
216 840
216 1150
1286 1875
1997 216
1997 1257
1997 1898
1997 1973
1868 1873
1873 1868
1148 1873
1873 410
1873 1277
1997 216
1997 840
1997 1150
816 216
816 840
816 1150
816 1997
851 1873
2026 452
452 2026
452 993
2026 452
410 1873
1998 0
452 2026
2026 452
452 2026
792 1888
2026 452
690 1829
690 1829
1997 1898
1277 1143
1276 1276
1276 1668
1767 1873
1668 1393
2026 1286
216 1898
216 1997
1286 120
1286 120
1286 120
1286 120
1286 277
1286 277
1286 277
1286 277
1286 422
1286 422
1286 422
1286 422
1286 452
1286 452
1286 452
1286 452
1286 868
1286 868
1286 868
1286 868
1286 1276
1286 1276
1286 1276
1286 1276
1286 1618
1286 1618
1286 1618
1286 1618
1286 1668
1286 1668
1286 1668
1286 1668
1286 1918
1286 1918
1286 1918
1286 1918
1286 2026
1286 2026
1286 2026
1286 2026
998 862
712 1286
729 1668
792 1888
1668 712
1668 712
1668 1286
1668 1286
1158 629
729 1668
1973 1143
1439 1873
1286 1392
1838 1668
1668 1875
1668 868
1618 1286
1668 1838
1997 998
1997 1257
1997 1873
1997 1962
868 1668
1286 1618
136 1158
1618 1286
1198 226
0 1286
792 1888
0 1286
1668 729
277 244
1873 378
1873 410
1873 998
1873 1257
1873 1439
1986 1873
1668 1286
1668 1286
1379 1143
1257 1585
1873 548
1286 1875
1668 1905
1379 1143
1276 1286
1668 1905
1577 1143
1577 1379
868 1668
868 1838
1379 1452
1618 1668
452 1286
1838 868
1379 33
1379 1143
1838 868
2026 894
1838 1668
244 277
1838 868
736 1143
1973 1997
510 216
510 1898
510 1997
1132 1873
1873 1873
1873 1817
1873 1873
262 1158
86 1158
1757 1158
452 178
1875 1286
1020 1020
1286 1875
894 2026
894 2026
1873 584
1286 1434
1286 701
894 452
894 452
1499 452
1628 277
1286 1875
1875 1286
2026 894
2026 894
1875 1668
1875 1668
584 1873
1286 1668
1286 1668
1286 1875
1286 1875
584 1873
1286 1434
1973 1997
678 1705
1575 1668
1575 1838
792 1888
1873 216
1873 510
1873 1898
1873 1997
216 510
216 1873
216 1898
216 1997
1873 584
216 1973
216 1997
154 1668
510 20
998 216
510 216
510 998
998 510
33 1143
1521 1143
1873 998
1873 1257
1873 1962
1873 1997
520 1873
277 244
1668 154
1668 868
1668 1322
1668 1575
1668 1838
510 897
136 1158
1383 1158
510 897
452 894
452 894
1668 55
1668 55
1668 55
1668 55
1668 55
244 277
1368 13
1368 13
1368 23
1368 23
1368 24
1368 24
1368 46
1368 46
1368 119
1368 119
1368 164
1368 164
1368 202
1368 202
1368 216
1368 216
1368 265
1368 265
1368 271
1368 271
1368 305
1368 305
1368 328
1368 328
1368 409
1368 409
1368 411
1368 411
1368 418
1368 418
1368 452
1368 452
1368 456
1368 456
1368 464
1368 464
1368 510
1368 510
1368 557
1368 557
1368 584
1368 584
1368 640
1368 640
1368 689
1368 689
1368 793
1368 793
1368 816
1368 816
1368 851
1368 851
1368 889
1368 889
1368 979
1368 979
1368 998
1368 998
1368 1018
1368 1018
1368 1119
1368 1119
1368 1178
1368 1178
1368 1240
1368 1240
1368 1257
1368 1257
1368 1322
1368 1322
1368 1429
1368 1429
1368 1433
1368 1433
1368 1439
1368 1439
1368 1466
1368 1466
1368 1500
1368 1500
1368 1521
1368 1521
1368 1575
1368 1575
1368 1585
1368 1585
1368 1586
1368 1586
1368 1669
1368 1669
1368 1742
1368 1742
1368 1791
1368 1791
1368 1838
1368 1838
1368 1873
1368 1873
1368 1893
1368 1893
1368 1962
1368 1962
1368 1975
1368 1975
1368 1986
1368 1986
739 1705
0 452
1268 535
1268 998
1268 1586
1268 1873
1873 520
510 897
89 510
89 1368
1873 998
1873 1257
1873 1962
1873 1997
1368 410
1368 510
1368 584
1368 998
1368 1257
1368 1277
1368 1873
1368 1973
1368 1997
584 998
998 1143
998 584
452 993
1379 1452
1290 1290
1499 452
894 452
894 452
1439 998
1439 1257
1439 1873
1439 998
1439 1257
1439 1873
1973 103
1973 1257
1973 1439
1973 1873
410 998
410 1257
410 1873
1579 1143
1579 1379
1368 216
1368 510
1368 998
1873 584
1873 998
1873 103
1873 1257
1873 1439
1873 1973
993 452
1973 103
1973 1257
1973 1439
1973 1873
998 1439
998 1873
998 1973
998 2010
1429 103
1429 410
1429 1257
1429 1873
277 244
1973 410
1973 998
1973 1257
1973 1429
1973 1873
1579 1143
1579 1379
216 584
216 998
216 1873
1838 1286
1838 1286
1838 1286
851 998
851 1257
851 1873
851 1962
851 1997
792 1888
1257 998
1257 1873
851 998
851 1257
851 1873
851 1962
851 1997
998 535
998 1268
998 1586
998 1873
792 1888
993 452
1668 1838
1873 535
1873 998
1873 1268
1873 1586
1453 1873
1163 277
1453 1873
1973 410
1973 998
1973 1257
1973 1429
1973 1873
1429 1973
1368 89
1368 510
1893 1143
126 1668
1439 998
1439 1257
1439 1873
0 1873
1873 1429
1873 1973
862 998
862 1705
792 1888
1668 1286
1668 1286
1286 1668
1286 1668
998 1143
1277 998
1277 1257
1277 1873
1277 1962
402 1143
402 1143
998 20
998 1898
1893 1143
1521 998
1521 1257
1521 1873
1521 1962
1521 1997
816 30
816 30
998 1257
998 1873
1838 108
1838 108
1838 108
1838 119
1838 119
1838 119
1838 154
1838 154
1838 154
1838 164
1838 164
1838 164
1838 176
1838 176
1838 176
1838 277
1838 277
1838 277
1838 418
1838 418
1838 418
1838 464
1838 464
1838 464
1838 478
1838 478
1838 478
1838 555
1838 555
1838 555
1838 557
1838 557
1838 557
1838 573
1838 573
1838 573
1838 689
1838 689
1838 689
1838 826
1838 826
1838 826
1838 998
1838 998
1838 998
1838 1080
1838 1080
1838 1080
1838 1119
1838 1119
1838 1119
1838 1240
1838 1240
1838 1240
1838 1429
1838 1429
1838 1429
1838 1485
1838 1485
1838 1485
1838 1509
1838 1509
1838 1509
1838 1575
1838 1575
1838 1575
1838 1585
1838 1585
1838 1585
1838 1618
1838 1618
1838 1618
1838 1628
1838 1628
1838 1628
1838 1662
1838 1662
1838 1662
1838 1668
1838 1668
1838 1668
1838 1750
1838 1750
1838 1750
1838 1766
1838 1766
1838 1766
1838 1791
1838 1791
1838 1791
1838 1815
1838 1815
1838 1815
1838 1844
1838 1844
1838 1844
1838 1877
1838 1877
1838 1877
1838 1975
1838 1975
1838 1975
1838 1986
1838 1986
1838 1986
1838 2005
1838 2005
1838 2005
1521 998
1521 1257
1521 1873
1521 1962
1521 1997
1286 1875
452 1286
340 546
89 89
33 1143
1668 452
1668 452
1668 1585
1668 1838
1322 1840
1838 1585
1838 1668
1668 729
178 1158
729 1668
1893 1143
1392 1286
1286 1392
1286 1668
1286 1668
1843 402
1843 1143
1668 729
1668 1286
1668 1286
1986 328
1986 411
1986 464
1986 816
1986 851
1986 1791
1986 1873
1392 1286
1392 1286
1668 1392
1668 1392
1392 1668
1392 1668
792 1888
510 1521
729 1668
729 1668
1640 1376
792 1888
340 1705
701 55
701 55
701 55
701 55
701 55
894 701
1499 701
1875 1286
1885 1376
1322 89
1322 89
1322 315
1322 315
1322 464
1322 464
1322 1509
1322 1509
1322 1668
1322 1668
1322 1791
1322 1791
1322 1873
1322 1873
861 0
1286 1434
629 712
629 1668
1997 510
1997 1521
712 629
792 1888
998 510
998 1521
998 1997
1286 1875
1875 1286
992 154
992 868
1439 998
1158 1879
510 998
510 1439
244 277
1893 510
44 1143
792 1888
136 1158
1877 1873
1874 1705
1808 1705
1158 894
736 1143
1668 729
1286 1875
729 1668
402 1143
1368 998
1368 1257
1368 1521
1368 1873
1368 1962
1368 1997
792 1888
1880 1668
338 1143
4 1158
998 1143
1627 0
410 1898
1973 1143
688 1705
998 1257
998 1277
998 1873
998 1962
345 1705
1277 998
1277 1257
1277 1873
1277 1962
410 1873
11 998
1268 535
1268 998
1268 1586
1268 1873
1277 1898
1893 410
1893 1898
998 535
998 1268
998 1586
998 1873
1791 11
1791 998
410 20
410 998
410 1898
1843 402
1843 1143
2026 1668
1521 1143
44 1143
1986 1873
1439 510
1439 1257
1439 1873
1439 1612
1379 1143
1893 1143
1276 2026
1767 731
851 20
851 410
851 998
851 1898
1873 1439
1873 1439
216 1277
216 1898
1873 731
1873 1767
1627 0
1986 1873
1197 271
2026 1954
1986 1873
1873 731
1986 30
1986 30
1873 1143
998 410
998 1873
1873 410
1873 1586
1873 1873
410 1898
1893 1143
548 1873
1257 1322
44 1143
1893 410
1893 1898
1893 1143
1268 535
1257 1322
1624 1624
1962 1898
1499 1767
1257 1257
1668 1276
1767 894
1379 1143
1499 1767
1379 1143
1290 44
1873 731
1290 1143
1600 328
792 1888
1577 1143
1577 1379
1873 510
1873 897
2026 1668
1838 108
1838 108
1838 108
1838 119
1838 119
1838 119
1838 154
1838 154
1838 154
1838 164
1838 164
1838 164
1838 176
1838 176
1838 176
1838 277
1838 277
1838 277
1838 418
1838 418
1838 418
1838 464
1838 464
1838 464
1838 478
1838 478
1838 478
1838 555
1838 555
1838 555
1838 557
1838 557
1838 557
1838 573
1838 573
1838 573
1838 584
1838 584
1838 584
1838 689
1838 689
1838 689
1838 826
1838 826
1838 826
1838 998
1838 998
1838 998
1838 1080
1838 1080
1838 1080
1838 1119
1838 1119
1838 1119
1838 1240
1838 1240
1838 1240
1838 1429
1838 1429
1838 1429
1838 1485
1838 1485
1838 1485
1838 1509
1838 1509
1838 1509
1838 1575
1838 1575
1838 1575
1838 1585
1838 1585
1838 1585
1838 1618
1838 1618
1838 1618
1838 1628
1838 1628
1838 1628
1838 1662
1838 1662
1838 1662
1838 1668
1838 1668
1838 1668
1838 1750
1838 1750
1838 1750
1838 1766
1838 1766
1838 1766
1838 1791
1838 1791
1838 1791
1838 1815
1838 1815
1838 1815
1838 1844
1838 1844
1838 1844
1838 1877
1838 1877
1838 1877
1838 1975
1838 1975
1838 1975
1838 1986
1838 1986
1838 1986
1838 2005
1838 2005
1838 2005
1843 1143
1843 1893
1838 202
1838 202
1838 202
1838 411
1838 411
1838 411
1838 418
1838 418
1838 418
1838 452
1838 452
1838 452
1838 464
1838 464
1838 464
1838 478
1838 478
1838 478
1838 538
1838 538
1838 538
1838 998
1838 998
1838 998
1838 1051
1838 1051
1838 1051
1838 1119
1838 1119
1838 1119
1838 1257
1838 1257
1838 1257
1838 1509
1838 1509
1838 1509
1838 1575
1838 1575
1838 1575
1838 1585
1838 1585
1838 1585
1838 1668
1838 1668
1838 1668
1838 1767
1838 1767
1838 1767
1838 1791
1838 1791
1838 1791
1838 1829
1838 1829
1838 1829
1838 1873
1838 1873
1838 1873
1838 1877
1838 1877
1838 1877
1838 1962
1838 1962
1838 1962
1838 1986
1838 1986
1838 1986
1879 452
1158 1525
1439 998
1439 1257
1439 1873
216 1898
216 1962
300 1873
998 1143
1257 614
1257 1873
378 1873
584 11
584 11
584 11
584 119
584 119
584 119
584 154
584 154
584 154
584 164
584 164
584 164
584 277
584 277
584 277
584 433
584 433
584 433
584 456
584 456
584 456
584 478
584 478
584 478
584 510
584 510
584 510
584 555
584 555
584 555
584 557
584 557
584 557
584 573
584 573
584 573
584 826
584 826
584 826
584 903
584 903
584 903
584 998
584 998
584 998
584 1018
584 1018
584 1018
584 1119
584 1119
584 1119
584 1240
584 1240
584 1240
584 1257
584 1257
584 1257
584 1322
584 1322
584 1322
584 1368
584 1368
584 1368
584 1401
584 1401
584 1401
584 1429
584 1429
584 1429
584 1439
584 1439
584 1439
584 1575
584 1575
584 1575
584 1585
584 1585
584 1585
584 1618
584 1618
584 1618
584 1628
584 1628
584 1628
584 1668
584 1668
584 1668
584 1750
584 1750
584 1750
584 1766
584 1766
584 1766
584 1791
584 1791
584 1791
584 1838
584 1838
584 1838
584 1873
584 1873
584 1873
584 1877
584 1877
584 1877
584 1962
584 1962
584 1962
584 1986
584 1986
584 1986
584 2005
584 2005
584 2005
89 89
1257 614
1238 1143
1893 1143
1158 1767
1286 452
1286 452
998 1257
998 1585
998 1838
998 1873
402 1143
328 1600
1158 1880
736 1143
584 216
584 998
584 1873
1873 731
1873 1767
1873 1986
1873 998
1873 1257
1873 1585
1873 1838
1439 998
1439 1257
1439 1873
1873 349
1268 535
1268 998
1268 1586
1268 1873
998 216
998 584
998 1873
998 1585
725 1705
251 0
1600 328
11 998
11 1791
736 1143
510 998
510 1257
510 1873
1668 1746
1439 851
1257 510
1257 998
1257 1873
510 1898
1750 998
1750 1257
1750 1873
1873 349
1873 1767
510 300
510 897
1873 535
1873 998
1873 1268
1873 1586
510 20
1869 1869
1379 1143
1873 1661
1873 1873
202 1873
1286 1875
202 1873
1873 669
216 510
216 1898
23 30
23 30
452 1038
548 1873
1379 1143
1873 349
1873 1767
1873 202
1625 1625
510 1873
216 1143
792 1888
510 20
736 552
736 627
736 1143
1767 1986
1843 402
1843 1143
736 736
736 736
736 736
938 1143
352 452
510 216
510 1898
1257 349
1873 1767
1873 1986
1257 614
1257 1873
1268 535
1268 998
1268 1586
1268 1873
1434 1286
1873 535
1873 998
1873 1268
1873 1586
340 1705
1379 736
1379 1143
452 194
128 1158
1812 1668
1829 690
1829 690
1873 1714
1781 1143
1781 1238
998 1873
33 1143
1368 216
1368 1898
1368 1962
1368 1368
1368 1368
1368 1368
1368 1368
1368 1368
33 1143
1668 1812
402 33
402 1143
1873 998
792 1888
1767 1873
251 0
33 1143
897 1489
1257 152
1873 1750
1873 1750
1257 1873
1873 1750
1873 349
1873 731
1873 1767
1873 1986
1873 793
793 1873
792 1888
897 1489
1874 1705
1624 1624
1624 1624
1624 1624
648 648
1257 152
897 1489
1624 1624
1624 1624
1624 1624
1585 998
1668 1746
1625 1625
1036 79
1036 1158
1036 1194
1036 1305
1036 1376
1036 1443
1036 1980
1036 79
1036 1158
1036 1194
1036 1305
1036 1376
1036 1443
1036 1980
341 452
1036 79
1036 1158
1036 1194
1036 1305
1036 1376
1036 1443
1036 1980
881 1158
881 1305
881 1376
881 1593
881 1905
973 1705
497 245
497 1158
497 1705
497 1951
497 546
792 1888
1746 1668
1997 20
349 1767
349 1873
349 1767
349 1873
1327 452
1327 452
1327 712
1327 712
1327 244
1327 357
1327 409
1327 452
1327 571
1327 896
1327 1069
1327 1157
1327 1586
792 1888
478 89
478 164
478 209
478 265
478 271
478 464
478 510
478 555
478 557
478 584
478 598
478 689
478 712
478 1240
478 1429
478 1509
478 1522
478 1669
478 1730
478 1877
478 1986
78 1705
1880 452
792 1888
1221 1376
466 1705
792 1888
792 1888
792 1888
1434 1286
1640 1376
916 1158
31 1705
1627 0
608 1705
1750 1873
792 1888
792 1888
792 1888
1289 1873
251 0
1705 1289
1736 114
1668 1812
340 1705
163 1705
1219 1219
1612 1439
1627 0
1988 1705
1736 114
584 1997
731 1873
1289 1873
731 1767
1624 1624
1624 1624
1624 1624
621 621
731 1873
1624 1624
1624 1624
1624 1624
1705 1289
897 1489
614 1257
614 1705
897 1489
614 1257
1624 1624
1624 1624
1624 1624
1624 1624
1624 1624
1624 1624
1736 114
1338 452
1338 1951
1338 245
1338 546
897 1489
1391 1391
1624 1624
1624 1624
1624 1624
1956 1873
1736 114
837 1873
942 216
942 816
942 840
942 1150
942 1997
1038 452
801 1873
1624 1624
1624 1624
1624 1624
1931 1873
1624 1624
1624 1624
1624 1624
619 1257
717 0
1163 277
619 1257
1736 114
1038 1158
897 1489
1347 546
881 448
881 1158
881 1376
792 1888
1373 1705
