163 1705
1509 305
1509 382
1509 816
1509 1010
1509 1791
1509 1873
510 1509
510 1873
851 998
510 1143
828 1873
33 1143
1873 349
1873 1257
222 1158
89 510
89 584
89 1368
902 33
902 1143
1618 452
1286 290
1286 1875
1973 20
1257 851
227 1158
1197 33
1197 902
1197 1143
33 1143
1769 89
1769 510
1769 584
1769 1368
1973 998
1973 1257
1973 1873
1799 1158
763 1158
722 1143
1257 1973
722 1143
1796 1700
1838 1668
1973 1898
1767 452
452 1767
1767 452
828 1873
1761 277
1197 1143
452 1618
998 1898
1893 998
1893 1898
1668 1838
136 1705
1893 1898
1893 1973
1767 1873
804 1158
1668 1746
1668 452
1668 452
1618 452
452 1618
1873 1257
1277 998
1277 1257
1277 1873
998 1893
998 1898
1257 1873
1973 1898
1668 1549
1668 1668
729 858
452 1668
452 1668
1197 851
1197 998
1668 202
1668 202
1668 202
1668 328
1668 328
1668 328
1668 1549
1668 1549
1668 1549
1668 1767
1668 1767
1668 1767
1668 1873
1668 1873
1668 1873
1668 1986
1668 1986
1668 1986
520 593
520 1873
510 1893
510 1898
510 1973
510 998
510 1893
510 1898
1873 410
1893 1898
1893 1973
1973 1893
1973 1898
1873 344
1873 998
1873 1257
1873 1277
1893 510
1893 1898
1893 1973
1873 346
1245 1158
208 894
410 1873
1973 510
1973 1893
1973 1898
510 1893
510 1898
510 1973
1873 828
1873 1257
0 410
584 1143
89 1873
382 510
1193 1143
550 1873
382 510
464 382
1873 719
1010 464
792 1888
1618 277
627 464
627 1010
1257 828
1257 1873
998 1143
998 1193
1873 828
1873 1257
1873 998
1873 1143
1873 1193
998 1143
998 1193
998 1873
1873 828
1873 1257
1873 1277
1277 1873
136 1705
154 1668
1020 1020
1286 924
1286 144
510 20
510 1898
510 1873
1521 998
510 998
510 1521
1277 344
1277 998
1277 1257
1277 1873
1881 1668
1873 344
1873 998
1873 1257
1873 1277
1881 1668
464 627
464 1010
1257 1873
510 20
510 1898
452 712
452 1668
290 1286
712 452
712 452
464 382
464 510
792 1888
349 1873
1286 117
1286 290
402 1143
1286 290
262 1158
1668 729
729 1668
998 1257
998 1873
998 1962
998 1997
86 1158
0 1286
1668 1746
33 1143
1757 1158
1618 452
1873 1556
1668 1955
584 1143
584 1368
1286 117
736 1143
1832 1257
1832 1873
1873 1257
1873 564
1873 346
136 1158
1379 1143
452 894
690 992
894 452
1286 1875
690 992
998 1143
1973 510
1973 584
1973 1277
1286 1875
1875 1286
1197 33
1197 902
1286 1549
510 584
510 1143
510 1368
1257 998
1257 1873
1257 1962
1257 1997
1873 998
1873 1143
1286 1875
33 1143
1257 1556
1257 1873
1549 1276
727 328
727 409
727 452
727 1057
727 1767
727 1905
727 1986
998 1898
1549 1286
998 510
998 584
998 1277
998 1973
1997 998
1997 1898
33 1143
584 1873
1873 1257
1368 1257
1368 1873
1873 76
1668 1110
998 1898
998 1997
1838 1668
1257 538
1257 828
1257 1637
1257 1873
1257 349
1257 1873
520 510
520 1873
1379 1143
1668 376
1368 1257
1368 1873
1843 998
1843 1143
1843 1873
1873 510
1873 1439
729 1286
1575 1668
1575 1838
1286 1549
1257 1368
1838 202
1838 1079
1838 1638
1838 1767
1838 1575
1838 1668
1575 1668
1575 1838
1838 1575
510 1439
510 1873
992 696
1873 579
1549 1286
992 696
739 1705
1997 998
1997 1898
1286 1549
851 1873
1286 1875
1668 1619
290 1286
792 1888
1873 998
1873 1143
1873 1843
1286 868
1668 1575
1668 1838
1668 1955
1873 1767
1838 1575
1838 1668
1873 520
520 1873
1767 1873
1893 998
1893 1898
1893 1997
1668 376
1579 510
1579 584
1579 1143
1579 1368
1257 1143
1257 218
1257 1873
998 1893
998 1898
998 1997
1705 89
1705 510
1705 584
1705 1368
1705 1769
1668 125
1290 1290
894 1762
1368 998
894 1762
1368 1893
1368 1898
1368 1997
722 1143
1873 828
1873 1257
1873 202
992 690
998 1257
998 1439
998 1873
1873 1257
894 328
894 328
894 328
1873 1767
1668 1880
1838 202
1838 349
1838 1585
1838 1832
1838 1873
1838 1962
1873 998
1873 1257
1873 1439
1575 202
1575 349
1575 1585
1575 1832
1575 1838
1575 1873
1575 1962
0 1224
0 1668
998 1257
998 1439
998 1873
1962 202
1962 349
1962 1575
1962 1585
1962 1832
1962 1838
1962 1873
202 1873
998 1873
136 1158
1880 1668
1257 1873
1832 1257
1832 1873
0 1286
1277 46
1277 998
1277 1257
1277 1873
1277 1143
1838 1962
1668 1227
1668 1668
1668 328
1668 328
1668 328
1668 894
1668 894
1668 894
1873 1838
1873 1962
1873 998
1838 1873
792 1888
1873 1257
1585 998
1585 1832
1585 1873
1873 1257
1873 1832
1873 998
1873 1585
1873 1832
1257 1873
1873 693
1257 1873
23 734
23 828
23 1873
1276 1036
1873 1257
346 1873
1257 1873
1873 1257
1873 1257
701 1276
1873 828
604 1143
1930 1700
1873 1439
1873 1832
1286 1875
277 452
277 452
1873 162
346 1873
1439 1873
1286 1875
1439 1873
1873 998
1873 1439
1838 349
1838 1873
1838 1962
998 1439
998 1873
1962 349
1962 1838
1962 1873
998 1257
998 1873
1952 1952
998 1997
1276 1549
938 722
938 1143
1257 828
277 1618
23 734
23 1548
23 1662
1873 998
1843 604
1843 1143
1484 1376
1277 1143
1581 1952
1286 868
719 1873
1585 1962
1952 1952
1873 1767
657 657
23 1277
23 1873
1962 1585
792 1888
1873 23
1873 734
1873 828
1873 1585
1873 1962
1873 1741
619 1873
729 858
719 1873
1277 23
1277 734
1277 828
1277 1873
23 525
1585 1873
1838 1585
1286 154
1268 535
1767 1873
736 1143
584 1143
1832 1873
1873 1832
1286 117
1286 290
340 546
1499 1762
1499 208
1873 1832
1873 456
1873 1586
1746 1668
340 1700
1286 452
1286 452
1873 349
1873 1257
340 1705
1286 452
1286 452
1286 1875
1158 712
1158 1668
584 1143
1286 729
1286 729
1873 579
629 701
290 1286
1439 998
0 1286
1286 1875
1500 736
881 448
881 1158
881 1376
998 1143
1500 736
290 1286
1962 998
1962 1257
1962 1832
1962 1873
729 858
89 89
1277 1143
456 1586
456 1873
456 1926
328 1905
328 1905
328 1905
1286 1875
117 1286
1838 1585
1838 1962
998 1143
1832 456
1579 998
1579 1143
1277 46
1277 998
1277 1257
1277 1873
1257 579
1257 1873
1197 998
1197 1143
1197 1579
998 20
998 1898
548 1873
998 1257
998 1277
998 1873
998 1997
1286 1875
992 690
1257 828
1910 282
1910 1705
338 1143
1893 1143
1893 1143
1919 992
1158 1812
1893 998
1893 1257
1893 1277
1893 1873
1893 1997
1873 1257
1257 1873
1277 998
1277 1257
1277 1873
1277 1893
1277 1997
579 1873
1158 894
548 1873
290 1286
881 448
881 1158
881 1376
1286 1875
1499 452
1158 894
998 1257
998 1277
998 1873
998 1893
998 1997
1286 1875
1875 1286
1640 1376
840 1150
1875 1286
792 1888
1439 998
1521 840
1521 1150
1197 1143
1624 1624
1624 1624
1624 1624
1624 1624
202 538
1838 202
510 1308
510 1973
1962 202
1962 538
998 510
998 1308
998 1973
792 1888
1036 1158
1036 1376
1036 1593
1036 1980
998 1873
202 1873
1832 202
1832 349
1832 534
1832 538
1832 828
1832 1585
1832 1726
1832 1838
1832 1873
1873 998
1081 452
1081 1668
1081 1812
136 1158
4 1158
1277 998
1277 1257
1277 1873
1277 1893
1277 1997
998 1257
998 1277
998 1873
998 1893
998 1997
1875 1286
1521 510
1521 998
1521 1308
1521 1973
510 998
510 1308
510 1521
510 1973
349 202
349 435
349 1705
349 1962
998 510
998 1308
998 1521
998 1973
1875 1090
792 1888
1808 1705
1010 894
1973 998
894 1010
998 689
998 852
998 1257
998 1302
998 1832
998 1873
1197 1143
1233 1875
1286 1875
1535 328
1535 1549
1535 1747
1535 1767
1535 1986
349 1838
792 1888
902 1143
902 1197
1997 535
1997 1268
510 1143
1997 998
1997 1257
1997 1873
1286 1535
1286 1535
1549 1286
1549 1286
1549 1535
1549 1535
906 1705
1905 328
1905 328
1905 328
1905 894
1905 894
1905 894
1905 1668
1905 1668
1905 1668
1286 1549
1286 1549
1020 1020
792 1888
792 1888
1535 328
1535 1549
1535 1747
1535 1767
1535 1986
1257 998
1257 1873
1257 1997
1875 1951
1036 79
1036 429
1036 1158
1036 1194
1036 1376
1036 1443
1036 1980
1452 1143
1257 1873
1010 894
349 1838
349 1873
349 1962
1808 1705
998 535
998 1268
689 1302
1873 1257
1036 79
1036 429
1036 1158
1036 1194
1036 1376
1036 1443
1036 1980
345 1705
1268 535
1268 998
1257 1873
1414 1414
1875 1286
998 689
998 852
1549 328
1549 1535
1549 1767
1549 1986
162 1873
1875 1286
1442 452
452 277
452 277
1873 619
1276 1549
1286 1875
1873 419
1010 894
1549 1276
1286 1875
225 1158
998 1257
998 1873
998 1997
1276 1549
510 1898
1608 1339
1286 1090
1286 1233
998 1898
858 729
1549 1276
1873 1257
1997 510
1997 1898
1873 202
1873 349
1873 534
1873 538
1873 828
1873 1585
1873 1726
1873 1832
1873 1838
1452 1143
1257 1873
510 564
510 1873
840 1150
1832 1257
1832 1873
1873 510
1893 998
1893 1898
1257 1257
510 1873
349 1257
349 1873
736 552
736 627
736 1143
736 736
736 736
736 736
598 598
1983 0
1521 510
210 210
1873 202
1873 209
1873 534
1873 538
1873 828
1873 1726
282 1873
290 1286
1158 1339
1705 534
1705 1684
1705 1962
117 1286
701 894
701 894
701 1286
701 1286
1268 1268
1268 1277
1268 1439
1268 1873
456 1832
1873 456
1873 1832
1719 1705
1719 1705
1771 1873
33 1143
349 1873
202 1873
1452 1143
1905 1873
1875 1286
1911 998
1911 1257
1911 1277
1911 1873
0 1286
290 1286
1873 579
1873 1257
1452 1143
1193 1143
202 1873
1873 202
2026 629
579 1873
658 797
658 797
658 797
658 797
658 797
658 797
1893 1143
1997 840
1997 1150
202 1873
452 2026
792 1888
1624 1624
1624 1624
1624 1624
1286 452
1286 452
2026 452
1339 452
1873 202
1875 1286
1521 840
1521 1150
1521 1997
579 1873
1705 349
762 996
510 1308
510 1997
998 510
998 1308
998 1997
906 1705
1905 328
1905 328
1905 328
202 1873
1873 510
1873 998
1873 1308
1873 1997
510 1898
553 1705
202 349
202 534
202 1767
202 1873
1286 1084
1767 202
1767 349
1767 534
1767 1873
579 1257
1286 452
1286 452
1286 452
1452 1143
1873 510
1873 1257
1873 202
1873 349
1875 1286
1873 456
1873 1832
1893 510
1893 1898
1767 1873
828 1257
828 1873
452 1747
1875 1286
1873 1767
202 1873
998 1143
1952 1952
1873 456
1873 1832
1796 1700
1452 1143
1581 1952
202 1873
1452 1143
510 1893
510 1898
1832 1873
1832 1962
1962 1832
1962 1873
1875 1286
478 89
478 164
478 265
478 271
478 464
478 510
478 555
478 557
478 584
478 598
478 689
478 712
478 1240
478 1429
478 1509
478 1668
478 1669
478 1673
478 1730
478 1838
478 1986
1368 1898
1873 1832
1873 1962
1257 1873
1873 1257
1339 1608
1257 1873
1893 1368
1893 1898
1158 619
1158 825
1158 1339
1962 1898
1705 202
1705 538
1452 1143
128 1158
1875 1951
1368 1893
1368 1898
1624 1624
1624 1624
1624 1624
1624 1624
1368 1368
1368 1368
1368 1368
1368 1368
1368 1368
1368 1368
902 1143
689 998
1624 1624
1624 1624
1624 1624
1624 1624
370 452
1499 1010
851 46
851 998
851 1257
851 1466
851 1500
851 1586
851 1853
851 1873
851 1926
792 1888
998 689
907 1873
1875 1708
349 1873
1302 998
1991 736
1991 1143
689 998
154 452
1257 1873
202 1873
202 1873
202 1873
792 1888
792 1888
349 1873
1158 1191
1875 1951
1158 370
1499 1010
1158 1442
1952 1952
852 689
584 1143
792 1888
1158 1442
1875 1286
1873 1257
144 1286
733 546
1575 1668
1158 690
1697 1376
1257 1257
218 794
218 1873
1090 1286
1257 1929
1320 1705
1697 1376
1873 584
1873 1143
1875 1090
398 452
1873 1257
792 1888
792 1888
1873 1832
222 1158
1952 1952
1873 1257
1624 1624
1624 1624
1624 1624
1624 1624
1624 1624
1257 1873
1873 1257
1499 1600
1962 1898
1286 144
722 1143
828 1873
1873 202
1873 349
1873 1832
1873 1257
792 1888
1135 277
828 1873
349 1873
466 1705
792 1888
1290 584
1290 1143
1290 1873
497 245
1219 1219
497 1158
497 1705
497 1951
497 546
497 1700
792 1888
1084 1286
828 1257
489 1668
349 202
590 1873
593 520
1586 1586
1586 1586
1767 797
1767 797
1767 797
1767 797
1767 797
1767 797
1521 1898
1521 1962
452 1586
1586 452
534 1684
534 1873
534 1962
548 1873
340 1700
349 1767
1036 1158
1036 1158
1036 1376
1036 1376
1036 1875
1036 1875
1036 1951
1036 1951
1663 193
349 202
792 1888
792 1888
792 1888
452 152
1873 202
968 452
792 1888
1893 1143
1873 1257
1873 1962
202 1873
1257 1873
1873 202
1327 452
1327 452
1327 712
1327 712
1327 244
1327 357
1327 409
1327 452
1327 571
1327 896
1327 1069
1327 1157
1327 1586
1036 1158
1036 1376
1036 1593
1036 1980
78 1705
1036 79
1036 1158
1036 1194
1036 1376
1036 1443
1036 1980
1581 1952
579 1873
1997 1143
1873 1143
792 1888
1997 1143
1952 1952
1668 489
828 1257
1036 79
1036 1158
1036 1194
1036 1376
1036 1443
1036 1980
1290 1143
1290 1997
1290 1143
1290 1997
349 202
349 1638
349 1705
1006 1135
538 534
538 1585
538 1873
538 1962
31 1705
619 452
1624 1624
1624 1624
1624 1624
1624 1624
1624 1624
534 202
534 349
534 538
534 828
534 1585
534 1726
534 1832
534 1838
534 1873
1624 1624
1624 1624
1624 1624
1624 1624
1624 1624
538 202
538 349
538 534
538 828
538 1585
538 1726
538 1832
538 1838
538 1873
419 1705
1452 1143
251 0
144 1286
1627 0
619 1873
411 1873
411 1905
202 1873
349 1873
349 1873
1893 1143
1893 1143
1929 1257
828 202
828 209
828 534
828 538
828 1726
828 1873
1036 452
1036 1286
1036 1668
1036 1875
1624 1624
1624 1624
1624 1624
1624 1624
828 202
828 209
828 534
828 538
828 1726
828 1873
1705 828
1705 1257
1881 452
1705 828
1391 1391
1624 1624
1624 1624
1624 1624
1624 1624
534 349
534 349
1624 1624
1624 1624
1624 1624
1624 1624
1260 220
1260 371
1260 1767
1260 1791
1260 1873
222 1158
837 1873
1885 1376
1705 550
998 428
1796 1700
1036 1158
1036 1376
1036 1593
1036 1980
619 452
828 1873
828 1873
83 828
83 1873
1931 1873
942 1521
358 452
1036 1158
1036 1376
1036 1875
1036 1951
1373 1705
