0 529
411 1464
410 1143
584 584
584 1143
584 1143
840 998
840 1150
1991 584
1991 1143
584 1143
584 1991
1245 1158
1893 998
992 1905
992 1905
992 1905
1893 840
1893 998
1893 1150
998 1893
1796 1700
840 942
411 1464
411 1464
901 452
1119 202
1119 452
1119 464
1119 1585
1119 1769
1119 1791
840 998
840 1150
620 894
1893 840
1893 998
1893 1150
792 1888
1197 1143
222 1158
1586 1873
1991 584
1991 1143
862 1252
862 1873
862 1962
340 1700
792 1888
792 1888
1668 1875
1668 1905
881 1158
881 1305
881 1376
881 1593
881 1905
1119 89
1119 478
1119 1509
1119 1575
1119 1668
862 1873
1640 1376
1197 1143
1905 992
1905 992
1905 992
1905 1158
1905 1158
1905 1158
1905 1305
1905 1305
1905 1305
1905 1376
1905 1376
1905 1376
1905 1593
1905 1593
1905 1593
1197 1143
1286 1913
1286 1875
1905 992
1905 992
1905 992
1913 1875
510 20
584 510
340 1705
840 998
840 1150
840 1893
1257 20
510 584
1439 510
1997 510
1997 1439
1997 510
1997 1439
510 1439
1439 510
510 1439
33 1143
1808 1705
1197 1143
792 1888
998 840
1439 510
1277 1439
510 1277
1668 1875
199 901
410 510
1736 114
1158 199
1439 410
881 448
881 1158
881 1376
1875 1600
1875 1951
1875 1286
1875 1913
1875 1905
1875 1913
792 1888
1875 1286
1296 584
1296 1705
1197 1143
1286 1875
902 1143
902 1197
881 245
881 245
881 1158
881 1158
881 1305
881 1305
881 1376
881 1376
881 1593
881 1593
881 1905
881 1905
1905 1668
1905 1875
1838 104
1838 104
1838 104
1838 202
1838 202
1838 202
1838 411
1838 411
1838 411
1838 464
1838 464
1838 464
1838 478
1838 478
1838 478
1838 510
1838 510
1838 510
1838 538
1838 538
1838 538
1838 703
1838 703
1838 703
1838 998
1838 998
1838 998
1838 1051
1838 1051
1838 1051
1838 1257
1838 1257
1838 1257
1838 1322
1838 1322
1838 1322
1838 1409
1838 1409
1838 1409
1838 1439
1838 1439
1838 1439
1838 1509
1838 1509
1838 1509
1838 1575
1838 1575
1838 1575
1838 1585
1838 1585
1838 1585
1838 1791
1838 1791
1838 1791
1838 1829
1838 1829
1838 1829
1838 1832
1838 1832
1838 1832
1838 1873
1838 1873
1838 1873
1838 1877
1838 1877
1838 1877
1838 1961
1838 1961
1838 1961
1838 1962
1838 1962
1838 1962
1838 1986
1838 1986
1838 1986
881 245
881 245
881 1158
881 1158
881 1305
881 1305
881 1376
881 1376
881 1593
881 1593
881 1905
881 1905
33 1143
1197 33
1197 1143
792 1888
1197 1143
902 1143
902 1197
942 216
942 840
942 998
942 1150
894 434
1873 1586
510 1873
1439 1873
1197 1143
902 1143
902 1197
345 1705
497 1158
497 1705
497 1951
497 546
497 1700
1515 1873
434 1499
942 216
942 840
942 998
942 1150
942 1997
792 1888
1913 1286
1913 1286
1257 1178
1257 1585
1257 1873
792 1888
452 55
452 55
452 55
452 55
452 55
277 1628
1769 538
1769 917
851 46
851 998
851 1257
851 1873
1439 1624
1439 1624
1439 1624
1439 1624
1439 1143
902 1143
340 1700
340 1705
1439 902
1439 998
1439 1257
1439 1832
1439 1873
1163 277
349 165
349 538
349 583
349 828
349 917
349 1562
349 1873
349 538
917 349
349 538
917 538
349 917
349 538
917 349
917 349
917 538
349 538
538 165
538 349
538 583
538 828
538 917
538 1562
538 1873
538 165
538 349
538 583
538 828
538 917
538 1562
538 1873
538 165
538 349
538 583
538 828
538 917
538 1562
538 1873
538 349
538 917
538 349
538 917
828 538
538 917
828 349
1373 1705
1439 1143
1796 1700
1628 277
1521 1143
851 1143
584 1143
1873 851
1873 1143
1579 1143
1579 1521
1439 1143
851 1143
1521 1143
1579 584
1579 1143
1579 1143
1579 1500
1579 851
1579 1143
1439 1579
1579 851
1579 1143
1579 851
1579 1143
1521 1143
1521 1143
1579 851
1579 1143
584 1873
1197 851
1579 851
1579 1143
1439 1579
1579 1439
1439 1579
1579 1439
1439 1143
1579 851
1579 1143
1579 1439
1579 1143
1579 1521
584 1143
998 584
1997 584
1997 1143
1521 851
1521 1143
1521 1579
998 1439
1439 584
1439 1997
1257 584
998 1257
1439 20
584 1898
584 1898
1439 20
1893 584
1579 1143
1579 1439
851 584
851 1898
1439 1257
1257 1439
998 1439
1299 546
1873 998
1873 1439
1439 1257
1873 1257
1873 1439
1521 851
1521 1143
1521 1579
1439 1579
1439 1579
1521 851
1521 1143
1521 1579
1439 998
1257 1873
1913 1286
1439 998
1439 1257
1439 1832
1439 1873
1521 851
1521 1143
1521 1579
1873 1257
1579 1579
0 1257
1439 1579
584 998
1873 584
1873 851
1873 1898
1873 584
1873 998
998 1257
998 1873
1521 1143
1873 998
1873 1257
1439 1143
340 1705
1893 1873
1873 1893
1257 1873
1873 133
1521 1143
33 851
33 1143
33 1579
1873 613
1439 1579
1439 20
1873 20
1873 1439
33 851
33 1143
33 1579
1277 1143
33 851
33 1143
33 1579
1873 1439
1439 33
1521 1143
340 1700
452 1689
452 1689
1521 1143
584 1143
584 1464
792 1888
1257 1439
1439 95
1257 1873
1640 1376
1873 613
1439 1257
1439 1873
1579 95
1579 1439
1873 54
1873 95
1873 1439
1873 1579
1521 1143
1579 95
1579 1439
1579 1873
1439 1579
1873 1143
1873 1521
1873 1898
1875 1174
1439 1873
1875 1174
1808 1705
510 1873
1973 510
1973 1873
33 1143
1439 1973
133 1873
1973 1439
1665 1705
1439 1973
1973 1439
1973 1973
584 1893
1973 584
1973 1893
1439 1973
584 1973
1197 33
216 1439
216 1873
251 0
1832 1439
1521 216
130 0
1627 0
1832 1873
851 33
851 1197
1257 1143
1257 584
1873 1439
1873 1832
1439 1873
1832 1873
133 1873
133 1873
717 0
584 1143
1873 584
1873 1143
216 1832
216 1873
1873 216
1873 1832
1705 133
1439 1579
1832 216
251 0
1277 1143
410 1439
1277 410
1277 1439
1579 410
1579 1277
1579 1439
1579 1854
926 1700
1988 1705
1893 1143
278 712
278 712
1873 216
1873 1832
968 452
345 1705
584 1873
1624 1624
1286 1875
1257 1143
1286 1875
1286 1875
736 1143
736 1178
736 1651
584 1873
1197 1257
452 1286
1174 1600
1174 1875
1174 1951
1689 452
1174 1875
792 1888
1174 1875
1257 584
584 1257
584 1898
1689 452
497 245
497 1158
497 1705
497 1951
497 1700
497 546
1689 452
216 584
216 1898
584 216
584 1898
613 1873
736 736
736 736
736 736
736 736
54 1873
1286 452
1286 452
1286 452
1257 1143
1439 1579
792 1888
54 1873
760 479
760 546
760 807
760 1112
760 1837
1368 1257
1368 1873
1875 1951
1875 1737
1875 1286
1875 1286
1286 1875
452 1286
1496 1873
1575 1750
1575 1873
510 1575
510 1750
510 1873
1575 510
1575 1750
1575 1873
1624 1624
1624 1624
1624 1624
1624 1624
1875 1286
1875 1286
1956 452
1956 1951
792 1888
1156 1158
962 510
1737 1875
1956 1873
1439 1277
1931 1873
1727 1705
222 1158
222 1158
722 1143
1368 1368
1368 1368
1368 1368
1368 1368
1368 1368
1368 1368
1368 1143
1368 1873
