1397 1397
1368 1368
1368 1368
1368 1368
1368 1368
1368 1368
1368 1143
1368 1873
1956 1873
1197 1143
763 1158
1119 89
1119 478
1119 1509
1119 1575
1119 1668
1668 1119
1119 1668
992 868
1197 1143
1893 1143
1827 1158
1799 1158
998 1308
998 1973
998 1308
998 1973
1997 1143
33 1143
998 1308
998 1973
1704 1286
1276 452
410 1873
410 998
1617 1158
227 1158
452 937
452 1879
222 1158
1617 571
1617 1158
1893 33
1893 1143
804 1158
216 1143
362 1158
2026 145
2026 1509
1276 452
1832 103
1832 1257
1832 1439
1832 1873
452 55
452 55
452 55
452 55
452 55
1668 690
1276 1668
1257 998
1257 1308
1257 1973
1668 727
1668 145
1668 1509
1668 2026
1873 11
998 1257
998 1308
998 1973
1668 1276
1276 1668
998 1898
1245 1158
1973 998
1973 1257
1973 1308
1873 998
1873 1257
1873 1308
1873 1973
410 1873
1668 1880
1893 1143
1286 1704
1668 1880
216 998
216 1898
1873 1481
1991 1143
1991 1197
510 1439
998 1143
1277 1143
1668 1955
1521 998
1521 1143
1668 55
1668 55
1668 55
1668 55
1668 55
1668 55
222 1158
584 1143
1873 998
1873 1143
1873 1521
1257 998
1257 1308
1257 1973
1668 2009
1668 1618
1873 510
510 1873
1873 510
510 1873
216 1143
1668 382
1509 145
1509 1668
1509 2026
1257 1143
736 1143
1197 1143
1668 382
1276 1276
1276 1668
154 1668
1628 1668
1257 1873
1668 1903
1668 1628
1668 1628
1668 1093
11 1873
1628 1668
1873 11
1668 1628
1579 216
1579 1143
1873 410
1257 1143
868 992
1257 20
736 1143
1286 1392
277 897
998 1898
712 452
690 260
690 260
690 260
690 277
690 277
690 277
690 712
690 712
690 712
690 868
690 868
690 868
690 1286
690 1286
690 1286
690 1494
690 1494
690 1494
690 1522
690 1522
690 1522
690 1628
690 1628
690 1628
690 1918
690 1918
690 1918
690 2026
690 2026
690 2026
1668 1017
1668 1905
792 1888
262 1158
216 998
216 1898
86 1158
452 712
1757 1158
712 452
452 712
1669 1873
992 868
1668 29
1668 629
452 55
452 55
452 55
452 55
452 55
452 55
986 546
986 1158
452 1917
1276 690
1276 690
1276 690
1257 998
1257 1832
1257 1873
584 1143
1873 653
1873 1873
1628 452
998 1873
1873 998
1286 1276
1873 510
1873 1873
1257 832
998 1873
1257 998
1257 1873
1277 1143
1277 1143
136 1158
729 1668
998 20
1668 1119
992 333
1668 1286
1668 1286
992 1550
1873 998
1368 13
1368 13
1368 23
1368 23
1368 24
1368 24
1368 46
1368 46
1368 119
1368 119
1368 164
1368 164
1368 202
1368 202
1368 216
1368 216
1368 265
1368 265
1368 271
1368 271
1368 305
1368 305
1368 328
1368 328
1368 409
1368 409
1368 411
1368 411
1368 418
1368 418
1368 452
1368 452
1368 456
1368 456
1368 464
1368 464
1368 510
1368 510
1368 557
1368 557
1368 584
1368 584
1368 640
1368 640
1368 689
1368 689
1368 793
1368 793
1368 816
1368 816
1368 851
1368 851
1368 889
1368 889
1368 979
1368 979
1368 998
1368 998
1368 1018
1368 1018
1368 1119
1368 1119
1368 1178
1368 1178
1368 1240
1368 1240
1368 1257
1368 1257
1368 1322
1368 1322
1368 1429
1368 1429
1368 1433
1368 1433
1368 1439
1368 1439
1368 1466
1368 1466
1368 1500
1368 1500
1368 1521
1368 1521
1368 1575
1368 1575
1368 1585
1368 1585
1368 1586
1368 1586
1368 1669
1368 1669
1368 1742
1368 1742
1368 1791
1368 1791
1368 1838
1368 1838
1368 1873
1368 1873
1368 1893
1368 1893
1368 1962
1368 1962
1368 1975
1368 1975
1368 1986
1368 1986
1668 729
1668 1231
584 20
584 998
998 1873
136 1158
1873 998
1257 832
1668 452
1668 452
1286 1168
1668 1880
1383 1158
1481 0
1481 0
1873 653
1873 1873
1873 653
1873 1873
1873 832
1873 1257
998 1873
739 1705
1873 998
1290 1290
1843 584
1843 1143
1158 368
998 1873
1158 96
1158 806
998 1873
1796 1700
1873 998
1257 832
1158 1276
0 653
0 1873
1158 1917
937 1879
937 452
851 1143
1903 1668
1873 832
1873 1257
998 584
1158 1276
1439 998
1873 1019
1873 1873
1873 1019
1873 1873
1873 1019
1873 1873
510 1257
510 1873
1499 1797
1439 998
1439 1257
1439 1832
1439 1873
1257 1873
1873 998
1873 1439
1439 1832
1439 1873
1873 1439
1873 1832
1439 1873
1439 1873
1873 1257
1439 20
510 1439
510 1873
1668 485
868 992
1481 1873
1812 1668
1668 452
1668 452
1997 510
1997 1439
1997 1873
1767 1929
452 1879
452 1879
452 1879
452 1879
452 1879
452 1879
0 653
0 1873
1668 1812
1873 1439
1618 154
1618 154
1618 154
1618 277
1618 277
1618 277
1618 629
1618 629
1618 629
1618 690
1618 690
1618 690
1618 712
1618 712
1618 712
1618 868
1618 868
1618 868
1618 1276
1618 1276
1618 1276
1618 1286
1618 1286
1618 1286
1618 1628
1618 1628
1618 1628
1618 1668
1618 1668
1618 1668
1618 2026
1618 2026
1618 2026
1875 1951
1812 1668
1668 1812
1307 1158
1873 1257
997 1668
485 1668
1276 1286
1276 1668
992 868
729 1668
1997 1143
868 452
1668 1880
1286 1233
1668 1276
1276 1668
1997 998
1997 1257
1997 1368
1997 1873
1314 1705
1873 998
1873 1257
1873 1368
1873 1997
868 1668
992 868
998 1257
998 1368
998 1873
998 1997
1997 998
1997 1257
1997 1368
1997 1873
1668 1880
998 1257
998 1368
998 1873
998 1997
33 1143
271 271
1197 1143
1843 535
1197 1143
868 452
1452 1143
792 1888
868 992
1257 998
1257 1832
1257 1873
792 1888
1905 1017
1277 1143
992 868
712 452
1276 1206
277 479
277 807
1640 1376
1439 1873
1873 1439
998 1873
1873 998
1575 510
992 1919
584 1143
992 868
992 868
938 1143
938 1452
1276 1393
1873 510
1873 1575
1392 1286
1257 1143
1257 349
997 452
997 452
997 452
997 452
997 452
997 452
802 1668
1197 1143
1257 1873
1893 1143
361 452
832 1257
452 1404
1838 1439
1838 1575
1873 1439
1585 1838
1873 1585
1873 1838
851 998
851 1257
851 1466
851 1853
851 1873
851 1997
1832 1838
1257 998
1257 1873
1257 1962
338 1143
464 305
464 525
464 816
464 1873
1322 1668
1962 998
1962 1257
1962 1873
802 1668
736 552
736 627
736 1143
1439 1832
736 736
736 736
736 736
736 736
1873 998
1873 1257
1873 1898
1873 1962
1439 1873
851 535
851 1843
340 1700
1808 1705
136 1158
216 998
216 1257
216 1873
216 1898
216 1962
4 1158
452 1880
1439 1832
584 1143
832 1873
1439 1832
1333 1158
1873 510
1873 1368
1832 1439
1414 657
1414 1414
1439 510
1439 1873
1439 1832
1873 820
1503 1503
1368 216
1368 998
1368 1257
1368 1873
1368 1898
1368 1962
1439 1470
832 1257
832 1873
1873 820
1843 535
1843 851
510 20
868 452
154 992
1439 998
1439 1257
1439 1873
1879 452
0 452
998 1257
998 1439
998 1873
832 1257
1257 535
1257 851
1257 1843
1163 277
345 1705
1286 1392
998 1143
1158 937
1654 1158
992 154
1277 1143
1962 510
1962 1873
1392 1286
868 452
868 568
1286 1392
992 154
1832 1439
1158 1022
1439 998
1873 1898
0 452
1215 1951
1368 1143
1277 20
1879 623
1879 623
1879 623
1879 623
1879 623
1879 623
1873 20
1873 1277
1500 410
1500 510
1500 584
1500 998
1500 1277
1500 1368
1500 1439
1500 1662
1500 1973
1500 1997
1500 2010
1197 736
1197 1143
1193 1143
1873 998
1873 1439
1286 55
1286 55
1286 55
1286 55
1286 55
998 1257
998 1873
998 1143
452 1276
1797 894
1257 349
1276 452
1257 998
1257 1439
1257 1873
1873 1439
1873 1832
0 452
1873 998
1873 1257
1873 1439
31 1705
1579 998
1579 1143
1158 1022
1197 1143
851 1143
851 1997
881 1158
881 1305
881 1376
881 1593
881 1905
1521 998
1521 1143
1521 1193
998 1143
998 1193
998 1521
629 1549
629 1549
986 1158
277 897
998 46
998 1257
998 1873
998 1962
851 998
851 1079
851 1257
851 1997
1257 1873
1549 629
1549 629
629 1549
1439 1832
1873 46
1873 998
1873 1257
1873 1962
1257 1898
1668 802
802 1668
868 423
868 452
868 568
1521 736
1521 1143
1521 1197
216 1257
216 1898
1875 1286
1379 1143
277 897
851 1143
851 1997
1952 1952
1997 851
1997 998
1997 1257
1997 1873
2026 1954
851 998
851 1079
851 1257
851 1997
1276 452
1997 851
1997 998
1997 1257
1997 1873
0 452
1832 510
1832 1257
1832 1368
1832 1873
1873 1257
1873 1898
881 546
881 546
881 1158
881 1158
881 1305
881 1305
881 1376
881 1376
881 1772
881 1772
1158 1747
452 868
881 546
881 546
881 1158
881 1158
881 1305
881 1305
881 1376
881 1376
881 1772
881 1772
452 291
868 452
629 1286
452 868
1172 1880
1873 851
1873 998
1873 1257
1873 1997
1158 1675
868 452
729 567
792 1888
452 291
1257 1143
998 1143
998 1257
1158 291
1368 1143
0 452
760 479
760 546
760 807
760 1837
868 452
807 760
1832 1439
98 1705
1276 452
1439 1832
479 807
792 1888
452 1276
792 1888
1873 1898
1962 998
1962 1257
1962 1873
1257 1143
902 1143
1873 1019
1873 1873
216 1257
216 1873
216 1898
510 216
510 1257
510 1873
510 1898
1873 216
1873 1257
1873 1898
1219 1219
1490 1158
1873 832
1286 452
1286 452
584 1143
1286 452
1286 452
1286 452
1917 1158
1439 20
820 1873
1873 1439
1873 187
1873 1873
1579 1143
1579 1379
1944 1705
1158 462
1158 568
584 1143
1779 452
1779 712
1579 851
1579 1143
1579 1997
1579 998
1579 1143
621 621
1627 0
1873 1898
998 535
998 535
1579 1143
1579 1379
584 1143
792 1888
584 1143
1997 1898
584 1873
2026 1954
222 1158
340 1705
0 452
216 1873
216 1898
1257 20
1197 584
1197 1143
598 598
452 96
1368 1898
1368 1997
998 584
998 1143
998 1197
1197 1143
851 1898
897 546
1277 1464
1277 1464
1017 75
1873 216
1873 1898
1579 1143
1579 1368
271 1143
1873 30
1873 30
1873 1277
1873 1143
897 546
1812 452
452 1880
1286 1286
452 96
411 998
411 1257
411 1873
584 998
584 1143
584 1197
998 411
998 1257
998 1873
1017 1668
1017 1905
11 1873
1812 452
452 1812
1812 452
1521 1873
1521 1898
452 358
1879 1158
820 1873
1962 998
1962 1257
1962 1832
1962 1873
1439 20
410 998
410 1257
410 1832
410 1873
410 1962
1889 1705
709 1873
1832 1439
998 1257
998 1873
998 1962
411 1464
411 1464
452 368
389 296
389 983
389 1696
1521 1873
1521 1898
820 1873
868 423
868 452
868 568
1257 1439
1257 1832
1880 1119
792 1888
1257 998
1257 1832
1257 1873
1257 1962
1917 1158
1439 1257
1962 998
1962 1257
1962 1832
1962 1873
1873 998
1873 1257
1873 1962
1036 79
1036 1158
1036 1194
1036 1376
1036 1443
998 1257
998 1873
1873 998
1873 1257
1873 1832
1873 1962
584 1143
216 998
216 1257
216 1832
216 1873
216 1962
33 626
33 1143
881 1158
881 1305
881 1376
881 1593
881 1905
1873 216
1873 998
1873 1257
1873 1832
1873 1962
1257 1143
998 1257
998 1873
998 1873
1452 1143
33 626
33 1143
1521 1873
1521 1898
1893 1873
1893 1898
389 983
1873 1898
1439 1143
1873 998
1439 1143
1439 410
1873 410
1873 1439
938 1143
938 1452
998 1257
998 1439
998 1873
902 33
902 626
902 1143
1796 1700
1439 1873
1873 1439
216 998
216 1257
216 1873
216 1962
1873 1832
1893 1143
1022 452
1521 1873
1521 1898
251 0
792 1888
1929 1767
1929 1873
1873 1521
1873 1898
998 1873
1277 1464
1277 1464
1640 1376
1767 1277
1767 1277
411 1277
411 1277
411 1769
411 1769
998 256
998 256
998 411
998 411
998 1277
998 1277
1668 219
1022 452
1767 998
1767 998
1277 411
1277 998
1277 1769
1873 256
1873 256
1873 411
1873 411
1873 1277
1873 1277
998 1767
998 1767
745 1767
745 1767
892 1951
1769 411
1769 411
497 245
1791 1769
1791 1769
497 1158
497 1705
497 1951
497 546
497 1700
11 1439
1769 998
1769 998
1929 1767
998 1769
998 1769
998 1873
1022 452
792 1888
1197 1143
1439 1143
830 414
251 0
938 1143
938 1197
358 452
222 1158
1197 1143
938 1143
938 1439
291 452
1257 1898
1197 1143
688 1705
592 1951
1669 11
1669 1439
1669 1873
1327 452
1327 452
1327 712
1327 712
1327 244
1327 357
1327 409
1327 452
1327 571
1327 896
1327 1069
1327 1157
1327 1586
584 1143
1452 938
1452 1143
568 452
792 1888
1873 1257
1439 11
1439 1669
938 1143
938 1452
1669 1439
1873 1439
1873 1669
1439 1551
472 1873
1439 1551
1257 1257
1439 275
1439 998
44 1143
1440 1158
1439 275
1952 1952
1439 275
1544 277
1439 1873
1952 1952
1689 452
1873 1644
1873 1873
1873 851
1873 1439
1873 464
1873 1669
1880 452
584 1143
1880 452
222 1158
1452 938
1452 1143
418 1277
418 1277
292 452
1439 334
1873 1257
938 1143
938 1452
1624 1624
1624 1624
1624 1624
1624 1624
1838 202
1838 202
1838 202
1838 411
1838 411
1838 411
1838 418
1838 418
1838 418
1838 464
1838 464
1838 464
1838 478
1838 478
1838 478
1838 510
1838 510
1838 510
1838 538
1838 538
1838 538
1838 998
1838 998
1838 998
1838 1051
1838 1051
1838 1051
1838 1119
1838 1119
1838 1119
1838 1257
1838 1257
1838 1257
1838 1322
1838 1322
1838 1322
1838 1409
1838 1409
1838 1409
1838 1509
1838 1509
1838 1509
1838 1575
1838 1575
1838 1575
1838 1585
1838 1585
1838 1585
1838 1767
1838 1767
1838 1767
1838 1791
1838 1791
1838 1791
1838 1829
1838 1829
1838 1829
1838 1832
1838 1832
1838 1832
1838 1873
1838 1873
1838 1873
1838 1962
1838 1962
1838 1962
1452 626
1452 1143
222 1158
1257 1898
568 452
568 868
1952 1952
938 626
938 1143
938 1452
568 452
568 868
983 389
983 1696
983 1906
423 452
423 568
423 868
1439 1143
894 1668
894 1668
1640 1376
1322 1257
1322 1832
1322 1873
423 104
423 462
423 568
983 389
983 1696
983 1906
389 779
389 1886
389 1906
983 389
983 1696
983 1906
996 762
902 1143
902 1439
1452 938
1452 1143
568 423
568 452
568 868
389 779
389 1886
389 1906
1439 1500
1452 938
1452 1143
983 389
983 1696
983 1906
1439 1143
1440 546
1952 1952
938 1143
938 1452
251 0
851 1873
1954 2026
938 1143
938 1439
1257 1832
291 452
1627 0
1439 510
1439 1257
1439 1368
1439 1832
1439 1873
1993 894
1624 1624
1624 1624
1624 1624
1624 1624
1624 1624
1439 897
1832 1257
1257 1143
938 1143
938 1452
897 546
584 1143
291 452
291 452
33 1143
33 1257
1991 584
1991 1143
1798 1951
792 1888
1624 1624
1624 1624
1624 1624
1624 1624
1075 452
96 452
1954 2026
1627 0
837 1873
163 1705
1624 1624
1624 1624
1624 1624
1624 1624
1499 1993
1625 1625
96 452
453 1705
423 452
423 568
423 868
1797 894
1338 452
1338 1951
1338 245
1338 546
358 452
801 1873
368 452
1622 1705
568 423
568 452
568 868
1499 1668
1156 1158
287 998
287 1476
1573 277
1952 1952
1439 902
998 428
1476 428
1476 1252
1796 1700
1624 1624
1624 1624
1624 1624
1624 1624
1931 1873
1257 1257
452 1075
1993 894
452 712
452 712
452 1668
452 1668
452 1812
452 1812
1439 1217
670 830
1439 1217
410 998
410 1257
410 1832
410 1873
410 1962
1796 1700
897 1204
1873 410
1873 998
1873 1257
1873 410
1873 998
1873 1257
1873 1832
1873 1962
410 1873
1245 1158
1368 1368
1368 1368
1368 1368
1368 1368
1368 1368
1368 1368
