1624 1624
722 1143
33 1143
851 33
722 33
722 851
722 1197
227 1158
902 33
902 851
202 349
1197 1143
763 1158
1197 1143
902 1143
902 1197
1893 1143
902 1143
902 1197
1668 729
1452 626
1452 1143
1197 33
1197 851
1197 902
1799 1158
1997 410
1197 1143
584 1873
510 20
1668 729
1368 1257
1368 1873
452 96
452 1276
804 1158
840 1150
1997 840
1997 1150
1668 727
1668 727
1893 840
1893 1150
1893 1997
452 712
452 1668
1668 1618
1119 89
1119 478
1119 1509
1119 1575
1119 1668
584 1143
1668 55
1668 55
1668 55
1668 55
1668 55
1668 55
452 1668
452 1668
729 1668
1286 727
1286 727
1286 1668
1286 1668
1286 894
1286 894
1668 1186
1197 1898
690 452
701 1668
1668 701
1668 452
1668 452
410 1143
894 1286
894 1286
1628 277
1628 868
1286 1668
729 1668
584 1143
1549 328
1549 1747
1549 1767
1549 1986
868 992
1668 1286
1668 1286
1286 894
1286 894
1286 1668
1286 1668
1668 729
894 1286
894 1286
1618 1668
1286 894
1286 894
1439 1257
1439 1585
1439 1832
1439 1873
992 868
992 868
701 868
701 1668
1380 452
1368 13
1368 23
1368 24
1368 46
1368 119
1368 164
1368 202
1368 216
1368 265
1368 271
1368 305
1368 328
1368 409
1368 411
1368 418
1368 452
1368 456
1368 464
1368 510
1368 557
1368 584
1368 640
1368 689
1368 793
1368 816
1368 851
1368 889
1368 979
1368 998
1368 1018
1368 1119
1368 1178
1368 1240
1368 1257
1368 1322
1368 1429
1368 1433
1368 1439
1368 1466
1368 1500
1368 1521
1368 1575
1368 1585
1368 1586
1368 1669
1368 1742
1368 1791
1368 1838
1368 1873
1368 1893
1368 1962
1368 1975
1368 1986
410 1873
1257 1898
690 452
868 992
868 701
868 1668
992 868
868 992
894 452
894 452
992 868
868 992
1893 1257
1893 1898
992 868
992 868
1257 657
1368 1257
349 1873
1368 1893
1368 1898
1392 1286
1257 1368
868 992
840 1150
1197 1143
465 1905
992 518
992 696
1257 1143
216 840
216 1150
1439 1257
452 894
452 894
992 154
1286 2026
136 1158
154 1668
1193 1143
86 1158
262 1158
868 992
1873 862
992 868
986 546
1197 1143
701 690
701 1286
1257 1873
1368 1257
1368 1873
1257 1143
1617 1158
992 471
1893 1143
1757 1158
1197 1143
1617 1158
1617 2026
1197 1143
729 1668
584 1143
1257 1368
1257 1873
510 1873
396 452
1276 452
1364 465
1286 281
1286 1875
510 1257
510 1873
277 559
1843 1143
1843 1197
1843 1143
1843 1193
868 992
136 1158
222 1158
1600 1668
1286 281
1500 1257
1286 868
992 868
1257 1143
729 1231
1535 328
1535 1549
1535 1767
1535 1986
1535 202
1535 328
1535 1549
1535 1767
1535 1986
1812 1668
559 546
840 216
840 1150
1197 1143
1549 328
1549 1535
1549 1767
1549 1986
1838 962
868 712
1286 629
629 1875
1579 1257
1579 1500
1257 1873
1952 1952
868 712
792 1888
1286 281
1286 1124
328 1549
909 1668
868 690
868 701
868 1286
1668 465
1668 1812
1579 1579
1286 894
1286 894
1843 1143
1843 1197
1668 729
1668 868
1843 1143
1843 1197
1668 465
154 1668
1973 20
1668 219
792 1888
739 1705
510 1838
584 1257
584 1873
1982 1158
802 1668
1036 79
1036 1158
1036 1194
1036 1376
1036 1443
1036 1980
510 410
510 1997
584 1143
1668 154
1668 802
1125 1668
1276 1668
154 1668
2026 1286
1668 1276
1668 154
154 1276
154 1668
894 762
0 277
510 20
154 1668
1668 154
1668 219
802 1668
154 1668
1668 154
629 1286
2026 1668
154 897
1668 1600
1499 452
33 1143
0 452
154 897
452 358
2026 1668
154 897
868 452
1668 154
154 1668
1668 2026
2026 1668
1875 1090
1668 2026
1668 2026
992 868
2026 1668
2026 1668
868 992
992 868
1668 1697
452 690
629 1875
1509 305
1509 382
1509 816
1509 1742
1509 1873
1668 729
657 657
510 164
510 851
510 998
464 1669
452 712
452 1668
154 868
154 992
1986 464
1986 1669
154 1668
1668 1905
1669 464
1669 1986
1905 247
1905 252
1905 465
1905 1186
1905 1388
1905 465
1905 1186
792 1888
1257 1873
1439 1669
1327 712
1327 1286
584 1873
1669 1873
1905 1668
362 1158
992 868
1952 1952
1875 281
1873 344
1973 20
992 154
410 20
410 1973
452 690
868 992
1893 1143
868 154
868 992
992 868
1286 1459
1973 1257
1973 1873
868 992
657 1257
992 868
902 1143
902 1893
868 452
868 992
1873 1504
992 868
1952 1952
992 868
868 452
868 452
1705 510
1705 1257
1873 54
452 894
868 452
793 277
1893 1143
1439 1669
1036 1158
1036 1158
1036 1376
1036 1376
1036 1875
1036 1875
1036 1951
1036 1951
1838 510
1997 216
1997 840
1997 942
1997 1150
1668 219
1668 154
1257 1439
1257 1585
1257 1832
1257 1873
1439 1257
465 1364
1197 1143
154 1668
1668 376
1668 219
1257 1873
1668 154
0 277
1276 154
1276 1668
1668 376
1628 1585
1873 202
1873 349
1873 361
1873 411
1873 1585
1873 1767
1276 1668
1697 1668
1257 1368
1257 1873
1668 1276
1276 1668
938 1143
938 1197
1668 1905
1368 46
1368 410
1368 584
1368 667
1368 1439
1368 1548
1368 1873
1368 1962
1368 1973
862 1873
1668 840
1668 1276
0 452
992 1905
1439 1143
1881 992
1873 828
792 1888
1873 828
1873 828
792 1888
992 530
1439 1143
2026 1954
1618 712
1618 1668
992 154
992 868
868 154
868 992
281 1286
840 1668
840 1668
868 992
1257 1898
712 1618
712 1668
1796 1700
1197 938
1197 1143
402 1143
1521 584
1521 1143
729 1668
164 510
164 851
164 998
1893 1257
1893 1898
992 154
992 868
420 894
510 1257
510 1893
510 1898
1905 992
851 510
851 1257
851 1893
851 1898
1257 584
1257 1873
1986 452
1905 465
1905 1364
1618 712
1618 1668
33 1143
1618 1668
1668 1618
736 552
736 627
736 1143
1439 1143
736 736
736 736
736 736
25 1668
868 1585
1893 510
1893 851
1893 1257
1893 1898
792 1888
33 604
33 902
33 1143
33 1143
992 868
1439 1143
465 1668
1668 25
33 604
33 902
33 1143
452 1986
1669 1439
1873 1335
1873 1873
154 1276
154 1668
154 2026
1808 1705
1257 164
1036 1158
1036 1158
1036 1376
1036 1376
1036 1875
1036 1875
1036 1951
1036 1951
1873 584
1873 1257
4 1158
1893 1143
345 1705
1640 1376
629 1668
629 1875
210 210
1668 219
154 1668
1668 1812
1873 1439
1873 1669
1286 1737
1286 1875
868 154
868 992
1669 1439
1669 1873
851 164
851 1257
1873 436
436 1873
1668 633
1956 1873
154 1286
154 1286
154 868
154 992
729 380
1509 510
1668 868
1668 219
1036 1158
1036 1376
1036 1443
1036 1693
154 1286
154 1286
271 271
1668 154
1668 154
1703 1668
1703 1668
1896 411
1896 828
1896 1873
1896 1929
1439 1669
868 1668
729 1668
1873 1143
411 584
411 828
411 1257
411 1873
1873 210
938 1143
938 1197
1873 411
1873 584
1873 828
1873 1257
868 1668
210 1873
1286 154
1286 154
1286 1668
1286 1668
1286 154
1286 154
1286 1668
1286 1668
1843 584
1843 1143
1843 1521
1873 1439
1873 1669
1286 701
1450 1158
1893 1143
1668 729
1668 729
1668 868
1585 1628
992 868
1668 868
1668 868
868 1668
1439 1873
1654 1158
868 452
154 1668
701 452
1668 154
154 1668
1668 154
154 1668
584 411
584 828
584 1257
584 1873
1791 452
510 1509
1997 1257
1997 1873
1997 1962
452 1791
1791 452
729 1668
54 1873
1257 1873
1873 311
1873 1683
1873 510
1873 1509
1197 1143
1286 154
1286 154
1286 1668
1286 1668
1873 1257
1277 1143
1257 1873
1724 452
838 452
722 1143
584 411
584 828
584 1257
584 1873
1893 1143
894 955
1158 868
992 868
1509 1873
1221 1376
633 1668
992 57
1668 729
1873 1095
1873 1257
729 1668
897 546
2026 452
992 868
1873 1257
1873 1368
1277 1143
1277 1143
1277 1143
629 1880
1697 1376
701 452
1158 868
1617 1158
1197 1143
1669 1439
1669 1873
1617 701
1617 1158
154 1286
1997 410
1997 510
792 1888
1158 1986
1158 868
247 75
247 465
247 1186
247 1668
247 1905
247 2026
906 1705
1581 1952
1197 1143
868 1668
452 701
701 452
1277 410
1277 510
1277 1997
1905 1117
584 1143
840 1150
1838 1585
1838 1628
942 840
942 1150
942 1997
1843 1143
1843 1197
584 1143
247 252
247 465
247 1186
247 1388
1877 1877
247 1905
881 448
881 1158
881 1376
1973 410
1873 832
96 452
96 1276
1368 410
1368 510
1368 1277
1368 1997
410 1973
1668 219
1668 868
868 1668
1286 452
1286 452
1286 452
1873 584
1197 1143
1873 1767
271 1143
1443 1668
1443 1668
510 1873
1286 452
1286 452
1873 1257
1873 1368
1439 1257
216 840
216 1150
1873 1335
1873 1873
1873 1257
1277 1143
938 1143
938 1197
1673 23
1673 23
1673 202
1673 202
1673 256
1673 256
1673 305
1673 305
1673 328
1673 328
1673 409
1673 409
1673 411
1673 411
1673 418
1673 418
1673 464
1673 464
1673 793
1673 793
1673 816
1673 816
1673 851
1673 851
1673 1178
1673 1178
1673 1585
1673 1585
1673 1586
1673 1586
1673 1767
1673 1767
1673 1791
1673 1791
1673 1873
1673 1873
1673 1986
1673 1986
1997 1898
510 1257
510 1873
1668 840
584 1873
1257 1439
1997 216
1997 840
1997 1150
1873 1898
1873 1997
1439 1257
0 616
0 1873
530 1700
840 216
840 1150
840 1997
1997 216
1997 840
1997 1150
1873 1257
1873 1439
1307 1158
1439 1873
216 1873
216 1898
216 1997
452 1276
1276 96
1276 452
1276 452
57 992
510 216
510 1873
510 1898
510 1997
1119 219
1986 152
1986 418
1986 793
1986 816
1986 823
1986 1178
1986 1791
1986 1873
1986 1926
1669 1873
1767 1873
1036 1158
1036 1376
1036 1443
1036 1693
1973 1257
1973 1873
868 1668
902 1143
1257 1873
1257 1973
584 411
584 828
584 1257
584 1873
340 1700
1668 1119
154 868
154 1668
1668 154
1668 1276
1668 2026
584 1143
1873 1257
1873 1973
1668 1618
1973 1257
1973 1873
1585 1439
1624 1624
1624 1624
1624 1624
1624 1624
1364 465
1997 1143
154 868
154 1668
1668 219
701 154
701 629
701 1628
701 1668
1193 1143
729 1668
729 1668
868 154
868 1668
629 701
1349 452
1349 1668
1962 1257
1962 1873
1962 1973
136 1158
1973 1962
1119 219
340 1705
1843 1143
1843 1277
1257 998
1257 1873
1257 1962
1197 1143
1197 1997
33 1143
1628 629
1276 1668
1276 1668
1952 1952
851 33
851 103
851 1257
851 1466
851 1662
851 1853
851 1997
1439 1585
1668 690
1439 1579
1962 1898
1668 1276
1668 1276
986 546
1276 1668
1873 1257
1873 1962
1873 1973
1668 1618
349 1873
1618 1668
792 1888
598 598
1668 1117
1997 33
1997 851
1997 998
1997 1257
1997 1466
1997 1853
1997 1873
722 1143
1439 1873
704 1158
1276 1783
452 1276
128 1158
1276 452
1579 1439
894 1995
452 1276
1952 1952
1276 96
1276 452
1988 1988
1873 210
1124 281
1124 1286
452 1586
452 947
1422 0
688 1705
1276 452
1627 0
633 1668
1257 1873
1873 210
1873 905
1873 1873
992 696
1108 1873
1713 1713
1873 411
1873 1873
897 1443
402 1143
402 1857
1873 118
1873 411
1873 578
1873 584
1873 667
1873 828
1873 1213
1873 1257
1873 1767
358 452
358 868
402 1143
402 1857
358 452
897 1443
1158 701
1873 658
1873 1986
584 118
584 411
584 578
584 667
584 828
584 1213
584 1257
584 1767
584 1873
897 1443
1781 402
1781 1143
1781 1857
1197 1143
792 1888
429 1951
429 1951
1668 633
429 1951
429 1951
1504 1873
1158 701
1973 1962
1521 1962
1521 1973
1257 1585
1257 1838
1973 1521
832 1873
23 428
1697 1376
497 245
497 1158
497 1705
497 1951
497 546
497 1700
314 1700
1781 1143
1781 1197
1873 1591
824 297
824 1995
219 1794
727 328
727 409
727 452
727 1057
727 1586
727 1767
727 1905
727 1986
331 1158
1625 1625
1911 1873
210 210
1521 1898
1521 1962
792 1888
792 1888
1257 202
1257 349
1257 1585
1257 1767
1257 1873
727 1286
727 1286
727 1668
727 1668
1929 2
1929 411
1929 1873
1197 1143
1838 202
1838 202
1838 202
1838 418
1838 418
1838 418
1838 464
1838 464
1838 464
1838 478
1838 478
1838 478
1838 510
1838 510
1838 510
1838 538
1838 538
1838 538
1838 998
1838 998
1838 998
1838 1051
1838 1051
1838 1051
1838 1072
1838 1072
1838 1072
1838 1079
1838 1079
1838 1079
1838 1119
1838 1119
1838 1119
1838 1257
1838 1257
1838 1257
1838 1322
1838 1322
1838 1322
1838 1425
1838 1425
1838 1425
1838 1509
1838 1509
1838 1509
1838 1575
1838 1575
1838 1575
1838 1585
1838 1585
1838 1585
1838 1668
1838 1668
1838 1668
1838 1673
1838 1673
1838 1673
1838 1767
1838 1767
1838 1767
1838 1791
1838 1791
1838 1791
1838 1829
1838 1829
1838 1829
1838 1986
1838 1986
1838 1986
584 118
584 411
584 578
584 667
584 828
584 1213
584 1257
584 1767
584 1873
1838 1668
1781 1143
1781 1197
1193 1143
942 216
942 840
942 1150
1504 1873
219 1119
1349 452
1349 1376
1873 210
1873 118
1873 411
1873 578
1873 584
1873 667
1873 828
1873 1213
1873 1257
1873 1767
1873 202
1873 349
1873 1257
1873 1585
1873 1767
54 1873
1327 452
1327 452
1327 712
1327 712
1327 244
1327 357
1327 409
1327 452
1327 571
1327 896
1327 1069
1327 1157
1327 1586
411 361
411 828
411 998
411 1257
411 1766
411 1767
411 1791
411 1873
1697 1376
1737 1286
1197 1143
210 1873
1627 0
210 1873
1995 824
1197 1143
1193 1143
251 0
1627 0
584 210
1197 1143
1781 1143
1781 1197
1873 210
1873 584
828 1873
1197 1143
1197 1857
828 1873
1627 0
251 0
1781 1143
1781 1197
1781 1857
1219 1219
251 0
792 1888
1686 1873
584 1143
1880 629
1624 1624
1624 1624
1624 1624
1624 1624
1257 1873
33 1143
33 1197
1197 33
136 1705
947 364
717 0
1668 2009
692 1700
1997 1143
452 178
464 1669
646 1705
1781 1143
1781 1197
1796 1700
1095 1705
1095 1745
955 894
955 894
178 1158
311 1683
311 1873
1586 452
210 210
832 1873
314 1700
1625 1625
1705 832
1221 1376
1461 1286
1859 1158
1705 202
1705 374
1705 1060
1705 1832
621 621
368 452
368 1276
1624 1624
1624 1624
1624 1624
1624 1624
222 1158
837 1873
920 1700
1625 1625
452 1586
696 992
427 1705
1561 1873
1156 1158
521 1894
1973 428
33 1143
1931 1873
1373 1705
222 1158
753 1376
851 1143
902 33
902 1143
902 851
902 1143
1197 1143
33 902
1873 202
1873 349
1873 1257
1873 1767
1873 1832
