1277 1143
1368 1368
1368 1368
1368 1368
1368 1368
1368 1368
1368 1873
1368 1143
992 868
792 1888
227 1158
1439 59
1873 1143
763 1158
902 1143
902 1873
24 1257
24 1898
690 1829
690 1829
1277 1873
1257 1873
1973 1898
894 420
33 1143
1998 0
0 1873
1893 1143
136 1705
1893 1898
1893 1973
804 1158
1276 452
1276 452
452 1276
0 1286
584 1873
1257 1898
1286 894
1286 894
894 1286
894 1286
629 690
629 690
629 712
629 712
629 1286
629 1286
629 1668
629 1668
1286 894
1286 894
998 1143
1245 1158
1286 629
1286 629
1286 690
1286 690
1286 712
1286 712
1286 1668
1286 1668
510 1873
1668 729
593 1873
510 417
510 1575
24 1257
24 1898
1668 793
840 1143
1257 349
1257 1873
510 1500
1521 998
1521 1143
452 291
851 1898
1500 510
1668 1549
1668 1668
1439 1143
1277 828
1277 1873
510 1500
1276 452
1893 1143
510 1143
1873 548
1368 24
1368 1257
1368 1898
1668 310
1668 1668
998 851
998 1257
998 1466
998 1521
998 1853
998 1873
998 1997
1500 510
33 1898
1997 33
1997 1898
1873 851
1873 998
1873 1257
1873 1466
1873 1521
1873 1853
1873 1997
510 1500
1500 510
1873 1986
1877 1873
510 1500
793 37
793 1668
1286 1090
1286 1875
37 793
37 1668
136 1158
136 1705
1286 1090
1668 55
1668 55
1668 55
1668 55
1668 55
1668 55
2026 1668
1276 1668
593 1873
1276 1880
1277 828
1500 510
154 1668
1997 33
1997 1898
1618 1668
362 1705
1757 1158
1986 1873
1286 1862
1286 1875
1838 1668
998 1143
510 103
510 1257
510 1873
510 1997
1973 998
1973 1257
1973 1873
420 894
1668 1618
1668 1276
1997 998
1997 1257
1997 1873
1997 1962
86 1158
262 1158
1618 1286
1618 1668
992 1668
992 1668
736 1143
510 417
1668 1618
1668 1838
1838 1668
1893 1143
410 998
410 1257
410 1873
410 1962
1838 23
1838 23
1838 23
1838 154
1838 154
1838 154
1838 384
1838 384
1838 384
1838 411
1838 411
1838 411
1838 433
1838 433
1838 433
1838 452
1838 452
1838 452
1838 456
1838 456
1838 456
1838 555
1838 555
1838 555
1838 557
1838 557
1838 557
1838 573
1838 573
1838 573
1838 665
1838 665
1838 665
1838 712
1838 712
1838 712
1838 795
1838 795
1838 795
1838 826
1838 826
1838 826
1838 866
1838 866
1838 866
1838 868
1838 868
1838 868
1838 903
1838 903
1838 903
1838 915
1838 915
1838 915
1838 964
1838 964
1838 964
1838 998
1838 998
1838 998
1838 1119
1838 1119
1838 1119
1838 1134
1838 1134
1838 1134
1838 1213
1838 1213
1838 1213
1838 1240
1838 1240
1838 1240
1838 1257
1838 1257
1838 1257
1838 1277
1838 1277
1838 1277
1838 1322
1838 1322
1838 1322
1838 1439
1838 1439
1838 1439
1838 1575
1838 1575
1838 1575
1838 1585
1838 1585
1838 1585
1838 1668
1838 1668
1838 1668
1838 1669
1838 1669
1838 1669
1838 1815
1838 1815
1838 1815
1838 1832
1838 1832
1838 1832
1838 1844
1838 1844
1838 1844
1838 1873
1838 1873
1838 1873
1838 1961
1838 1961
1838 1961
1838 1962
1838 1962
1838 1962
1873 510
1873 1500
154 1276
986 546
349 1838
1843 510
1843 1500
1838 10
1838 10
1838 10
1838 116
1838 116
1838 116
1838 154
1838 154
1838 154
1838 411
1838 411
1838 411
1838 418
1838 418
1838 418
1838 433
1838 433
1838 433
1838 456
1838 456
1838 456
1838 555
1838 555
1838 555
1838 557
1838 557
1838 557
1838 573
1838 573
1838 573
1838 712
1838 712
1838 712
1838 795
1838 795
1838 795
1838 826
1838 826
1838 826
1838 866
1838 866
1838 866
1838 868
1838 868
1838 868
1838 889
1838 889
1838 889
1838 915
1838 915
1838 915
1838 964
1838 964
1838 964
1838 977
1838 977
1838 977
1838 998
1838 998
1838 998
1838 1018
1838 1018
1838 1018
1838 1119
1838 1119
1838 1119
1838 1134
1838 1134
1838 1134
1838 1213
1838 1213
1838 1213
1838 1257
1838 1257
1838 1257
1838 1276
1838 1276
1838 1276
1838 1322
1838 1322
1838 1322
1838 1381
1838 1381
1838 1381
1838 1439
1838 1439
1838 1439
1838 1575
1838 1575
1838 1575
1838 1585
1838 1585
1838 1585
1838 1668
1838 1668
1838 1668
1838 1832
1838 1832
1838 1832
1838 1844
1838 1844
1838 1844
1838 1873
1838 1873
1838 1873
1838 1961
1838 1961
1838 1961
1838 1962
1838 1962
1838 1962
1838 1986
1838 1986
1838 1986
1838 2005
1838 2005
1838 2005
1286 856
1893 998
1893 1143
1668 154
154 1276
1997 851
1997 998
1997 1257
1997 1898
1668 349
998 1143
998 1893
510 417
1445 1158
1893 998
1893 1898
1873 851
1873 1257
1873 1500
1873 886
1521 851
1521 998
1521 1257
1521 1898
1521 1997
1873 851
1873 1521
1873 1898
1873 1997
1873 2010
1257 1439
1257 1832
1257 1873
1838 1668
1873 998
1873 1257
1873 1962
1873 1997
1375 1286
1873 510
1873 998
1873 1257
1873 1997
1286 894
1286 894
458 1158
510 998
510 1257
510 1873
510 1997
1286 1618
362 1443
1668 1838
1618 1286
998 1143
1997 1898
1838 1668
362 1443
1540 1873
1997 33
1997 1898
1549 1668
1368 851
1368 998
1368 1257
1368 1521
1368 1873
1368 1898
1368 1997
792 1888
456 20
456 510
456 1257
456 1368
456 1997
1873 1257
1962 998
1962 1257
1962 1832
1962 1873
1812 1286
1500 1873
1838 202
1838 411
1276 84
1257 1767
1274 1158
1873 1439
410 998
410 1257
410 1873
410 1962
0 452
1500 1873
1873 410
1873 998
1873 1257
1873 1962
1290 1290
1383 1158
1997 510
1997 1257
1997 1873
410 998
410 1257
410 1873
410 1962
1277 1143
998 33
998 1898
998 1997
1197 1143
894 1797
816 103
816 410
816 1072
816 1257
816 1873
410 816
410 998
410 1257
410 1873
410 1962
739 1705
1893 1143
1873 510
1873 1257
1873 1997
1628 452
1767 1257
410 1898
1873 1008
1873 410
1873 816
1873 998
1873 1257
1873 1962
410 1898
894 1286
894 1286
1873 685
1873 1873
1873 828
1832 998
1832 1257
1832 1873
1832 1962
1997 510
1997 1257
1997 1873
136 1158
1875 1090
1875 1951
1997 713
1873 1741
1832 349
1832 1585
420 894
1832 1257
1832 1873
1276 452
881 245
881 245
881 1158
881 1158
881 1305
881 1305
881 1376
881 1376
881 1593
881 1593
881 1905
881 1905
1893 1143
1973 998
1973 1257
1973 1832
1973 1873
1973 1962
1111 452
1973 1143
1973 1368
202 1832
1973 1143
1973 1368
222 1158
998 584
998 1257
998 1832
998 1873
998 1962
998 1973
452 1276
1368 1143
998 1143
1832 349
584 998
584 1257
584 1832
584 1873
584 1962
584 1973
1973 584
1973 998
1973 1257
1973 1832
1973 1873
1973 1962
600 1951
998 584
998 1079
998 1257
998 1638
998 1962
998 1973
1090 1875
1973 584
1973 998
1973 1257
1973 1832
1973 1873
1973 1962
792 1888
202 1832
1873 202
1873 202
456 20
456 510
456 1257
456 1368
456 1997
1036 79
1036 1158
1036 1194
1036 1376
1036 1443
1036 1980
998 1893
998 1898
1668 1549
998 1873
1521 410
1521 1898
970 452
362 1376
1873 510
1873 1873
1307 1158
1158 806
1286 868
1439 1843
1498 484
1873 349
1873 1257
1873 1832
1873 349
1873 852
1838 1668
1873 998
1838 1668
1873 349
1873 349
1893 1143
792 1888
792 1888
1873 365
1873 1873
894 452
894 452
1973 584
1973 998
1973 1257
1973 1832
1973 1873
1973 1962
452 894
452 894
1875 1090
1875 1951
1875 1233
1875 1951
340 1700
510 1873
510 1997
1579 1439
1579 1843
1090 1286
1832 1257
1832 1873
24 1898
24 1997
1832 1973
1277 998
1277 1257
1277 1873
1277 1962
1277 1997
998 1832
998 1973
1158 970
998 1257
998 1277
998 1873
998 1962
998 1997
1832 1973
1997 24
1997 1898
1973 998
1277 998
1277 1257
1277 1873
1277 1962
1277 1997
1549 202
1549 202
1549 328
1549 328
1549 1767
1549 1767
1549 1986
1549 1986
1893 1143
1351 325
1351 1055
1893 1143
1880 1276
1997 33
1997 998
1997 1898
1368 20
1257 1873
24 33
24 998
24 1898
24 1997
1873 1257
510 463
902 1143
902 1368
1873 548
978 1951
1212 230
1875 1951
729 1668
1668 154
328 202
328 202
328 202
328 1549
328 1549
328 1549
328 1767
328 1767
328 1767
328 1986
328 1986
328 1986
1873 510
1873 1997
1379 1143
1873 1468
1549 202
1549 202
1549 202
1549 328
1549 328
1549 328
1549 1767
1549 1767
1549 1767
1549 1986
1549 1986
1549 1986
178 452
1997 998
1997 1257
1997 1873
1997 1962
1997 998
1997 1257
1997 1873
1997 1962
657 657
1158 178
1963 1158
690 452
690 1276
33 1143
33 1379
1873 998
1873 1257
1873 1277
1873 1962
1873 1997
1368 24
1368 1898
1368 1997
1277 998
1277 1257
1277 1873
1277 1962
1277 1997
1257 349
1257 1873
1277 1898
1668 1549
1668 1549
1668 1549
1873 202
1873 202
1873 202
1873 328
1873 328
1873 328
1873 1549
1873 1549
1873 1549
1873 1767
1873 1767
1873 1767
1873 1986
1873 1986
1873 1986
178 452
1705 998
1705 1257
1705 1973
1997 998
1997 1257
1997 1873
1997 1962
1668 202
1668 202
1668 202
1668 328
1668 328
1668 328
1668 1549
1668 1549
1668 1549
1668 1767
1668 1767
1668 1767
1668 1873
1668 1873
1668 1873
1668 1986
1668 1986
1668 1986
1952 1952
1873 202
1873 202
1873 202
1873 328
1873 328
1873 328
1873 1549
1873 1549
1873 1549
1873 1668
1873 1668
1873 1668
1873 1767
1873 1767
1873 1767
1873 1986
1873 1986
1873 1986
584 1873
1668 154
1586 1008
1586 1873
1624 1624
1624 1624
1624 1624
1624 1624
584 1873
1893 1143
1668 154
1982 1158
1873 998
1873 1257
1873 1832
1873 1962
1640 1376
456 1008
1668 154
1668 1668
1973 1143
1973 1368
1668 55
1668 55
1668 55
1668 55
1668 55
1668 55
1973 584
1973 1873
1521 1277
1521 1898
902 1143
902 1368
902 1973
1257 1898
1277 1521
1277 1898
1875 1090
1875 1951
510 1257
510 1873
1668 37
1962 103
1962 1257
1962 1832
1962 1873
1962 1898
1873 510
1873 1257
411 510
411 1257
1668 1549
411 1873
1838 1668
1668 1838
1838 1668
1973 33
1973 1143
1973 1379
881 448
881 1158
881 1376
1579 1143
584 1873
1579 1893
1585 1873
456 1008
1286 868
729 1668
361 411
361 510
361 1257
361 1873
1873 1741
510 1898
1873 311
1973 510
1973 1898
1257 349
1257 1873
1277 1521
1277 1898
510 1898
510 1973
1873 311
1873 1257
1549 894
1276 690
1549 328
1549 942
1549 1668
1276 690
1873 510
510 463
510 1873
1873 311
328 942
328 1549
328 1668
736 1143
736 1178
736 1651
154 1668
942 328
942 1409
942 1549
1008 1873
1788 1705
736 736
736 736
736 736
736 736
1668 942
2008 1951
340 1705
452 894
1873 730
1873 1873
271 271
1276 452
1521 998
1521 1257
1521 1832
1521 1873
1521 1898
1521 1962
1962 998
1962 1257
1962 1521
1962 1832
1962 1873
1962 1898
894 1286
894 1286
1277 1143
894 1905
894 1905
894 1905
382 1668
1197 1143
881 1158
881 1305
881 1376
881 1593
881 1905
1439 1143
1873 152
1873 202
1873 1585
1873 1767
1873 1986
1521 510
1521 1898
1521 1973
851 1257
851 1873
4 1158
894 452
894 452
510 1521
510 1898
510 1973
510 463
1832 202
1832 1257
1832 1585
1832 1838
1832 1873
1008 1873
349 14
349 1705
349 1911
510 1898
0 452
1873 152
1873 202
1873 731
1873 1585
1873 1767
1873 1986
736 1143
484 386
484 525
484 1498
1873 517
1873 1873
1579 1143
1579 1439
1212 546
1627 0
1973 998
1875 629
349 1832
629 1875
37 1668
1997 1143
349 202
349 1832
1873 671
1873 1873
1257 1898
1119 1873
510 1257
510 1873
382 1668
382 1838
1998 0
736 1143
1893 1257
1893 1898
1277 998
1277 1257
1277 1873
1277 1962
1257 1893
1257 1898
1286 1875
1286 894
1286 894
1997 1143
852 349
1277 1143
1277 1143
0 452
345 1705
1257 828
1668 1880
584 1143
832 1257
832 1873
1286 1875
998 1143
349 491
349 1257
349 1705
349 852
1521 510
1521 1898
986 546
1952 1952
277 1212
894 208
986 1158
1212 277
1286 629
1286 1875
828 1873
1368 1257
1368 1893
1368 1898
349 1873
510 1521
510 1898
992 868
1579 1143
1579 1997
349 1873
701 1286
868 1286
998 1257
998 1277
998 1873
998 1962
1257 998
1257 1277
1257 1873
1257 1962
1439 1143
1277 998
1277 1257
1277 1873
1277 1962
1257 1143
1257 1579
1257 1997
1257 1143
1257 1579
1257 1997
1286 701
1579 1143
1579 1439
1668 55
1668 55
1668 55
1668 55
1668 55
1668 55
1257 1873
1286 1668
1286 1668
701 894
701 894
701 1286
701 1286
701 1549
701 1549
1549 701
1549 701
1549 894
1549 894
1549 1286
1549 1286
1668 37
998 1143
1197 1143
1997 1143
992 1668
992 1668
1579 998
1579 1143
1468 1873
1668 1668
1668 37
1838 382
1838 1668
868 1668
701 1286
868 992
1668 154
1668 1668
1191 452
1286 894
1286 894
1668 37
1668 992
1668 992
1286 701
251 0
894 1762
894 1286
894 1286
1286 894
1286 894
1600 452
701 1286
1440 1158
1808 1705
1286 701
452 1600
1440 546
1197 1143
1873 152
37 992
37 992
992 1668
992 1668
992 868
992 37
992 37
37 1668
701 452
701 629
701 1276
701 2026
1268 535
1973 998
1973 1257
1973 1873
1277 998
1277 1257
1277 1873
1277 1962
998 1257
998 1277
998 1873
998 1962
0 450
0 1873
1873 202
1873 828
1873 1257
1873 1277
1873 1767
0 452
1873 510
1873 1521
1873 1898
1286 868
1375 1286
1375 1951
1640 1376
1375 1286
548 1873
1873 152
598 598
1257 832
1257 1873
868 992
1257 202
1257 828
1257 1277
1257 1767
1257 1873
881 245
881 245
881 1158
881 1158
881 1305
881 1305
881 1376
881 1376
881 1593
881 1593
881 1905
881 1905
881 245
881 245
881 1158
881 1158
881 1305
881 1305
881 1376
881 1376
881 1593
881 1593
881 1905
881 1905
291 452
1286 1090
1286 1875
1905 245
1905 245
1905 881
1905 881
1905 1158
1905 1158
1905 1305
1905 1305
1905 1376
1905 1376
1905 1593
1905 1593
792 1888
1257 828
410 1143
792 1888
701 1286
1286 894
1286 894
1008 1586
992 868
1286 701
1257 998
1257 1277
1257 1873
1257 1962
1368 510
1368 1521
1368 1873
1368 1898
792 1888
1286 452
1286 452
1277 1143
792 1888
1286 452
1286 452
1286 452
1277 1898
1585 1838
1585 1439
1008 456
894 1286
894 1286
1286 894
1286 1875
1624 1624
1624 1624
1624 1624
1624 1624
452 712
452 927
712 452
452 927
349 202
349 1257
349 1832
349 1873
1893 1277
1893 1898
1997 1143
510 1257
510 1873
1893 1143
1998 0
1257 349
1257 1873
1624 1624
1624 1624
1624 1624
1624 1624
1880 1276
1873 1439
1873 1585
2009 1376
828 1277
816 30
816 30
1286 390
1585 1873
1991 1143
1991 1197
1286 1754
349 1257
349 1873
1286 1084
1812 452
840 1150
1286 773
1873 510
1873 1257
338 1873
998 1143
998 1197
998 1991
1286 1652
1893 840
1893 942
1893 1150
349 1873
1286 894
1286 894
894 1286
894 1286
510 1873
1873 338
792 1888
1624 1624
1624 1624
1624 1624
1624 1624
1370 1286
338 1143
792 1888
1286 1875
1838 1585
1277 1143
1158 1276
1286 1754
992 326
992 908
902 1143
417 510
417 1575
1257 1873
1158 894
410 998
410 1257
410 1873
410 1962
1277 1257
1277 1873
584 1143
938 1143
938 1277
856 1286
417 510
998 410
998 1257
998 1873
998 1962
0 992
1311 1700
886 1873
856 1286
1797 894
1633 1439
1873 548
886 1873
410 20
792 1888
417 510
128 1158
410 998
410 1257
410 1873
410 1898
410 1962
992 868
1268 1268
1268 1277
1268 1439
1268 1873
1257 828
1873 828
1873 1257
1873 342
1873 1873
1911 14
1911 374
1911 1207
1911 1873
792 1888
1893 1143
98 1705
1624 1624
1624 1624
1624 1624
1624 1624
390 1286
202 1873
1036 79
1036 1158
1036 1194
1036 1376
1036 1443
1036 1980
792 1888
291 1276
1875 1286
1158 1818
1439 1585
1439 1585
688 546
44 1143
1875 1286
1286 390
1286 35
1286 290
1628 452
1628 452
906 1705
0 1286
1277 525
1277 1873
1873 525
584 410
1036 79
1036 429
1036 1158
1036 1194
1036 1376
1036 1443
1036 1980
1286 1084
1797 894
792 1888
1439 1585
828 1873
28 1668
28 1668
1257 1873
154 452
343 736
343 1143
1414 1414
688 1705
452 690
690 452
11 1873
1627 0
1624 1624
1624 1624
1624 1624
1624 1624
1746 1668
1197 1143
1197 1277
28 245
1521 410
1521 1898
736 1143
1311 1951
1277 1143
1311 37
1311 992
1257 1898
938 1143
938 1197
938 1277
452 178
24 1257
24 1898
832 1257
832 1873
1875 1090
1875 1233
1875 1951
1090 1875
1875 1951
136 1158
33 1143
717 0
497 245
497 1158
497 1705
497 1951
497 546
497 1700
1257 1873
1090 1286
1751 1700
1257 202
1257 328
1257 349
1257 418
1257 1767
1257 1873
1257 1986
1197 33
1197 1143
1875 1951
1875 1286
927 1158
756 579
927 452
1829 690
1829 690
927 712
579 1257
579 1873
1197 1143
938 1143
938 1197
938 1277
349 1257
349 1873
1875 1286
1257 1873
1624 1624
1624 1624
1624 1624
1624 1624
1754 1286
548 1873
1875 1090
1875 1951
548 1873
1875 1951
1875 1286
792 1888
1327 452
1327 452
1327 712
1327 712
1327 244
1327 357
1327 409
1327 452
1327 571
1327 896
1327 1069
1327 1157
1327 1586
314 1700
998 1143
1624 1624
1624 1624
1624 1624
1624 1624
1973 736
1973 1143
1668 1838
792 1888
1257 1898
1036 452
1036 1286
1036 1668
1036 1875
24 1257
24 1898
792 1888
851 24
548 1873
33 24
33 851
328 202
328 202
328 328
328 328
328 409
328 409
328 452
328 452
328 1257
328 1257
328 1767
328 1767
328 1873
328 1873
328 1905
328 1905
328 1986
328 1986
1997 24
1997 33
1997 851
1036 452
1036 1286
1036 1668
1036 1875
311 1873
1581 1952
1036 452
1036 1286
1036 1668
1036 1875
290 1286
1838 202
1838 202
1838 202
1838 411
1838 411
1838 411
1838 418
1838 418
1838 418
1838 452
1838 452
1838 452
1838 464
1838 464
1838 464
1838 478
1838 478
1838 478
1838 510
1838 510
1838 510
1838 538
1838 538
1838 538
1838 795
1838 795
1838 795
1838 998
1838 998
1838 998
1838 1051
1838 1051
1838 1051
1838 1072
1838 1072
1838 1072
1838 1079
1838 1079
1838 1079
1838 1119
1838 1119
1838 1119
1838 1257
1838 1257
1838 1257
1838 1322
1838 1322
1838 1322
1838 1425
1838 1425
1838 1425
1838 1439
1838 1439
1838 1439
1838 1509
1838 1509
1838 1509
1838 1575
1838 1575
1838 1575
1838 1585
1838 1585
1838 1585
1838 1668
1838 1668
1838 1668
1838 1673
1838 1673
1838 1673
1838 1767
1838 1767
1838 1767
1838 1791
1838 1791
1838 1791
1838 1829
1838 1829
1838 1829
1838 1832
1838 1832
1838 1832
1838 1832
1838 1832
1838 1832
1838 1873
1838 1873
1838 1873
1838 1962
1838 1962
1838 1962
1838 1986
1838 1986
1838 1986
1705 550
1286 1875
1568 1705
311 1873
1624 1624
1624 1624
1624 1624
1624 1624
738 1705
1705 1257
251 0
550 1873
1873 550
619 202
619 731
619 1585
619 1767
619 1873
619 1986
1952 1952
1873 619
1221 1376
1197 1143
1036 452
1036 1286
1036 1668
1036 1875
0 525
178 452
1873 349
1873 525
1873 349
1873 1257
1193 1143
358 452
1954 2026
1624 1624
1624 1624
1624 1624
1624 1624
179 546
1812 452
452 1812
1812 452
452 1812
938 1143
938 1197
274 274
1624 1624
1624 1624
1624 1624
1624 1624
1115 1951
619 1873
251 0
938 1143
938 1197
410 1742
419 411
419 1873
533 1873
1742 410
619 1873
828 1257
1624 1624
1624 1624
1624 1624
1624 1624
1036 1158
1036 1376
1036 1875
1036 1951
1509 38
1509 305
1509 382
1509 816
1509 1010
1509 1791
1509 1873
410 1742
1320 1705
1036 1158
1036 1376
1036 1875
1036 1951
1742 410
1036 1158
1036 1376
1036 1875
1036 1951
942 840
942 1150
410 1742
1158 1747
1742 410
410 1873
1625 1625
1036 1158
1036 1376
1036 1875
1036 1951
1627 0
349 1257
349 1873
837 1873
349 1257
349 1873
349 1257
349 1873
349 202
349 1257
349 1873
1931 1873
1627 0
525 1873
1156 1158
828 1873
862 349
862 1705
1257 1257
1257 1257
1257 1257
1257 1257
717 0
619 1873
464 1873
464 1742
825 452
1983 0
1629 1700
722 1143
410 464
722 1143
1373 1705
1094 1158
1197 1143
1197 1997
33 1197
902 722
902 1143
722 1143
902 33
902 1197
510 1873
1742 410
998 33
998 1197
998 1832
998 1898
