33 1143
1585 1257
1585 1873
1991 1143
722 1143
1197 1991
1379 1143
1991 722
1991 1143
510 510
510 510
510 510
510 510
510 510
510 1873
510 1143
227 1158
1245 1158
1521 1143
1668 55
1668 55
1668 55
1668 55
1668 55
763 1158
1799 1158
1736 114
840 1150
712 1628
510 1873
1277 20
1838 1875
1838 1875
1838 1875
998 816
851 1898
584 1143
584 1143
1791 816
1791 998
804 1158
584 1257
584 1585
1585 584
1010 816
1010 998
1010 1791
816 998
816 1791
998 584
998 584
1549 202
1549 868
1549 1791
1439 998
1439 1257
1439 1873
1941 1150
1549 452
1368 1143
1549 452
411 998
411 998
277 1628
1521 1150
1521 1941
998 816
998 1010
998 1791
1628 277
1503 1503
1257 1585
1813 1705
1585 1257
1368 20
584 1873
1257 311
1257 1873
216 840
216 1150
584 343
584 1143
1257 1585
1392 1286
1257 1585
1521 411
1521 456
802 1668
998 584
998 1873
1257 1585
1585 1257
712 1668
1257 20
1668 802
1120 546
802 1668
1791 12
998 1257
998 1585
998 1873
729 712
1668 1812
410 998
410 1257
410 1585
410 1873
998 410
998 1079
998 1257
998 1585
1257 1585
1767 452
1585 1257
998 1257
998 1873
456 411
456 1521
1791 202
1791 462
1791 1549
1791 584
1791 584
1791 998
1791 998
1549 202
1549 868
1549 1791
584 1143
945 1158
1791 202
1791 462
1791 1549
456 411
456 1521
868 1668
868 1838
1668 701
998 1143
1668 1697
1521 1143
1668 701
1668 1119
1843 1143
1843 1521
998 46
998 456
998 1109
998 1257
998 1500
998 1586
998 1873
1668 55
1668 55
1668 55
1668 55
1668 55
1119 1668
1668 1119
690 1668
1119 1668
1521 411
1521 456
86 1158
1549 202
1549 868
1549 1791
262 1158
986 1158
1668 690
1838 689
851 108
851 682
851 998
851 1257
851 1586
851 1873
851 1997
1668 1585
1668 1838
1873 653
1668 701
1873 1873
1893 1143
1893 1991
410 998
410 1257
410 1585
410 1750
410 1873
410 1962
410 998
410 1257
410 1873
1668 1838
1668 1618
690 1668
1757 1158
998 1143
1668 729
1668 729
1668 729
1379 1143
729 1668
998 1898
998 1997
210 210
0 452
816 410
816 998
816 1257
816 1585
816 1750
816 1806
816 1873
816 1962
1997 998
1997 1898
1379 1143
1838 1668
1277 998
1277 1257
1277 1750
1277 1873
1277 1962
1277 1997
1286 1838
1286 1838
1286 1838
868 1322
868 1838
1368 13
1368 13
1368 23
1368 23
1368 24
1368 24
1368 46
1368 46
1368 119
1368 119
1368 164
1368 164
1368 202
1368 202
1368 216
1368 216
1368 265
1368 265
1368 271
1368 271
1368 305
1368 305
1368 328
1368 328
1368 409
1368 409
1368 411
1368 411
1368 418
1368 418
1368 452
1368 452
1368 456
1368 456
1368 464
1368 464
1368 510
1368 510
1368 557
1368 557
1368 584
1368 584
1368 640
1368 640
1368 689
1368 689
1368 793
1368 793
1368 816
1368 816
1368 851
1368 851
1368 889
1368 889
1368 979
1368 979
1368 998
1368 998
1368 1018
1368 1018
1368 1119
1368 1119
1368 1178
1368 1178
1368 1240
1368 1240
1368 1257
1368 1257
1368 1322
1368 1322
1368 1429
1368 1429
1368 1433
1368 1433
1368 1439
1368 1439
1368 1466
1368 1466
1368 1500
1368 1500
1368 1521
1368 1521
1368 1575
1368 1575
1368 1585
1368 1585
1368 1586
1368 1586
1368 1669
1368 1669
1368 1742
1368 1742
1368 1791
1368 1791
1368 1838
1368 1838
1368 1873
1368 1873
1368 1893
1368 1893
1368 1962
1368 1962
1368 1975
1368 1975
1368 1986
1368 1986
1838 868
1838 1322
868 1322
868 1838
136 1158
1257 1585
1838 868
1838 1668
868 1668
868 1838
1286 1434
277 1850
1838 868
1838 1668
452 55
452 55
452 55
452 55
452 55
729 1668
1439 998
1439 1257
1439 1873
998 1257
998 1873
1257 998
1257 1873
1585 1257
753 1376
1257 1585
1838 1286
1838 1286
1838 1286
1973 1368
584 1368
584 1973
1286 1838
1286 1838
1286 1838
136 1158
402 1143
1286 989
1197 1143
1286 1434
0 452
759 452
1383 1158
1286 1875
584 1873
1997 998
1997 1257
1997 1873
1997 1962
510 1873
998 584
998 1873
1997 411
1997 456
1997 1521
411 456
998 1257
998 1873
998 1962
998 1997
584 998
584 1873
584 998
584 1898
584 1997
739 1705
1521 584
1521 998
1521 1898
1521 1997
456 411
584 1898
411 456
1873 1669
792 1888
1257 584
1257 998
1257 1898
1257 1997
998 410
998 816
998 1257
998 1585
998 1750
998 1806
998 1873
998 1962
1521 103
1521 584
1521 1257
1521 1997
1873 202
1873 1750
894 589
1997 998
1997 1257
1997 1873
1997 1962
1439 884
816 410
816 998
816 1257
816 1585
816 1750
816 1806
816 1873
816 1962
1521 584
1521 1898
1962 998
1962 1257
1962 1873
1962 1997
1973 535
1973 1898
998 1873
998 1962
998 1997
998 2010
584 1521
584 1898
1257 410
1257 816
1257 998
1257 1585
1257 1750
1257 1806
1257 1873
1257 1962
998 535
998 1898
998 1973
816 410
816 998
816 1257
816 1585
816 1750
816 1806
816 1873
816 1962
1873 535
1873 998
1873 1898
1873 1973
816 410
816 998
816 1257
816 1585
816 1750
816 1806
816 1873
816 1962
1973 998
1973 1257
1973 1873
1973 1962
1973 1997
1893 535
1893 998
1893 1873
1893 1898
1893 1973
510 46
510 584
510 1257
510 1521
510 1898
202 1750
1439 998
1439 1257
1439 1873
410 816
410 998
410 1257
410 1585
410 1750
410 1806
410 1873
410 1962
840 942
1600 1668
584 1143
1434 1286
1813 1873
410 1898
464 1873
1439 884
584 1873
1997 411
1997 456
998 584
998 1873
1290 1290
1956 1873
278 1286
1010 816
1010 998
1010 1791
12 1791
1843 998
1843 1143
1158 1549
1286 1434
1973 998
1973 1257
1973 1873
1973 1962
1973 1997
998 816
998 1010
998 1791
1873 1585
1873 1750
1973 1873
1439 998
1439 1257
1439 1873
1585 1873
1838 1286
1838 1286
1873 1898
1873 520
1873 520
520 1873
1286 278
1322 1585
1322 1873
1873 520
1873 1322
1873 1585
1791 998
1368 1898
520 1873
1873 1061
1873 1873
1973 1873
1078 1004
1078 1762
1873 1061
1873 1873
1973 1368
510 1873
1973 1898
510 1973
1257 1322
1257 1585
1257 1873
1322 1585
1322 1873
1873 520
520 1873
1873 510
1873 1973
98 1705
1439 1143
1973 510
1973 1873
1439 1143
1439 1143
1439 1143
510 1873
510 1973
1439 1143
216 1873
216 1898
1873 349
1439 1143
1158 1767
510 998
510 1257
510 1873
410 1898
1521 1368
1521 1898
1521 1973
1257 998
1257 1585
1257 1750
1257 1873
1368 1521
1368 1898
1368 1973
1277 1143
840 1150
1873 1873
1873 1873
1881 1873
1158 208
33 736
33 1143
1322 1257
1322 1585
1322 1873
1103 1951
792 1888
33 1143
1439 1143
998 410
998 1898
216 840
216 1150
1521 410
1521 1898
366 1158
410 1521
410 1898
881 448
881 1158
881 1376
1769 1769
816 410
816 1521
816 1898
1521 410
1521 816
1521 1898
410 816
410 1521
410 1898
1257 998
1257 1873
1257 1962
1257 1973
1257 1997
1997 216
1997 840
1997 1150
1257 202
1257 998
1257 1585
1257 1750
1257 1873
340 546
1893 1143
202 1257
1973 998
1973 1257
1973 1873
1973 1962
1973 1997
792 1888
1668 701
1277 998
1277 1257
1277 1750
1277 1873
1277 1962
1277 1997
701 1668
1579 1143
1579 1439
1579 1143
1579 1439
1973 1898
701 1668
1668 701
1668 701
477 1905
1654 1158
1521 1143
1197 1143
216 1898
216 1973
1640 1376
1286 1668
701 1286
701 1668
258 1376
1197 1143
33 1143
33 1197
1769 1769
1590 794
1590 1252
1590 1705
1392 1286
1929 816
1286 1668
736 552
736 627
736 1143
655 1143
1579 1143
1579 1521
1439 998
1439 1257
1439 1873
894 1797
736 736
736 736
736 736
340 1705
1668 452
1668 452
1668 729
1668 1600
1893 1143
1268 535
1268 1268
1668 1585
1668 1838
1668 1585
494 1705
1257 202
1257 349
1257 1585
1257 1750
1257 1767
1257 1873
629 690
629 1286
1808 1705
136 1158
1277 535
1277 1268
998 535
998 1268
998 1277
1120 546
11 510
11 1873
4 1158
510 11
1585 202
510 1873
1838 1585
1838 1668
33 1143
33 1197
1838 1668
1452 1143
1873 202
1873 1750
1669 1873
712 1905
1873 1750
1873 1929
1257 185
1257 1873
1600 1668
311 1257
311 1873
1873 520
1873 1873
1750 1873
345 1705
1257 998
1257 1585
1257 1750
1257 1873
1286 1875
1654 1951
1379 1143
1585 1257
1503 1503
1585 1257
1197 1143
1668 1905
1163 277
343 1143
1579 655
1579 1143
1668 1812
1286 1875
1838 108
1838 108
1838 119
1838 119
1838 154
1838 154
1838 164
1838 164
1838 176
1838 176
1838 277
1838 277
1838 418
1838 418
1838 464
1838 464
1838 478
1838 478
1838 555
1838 555
1838 557
1838 557
1838 573
1838 573
1838 689
1838 689
1838 826
1838 826
1838 998
1838 998
1838 1080
1838 1080
1838 1119
1838 1119
1838 1240
1838 1240
1838 1429
1838 1429
1838 1485
1838 1485
1838 1509
1838 1509
1838 1575
1838 1575
1838 1585
1838 1585
1838 1618
1838 1618
1838 1628
1838 1628
1838 1662
1838 1662
1838 1668
1838 1668
1838 1750
1838 1750
1838 1766
1838 1766
1838 1791
1838 1791
1838 1815
1838 1815
1838 1844
1838 1844
1838 1877
1838 1877
1838 1975
1838 1975
1838 1986
1838 1986
1838 2005
1838 2005
1769 1873
1020 1020
986 1158
410 998
410 1257
410 1873
410 1962
0 452
906 1705
1624 1624
1624 1624
1624 1624
1579 1143
1579 1197
1197 1143
1257 1585
1439 998
1439 1257
1439 1873
1585 1257
1873 638
1873 1873
1873 520
1873 1873
70 1873
1806 410
1812 1668
1873 410
1873 816
1873 998
1873 1257
1873 1585
1873 1750
1873 1806
1873 1962
881 245
881 245
881 385
881 385
881 1158
881 1158
881 1305
881 1305
881 1376
881 1376
881 1423
881 1423
881 1905
881 1905
1379 1143
1873 148
1379 1143
1750 1257
1873 202
1873 1769
1873 1817
1873 1873
1873 1873
1873 1873
1881 1873
1439 1873
143 277
1585 1257
998 1257
998 1873
655 655
1624 1624
1624 1624
1624 1624
1439 998
1439 1257
1439 1873
410 816
410 998
410 1257
410 1585
410 1750
410 1806
410 1873
410 1962
1197 1143
1046 1929
1286 1875
1379 1143
1873 1439
1257 998
1257 1873
1257 202
1257 1585
202 1873
792 1888
1585 1257
1286 1392
1286 452
1286 452
792 1888
1439 1564
986 546
1905 245
1905 245
1905 385
1905 385
1905 1158
1905 1158
1905 1305
1905 1305
1905 1376
1905 1376
1905 1423
1905 1423
1286 1875
1873 1199
1873 1873
598 598
410 998
410 1257
410 1873
410 1962
1197 1143
410 998
410 1257
410 1873
410 1962
410 1898
477 1905
477 1905
1286 452
1286 452
1392 1286
998 1143
1873 1986
1286 1392
894 1797
1873 344
1873 1504
1873 998
1873 1257
410 998
410 1257
410 1873
410 1962
1873 1750
998 1257
998 1873
1873 1439
1873 1564
510 1873
938 1143
311 1257
311 1873
352 452
584 1873
361 1464
361 1464
1986 1873
1158 368
510 1873
1627 0
1392 1286
328 452
452 328
328 452
1697 1376
1257 998
1257 1873
1257 1962
1257 1997
1521 410
1521 1898
510 1873
1875 1286
1158 1780
128 1158
1962 998
1962 1257
1962 1873
1221 1376
410 1898
1221 1376
1368 1143
1575 452
792 1888
452 55
452 55
452 55
452 55
452 55
701 452
1873 1767
1368 410
1368 1521
1368 1898
452 701
1873 998
1873 1257
1962 998
1962 1257
1962 1873
229 894
1873 510
452 1575
759 452
701 452
1873 998
1873 1257
1873 1962
1910 185
1910 1705
759 452
510 46
510 998
510 1257
510 1873
1521 410
1521 1898
1997 998
1997 1257
1997 1873
1997 1962
1585 1873
1893 1143
998 1257
998 1873
998 1962
998 1997
277 1600
1869 0
629 452
1191 452
452 629
894 1286
1875 1286
1368 1143
1594 1376
1257 1898
1158 759
629 452
1257 1898
340 1705
452 629
1257 1898
629 452
1277 1143
1434 1286
759 452
759 452
452 629
1521 1257
1521 1898
629 452
1286 1668
1286 1668
410 998
410 1257
410 1873
410 1962
265 265
265 265
265 265
265 265
410 510
1875 1286
759 452
759 1022
792 1888
792 1888
792 1888
1585 1257
1585 1873
1585 1962
1286 452
1286 452
1286 452
452 1286
452 1286
452 1286
1439 998
1439 1257
1439 1873
1973 1873
1521 535
1521 1268
452 1286
452 1286
928 574
792 1888
452 1875
452 1875
452 1875
1781 1143
1781 1277
589 894
1257 998
1257 1585
1257 1750
1257 1873
1403 1158
1277 998
1277 1257
1277 1873
1277 1962
1277 1997
881 448
881 1158
881 1376
147 510
147 794
147 1252
147 1873
942 1150
942 1521
942 1941
1750 1929
1130 1705
998 1277
1158 759
1910 1705
1439 1564
1158 759
1379 1143
1379 1143
792 1888
1750 1929
792 1888
251 0
1221 1376
894 1237
1767 1873
1504 1873
1624 1624
1624 1624
1624 1624
343 1143
265 265
265 265
265 265
265 265
1875 1286
1750 1873
497 245
497 1158
497 1951
497 1705
497 546
584 1873
1379 1143
792 1888
1873 1767
1875 1286
602 202
452 1955
655 1143
1579 1143
1579 1379
452 1875
452 1875
452 1875
1037 1376
478 1585
851 1143
851 1379
1624 1624
1624 1624
1624 1624
1668 1286
584 1143
1286 1668
1439 584
892 1951
1257 1898
1257 1997
1997 1257
1997 1898
851 1586
851 1873
410 1143
1257 1898
1379 1143
1521 1257
1521 1898
1521 1997
655 1143
1257 1521
1521 1257
1521 1898
1521 1257
1327 452
1327 452
1327 712
1327 712
1327 244
1327 357
1327 409
1327 452
1327 571
1327 896
1327 1069
1327 1157
1327 1586
1257 1521
1997 1257
1997 1521
1781 655
1781 1143
1197 1143
222 1158
222 1158
222 1158
265 265
265 265
265 265
265 265
1781 655
1781 1143
1543 894
222 1158
1238 1143
1843 410
1843 1143
1624 1624
1624 1624
1624 1624
1368 1257
1368 1521
1368 1898
1705 46
1705 510
1705 998
1705 1257
456 1143
222 1158
1705 998
1705 1257
1705 1962
1705 1997
222 1158
1277 998
1257 1277
1499 1951
368 452
1384 452
452 1668
265 265
265 265
265 265
265 265
851 998
851 1257
851 1873
851 1997
1257 851
1500 1143
1997 851
1997 1257
1238 1143
1640 1376
1997 1257
1997 1277
1624 1624
1624 1624
1624 1624
1997 1898
1873 998
1873 1257
1873 1439
1873 1973
265 265
265 265
265 265
265 265
1668 452
1668 452
1873 691
1873 1873
1158 1200
1875 452
1875 452
1875 452
222 1158
1997 1143
1781 1143
1781 1500
265 265
265 265
265 265
265 265
851 1257
851 1997
1257 1873
1257 851
1875 452
1875 452
1875 452
998 1781
1439 1257
1797 894
222 1158
1781 998
1640 1376
1875 452
1875 452
1875 452
1640 1376
1579 998
1579 1143
868 452
851 1257
1997 851
1997 1257
1873 1228
1873 1873
1873 723
1873 1873
1873 880
1873 1873
1873 1319
1873 1873
998 1257
998 1873
998 1997
1257 998
1237 894
1197 1143
1873 1143
1873 1143
1277 1143
1873 1585
1257 349
1257 1873
265 265
265 265
265 265
265 265
998 1902
1873 1319
1873 1873
1585 1873
1873 998
1873 1902
1643 1257
1643 1873
1987 1873
368 452
1115 1951
1322 1257
1322 1873
1873 1319
1873 1873
1893 1143
1257 349
1257 1873
265 265
265 265
265 265
265 265
1257 1873
1521 1898
1521 1997
2023 546
1221 1376
222 1158
265 265
265 265
265 265
265 265
1838 202
1838 202
1838 202
1838 411
1838 411
1838 411
1838 418
1838 418
1838 418
1838 452
1838 452
1838 452
1838 464
1838 464
1838 464
1838 478
1838 478
1838 478
1838 538
1838 538
1838 538
1838 998
1838 998
1838 998
1838 1051
1838 1051
1838 1051
1838 1119
1838 1119
1838 1119
1838 1257
1838 1257
1838 1257
1838 1509
1838 1509
1838 1509
1838 1575
1838 1575
1838 1575
1838 1585
1838 1585
1838 1585
1838 1668
1838 1668
1838 1668
1838 1767
1838 1767
1838 1767
1838 1791
1838 1791
1838 1791
1838 1829
1838 1829
1838 1829
1838 1873
1838 1873
1838 1873
1838 1877
1838 1877
1838 1877
1838 1962
1838 1962
1838 1962
1838 1986
1838 1986
1838 1986
1257 1143
1997 103
1997 456
1997 1662
1997 1902
1929 1873
1257 1873
265 265
265 265
265 265
265 265
1440 1158
1257 20
997 452
701 452
456 1997
265 265
265 265
265 265
265 265
1973 1143
1997 510
1997 998
1997 1257
1997 1368
1997 1873
1929 1750
1257 851
1257 1767
1257 1873
1668 1286
148 828
148 1873
222 1158
1873 584
584 1873
222 1158
584 1898
222 1158
1579 1143
1579 1873
1579 1143
1579 1873
828 148
1579 1143
1579 1197
1873 510
1873 851
1873 1586
1873 1439
1873 828
1873 998
1873 1257
1873 1439
1873 1741
340 1705
1257 20
1697 1376
860 148
860 828
1257 1643
1564 1873
584 1143
1640 1376
678 1705
1869 0
148 860
510 1997
510 1873
1439 1873
128 1158
1439 1873
1640 1376
1640 1376
1873 1257
1873 1322
1873 1585
1873 1750
1873 1838
1873 1439
222 1158
1719 546
1719 1376
1564 1439
1564 1873
1439 1873
1911 1504
1911 1873
1600 328
1564 1439
222 1158
452 701
452 1668
1504 1911
1993 894
1993 894
1625 1625
1573 277
1624 1624
1624 1624
1624 1624
292 712
292 712
1905 392
349 1257
349 1873
1624 1624
1624 1624
1624 1624
1627 0
1627 0
1624 1624
1624 1624
1931 1873
837 1873
1156 1158
1564 1439
881 448
881 1158
881 1376
1624 1624
1624 1624
1052 226
881 448
881 1158
881 1376
1341 1705
1439 20
881 448
881 1158
881 1376
1439 1143
1991 1143
1991 1439
1439 1143
1257 851
1257 1873
1257 1997
452 868
452 868
452 1668
452 1668
722 1197
851 1257
1373 1705
1257 851
1257 998
1257 1873
1257 1997
1991 722
1991 1197
851 1257
222 1158
1197 722
722 1197
1991 1143
1991 1439
520 1873
1893 851
1997 851
1997 1257
629 452
1368 1143
1991 722
1991 1197
1368 1143
44 1143
