0 3
0 15
0 50
0 85
0 135
0 140
0 145
0 175
0 226
0 248
0 301
0 340
0 341
0 355
0 378
3 139
3 170
3 399
15 63
15 72
15 80
15 101
15 102
15 211
15 218
15 297
15 398
50 34
50 93
85 86
85 126
85 156
140 120
140 214
145 309
175 158
175 308
175 395
226 168
226 390
248 7
248 336
340 14
341 112
341 357
355 14
378 275
139 318
170 190
170 234
399 90
63 309
72 35
72 172
80 112
80 120
80 241
101 30
101 156
102 305
211 391
218 97
218 234
297 172
398 204
34 2
34 258
34 325
34 360
93 230
93 215
93 62
93 134
93 180
93 204
126 213
120 324
120 20
120 191
120 325
120 346
214 17
309 165
309 216
309 89
309 116
309 18
309 56
309 61
309 99
309 151
309 153
309 167
309 172
309 185
309 210
309 237
309 242
309 256
309 276
309 281
309 334
309 346
309 362
309 371
158 65
158 174
158 202
158 338
158 342
158 357
308 198
168 397
168 130
390 2
390 397
7 6
7 98
7 108
7 159
7 206
7 238
7 253
7 306
7 349
336 6
14 43
14 25
14 39
14 89
14 128
14 335
275 312
275 330
1 165
165 203
203 42
2 27
2 124
27 53
27 54
27 360
53 36
53 88
53 127
53 233
54 161
54 144
54 252
54 397
360 31
360 295
360 40
360 90
360 106
360 208
360 228
360 276
360 321
360 352
258 132
325 330
397 32
397 57
397 48
397 68
397 69
397 179
397 270
397 284
397 289
190 266
190 222
90 189
90 326
4 43
4 83
4 183
4 219
4 304
43 127
83 61
83 104
83 110
183 17
219 146
304 23
61 356
61 154
61 157
61 169
61 310
104 11
110 148
17 35
17 155
17 382
146 13
146 243
23 349
23 10
23 39
23 51
23 81
23 115
23 122
23 144
23 241
5 19
5 31
5 189
19 22
19 42
19 67
19 123
19 181
19 205
19 215
19 243
19 350
19 388
31 396
189 306
189 361
189 384
22 26
22 194
42 111
42 193
42 327
42 363
67 41
67 150
123 212
123 317
205 160
205 347
215 272
243 320
350 382
350 305
396 81
306 6
306 8
306 11
306 28
306 37
306 105
306 107
306 117
306 147
306 150
306 155
306 157
306 180
306 201
306 314
306 326
306 348
306 366
306 383
361 315
384 305
6 9
6 160
6 161
6 254
9 52
9 198
9 251
9 263
161 235
254 136
108 13
159 66
206 47
206 237
238 209
52 35
52 76
52 143
52 316
52 343
198 66
198 279
251 240
251 272
263 185
136 344
8 45
8 121
8 230
8 285
11 59
11 131
11 356
28 239
37 152
37 283
37 293
37 311
105 103
117 12
117 143
117 268
117 377
147 26
314 250
348 163
366 30
383 92
13 33
13 91
13 109
13 199
13 209
13 236
13 303
13 374
66 20
66 153
66 187
66 372
47 21
47 24
47 167
47 231
209 71
45 289
121 21
285 77
21 60
21 133
21 141
21 260
77 69
35 87
35 225
76 71
279 271
185 91
10 79
10 255
79 106
255 87
51 12
51 171
51 187
51 307
115 186
115 298
122 73
144 149
144 298
87 103
87 114
59 18
131 283
131 303
18 142
18 249
18 324
18 337
18 391
283 345
12 46
12 216
12 381
46 41
46 242
381 199
41 337
41 225
41 73
41 111
41 250
41 269
41 333
41 373
307 84
268 300
377 92
199 282
199 394
91 365
236 167
365 62
71 25
167 290
25 354
89 353
89 372
128 75
335 65
353 154
75 30
65 32
172 232
172 195
172 274
172 375
30 266
30 358
305 293
97 200
97 313
204 291
16 116
16 166
16 246
166 154
154 48
154 202
225 319
142 328
249 138
56 315
56 99
56 288
151 192
210 49
210 367
276 40
281 137
334 302
362 94
371 60
26 49
26 295
26 339
194 291
111 130
363 134
363 380
212 103
317 379
347 113
320 192
320 369
20 62
20 92
92 228
92 231
92 286
92 290
231 267
286 137
191 178
60 55
133 70
260 284
260 364
24 78
24 229
55 164
55 118
70 177
364 113
364 379
49 82
49 192
49 252
295 329
186 58
186 220
78 331
331 134
82 103
192 208
192 217
329 152
40 173
40 232
352 32
239 247
239 278
247 103
247 261
29 58
58 38
38 119
38 164
38 312
38 351
266 389
358 103
358 392
389 344
103 137
32 57
32 265
32 315
48 129
68 100
68 323
69 387
179 385
179 386
319 222
119 271
351 44
44 74
44 174
333 375
174 221
174 369
221 202
129 217
217 296
202 323
202 393
367 323
118 196
118 213
118 359
213 287
359 96
338 332
274 370
137 262
148 176
148 259
94 125
313 162
162 207
162 273
300 332
296 227
197 368
292 376
64 64
95 95
182 182
184 184
188 188
223 223
224 224
244 244
245 245
257 257
264 264
277 277
280 280
294 294
299 299
322 322
