0 12
0 15
0 17
0 48
0 50
0 135
0 140
0 141
0 145
0 175
0 179
0 261
0 332
0 340
0 341
0 378
12 3
12 46
12 135
12 216
12 381
15 63
15 72
15 80
15 102
15 297
15 398
17 11
17 155
17 183
17 214
48 2
48 154
48 395
50 34
50 68
50 93
140 120
140 214
141 21
175 308
179 385
261 247
340 14
378 275
3 1
3 31
3 34
3 139
3 193
3 200
3 228
3 321
3 328
3 352
46 242
46 94
381 199
63 1
72 172
80 241
102 75
102 305
398 204
11 59
11 104
11 131
11 356
155 5
2 1
2 27
2 33
2 36
2 57
2 68
2 124
2 200
2 270
2 284
2 289
2 390
154 166
154 61
154 202
34 165
34 325
34 388
68 100
68 323
93 180
93 230
93 134
93 204
120 324
120 20
120 173
120 191
120 325
120 346
120 380
21 36
21 121
21 79
21 47
21 60
385 90
247 239
247 386
14 89
14 25
14 39
14 43
14 66
14 128
14 335
14 355
275 51
275 251
275 301
275 330
1 4
1 5
1 8
1 56
1 64
1 87
1 89
1 116
1 138
1 151
1 167
1 197
1 200
1 210
1 227
1 237
1 242
1 244
1 256
1 278
1 281
1 311
1 334
1 342
1 362
1 371
4 65
4 83
4 197
4 304
5 8
5 9
5 10
5 24
5 37
5 69
5 77
5 114
5 137
5 150
5 157
5 170
5 180
5 189
5 194
5 200
5 201
5 239
5 267
5 314
5 316
5 348
5 366
5 383
8 45
8 121
8 195
8 230
8 285
56 51
56 163
56 288
64 32
87 35
87 114
87 255
89 91
138 149
138 249
138 321
151 20
151 192
167 47
167 236
167 290
197 368
210 367
227 296
237 206
244 70
244 287
256 134
278 239
334 302
342 158
362 94
371 60
27 49
27 54
27 125
27 257
27 392
33 84
36 53
124 9
284 260
289 45
390 226
31 396
139 75
193 42
228 92
328 142
352 32
65 32
65 158
65 335
83 61
83 104
83 110
304 23
9 74
9 146
9 198
9 263
9 277
10 79
10 255
24 29
24 47
24 222
24 229
24 260
24 265
37 73
37 152
37 293
69 77
69 152
69 387
77 285
137 20
137 286
150 67
157 374
189 361
189 384
201 18
267 387
314 250
316 52
348 163
366 30
195 245
51 293
51 171
51 187
51 307
32 265
32 315
35 199
35 52
35 75
35 225
91 365
91 185
149 144
249 18
20 66
20 19
20 132
20 223
20 376
192 49
192 217
192 320
47 206
236 13
290 92
368 196
367 323
296 217
70 52
70 133
70 177
287 213
134 363
134 331
302 109
158 174
158 338
60 55
49 82
49 184
49 252
49 370
54 161
54 176
54 252
54 264
54 310
257 109
392 358
84 307
53 127
53 233
100 23
260 299
260 364
226 168
396 81
165 203
325 330
388 19
75 128
75 177
42 203
42 363
92 119
92 286
92 377
142 18
142 81
61 356
61 373
61 310
61 169
61 344
61 393
110 117
23 349
23 131
23 96
23 115
23 122
23 144
23 241
74 44
146 13
146 243
198 66
198 279
79 169
29 58
29 188
222 319
229 185
229 264
229 318
73 41
152 329
293 305
67 19
67 41
374 13
361 315
384 305
18 59
18 324
18 391
250 13
250 41
52 354
52 143
52 299
52 343
30 123
30 317
30 358
6 160
6 161
6 254
6 336
160 205
160 223
254 136
336 248
205 347
205 345
136 344
7 44
7 95
7 98
7 108
7 238
7 349
44 351
95 171
98 78
108 13
351 38
78 331
13 96
13 182
13 199
13 282
13 303
13 394
243 320
66 159
66 187
66 372
279 271
59 113
131 303
113 347
113 364
199 280
199 282
199 394
96 292
96 359
182 38
292 376
359 118
38 58
38 55
38 164
38 312
41 269
41 337
41 373
25 71
25 354
71 76
71 82
71 209
71 224
172 232
172 274
172 375
305 350
204 291
16 166
16 246
391 211
211 97
19 181
19 215
19 262
19 350
215 272
132 112
132 258
272 251
191 178
380 363
112 327
22 26
26 339
115 186
115 298
144 298
186 58
186 220
319 225
364 379
82 103
370 274
176 148
109 333
358 103
123 212
317 379
212 103
103 105
143 117
40 232
40 276
276 360
202 393
202 221
217 129
320 369
251 240
133 178
117 377
117 268
148 259
344 389
389 266
62 365
174 221
375 333
85 86
90 326
90 399
119 259
119 271
118 196
118 213
97 218
218 234
268 207
130 168
162 273
162 313
190 266
28 28
88 88
99 99
101 101
106 106
107 107
111 111
126 126
147 147
153 153
156 156
208 208
219 219
231 231
235 235
253 253
283 283
294 294
295 295
300 300
306 306
309 309
322 322
353 353
357 357
382 382
397 397
