0 2
0 12
0 15
0 17
0 42
0 85
0 112
0 135
0 140
0 141
0 145
0 175
0 248
0 261
0 273
0 301
0 332
0 340
0 355
0 378
2 33
2 36
2 54
2 68
2 84
2 124
2 168
2 179
2 200
2 270
2 284
2 288
2 289
2 390
12 51
12 135
12 216
12 381
15 63
15 72
15 80
15 181
15 398
17 155
17 339
17 382
42 126
42 193
42 233
42 327
85 86
112 80
112 132
112 327
112 341
140 120
141 21
145 1
175 158
175 395
248 7
248 336
261 247
273 162
301 275
332 338
340 14
355 14
378 275
33 13
33 84
36 21
36 53
54 27
54 144
54 161
54 176
54 252
54 264
54 310
68 50
68 100
68 323
124 9
168 130
168 226
179 385
179 386
200 1
200 3
200 5
270 170
288 56
289 45
390 226
51 23
51 171
51 187
51 275
51 293
51 307
216 1
381 199
72 172
80 1
80 120
80 241
181 19
398 204
155 5
339 26
126 213
193 3
233 53
86 1
132 258
341 357
120 346
120 20
120 191
120 380
21 6
21 60
21 121
21 133
21 138
21 260
1 8
1 38
1 89
1 99
1 107
1 116
1 151
1 167
1 185
1 227
1 237
1 242
1 244
1 245
1 256
1 276
1 278
1 292
1 311
1 322
1 342
1 343
1 346
1 362
1 371
158 342
158 65
158 202
158 338
158 357
7 6
7 95
7 98
7 159
7 206
7 253
7 349
247 239
247 103
162 207
162 313
162 190
275 312
275 330
14 89
14 25
14 39
14 66
14 128
14 130
8 16
8 45
8 121
8 195
8 230
8 285
38 58
38 119
38 164
38 182
38 351
89 353
89 372
99 56
151 20
167 47
167 236
167 290
185 263
227 296
237 206
242 46
244 70
244 287
245 195
256 134
276 360
278 239
292 96
311 37
322 146
343 52
362 94
371 60
16 9
16 246
45 4
285 77
58 29
119 92
119 259
119 271
164 55
182 13
351 44
241 23
353 154
372 66
56 163
20 62
20 92
20 97
20 223
20 376
47 206
47 24
47 231
236 13
290 92
263 9
3 31
3 34
3 37
3 90
3 106
3 139
3 170
3 228
3 295
3 321
3 328
3 352
5 31
5 170
5 11
5 19
5 25
5 70
5 114
5 147
5 201
5 267
5 314
5 326
5 348
5 383
70 133
70 177
70 188
287 213
134 331
239 28
96 359
37 73
37 283
146 219
146 13
52 76
52 78
52 143
52 316
94 125
13 109
13 199
13 209
13 282
13 303
13 394
53 27
53 88
53 127
27 125
27 207
27 257
144 23
144 149
161 6
252 49
264 229
310 61
50 34
100 23
323 367
9 74
9 277
130 111
170 190
170 234
31 396
34 165
34 224
34 258
34 325
90 26
90 189
90 326
139 75
139 318
228 92
295 329
328 142
352 32
396 81
165 203
325 330
73 41
73 122
283 345
26 147
26 22
189 361
75 177
318 229
190 222
190 266
234 218
92 383
92 23
92 286
92 377
329 152
142 18
142 81
32 65
32 18
32 57
32 64
4 10
4 43
4 65
4 83
4 219
4 304
10 255
43 127
65 335
83 61
83 104
83 110
304 23
255 87
61 356
61 57
61 154
61 157
61 344
61 393
104 11
110 148
110 117
23 349
23 39
23 115
11 59
11 148
11 356
19 22
19 40
19 67
19 95
19 215
19 262
19 350
19 388
25 160
114 87
201 18
267 231
267 387
314 250
348 163
59 18
59 113
148 259
22 194
40 118
40 173
40 232
67 41
67 150
95 171
95 240
215 272
262 137
350 305
160 6
160 205
188 29
87 294
87 35
87 103
18 249
18 337
18 391
250 41
163 44
6 254
254 136
98 78
159 66
138 249
138 149
260 24
260 299
260 364
205 345
205 347
136 41
240 269
240 251
78 331
66 153
66 187
66 198
277 220
220 186
113 364
293 305
199 280
199 282
199 394
109 333
209 71
209 238
303 131
333 41
333 375
71 82
71 76
198 279
198 308
172 232
172 297
172 375
204 291
337 41
391 211
81 41
41 30
41 225
41 269
194 291
118 55
118 196
118 213
272 251
137 286
305 102
305 384
62 365
97 218
97 313
365 91
191 178
380 363
24 29
24 222
364 379
115 186
115 298
222 319
319 225
88 79
30 101
30 123
30 294
30 317
30 366
101 156
123 212
123 317
317 379
225 35
212 103
103 82
103 274
271 279
44 174
196 368
174 221
221 202
49 82
49 192
49 210
192 217
210 367
217 129
143 117
79 169
154 166
157 374
344 389
393 202
389 266
93 180
320 369
358 392
48 48
69 69
105 105
108 108
183 183
184 184
197 197
208 208
214 214
235 235
243 243
265 265
268 268
281 281
300 300
302 302
306 306
309 309
315 315
324 324
334 334
354 354
370 370
373 373
397 397
399 399
