0 15
0 32
0 42
0 50
0 85
0 109
0 112
0 135
0 140
0 141
0 145
0 175
0 240
0 261
0 273
0 301
0 341
0 355
15 14
15 63
15 72
15 80
15 101
15 102
15 297
32 44
32 65
32 265
32 315
32 352
42 19
42 111
42 126
42 193
42 203
42 327
42 363
50 68
50 93
85 86
85 126
85 156
109 302
112 341
135 12
140 214
141 21
145 1
175 158
175 308
175 395
240 269
273 162
301 275
341 357
355 14
14 1
14 39
14 43
14 66
14 128
14 335
14 340
63 1
72 172
72 35
80 1
101 30
101 156
102 75
297 172
44 74
44 163
65 4
315 56
315 361
352 3
19 1
19 20
19 123
19 181
19 262
19 350
19 388
111 41
126 213
193 3
203 165
363 134
363 380
68 2
68 100
68 323
93 62
93 204
302 334
302 24
12 51
12 117
12 216
12 381
214 17
21 5
21 6
21 121
21 129
21 133
21 138
21 260
1 89
1 94
1 99
1 107
1 116
1 134
1 151
1 153
1 165
1 172
1 196
1 197
1 200
1 210
1 227
1 237
1 242
1 244
1 245
1 256
1 276
1 281
1 292
1 322
1 334
1 342
1 343
1 346
1 362
1 371
158 342
158 174
158 235
158 338
158 357
308 198
395 48
162 207
275 51
275 312
275 378
89 91
89 353
89 372
94 125
94 362
116 16
134 256
134 331
151 20
151 192
153 66
165 34
172 232
172 375
196 118
196 368
197 4
197 368
200 2
200 5
227 28
227 296
237 206
242 46
244 70
244 287
245 195
276 40
281 137
292 96
292 376
322 146
343 52
346 120
371 60
39 23
43 4
43 127
66 159
66 187
66 372
128 75
20 137
20 62
20 92
20 120
20 223
123 30
123 212
262 137
350 382
350 305
388 34
91 185
125 27
16 8
16 246
16 9
16 166
331 78
192 208
192 320
34 2
34 3
34 224
34 258
34 325
232 40
375 333
118 55
118 359
4 45
4 83
4 304
2 27
2 33
2 284
2 288
2 289
5 6
5 8
5 26
5 28
5 30
5 37
5 70
5 97
5 113
5 114
5 137
5 150
5 155
5 157
5 184
5 194
5 246
5 267
5 314
5 326
5 348
5 366
5 383
296 217
206 47
46 41
70 177
70 188
287 213
195 8
40 173
40 360
137 103
137 286
96 359
146 9
146 13
146 219
146 243
52 78
52 299
52 316
52 354
120 324
120 173
120 191
120 380
60 136
27 54
27 257
27 392
33 13
33 61
284 260
288 56
289 45
54 161
54 144
54 176
54 252
54 264
54 310
392 358
13 108
13 55
13 182
13 209
13 282
13 303
13 374
61 83
61 97
61 157
61 57
61 169
61 310
61 344
61 373
61 393
3 139
3 208
3 295
3 321
3 399
224 71
258 132
325 330
323 202
260 24
260 299
260 364
56 163
45 8
139 318
295 26
399 90
318 229
26 49
26 339
90 326
90 110
90 204
90 385
83 104
83 110
8 230
104 11
110 117
110 148
6 161
6 254
30 75
30 266
30 317
30 358
37 73
37 283
37 293
97 211
97 313
113 59
113 347
113 364
114 87
150 67
157 374
184 49
194 291
267 231
267 387
314 250
348 163
383 92
161 235
254 136
129 48
129 217
133 178
138 249
138 149
49 82
49 370
75 177
266 190
317 379
358 103
73 122
73 41
283 131
283 345
293 305
188 29
211 391
59 11
364 379
87 255
87 103
87 294
103 82
103 247
286 92
291 204
231 47
387 69
250 41
92 228
92 290
92 377
136 344
7 95
7 108
7 159
7 238
7 248
7 253
7 349
95 171
238 209
248 336
349 23
171 51
23 81
23 115
23 122
23 131
23 178
9 74
9 124
9 251
9 263
9 277
166 154
251 272
263 185
277 220
185 229
220 186
10 79
10 255
79 88
79 106
79 169
88 53
11 17
17 183
17 382
51 187
51 307
117 377
381 199
199 282
199 35
199 280
199 394
55 164
182 38
303 131
38 58
38 119
38 312
38 351
35 225
154 48
154 202
18 201
18 249
18 324
18 337
337 41
41 81
41 333
41 373
62 365
223 160
305 384
290 167
191 178
149 144
24 47
24 222
24 229
81 142
81 396
115 186
115 298
142 328
396 31
186 58
298 144
222 319
229 264
319 225
176 148
29 58
190 170
361 189
344 389
71 76
36 53
53 233
119 259
119 271
202 221
204 398
69 152
152 329
247 239
247 386
385 179
130 168
168 226
226 390
320 369
221 174
174 369
338 332
170 234
170 270
198 279
189 384
22 22
25 25
64 64
77 77
84 84
98 98
105 105
143 143
147 147
180 180
205 205
215 215
218 218
236 236
241 241
268 268
274 274
278 278
285 285
300 300
306 306
309 309
311 311
356 356
367 367
397 397
