0 1
0 32
0 42
0 48
0 50
0 135
0 140
0 141
0 145
0 226
0 240
0 248
0 273
0 332
0 341
0 355
0 378
1 38
1 56
1 63
1 80
1 89
1 99
1 116
1 134
1 145
1 153
1 167
1 197
1 200
1 244
1 245
1 256
1 276
1 278
1 281
1 311
1 322
1 342
1 362
32 57
32 64
32 65
32 265
32 315
32 352
42 126
42 203
42 327
42 363
48 2
48 129
48 154
48 395
50 34
50 93
135 12
226 168
226 390
240 269
248 7
248 336
273 162
332 338
355 14
38 58
38 164
38 182
38 312
38 351
56 99
63 15
80 241
89 14
89 91
89 353
89 372
116 16
134 93
134 256
134 331
134 363
153 66
167 47
167 236
167 290
197 4
197 368
200 2
200 3
200 5
200 137
244 70
244 287
245 195
278 239
281 137
311 37
322 146
342 158
362 94
65 335
65 158
265 24
315 361
352 3
126 85
126 213
203 165
327 112
363 380
2 54
2 69
2 84
2 124
2 168
2 270
2 284
2 289
2 390
129 217
154 166
154 61
154 202
154 353
395 175
34 388
34 165
34 224
93 180
93 230
93 62
93 204
12 46
12 216
12 381
269 41
7 95
7 98
7 159
7 206
7 238
7 253
162 207
162 190
162 313
338 158
14 25
14 15
14 39
14 43
14 128
14 335
14 340
58 29
58 186
164 55
351 44
15 72
15 102
15 181
15 211
15 218
15 297
15 398
241 23
91 13
91 365
372 66
16 246
16 9
16 166
331 78
66 159
66 20
66 187
66 198
47 24
47 21
47 231
236 13
290 92
4 45
4 83
4 183
4 219
4 304
368 196
3 27
3 30
3 37
3 90
3 106
3 139
3 321
3 328
3 399
5 24
5 25
5 28
5 107
5 113
5 114
5 150
5 155
5 180
5 184
5 194
5 201
5 220
5 239
5 246
5 267
5 314
5 316
5 348
5 366
5 383
137 286
70 52
70 188
70 133
70 177
287 213
195 8
195 172
239 28
239 247
37 73
37 152
37 283
37 293
146 219
146 243
158 174
158 202
158 357
94 125
54 27
54 161
54 252
54 264
69 77
69 387
84 33
84 307
124 9
270 170
284 260
27 49
27 125
27 207
27 257
161 235
264 229
77 285
387 267
307 51
9 52
9 251
9 277
170 190
170 234
260 24
260 299
260 364
30 75
30 294
30 317
30 358
30 366
90 110
90 189
90 204
90 399
139 75
139 318
321 138
328 142
49 184
49 26
49 82
49 370
207 268
75 128
75 102
75 177
317 123
317 379
358 103
73 122
73 41
152 329
283 131
283 345
293 51
293 305
110 83
110 117
189 361
189 384
204 398
204 291
318 229
138 249
138 149
142 18
142 81
45 8
83 61
304 23
8 121
8 230
8 285
61 373
61 169
61 310
61 344
61 393
23 28
23 96
23 92
23 100
23 122
23 144
23 178
24 302
25 71
25 160
25 354
28 227
113 347
113 364
114 87
150 67
155 17
220 186
220 277
267 231
314 250
348 163
383 92
302 109
302 334
71 76
71 82
71 209
71 224
160 6
160 205
160 223
227 296
347 205
364 379
87 255
87 103
67 41
17 11
17 35
17 214
186 115
247 386
247 261
231 92
250 13
250 41
92 119
92 228
92 286
92 377
6 21
6 254
21 79
21 121
254 136
79 169
205 19
205 345
136 60
136 344
95 171
98 78
238 209
171 51
172 72
172 297
172 232
172 274
172 375
52 35
52 143
35 225
10 11
10 255
11 104
11 148
11 356
148 176
148 259
259 119
46 242
381 199
199 394
13 96
13 108
13 109
13 282
13 303
13 374
13 394
96 292
96 359
109 333
303 131
374 157
365 62
292 376
359 118
333 41
333 375
41 225
41 81
41 111
41 373
43 127
102 305
181 19
211 97
211 391
218 234
127 53
305 350
305 384
19 20
19 123
19 262
19 350
19 388
391 18
225 319
18 59
18 249
18 324
18 337
324 120
120 173
120 380
20 132
20 151
20 376
123 212
350 382
132 112
132 258
151 192
212 103
187 51
198 279
198 308
192 208
100 68
144 298
119 271
68 323
298 115
82 103
26 147
370 274
268 117
296 217
29 188
103 274
31 396
319 222
329 295
55 118
44 174
40 118
40 173
118 213
111 130
85 86
85 156
53 88
174 221
174 369
202 393
202 323
175 308
229 185
60 371
279 271
323 367
156 101
190 266
179 385
179 386
215 272
325 330
22 22
36 36
74 74
105 105
191 191
193 193
210 210
233 233
237 237
263 263
275 275
280 280
288 288
300 300
301 301
306 306
309 309
320 320
326 326
339 339
343 343
346 346
349 349
360 360
389 389
392 392
397 397
