0 1
0 12
0 17
0 32
0 48
0 50
0 109
0 135
0 145
0 175
0 248
0 273
0 332
0 340
0 341
0 355
0 378
1 2
1 3
1 5
1 35
1 38
1 56
1 63
1 86
1 94
1 99
1 107
1 116
1 145
1 153
1 167
1 172
1 196
1 200
1 216
1 227
1 237
1 242
1 245
1 256
1 281
1 292
1 311
1 322
1 334
1 342
1 362
1 371
12 3
12 46
12 117
12 135
17 162
17 339
17 382
32 64
32 265
32 315
48 2
48 154
48 395
50 34
50 68
50 93
109 333
175 158
175 308
175 395
248 7
248 336
273 162
332 338
341 112
341 357
378 275
2 34
2 54
2 68
2 69
2 84
2 124
2 168
2 200
2 284
2 288
2 289
3 27
3 31
3 139
3 170
3 200
3 208
3 228
3 295
3 321
3 328
3 399
5 6
5 9
5 28
5 31
5 70
5 71
5 77
5 97
5 107
5 113
5 114
5 137
5 170
5 180
5 184
5 200
5 220
5 246
5 314
5 316
5 326
5 348
5 366
5 383
35 72
35 87
38 55
38 164
38 182
38 351
56 51
56 99
56 163
63 15
86 85
94 46
94 125
94 362
116 16
167 47
167 236
167 290
172 274
172 297
172 375
196 118
196 368
227 28
227 296
237 206
242 46
245 195
256 134
281 137
292 96
311 37
322 146
334 302
342 158
371 60
117 110
117 143
117 377
162 81
162 207
162 313
339 26
382 350
265 24
154 353
34 224
34 258
34 325
34 388
68 323
93 180
93 230
93 215
93 62
333 41
333 375
158 174
158 202
158 235
158 338
158 357
308 198
7 6
7 44
7 95
7 98
7 108
7 206
7 238
7 253
336 6
112 80
112 327
275 251
275 51
275 301
275 312
275 330
54 144
54 176
54 252
54 264
54 310
69 152
69 387
84 307
124 9
168 130
284 260
289 45
27 257
27 392
31 396
139 318
170 190
170 270
228 92
295 26
321 138
328 142
399 90
6 160
6 254
9 18
9 74
9 198
9 251
9 277
28 23
28 239
70 133
70 177
70 188
71 25
71 76
71 82
71 209
71 224
77 285
97 20
97 211
97 218
97 313
113 347
114 87
137 103
137 262
137 286
220 186
220 277
246 16
314 250
316 52
326 90
348 163
366 30
383 92
72 15
87 294
87 103
87 255
55 13
55 60
55 118
55 164
182 13
351 44
51 293
51 187
51 307
163 44
15 80
15 102
15 211
15 218
15 297
85 126
85 156
16 8
16 166
47 206
47 24
47 231
236 13
274 103
118 40
118 359
368 197
296 217
134 363
96 13
96 23
96 359
37 73
37 283
37 293
146 219
146 243
60 136
258 132
325 120
325 330
388 19
144 23
144 149
176 148
252 49
264 229
310 61
323 202
323 367
152 329
387 267
130 14
130 111
260 24
260 299
260 364
45 4
392 358
396 81
318 229
190 266
92 20
92 23
92 231
92 286
92 377
26 22
26 49
26 147
138 21
142 18
142 81
90 189
90 385
4 43
4 197
4 219
4 304
43 14
43 127
14 25
14 39
14 66
14 128
14 335
160 25
160 205
160 223
18 59
18 249
18 324
18 337
74 44
198 66
198 279
251 240
251 272
23 131
23 39
23 81
23 100
23 115
23 122
23 241
23 349
239 247
239 278
133 21
133 178
177 75
188 29
25 354
76 52
82 49
82 103
209 13
285 8
20 11
20 19
20 66
20 132
20 223
20 376
347 205
103 358
103 247
186 58
250 13
52 253
52 78
52 143
52 299
52 343
30 123
30 75
30 266
30 294
30 317
30 358
44 174
95 19
95 171
95 240
108 13
205 19
174 221
174 369
19 22
19 40
19 67
19 123
19 215
19 243
19 350
240 269
13 91
13 199
13 282
13 303
13 374
13 394
8 121
8 230
121 21
21 129
59 11
324 120
337 41
66 159
66 187
66 372
272 215
10 79
79 88
88 53
11 29
11 104
11 131
104 83
131 283
131 303
83 110
283 345
110 148
91 185
91 365
199 282
199 381
199 394
374 157
365 62
157 61
128 75
335 65
75 102
111 41
111 42
80 120
80 241
102 305
120 173
120 140
120 191
120 346
120 380
305 350
305 293
41 73
41 136
41 280
41 373
40 173
123 212
243 320
320 369
231 267
129 217
217 192
178 191
49 192
49 210
49 370
122 73
24 78
24 222
24 229
78 331
364 379
192 151
247 261
247 386
266 389
317 379
389 344
33 61
61 57
61 356
61 373
36 53
53 233
233 42
42 126
42 363
126 213
363 380
213 287
221 202
353 89
148 259
156 101
189 361
189 384
385 179
179 386
259 119
235 161
194 291
291 204
225 319
276 360
105 105
106 106
141 141
150 150
155 155
165 165
169 169
181 181
183 183
193 193
201 201
203 203
214 214
226 226
232 232
234 234
244 244
263 263
268 268
271 271
298 298
300 300
306 306
309 309
352 352
390 390
391 391
393 393
397 397
398 398
