0 1
0 5
0 12
0 32
0 41
0 42
0 50
0 85
0 109
0 112
0 135
0 141
0 175
0 179
0 248
0 261
0 273
0 355
1 13
1 38
1 86
1 89
1 99
1 107
1 116
1 134
1 151
1 153
1 167
1 196
1 200
1 216
1 227
1 237
1 244
1 281
1 311
1 322
1 342
1 343
1 346
5 10
5 21
5 25
5 31
5 37
5 77
5 105
5 114
5 150
5 157
5 170
5 180
5 184
5 200
5 201
5 246
5 267
5 316
5 348
12 3
12 46
12 51
12 135
32 44
32 57
32 62
32 65
32 265
32 315
32 352
41 46
41 67
41 73
41 136
41 280
41 333
41 337
42 19
42 111
42 126
42 193
42 203
42 233
42 327
42 363
50 34
50 93
85 86
85 156
109 13
109 333
112 80
112 132
112 327
141 21
175 308
175 395
179 385
179 386
248 7
248 336
261 247
273 162
355 14
13 55
13 96
13 182
13 209
13 236
13 282
38 2
38 55
38 58
38 119
38 164
38 182
38 351
89 91
89 372
116 16
134 93
134 256
134 331
134 363
151 20
153 66
167 47
167 236
167 290
196 118
196 368
200 2
200 3
227 28
227 296
237 206
244 70
244 287
281 137
311 37
322 146
342 158
343 52
346 120
10 4
10 23
21 47
21 121
21 133
25 71
25 354
31 3
37 73
37 152
37 283
37 293
77 69
77 285
105 103
114 87
150 67
157 61
157 374
170 270
170 190
170 234
180 93
184 49
201 18
267 231
267 387
316 52
348 163
3 90
3 106
3 193
3 228
3 295
3 321
3 328
3 352
3 399
46 94
51 23
51 56
51 275
51 307
44 7
44 74
44 174
44 351
57 61
62 20
62 93
62 365
65 158
265 24
315 56
315 361
67 19
73 122
136 254
136 60
136 344
280 199
333 375
337 18
19 181
19 22
19 215
19 243
19 262
19 350
19 388
111 130
203 165
34 388
34 165
34 258
34 325
93 230
156 101
80 241
132 20
132 258
308 198
395 48
385 90
386 247
7 98
7 159
7 206
7 238
7 253
7 349
336 6
247 103
162 207
162 313
14 43
14 15
14 39
14 128
55 60
55 118
55 164
96 23
96 292
96 359
209 238
209 71
282 199
2 33
2 36
2 69
2 124
2 168
2 270
2 284
2 288
2 289
2 390
58 29
58 186
119 92
119 259
119 271
91 365
91 185
372 66
16 166
331 78
20 92
20 120
20 223
20 376
66 159
47 206
47 24
290 92
118 213
118 359
28 23
28 239
296 217
70 52
70 177
287 213
137 262
137 103
137 286
146 219
158 174
158 202
158 235
158 338
158 357
52 253
52 9
52 143
52 299
52 354
120 140
120 324
120 325
120 380
33 84
36 53
69 152
69 387
124 9
168 226
284 260
288 56
289 45
390 226
84 307
53 27
53 88
53 127
152 329
9 18
9 74
9 251
9 277
260 24
260 299
260 364
45 4
45 8
90 189
90 399
106 79
228 92
295 26
321 138
328 142
189 361
79 88
79 169
92 231
92 286
26 22
26 147
138 249
138 149
142 81
4 43
4 83
4 304
43 127
83 61
83 104
304 23
23 349
23 39
23 81
23 122
23 144
23 178
23 241
8 121
8 230
8 285
61 356
61 154
61 169
61 393
104 11
133 178
71 82
283 131
283 345
293 305
103 82
103 274
103 358
87 294
87 255
190 266
190 222
234 218
49 82
49 192
49 210
49 252
49 370
18 59
18 249
18 391
6 161
6 254
161 54
161 235
54 252
54 176
54 264
54 310
98 78
174 221
174 369
251 272
251 275
277 220
59 11
59 113
391 211
143 117
272 215
220 186
144 298
178 191
11 29
11 131
11 356
29 24
29 188
131 303
113 347
113 364
94 125
94 362
60 371
199 381
199 394
15 40
15 63
15 102
15 181
15 297
128 75
40 173
40 276
102 305
75 35
75 30
75 139
305 350
305 384
17 35
17 214
17 339
17 382
214 140
382 350
22 194
243 320
320 192
320 369
223 160
325 330
160 205
239 278
364 379
27 125
27 207
27 257
27 392
207 268
392 358
186 115
30 101
30 266
30 294
30 366
266 389
139 318
389 344
271 279
192 208
192 217
210 367
370 274
367 323
274 172
176 148
264 229
229 185
229 318
393 202
347 205
202 323
338 332
357 341
68 100
72 172
172 232
185 263
95 171
97 218
97 313
379 317
195 245
225 319
240 269
250 314
302 334
64 64
76 76
108 108
110 110
123 123
129 129
145 145
155 155
183 183
187 187
197 197
204 204
212 212
224 224
242 242
291 291
300 300
301 301
306 306
309 309
312 312
326 326
335 335
340 340
353 353
360 360
373 373
377 377
378 378
383 383
396 396
397 397
398 398
