7753 7663
690 10252
110343 10252
6527 10252
18343 7663
10252 10252
10823 7374
982 7374
7374 982
46277 7374
7374 982
7374 46277
6869 7374
982 982
13991 780
780 13991
7313 7374
1192 14791
25715 14791
17786 14791
0 1
0 15
4 15
25 4
0 4
24 26
1 41
33 15
0 10
43 37
1 33
3 23
53 23
4 0
46 37
4 0
33 1
0 33
51 33
6 53
0 45
41 0
1 55
13 45
57 15
43 19
64 4
51 37
19 28
1 62
4 4
37 62
62 62
1 1
68 33
57 25
24 37
1 59
1 57
0 33
69 33
19 37
0 59
43 25
19 37
43 57
6 13
0 0
62 55
57 28
19 43
0 33
15 0
28 57
3 52
19 59
57 57
13 6
33 68
43 45
0 52
37 24
29 4
43 43
37 37
4 55
68 10
1 69
4 29
3 74
69 25
15 69
43 69
6 3
0 15
19 62
1 37
43 69
13 33
78 15
1 0
19 43
43 74
0 0
0 79
33 1
0 15
19 6415
24 24
4 37
10 71
29 29
13 37
43 37
24 79
19 4
37 24
43 15
24 24
24 0
59 19
22 19
43 0
0 43
63 0
4 43
19 0
4 4
43 69
19 15
43 15
88 15
19 19
56 74
24 74
24 86
43 88
56 57
86 24
37 43
45 43
82 4
94 37
69 69
88 69
24 24
90 26
92 25
24 37
19 37
1 1
98 37
102 37
90 63
69 19
19 37
90 37
37 59
69 19
59 37
68 59
59 37
24 19
1 59
28 59
1 59
1 15
59 59
1 37
1 37
1 59
107 33
80 1
80 95
108 95
63 33
1 107
100 95
87 37
92 15
59 1
59 100
87 94
1 3079
87 3079
92 94
1 3079
109 94
16 25
109 1
16 1
43 86
109 0
116 25
29 15
95 95
117 0
95 100
116 52
117 117
109 68
87 37
88 114
117 114
117 114
109 45
37 87
16 114
16 109
13 88
87 87
1 2676
88 88
1 16
88 88
16 88
121 2676
38 13
109 37
19 3079
121 37
11 109
13 38
16 100
109 111
121 68
86 86
16 100
38 111
38 19
124 37
16 122
88 16
122 16
129 109
87 109
38 109
109 109
1 127
127 88
1 130
1 109
88 127
38 109
1 100
62 109
10 1
1 1
62 19
132 87
88 127
50 1
69 1
135 52
50 69
135 55
135 50
38 55
135 1
135 122
38 122
1 69
132 33
137 1
136 24
77 62
77 109
122 122
50 50
50 69
136 55
132 1
136 0
50 77
136 43
50 52
43 43
38 122
136 19
43 109
136 37
52 52
43 24
136 102
1 126
138 122
122 138
138 125
122 122
138 19
138 138
43 126
43 109
140 122
43 77
25 88
78 37
0 138
77 126
77 77
0 77
138 0
43 0
138 0
0 43
77 24
43 43
143 24
1 54
13 143
138 124
138 1
13 54
143 143
1 1
1 143
122 143
145 0
145 87
67 1
145 3079
54 54
54 13
138 1
1 1
13 13
138 143
54 109
54 13
14 62
1 62
44 14
138 0
138 1
149 26
149 122
12 109
152 62
25 138
12 140
149 77
100 138
12 52
154 118
138 100
138 138
12 1
118 154
12 12
37 118
152 33
149 45
62 14
152 37
138 138
157 156
92 156
138 138
156 118
33 43
159 118
12 1
30 118
25 116
25 69
158 24
12 79
37 152
13 158
157 114
122 114
109 114
109 114
10 1
109 38
114 122
158 13
114 114
154 114
164 121
164 12
167 114
37 94
167 114
13 13
152 114
168 37
114 167
152 152
169 118
114 154
77 1
169 109
30 164
10 164
19 19
19 19
77 109
100 171
77 169
100 33
12 167
2 114
88 114
88 156
100 114
10 77
152 77
169 2
10 2
2 114
173 2
88 25
138 173
173 173
175 13
56 174
0 174
56 174
148 174
80 109
80 114
148 114
175 12
43 33
12 74
12 12
43 174
148 171
0 74
0 74
11 22
43 22
105 174
43 74
105 43
19 74
43 174
74 74
19 74
43 19
43 0
94 109
80 1
94 109
4 2
94 109
168 174
94 109
19 19
24 24
94 109
24 24
12 2588
19 174
24 2588
19 4
43 0
4 19
33 33
24 174
19 19
33 100
33 56
10 19
175 19
4 19
33 13
91 114
168 130
1 1
59 95
25 25
24 179
74 179
74 74
24 19
24 74
4 59
4 130
179 179
168 22
4 179
4 108
13 127
121 88
121 158
161 52
58 114
179 179
161 130
121 171
121 100
121 171
105 58
181 122
4 114
4 114
105 94
86 152
0 4
54 13
171 171
0 91
59 91
58 91
4 91
139 59
182 59
1 59
25 167
57 111
110 91
139 167
4 59
80 12
139 77
25 114
22 167
171 121
100 100
25 22
59 25
25 25
43 59
59 43
43 0
77 139
22 25
105 171
27 114
77 77
0 43
169 22
73 164
69 4
1 2
0 77
1 25
188 114
11 187
1 167
39 1
1 39
77 0
62 39
0 109
77 39
1 109
1 39
167 139
109 109
77 109
109 77
1 28
77 28
50 169
24 20
28 77
77 20
77 24
50 24
43 1
190 22
190 77
190 86
77 28
1 28
77 190
1 43
20 24
28 1
28 77
1 1
25 186
25 25
25 69
25 78
168 111
13 25
148 22
69 69
25 69
25 69
106 69
145 40935
77 77
193 77
109 167
13 168
94 94
55 55
94 25
94 130
169 169
169 167
194 1
94 130
94 94
194 130
194 43
20 168
0 167
24 24
24 69
148 59
0 0
11 0
25 48
186 174
130 94
0 11
12 0
88 74
0 74
40 114
10 0
74 0
0 74
43 11
10 74
0 0
194 74
148 74
194 74
194 109
43 86
156 156
43 196
1 43
105 0
196 43
19 19
43 196
13 196
13 77
74 0
15 0
15 43
88 59
169 59
88 169
68 109
69 0
59 88
88 88
167 167
13 196
58 37
58 43
22 88
0 0
167 167
58 121
58 167
109 86
0 196
109 28
109 37
77 77
1 109
1 88
88 88
63 63
1 59
0 1
0 88
109 109
109 109
88 1
88 0
1 0
38 196
0 0
1 196
175 25
1 88
151 1
151 45
151 152
151 151
1 151
13 0
1 151
151 3079
1 0
13 0
13 151
196 196
12 13
13 196
44 74
1 0
13 0
167 151
77 196
78 78
13 77
37 37
25 25
88 88
187 11
187 1
145 151
111 151
111 196
143 1
143 138
25 1
109 109
26 19
33 88
25 197
33 13
197 25
198 19
27 151
198 167
130 2
1 76
88 76
88 130
130 130
88 88
124 2
121 2
76 88
109 198
88 88
69 2
76 58
58 76
1 2
76 37247
58 76
58 25
112 37247
196 2
196 58
58 196
76 76
88 58
88 58
197 25
121 15
169 33
1 58
169 86
74 37247
56 58
44 196
44 2
2 37
38 1
58 58
58 58
58 58
58 58
173 58
199 28
199 57
173 2
88 58
197 167
197 169
0 58
197 167
197 169
88 76
13 22
88 22
77 22
0 22
13 0
0 0
58 58
58 58
58 58
58 58
58 58
19 26
58 44
19 198
58 1
127 13
127 1
1 58
58 77
58 58
19 19
19 76
19 88
58 19
19 19
145 0
124 1
1 1
25 1
1 1
1 1
145 1
145 145
145 130
145 88
38 28
1 38
123 123
1 145
78 58
22 22
5 167
199 12
25 1
78 44
22 173
27 1
38 1
199 94
199 4
89 2
74 78
74 44
123 25
164 44
164 58
164 43
88 123
88 1
88 124
145 145
145 1
168 123
58 164
0 58
58 0
33 169
0 0
182 168
182 2
1 145
1 27
182 1
91 6
104 76
86 169
89 44
124 88
25 74
169 2
88 88
58 116
58 116
38 1
0 98682
77 1
1 145
179 2
1 145
74 0
1 122
122 1
0 1
136 151
136 151
77 122
200 122
145 145
145 145
145 77
122 200
200 116
1 1
122 1
124 200
1 1
88 1
178 58
122 1
122 200
1 1
148 25
148 58
25 25
202 152
37 2
179 2
203 76
123 168
169 1
4 2
4 89
105 1
38 105
135 169
33 48
135 169
88 169
24 33657
175 2
205 74
148 44
206 197
206 89
1476 1
59 2
88 169
24 76
169 169
24 105
88 169
59 2
19 197
58 59
210 88
88 59
88 59
88 88
48 48
24 211
25 211
25 211
24 211
24 211
25 211
78 78
213 143
44 78
1 145
1 1
30 211
100 211
148 25
169 211
30 214
94 94
94 214
212 58
101 211
173 101
143 213
30 167
169 101
24 211
211 2588
211 3079
25 211
19 211
25 25
19 214
25 214
211 58
0 211
58 59
33 91
105 38
19 0
91 91
74 211
169 191
191 169
78 78
0 0
76 76
148 41
211 211
88 211
59 59
148 1
25 59
88 24
41 148
24 148
191 169
88 59
1 214
222 169
25 63
223 3
223 169
223 148
169 169
25 1
63 25
25 25
223 88
76 25
1 25
223 77
1 25
63 25
40 59
173 58
76 25
1 25
173 91
76 25
77 143
88 88
218 41
25 25
169 135
0 25
169 169
218 10
225 218
63 25
111 59
91 91
218 218
169 88
0 76
0 76
0 1
1 1
0 1
59 111
8 76
1 8
1 1
88 88
0 1
0 1
88 1
8 8
1 1
1 1
169 76
0 1
169 1
1 169
1 1
124 74
1 1
24 74
1 116
24 1
0 1
88 24
88 24
1 1
87 1
1 87
212 24
1 42
13 8
22 1
1 1
1 1
87 1
1 87
1 87
25 59
145 145
148 1
148 88
148 148
217 173
100 122
138 77
211 77
100 2555
25 100
77 138
138 138
101 169
101 173
74 74
25 101
25 227
24 24
24 88
222 91
24 211
24 25
8 8
25 25
24 179
100 211
91 222
173 37
88 88
33 2555
88 179
88 2555
32 28
73 211
73 211
73 87
148 100
73 116
59 25
222 175
0 33
8 73
73 1
0 0
0 10
0 11
0 223
4 223
0 223
0 223
211 100
230 211
223 223
230 231
232 231
13 231
232 8
1 130
160 76
231 231
8 232
160 223
0 230
10 10
13 231
0 231
240 116
230 231
230 230
239 231
169 1
27 231
232 232
240 101
1 1
246 240
1 1
8 194
69 239
0 8
248 231
0 231
243 42
8 231
251 223
194 8
4 231
241 179
139 231
13 139
255 231
8 211
258 231
139 231
241 15
10 10
0 256
139 41
100 100
0 260
175 175
0 231
0 269
194 260
110 145
232 231
240 58
41 218
41 41
41 148
273 232
243 269
0 231
121 260
1 269
232 273
273 122
194 243
232 277
121 231
0 277
169 1
275 269
0 277
121 138
257 214
231 231
0 254
121 77
232 231
231 232
0 232
232 255
279 254
231 4
279 254
231 232
277 0
103 231
76 280
0 280
36 280
277 277
36 231
284 88
59 100
1 4
241 254
103 194
112 191
240 285
231 36
0 0
289 231
36 36
285 240
111 111
194 286
0 110
240 240
295 280
111 25
111 168
293 280
77 284
231 289
231 103
280 284
112 280
225 280
285 240
225 277
285 240
103 284
292 286
24 110
292 255
1 1
286 299
76 232
243 243
292 282
0 24
122 282
76 76
302 231
42 1
76 8
101 25
208 282
254 241
254 279
4 1
290 110
286 230
292 101
4 255
300 4
231 286
231 299
280 231
290 231
76 306
309 231
306 76
200 231
313 4
231 5608
316 5608
76 316
0 5608
76 5608
0 231
315 59
19 316
0 127
231 231
315 59
317 5608
315 2
317 4
290 59
19 0
316 1
19 317
230 316
230 286
323 5608
321 79
230 5608
1 280
320 127
230 282
326 2
327 0
200 74
289 289
328 282
127 320
314 282
1 231
319 282
325 282
0 328
54 314
54 319
54 325
2 326
332 127
0 327
335 230
335 200
0 314
88 88
136 314
328 0
24 88
136 230
24 228
0 328
136 73
136 116
168 37
217 179
230 228
136 4
0 77
168 211
76 211
230 211
220 228
127 332
127 0
25 25
25 292
25 25
0 0
284 103
347 230
78 282
349 74
211 230
349 211
0 349
22 148
22 88
22 11
0 211
217 286
292 211
349 282
257 109
232 273
353 230
150 211
214 94
0 211
214 19
143 77
214 25
214 214
244 59
232 214
244 282
122 349
191 112
351 1
232 211
358 211
25 25
349 349
292 349
44 211
13 319
359 282
87 286
44 282
360 12
148 211
361 211
360 211
292 211
361 122
292 211
361 250
162 211
290 124
363 232
218 218
244 211
292 360
361 360
232 363
292 211
361 211
365 292
244 232
360 211
250 361
211 292
211 211
250 361
244 250
250 361
192 367
179 88
192 4182
12 4182
369 286
192 0
244 250
369 4
232 192
369 143
194 214
194 214
194 214
232 244
145 231
244 211
244 244
145 5608
360 367
138 244
376 58
379 231
380 211
373 211
78 4182
169 211
169 373
232 368
148 302
192 232
148 302
192 328
192 373
232 192
211 143
148 373
373 192
250 244
211 4
373 148
381 192
211 192
381 379
381 214
383 211
384 211
371 76
222 175
222 175
319 211
279 211
384 211
371 151
232 384
381 360
200 200
360 319
381 295
286 211
13 192
12 211
211 25
205 211
150 66
330 211
211 205
390 150
381 211
211 330
367 360
24 150
390 110
4 211
390 319
214 214
24 205
25 373
291 211
381 24
25 211
260 194
232 391
232 388
214 194
230 347
211 291
24 388
24 24
390 383
224 391
24 391
214 257
214 25
286 330
24 381
280 388
319 224
25 392
286 211
169 135
169 88
360 211
0 388
231 360
25 205
230 66
231 66
0 211
169 196
162 211
360 66
396 37
1476 211
8 231
269 269
231 395
397 66
0 360
376 4
25 25
376 258
392 25
376 302
232 211
25 211
224 231
148 211
394 211
230 231
360 367
169 367
232 231
391 224
299 286
299 231
25 25
394 105
25 211
361 299
12 148
286 231
361 211
403 211
391 66
230 402
369 231
4 4
145 299
383 383
4 402
148 299
145 361
135 135
135 1
135 1
232 8
361 8
145 66
361 66
232 231
394 231
361 231
232 361
392 25
394 402
4 4
4 4
286 286
24 145
394 224
369 395
286 231
4 224
369 66
232 31
361 31
231 31
394 31
394 376
411 8
0 232
292 231
25 25
105 66
279 231
0 211
279 394
394 555
231 76
88 88
88 88
88 88
135 150
361 254
31 231
88 254
31 361
31 394
211 211
211 230
334 231
76 231
151 231
88 555
211 388
88 76
151 230
217 76
205 24
211 171
88 211
59 394
0 211
8 232
208 211
8 105
230 230
230 211
412 211
392 25
232 171
66 105
66 360
171 211
88 211
168 171
194 103
0 398
415 398
231 67
194 67
194 415
416 211
230 136
394 415
231 194
388 211
67 194
231 194
232 194
171 168
231 194
24 194
232 412
394 194
0 232
13 150
24 412
24 211
59 194
169 231
24 194
24 231
394 231
422 88
0 423
169 423
217 423
423 423
200 19
200 74
200 415
178 194
423 169
423 169
178 66
91 231
178 211
373 25
150 231
168 231
169 169
174 223
439 274
286 274
274 440
217 373
440 274
200 287
200 121
124 448
0 391
24 391
223 251
450 391
200 15
223 174
24 24
290 287
450 231
77 391
450 448
450 287
76 24
450 450
24 76
174 174
353 274
230 274
200 392
274 274
77 448
122 361
299 286
122 361
24 156
200 156
88 156
138 1
1 1
2 353
0 1
0 0
1 1
88 458
1 1
88 458
353 2
138 1
211 458
88 211
211 453
211 448
1 138
458 211
458 458
231 178
178 231
231 412
231 231
211 211
211 1
459 231
231 1
231 453
211 230
211 88
13 1
211 458
145 211
460 211
13 211
13 211
145 1
145 211
13 211
145 211
202 454
1 211
292 461
284 231
464 1
395 369
464 22
464 2016
148 231
148 448
461 292
25 25
438 461
208 76
232 58737
205 58737
169 461
196 169
22 464
471 58737
250 74
145 442
232 244
369 231
475 91
361 22
361 464
381 24
74 200
74 74
381 179
101 292
286 165
244 244
165 286
369 290
232 381
165 286
369 205
169 165
330 330
290 369
148 179
88 211
148 302
292 76
292 76
292 292
292 292
361 290
291 290
292 292
240 468
290 361
243 231
240 287
476 273
240 240
291 178
361 231
361 361
361 178
363 363
361 66
47 231
88 361
0 66
66 0
0 0
369 66
200 200
178 361
178 291
179 88
178 22
232 488
148 232
488 232
448 148
17 24
0 488
448 148
58 231
205 480
488 0
438 488
373 217
369 438
0 0
394 451
494 74
394 373
494 468
494 287
494 0
107 25
392 392
200 474
494 292
494 179
200 392
328 0
494 24
205 0
291 58737
476 243
495 179
200 58
24 24
0 0
24 496
24 58
369 58
0 223
394 496
291 232
476 231
223 223
217 292
474 200
217 208
394 211
145 211
499 37
205 33
169 500
291 500
205 394
392 392
140 442
231 500
231 500
232 273
394 500
181 223
232 363
0 418
438 394
232 291
291 453
181 58
232 244
231 453
438 460
438 240
169 453
438 202
418 0
181 284
169 394
27 59
292 292
0 0
181 412
13 58
178 438
178 200
418 0
58 58
504 464
292 200
24 436
24 58
436 24
494 494
438 438
88 8
232 8
394 448
217 217
394 448
24 448
181 114
24 8
8 88
178 231
59 442
88 88
88 232
223 181
1 394
290 175
76 1
1 76
76 76
200 200
200 200
200 392
103 1
330 330
330 330
200 418
448 394
508 58
508 496
38 73
508 232
448 448
59 25
1 103
484 453
0 122
73 38
200 122
24 491
328 192
122 200
38 38
140 1
468 394
189 484
178 200
178 508
205 394
494 468
494 368
418 122
418 200
122 418
418 418
418 418
1 122
12 494
377 451
290 299
290 189
290 189
286 494
290 179
394 448
290 4
213 373
394 513
290 513
290 24
508 179
514 230
394 491
508 448
74 491
213 515
232 515
508 284
508 3
196 284
304 227
169 122
304 418
110 110
213 231
515 515
515 213
515 232
12 286
12 286
304 513
200 200
232 517
105 517
232 330
105 232
515 515
107 448
107 111
107 58
200 304
200 200
200 25
418 304
394 16
168 232
200 1
8 105
178 231
16 394
16 330
178 114
464 464
178 361
0 330
494 494
200 154
290 105
373 394
373 213
443 114
418 304
418 0
519 368
519 122
91 122
398 291
480 205
519 286
286 286
373 167
9 4
286 519
418 200
291 448
448 291
394 494
130 130
373 77
200 304
418 450
200 286
286 286
468 240
517 105
521 330
517 232
522 284
9 284
517 438
169 105
169 105
521 286
521 523
523 521
200 521
524 523
286 519
200 286
245 2
200 517
526 526
394 373
24 373
200 213
0 527
521 527
527 0
527 521
527 0
0 0
103 103
280 519
280 513
179 373
254 361
24 1
38 526
38 1
1 24
394 484
512 24
145 0
520 24
223 174
286 286
286 223
223 286
508 48
286 529
78 529
438 1
290 223
169 1
169 484
290 394
290 484
373 179
290 530
394 223
518 517
290 526
394 394
290 291
394 394
279 290
169 530
373 373
531 284
286 286
169 286
531 286
531 1
286 531
286 169
169 286
211 529
286 211
169 211
244 476
244 211
88 223
438 286
531 531
24 24
1 24
286 531
24 24
286 438
286 438
105 211
24 286
205 205
369 105
505 1
494 292
394 486
105 476
13 394
494 494
494 394
517 518
486 486
286 486
286 73
13 169
518 518
526 290
521 541
77 77
521 243
0 243
243 0
290 290
0 544
438 541
438 394
290 394
438 243
290 494
69 88
69 243
290 438
290 394
286 69
77 73
290 69
521 69
69 69
69 290
69 521
290 291
521 521
492 243
448 402
521 0
1476 541
24 223
24 391
24 391
280 223
391 391
391 391
109 402
468 542
8 373
109 438
547 542
547 468
280 290
24 391
24 280
136 69
69 290
1 290
178 541
508 223
508 223
508 515
0 189
25 25
494 494
464 328
464 290
464 192
464 392
319 391
319 169
1 24
519 55
290 544
351 486
44 486
44 351
265 486
148 223
369 265
486 44
224 486
290 224
290 319
224 169
224 330
286 353
279 224
265 265
286 151
169 319
286 290
169 391
211 244
515 508
438 438
361 361
169 211
290 552
286 211
330 330
211 286
286 550
486 286
290 286
152 491
491 152
174 556
24 319
88 88
0 228
174 286
328 464
24 231
0 231
24 231
0 24
286 174
24 174
286 290
286 486
292 290
484 394
484 189
59 231
292 231
558 231
231 231
152 152
148 556
174 174
286 174
286 491
223 508
291 58
223 152
286 58
291 228
24 58
189 0
484 174
200 189
200 200
229 24
24 24
0 91
223 394
0 566
169 566
566 0
566 169
527 353
169 452
168 494
231 452
169 169
394 452
169 169
200 494
200 223
103 570
286 103
286 84
208 84
508 84
24 394
508 286
24 394
84 208
88 550
189 189
508 231
88 88
84 508
88 88
84 208
189 84
0 0
84 189
84 286
508 508
508 508
84 508
84 508
189 189
84 189
200 461
24 508
0 508
24 1
200 243
189 438
200 373
373 373
1 24
200 373
571 571
32 24
32 24
332 508
189 508
189 189
77 508
189 84
189 189
1 24
77 18
136 353
381 232
227 304
513 571
148 353
381 84
290 208
286 286
290 394
208 208
290 452
290 508
232 290
286 575
286 150
286 576
84 84
371 494
286 371
373 373
371 286
286 452
286 286
381 452
394 575
227 552
381 200
578 571
529 286
578 461
290 461
32 24
290 292
290 286
194 438
390 18
394 390
148 373
290 373
24 390
290 394
286 390
24 576
228 228
394 390
24 394
194 232
290 30
452 452
231 390
232 232
373 290
373 213
438 373
191 390
191 191
438 571
438 84
531 84
531 286
224 390
292 292
290 292
231 496
494 200
494 494
231 31
4 1
31 31
290 496
231 31
290 361
210 575
290 231
494 227
205 231
1 4
1 24
224 224
231 0
496 231
24 24
24 4
224 394
31 31
224 4
36 231
526 290
231 205
205 231
84 286
84 531
526 290
290 290
290 290
578 0
553 205
1 4
169 31
553 0
556 174
194 205
116 583
178 583
194 583
553 583
169 116
169 205
0 0
0 553
0 578
24 583
553 583
553 205
169 24
553 452
553 169
553 552
292 150
178 553
43 116
43 544
0 43
168 43
369 43
578 369
169 169
438 116
58 205
290 0
290 369
496 290
290 290
286 583
286 553
31 169
301 583
286 43
24 43
496 290
496 231
231 231
0 0
200 373
69 43
200 200
289 69
77 69
77 373
200 496
77 573
43 130
531 508
531 531
290 290
587 553
462 167
290 462
290 167
169 346
169 169
169 167
169 346
148 496
148 167
462 462
369 369
462 169
169 1
194 1
286 1
589 84
575 286
575 394
589 1
575 394
381 116
169 194
194 194
553 587
84 589
381 205
286 286
381 286
553 286
290 462
570 103
148 58
167 169
290 1
194 25
130 43
286 286
286 286
571 513
286 346
217 169
231 346
217 248
194 157
1 231
275 32
275 32
135 275
280 66
0 66
24 275
178 553
24 275
0 66
24 66
476 169
103 231
394 32
98 66
24 98
542 547
542 468
275 211
438 66
275 391
438 346
275 43
492 43
494 571
494 200
553 391
553 275
184 552
64 169
96 229
64 229
361 0
96 69
96 22
169 169
0 361
411 1
597 61
595 61
508 508
130 43
394 224
508 332
571 578
571 438
508 77
0 209
24 96
169 209
24 533
570 570
231 533
231 533
231 533
346 286
130 66
598 533
290 73
69 229
292 275
600 533
600 189
600 113
600 330
123 73
240 113
573 77
240 169
107 533
217 123
134 32
134 280
200 113
43 141
596 189
144 596
148 602
148 107
290 458
290 521
148 458
224 394
458 148
504 1
290 148
290 602
458 148
286 194
194 187
602 602
289 602
286 554
604 187
570 570
148 194
169 458
148 602
290 286
229 229
229 64
483 554
169 240
438 66
394 554
200 606
0 231
231 231
43 231
533 231
0 231
231 231
231 43
231 555
555 231
194 0
231 458
286 286
286 0
289 555
148 555
275 134
275 24
59 43
178 231
394 231
275 275
280 280
217 231
0 286
554 286
286 0
289 0
275 24
24 24
24 24
24 217
286 286
0 373
227 373
373 227
373 0
0 231
286 373
0 373
0 0
231 0
613 611
578 611
286 231
148 169
613 4
178 613
189 200
148 0
76 231
135 211
135 613
135 4
189 596
373 135
0 0
373 0
373 286
373 0
286 286
217 217
24 217
394 616
373 286
189 616
69 616
231 231
24 616
24 1
24 616
24 0
1 1
616 616
1 1
616 24
0 0
231 616
0 24
616 231
554 483
231 231
178 616
0 231
616 231
553 533
533 553
553 553
553 107
231 591
231 591
553 533
553 231
194 591
394 616
58 553
553 58
394 591
58 286
58 369
553 553
553 553
619 0
44 0
619 523
619 0
619 330
619 1
619 58
619 574
347 231
77 508
0 574
619 187
0 619
0 0
0 0
88 148
0 619
531 544
578 280
394 544
574 574
231 574
298 0
298 231
574 574
231 574
200 574
231 1
526 290
200 0
289 574
492 574
574 289
0 574
574 0
1 1
0 544
0 73
200 1
0 574
494 109
231 0
494 231
200 574
200 200
574 200
200 28
200 574
574 200
574 0
200 616
200 24
217 200
200 591
619 211
178 211
77 211
619 211
624 458
624 616
200 211
486 28
486 232
626 231
627 167
148 169
167 627
621 267
227 267
578 109
627 513
290 148
148 290
290 290
199 632
199 267
373 373
169 169
523 619
148 169
150 632
148 290
289 267
634 44
44 44
167 167
148 28
361 167
290 290
44 634
634 634
200 169
126 632
191 28
361 211
88 523
371 632
394 126
280 578
88 148
88 310
578 394
0 639
290 639
191 126
191 191
578 578
286 371
148 290
148 88
44 634
231 632
24 371
438 513
438 310
0 44
578 148
231 44
588 310
194 231
619 523
44 231
44 231
619 169
588 126
231 231
44 231
616 394
280 578
178 211
231 211
394 616
476 616
616 179
194 231
394 616
619 97
523 523
619 267
523 619
641 97
178 211
231 211
148 24
148 148
148 578
619 619
200 126
619 43
517 97
231 517
517 517
0 280
231 280
280 0
0 280
619 574
619 517
44 231
585 280
178 280
58 517
578 280
280 178
231 517
310 438
310 588
578 231
578 178
280 619
585 574
290 574
24 58
486 232
486 24
231 231
578 58
486 58
58 58
169 148
58 58
619 58
231 619
616 394
616 476
616 58
578 231
616 517
294 292
178 178
616 0
178 0
178 211
28 486
231 211
0 178
0 0
24 619
486 616
44 231
24 371
517 517
517 231
619 619
44 169
178 178
643 74
0 178
0 644
44 143
286 143
643 143
636 642
44 286
517 642
290 643
619 644
642 636
310 438
642 642
290 169
84 286
290 619
169 644
290 280
286 84
88 84
290 4
280 290
290 290
585 169
310 438
74 643
585 606
200 143
290 286
200 647
24 373
24 267
0 24
290 24
619 24
619 647
231 231
231 231
619 231
619 58
619 596
619 361
231 652
619 652
231 619
653 652
654 169
643 643
4 290
0 655
512 644
486 373
578 0
69 523
290 659
290 655
373 486
371 371
371 286
177 231
74 643
289 662
662 289
126 126
667 655
169 169
24 0
289 655
289 289
289 289
24 578
292 24
12 578
292 578
194 130
290 290
44 290
290 290
653 130
292 655
0 0
0 0
200 231
0 280
44 231
610 231
647 200
647 619
588 310
588 12
588 130
671 290
652 231
231 231
231 44
200 200
130 130
422 274
422 231
486 122
619 619
619 292
619 24
519 486
310 310
486 24
280 373
310 310
73 211
578 292
578 24
519 655
588 231
438 671
523 619
486 519
619 0
290 486
290 519
517 642
290 667
619 292
169 290
49 141
49 673
169 585
0 130
662 289
130 130
676 290
286 130
290 130
286 32
69 127
290 373
130 130
130 286
671 671
178 127
1 44
178 610
143 211
200 962
231 127
231 373
231 373
632 231
231 231
467 290
486 290
486 519
44 44
286 231
44 676
286 655
555 373
555 373
290 467
290 290
304 673
682 373
486 673
0 669
105 962
290 88
286 388
44 685
194 685
74 570
199 88
686 962
231 683
585 175
286 685
369 199
199 88
44 286
685 286
685 44
290 685
231 44
290 49
88 199
486 684
486 290
290 290
24 292
194 44
143 286
290 290
290 286
394 458
531 652
684 684
103 458
290 290
619 458
292 292
492 458
304 304
689 259
286 286
286 286
130 130
574 290
310 222
619 69
619 292
141 49
49 49
69 619
49 49
136 684
692 299
231 692
259 689
301 692
692 692
69 574
655 667
69 69
69 619
519 331
69 88
519 692
519 199
136 49
331 331
17 331
145 388
521 692
290 574
268 268
290 268
655 667
200 55
13 574
200 55
290 55
699 962
200 55
381 61
381 61
148 55
200 696
685 286
696 200
200 200
703 209
683 231
24 55
24 69
24 574
286 692
574 290
574 69
574 574
32 286
286 286
24 52
290 290
24 692
199 156
43 692
286 52
268 290
0 280
0 692
290 290
194 52
24 148
32 286
394 692
531 24
531 574
531 290
531 671
394 692
671 671
671 286
151 61
200 484
200 145
286 145
290 616
286 200
148 145
200 200
616 290
286 200
0 286
286 286
200 200
231 616
574 574
290 286
231 474
616 231
616 231
290 290
148 711
616 231
58 458
585 61
231 231
231 42
42 231
523 619
616 290
523 619
585 474
200 171
394 707
169 231
169 42
578 290
0 145
24 557
578 231
599 639
231 231
200 557
599 616
290 290
557 200
521 557
474 474
474 585
557 200
331 17
200 200
531 574
557 200
438 49
704 24
614 231
200 200
290 231
171 200
394 292
200 200
222 290
616 290
616 231
599 696
292 394
171 200
200 200
616 624
290 290
616 616
616 697
578 231
241 61
616 614
0 616
169 714
200 169
574 531
574 290
49 136
574 169
49 438
578 714
578 169
69 714
292 715
714 578
714 578
578 578
464 616
200 616
714 578
200 616
209 169
606 585
606 200
231 391
231 714
714 231
692 521
692 692
231 231
231 334
714 231
448 231
717 334
69 692
148 692
148 692
290 231
721 962
286 718
259 720
488 438
290 720
290 719
286 722
290 692
286 720
394 720
334 231
286 171
483 483
292 171
290 723
290 292
531 720
292 292
292 394
619 723
619 290
722 286
145 200
145 148
483 331
145 1
578 292
231 619
145 231
0 114
74 231
74 717
0 292
369 114
24 286
292 292
483 692
145 171
88 0
9 114
88 369
88 114
438 286
292 231
557 200
574 169
230 230
292 42
1784 707
292 231
369 369
588 619
521 114
602 290
292 44
521 521
211 231
369 292
241 292
171 292
292 241
292 369
168 394
148 148
292 704
292 704
290 290
292 458
88 521
0 290
103 292
292 103
231 292
148 290
730 718
290 290
290 290
292 231
0 290
0 290
645 290
290 290
59 231
619 619
735 458
394 734
394 733
231 734
200 292
737 230
737 328
394 231
742 353
484 200
9 521
168 58
394 58
704 704
574 578
168 353
168 286
174 286
1 734
127 231
127 178
200 474
292 200
231 200
200 200
200 200
231 200
715 292
715 292
137 292
743 557
619 748
274 274
77 748
732 748
610 616
619 732
655 667
655 519
12 286
290 732
168 750
718 286
331 483
750 168
750 719
168 751
486 751
290 114
123 205
123 58
148 290
148 640
191 28
191 726
286 486
438 726
721 486
286 746
286 721
286 721
286 286
689 259
286 259
721 721
393 726
369 231
286 12426
486 486
232 486
474 200
486 486
704 292
369 726
200 200
148 290
530 58
259 286
757 331
757 17
723 619
723 723
290 290
578 723
692 521
692 148
723 723
200 200
640 148
292 137
458 292
458 735
148 148
148 148
292 486
578 723
292 292
43 707
42 292
616 200
616 616
616 231
292 0
592 219
592 292
0 292
760 122
394 231
619 12426
430 231
486 290
750 231
486 292
474 200
486 290
619 219
750 750
619 474
148 290
486 486
168 474
474 168
231 750
24 761
24 430
24 219
286 292
619 168
762 168
286 763
761 761
292 292
1 761
88 474
763 763
200 200
619 474
619 169
231 766
217 394
231 221
763 763
1 88
767 486
616 394
616 231
393 486
393 231
766 231
767 767
474 168
619 767
767 766
619 766
88 88
767 767
280 486
290 767
200 743
231 767
290 766
241 726
286 763
766 231
767 767
231 231
619 88
766 231
24 768
768 768
619 768
346 768
231 231
746 286
24 619
116 116
116 169
750 750
69 474
619 474
231 474
494 486
43 496
619 36
619 168
496 496
496 43
767 767
769 486
486 290
290 767
763 763
290 189
286 770
474 619
169 324
292 324
169 474
169 741
704 619
286 169
169 324
169 324
770 770
761 1
393 292
393 169
194 776
369 763
619 619
373 373
43 373
778 778
169 778
43 521
666 619
371 526
474 619
619 619
1 692
504 1
294 231
619 766
766 619
231 766
531 766
766 766
619 619
178 769
531 642
531 642
486 769
508 766
508 508
508 767
508 324
508 770
508 474
508 619
36 619
110 110
669 200
669 686
669 699
785 766
653 767
21 486
21 486
21 767
21 21
43 791
43 21
21 21
43 457
721 782
17 43
508 791
508 791
793 292
43 43
508 526
486 169
290 791
290 290
508 697
508 721
508 655
508 655
508 707
519 77
508 962
508 156
199 21
519 0
794 199
519 574
286 771
766 619
766 508
393 793
766 766
731 21
771 286
169 169
776 194
578 791
578 791
578 791
791 791
791 791
231 800
791 578
231 229
791 578
290 662
778 169
791 766
290 286
806 782
200 276
0 231
276 200
200 200
0 391
391 0
574 574
21 731
21 276
371 276
21 21
21 276
276 200
361 371
21 800
286 185
200 231
21 185
750 185
200 200
578 578
750 231
21 231
17 43
276 200
276 371
809 21
151 276
811 58
813 632
11 58
36 36
36 185
814 21
811 280
814 66
811 659
241 0
811 223
526 371
811 231
814 1
811 45
814 231
811 448
721 58
526 508
721 811
526 508
394 766
103 817
766 394
394 394
766 394
195 280
195 91
195 517
791 578
619 1
619 391
200 795
394 795
200 815
795 394
394 394
795 200
523 11
795 394
394 394
200 795
200 200
662 290
185 286
699 0
750 1850
699 280
286 286
492 126
812 126
231 231
43 812
11 285
289 285
508 285
1 1850
826 285
827 766
766 827
766 827
619 289
290 289
589 589
289 21
11 241
619 241
519 229
145 126
512 828
721 828
24 391
827 827
827 817
782 721
782 721
194 828
831 1850
831 280
832 324
832 791
832 508
280 833
280 280
653 195
1 361
24 43
24 324
748 280
43 43
280 1850
619 77
521 43
619 324
1 43
519 619
781 280
781 817
837 369
619 619
827 838
168 838
838 827
839 286
839 169
839 286
519 4
519 737
286 839
508 508
394 1
200 451
200 737
686 962
839 839
839 839
136 43
88 280
88 59
814 59
844 209
814 398
43 209
811 737
59 88
737 519
737 811
619 519
737 737
737 24
245 126
289 834
289 839
811 811
290 815
66 66
199 21
24 398
817 827
422 24
750 324
750 737
286 367
834 289
851 800
145 1
290 285
103 367
737 750
290 832
737 519
653 66
394 737
0 737
145 1
795 394
795 200
231 737
200 200
793 324
145 394
793 833
398 814
707 619
289 289
289 619
394 619
578 853
853 578
276 1
280 280
43 853
519 519
519 0
0 619
0 619
0 19
839 839
0 839
834 289
737 394
619 0
0 0
737 394
168 839
839 195
850 290
850 831
850 280
850 195
163 21
0 230
43 0
0 332
230 230
290 290
619 0
286 527
108 508
108 855
587 855
851 486
619 704
285 285
1 1
1 88
777 230
382 763
0 0
0 856
382 444
831 444
831 486
610 856
826 444
278 486
211 737
211 58
858 474
486 169
519 211
195 619
195 619
474 858
858 527
486 211
862 861
861 862
862 862
148 276
286 276
286 862
692 276
769 769
692 148
692 521
276 286
285 839
862 856
800 231
863 861
791 832
486 863
486 769
585 769
486 58
286 409
286 409
866 394
286 807
845 752
286 752
845 286
286 286
814 640
814 752
619 195
619 195
867 867
8 814
286 733
688 733
866 734
519 5608
866 486
839 839
394 866
839 839
148 148
704 619
394 867
148 286
592 867
194 814
24 868
839 868
839 24
280 640
135 508
733 688
331 867
0 774
0 715
76 715
736 715
737 211
748 787
290 77
870 855
870 861
870 646
870 58
394 394
394 394
763 382
438 863
382 382
699 108
69 69
69 88
169 839
286 24
0 0
103 286
241 286
578 438
873 752
873 704
814 438
280 58
168 750
871 438
280 874
750 168
874 280
120 814
520 874
839 839
676 676
619 50
676 874
870 50
290 578
831 640
290 24
876 394
438 871
876 486
148 874
870 24
286 247
688 646
704 873
870 851
286 878
286 151
704 619
286 878
851 851
382 286
286 286
394 876
393 394
393 878
88 88
145 858
231 247
394 393
231 879
870 58
135 24
168 168
247 247
526 508
619 247
619 247
394 750
302 619
483 1
521 52
231 52
616 290
874 874
148 247
168 231
616 610
619 231
750 750
870 52
247 619
247 148
527 286
527 858
486 231
619 148
619 486
870 486
231 231
879 879
870 619
0 286
865 750
619 169
619 619
865 486
619 865
247 148
870 619
870 619
286 286
438 750
889 52
56 0
189 600
492 874
578 619
750 865
619 578
619 890
1 483
1 483
136 888
653 890
136 286
653 879
58 58
519 619
892 619
519 373
814 619
519 880
826 185
519 148
211 851
145 486
486 486
382 895
382 880
382 519
508 135
508 135
508 832
508 832
122 286
508 894
508 880
508 653
578 578
508 879
151 286
151 302
851 211
519 896
519 519
895 382
148 578
619 578
896 519
653 653
373 373
200 247
216 619
393 2676
897 2676
275 851
275 409
231 0
814 0
890 890
867 331
867 592
880 880
880 508
880 508
880 519
381 151
474 858
458 292
458 458
231 286
231 286
0 286
627 286
286 627
286 0
0 0
148 458
231 0
275 286
519 519
286 0
229 519
519 519
899 231
619 216
627 627
394 895
627 169
247 200
394 865
627 0
148 148
148 148
168 148
231 148
592 768
231 0
880 519
24 148
168 448
627 448
241 275
191 486
200 200
168 24
24 168
24 52
483 653
6 52
78 6
6 59
24 6
286 275
290 52
870 52
870 627
870 627
870 286
870 0
290 6
24 6
870 6
902 448
52 52
59 6
290 6
52 52
870 52
870 52
519 519
519 519
24 52
24 52
870 275
531 280
280 531
494 831
52 52
52 24
24 247
21 280
588 247
24 86
86 86
86 86
319 24
24 231
382 247
24 619
895 394
870 247
531 531
531 195
195 195
290 247
286 444
148 148
148 444
519 444
870 382
519 78
519 78
290 195
382 870
78 519
870 870
627 627
78 78
151 653
382 444
286 78
879 508
286 319
870 627
310 78
148 148
78 286
148 148
78 310
381 151
519 151
381 0
519 381
286 381
519 381
381 627
519 151
381 275
519 151
381 280
231 151
909 241
909 231
290 907
909 909
369 286
24 907
289 78
286 369
289 444
194 78
1 907
444 382
247 24
444 519
444 148
444 286
885 151
24 24
247 24
709 910
910 709
247 24
770 518
870 910
231 870
770 517
912 195
912 78
870 231
527 527
382 519
195 196
653 483
653 483
653 653
519 870
870 519
519 519
24 644
101 101
280 101
578 0
578 0
619 195
78 519
200 231
148 148
627 627
382 280
382 787
382 519
519 49
101 280
814 49
148 148
368 519
151 519
885 330
368 232
394 285
721 752
394 330
592 885
145 286
592 286
24 24
619 286
619 330
24 286
24 619
148 148
280 280
280 280
885 885
286 619
286 286
200 918
49 49
49 519
191 286
519 519
519 519
486 644
191 458
56 752
519 368
880 880
394 1
427 918
519 1
286 191
24 918
619 231
231 619
191 191
285 394
619 921
921 619
43 285
43 191
619 619
301 655
909 774
909 655
909 24
512 638
512 774
486 655
923 921
191 43
49 143
319 319
531 143
531 143
369 143
195 195
195 923
6 286
921 619
921 923
143 49
638 638
831 59
519 285
519 909
203 24
124 394
203 334
674 59
203 151
49 49
519 369
24 238
24 203
519 143
519 238
24 201
519 203
851 231
870 231
870 203
17 126
24 231
148 126
843 201
148 201
843 373
54 921
201 843
201 148
201 201
843 16
885 924
814 16
369 814
369 369
16 843
492 655
909 909
873 126
873 921
24 58
368 519
52 16
619 58
619 203
57687 58
57687 787
57687 126
721 58
285 519
486 58
486 259
373 843
143 49
531 58
521 203
521 924
880 880
195 924
195 286
519 519
280 259
831 16
486 714
148 148
148 148
486 231
148 126
616 616
486 58
486 831
486 52
486 319
931 714
195 66
195 259
195 486
195 114
280 365
52 52
259 195
259 486
259 259
94 195
94 178
714 931
714 486
486 486
486 931
486 289
486 280
365 280
58 58
382 394
143 143
24 280
231 486
231 486
24 486
231 486
24 486
231 486
814 851
814 195
814 814
494 619
49 4
932 49
24 49
831 4
927 831
927 49
24 49
69 814
382 927
285 382
227 49
12 231
227 851
12 486
289 683
382 382
486 143
486 486
148 148
486 486
151 519
143 143
148 523
191 936
936 191
290 936
276 114
521 49
521 143
231 12
24 382
733 2
831 831
24 486
135 521
148 231
653 936
56 191
519 231
486 486
616 2
195 94
486 143
885 231
365 280
483 17
483 16
17 483
486 17
921 923
17 486
143 143
143 143
521 521
76 17
578 231
521 16
578 191
231 486
231 486
486 486
280 280
59 674
382 486
382 483
292 486
382 394
286 486
49 49
382 292
619 292
619 382
382 619
382 382
217 16
791 578
285 394
873 126
126 126
43 43
184 286
274 274
78 16
290 16
486 1
1 486
382 486
148 285
12 761
292 632
286 143
811 365
674 674
286 143
286 942
791 578
319 486
292 942
689 292
912 286
912 811
286 286
381 942
381 286
381 43
290 184
942 942
292 382
714 486
382 382
592 280
126 126
126 126
126 126
292 568
286 777
394 518
292 518
292 518
292 394
151 292
518 518
151 365
135 286
135 135
135 915
292 151
17 483
368 519
1 486
1 135
915 135
148 16
851 117
851 16
1 1
168 148
168 117
200 80
200 80
492 1
286 371
80 80
292 616
24 616
1 1
616 24
616 616
382 483
286 1
280 280
1 286
286 394
286 556
578 16
578 151
578 117
1 1
316 695
50 870
290 862
619 223
486 1
695 316
148 371
371 286
371 148
200 227
381 227
381 382
381 382
286 227
286 695
486 381
948 230
947 223
365 280
365 151
365 811
148 381
811 365
568 292
952 218
953 365
382 381
290 954
12 954
292 292
24 954
12 954
24 954
12 954
24 546
286 954
777 286
382 382
292 286
546 24
135 135
135 135
286 286
148 382
43 99
99 921
272 73
272 99
272 272
286 272
382 382
292 73
292 382
292 292
24 945
99 43
0 950
0 862
24 43
394 73
0 945
394 546
316 394
546 394
546 394
394 394
546 394
195 636
721 770
492 770
24 851
486 286
959 486
272 954
954 272
286 286
290 851
76 851
290 76
290 770
272 272
272 272
851 76
1 954
1 962
218 952
24 1
954 272
962 962
24 962
24 962
24 135
1 1
695 695
24 24
382 770
382 286
382 954
382 24
382 76
640 148
24 274
272 274
272 272
24 859
962 962
148 148
148 394
286 286
519 859
519 965
519 965
290 862
965 965
557 673
292 965
814 118
24 557
557 557
24 557
24 339
98 339
80 339
286 339
557 557
241 339
267 859
486 968
135 968
947 339
148 195
104 968
947 724
619 724
619 947
973 965
619 962
519 724
977 724
976 968
519 724
974 724
977 105
519 402
974 486
519 33
962 962
168 100
519 61
286 915
168 915
578 947
286 519
61 519
852 319
984 859
984 683
985 984
168 984
983 339
982 519
285 947
0 918
814 169
814 105
382 918
382 918
382 979
382 286
492 724
289 965
893 862
770 770
148 954
724 492
954 148
382 724
989 962
519 519
276 286
519 974
519 988
724 724
519 931
519 267
148 931
519 852
991 138
292 292
191 43
993 954
852 519
286 852
286 603
191 195
995 724
995 724
945 0
945 24
24 24
24 24
24 286
885 286
851 851
286 165
962 603
286 937
962 937
24 937
937 962
915 168
168 230
382 724
851 275
168 458
24 937
962 458
24 519
382 286
486 812
962 699
812 486
292 168
812 962
458 168
458 962
382 812
762 25
962 812
382 812
983 937
645 12
519 519
519 672
519 962
382 962
24 519
24 962
24 492
852 286
852 4
223 619
998 765
227 851
223 947
486 486
12 645
937 937
937 24
223 947
223 223
486 937
486 937
394 191
486 191
394 721
486 236
721 236
168 236
1003 236
721 236
168 292
1003 195
1003 965
1003 1004
168 203
1004 1004
168 76
851 1004
1004 1004
1003 1001
339 947
339 983
851 1004
339 286
339 339
286 286
845 1004
1004 845
979 382
962 22
962 773
721 773
773 962
286 937
965 965
0 118
1011 937
519 286
24 339
645 645
286 286
866 773
1001 1003
1001 1003
962 962
773 866
12 645
1003 1014
394 1014
737 750
1015 1004
1015 554
521 0
382 382
13 521
168 1012
1017 937
554 1015
339 339
339 286
1015 1015
1015 306
1015 774
382 486
57687 766
554 1015
0 770
0 168
0 948
0 0
168 168
1021 168
770 0
168 168
289 0
1003 168
12 48
25 25
373 373
227 25
483 1026
394 1026
486 5638
773 962
578 1026
382 394
195 191
195 1004
369 1029
1003 1003
1026 394
1026 578
1026 483
57687 458
57687 591
57687 440
57687 5638
1029 369
286 590
394 410
410 410
394 1033
394 410
578 5638
286 1033
0 0
1012 168
814 1012
286 1034
1034 286
168 1003
168 286
98 1012
1036 458
458 1036
486 486
590 286
48 12
851 458
1037 410
1037 59
1029 369
1029 1012
1037 292
458 851
24 851
885 458
995 345
168 345
995 947
1039 345
995 1029
1015 947
995 24
77 947
995 1039
885 231
1040 995
995 947
995 231
394 345
394 231
77 231
77 77
345 995
1040 1015
995 122
1041 410
1041 379
519 1041
69 995
69 394
285 27
136 1033
1029 995
90 384
168 77
995 1034
191 191
191 486
191 394
12 12
191 486
191 486
292 1037
486 486
974 974
974 231
937 486
974 1003
974 168
937 983
937 937
989 947
369 974
369 394
369 721
286 1044
1015 77
369 369
191 989
1015 589
947 1015
191 852
1044 1044
191 928
169 458
928 928
1033 286
1003 936
1033 136
928 1044
0 1044
519 65
474 1044
200 962
1034 995
1034 995
667 191
1048 1048
104 191
12 1044
1046 962
1003 962
851 962
286 962
1003 851
286 1003
1051 231
104 458
1003 1048
1003 521
1003 484
912 851
851 365
279 365
168 230
578 484
12 645
578 365
578 1048
1053 770
394 1044
852 191
492 578
169 365
885 279
1039 65
578 578
292 1012
24 1044
24 231
1003 38
39 39
852 852
905 365
1056 1048
259 1832
148 912
12 1060
285 12
148 12
394 1832
224 1023
12 12
1060 12
148 12
369 912
12 12
191 667
1050 1832
1062 1832
947 168
191 486
912 148
126 126
12 12
928 928
24 1060
24 394
1003 1060
1003 1832
1003 259
1003 394
191 905
898 1012
394 394
484 947
484 1003
65 1039
1003 394
394 1003
394 394
519 286
191 365
484 962
394 191
191 936
286 936
962 24
928 1012
12 936
721 1062
120 0
135 168
135 1003
912 0
912 1003
1064 513
928 928
224 554
486 1025
1003 1003
1003 1003
0 0
0 120
0 991
39 39
370 486
168 1060
286 486
962 486
286 191
24 394
486 286
224 394
962 191
991 0
902 704
0 0
902 571
902 902
224 1004
280 80
80 80
1065 259
962 1065
514 230
514 230
39 39
394 394
1048 1003
858 1025
120 286
120 168
80 280
858 1034
858 80
858 280
77 77
80 858
858 858
191 962
962 962
811 80
148 0
936 286
12 0
191 191
394 286
382 148
12 0
285 519
285 519
1023 224
1023 224
1023 224
148 1071
80 286
80 811
653 1060
814 259
286 286
811 1071
811 1048
224 80
80 962
1064 496
24 1072
1073 984
1041 1072
224 224
224 224
486 1074
492 1041
1074 1074
280 80
168 1073
1075 1060
105 486
169 105
486 486
1076 105
17 169
292 496
852 105
1015 1065
947 539
588 994
947 662
539 947
994 588
600 539
103 1080
653 1080
811 539
280 1077
721 280
280 721
588 588
588 721
588 721
588 103
588 336
962 336
1081 1080
962 653
1081 345
1078 1025
1077 1080
1081 230
1081 413
191 994
1078 486
1060 1060
1078 230
811 230
588 230
962 200
890 0
289 196
831 280
148 280
148 196
148 286
588 191
1083 1064
1083 1071
1083 936
224 962
286 962
153 1077
539 539
286 1074
224 286
539 811
286 286
224 286
224 394
382 653
286 286
290 1023
290 232
984 232
704 902
812 232
232 232
232 290
554 224
812 232
870 232
290 290
94 94
94 1003
947 458
458 947
458 947
3 382
947 947
1087 486
692 692
692 692
1088 409
1034 858
1009 692
458 947
438 232
438 947
869 168
811 382
438 811
438 1071
811 947
1077 819
1077 153
1077 280
974 819
974 1009
1089 1080
382 3
962 390
1009 1009
168 554
168 1081
578 148
286 1090
290 692
290 1009
1015 474
1015 1090
812 819
812 692
947 819
1092 936
168 382
1078 88
578 474
1092 413
382 382
795 1034
619 692
168 308
227 578
308 168
69 458
1096 413
134 474
1090 1015
1090 286
1097 819
890 819
12 1097
193 1080
1078 24
1078 1
486 1078
148 148
148 1097
381 381
578 148
148 590
365 169
1034 795
851 851
851 905
1078 715
995 1078
148 148
1096 1034
286 308
995 862
227 134
1076 1080
286 692
134 134
370 308
191 191
191 994
191 905
191 169
819 1097
200 236
148 236
614 557
1003 1003
148 614
1003 286
1003 1072
1003 1072
1003 1093
286 1003
286 1003
1003 286
148 16
1003 1003
1003 286
286 286
286 286
962 148
995 1072
1034 795
1034 1096
148 148
290 1072
148 148
616 452
531 869
1072 1041
588 16
588 148
588 614
148 148
995 995
486 16
1003 286
338 308
241 1015
1103 1103
1103 1103
486 1103
610 238
1093 1003
168 236
148 236
286 286
286 238
380 1080
390 24
290 1103
1090 238
290 238
382 134
382 1015
962 1102
24 24
24 1090
1015 1101
474 307
1003 1003
645 1101
1093 1003
653 307
653 539
811 811
1081 1081
819 1097
588 962
1023 290
1023 224
937 486
290 962
1003 1003
227 349
1034 995
290 290
1003 539
199 962
1101 645
307 653
307 474
653 653
885 88
307 474
1093 1003
1003 1003
1003 307
1003 307
1093 1003
486 406
406 486
795 795
406 486
653 1003
474 474
474 474
811 1107
290 406
1003 1003
653 1003
338 555
230 948
1107 811
770 0
770 0
290 1109
49 1109
1111 373
1111 988
994 994
94 1110
94 290
94 49
1112 49
1101 1101
1015 1101
1015 126
1015 406
211 539
211 39
227 227
175 238
307 307
39 211
486 486
370 994
39 126
370 1109
13 994
1102 345
1102 231
39 211
286 126
286 1110
227 13
227 169
290 1110
1101 1015
1103 1103
1103 290
286 1109
885 145
307 1103
653 1003
995 995
653 1010
936 191
578 1115
1034 995
962 578
1003 1003
1003 1003
43 578
43 578
413 1092
103 653
394 962
406 406
191 191
191 191
578 962
578 578
1116 962
169 169
1093 1003
539 653
539 539
539 211
590 148
1116 1114
1114 1116
642 642
653 653
137 557
1058 394
168 231
1107 1107
1116 1117
24 574
574 24
1119 574
890 334
290 290
1120 1120
1010 653
413 1096
458 947
474 307
24 1121
24 1120
947 947
24 458
947 947
811 458
24 458
1121 1121
148 1121
148 1121
191 962
1107 1123
24 1123
1116 1123
1116 1107
1107 1107
1123 1123
1123 1123
1123 1123
1124 231
1116 1107
1107 1107
76 555
962 555
1015 406
1116 555
1015 168
1116 936
936 1116
1015 1120
1015 4
1116 1116
168 1116
616 1116
592 936
1116 195
231 1126
1116 1126
231 1116
1116 616
1109 290
947 231
1126 1116
1116 231
231 231
1126 231
286 231
974 519
974 1126
974 555
135 1121
1015 1015
135 290
1130 231
1116 962
916 962
574 1119
995 995
24 1015
1116 574
1132 1126
1093 1003
211 148
1058 1832
329 962
329 936
331 1130
1126 974
1126 1132
148 962
766 57687
766 766
224 928
224 180
1137 962
134 134
947 962
148 211
704 24
55 936
148 1139
476 486
241 1134
962 1107
1116 1107
1116 705
1114 1114
1116 995
168 705
1107 1107
148 486
1107 1116
476 486
307 1832
592 936
936 592
486 148
486 486
962 1107
1116 168
936 592
148 148
936 55
1116 936
148 148
962 947
168 962
148 699
962 168
394 994
486 994
290 168
195 962
148 448
290 448
486 486
486 148
394 394
592 24
592 1142
962 168
962 1116
168 168
168 394
1116 766
994 486
1117 1116
1117 1116
947 448
1117 1116
947 947
578 448
448 947
1015 699
1142 1142
962 1102
1126 1116
286 1139
1116 1141
211 1141
180 224
928 224
947 947
224 224
126 164
126 962
1121 148
272 148
1121 1121
272 191
191 272
39 39
1115 578
124 191
191 124
936 1116
994 486
307 962
1116 1116
1116 1144
1116 1142
867 539
241 448
24 962
180 224
448 241
748 1141
448 578
448 290
619 1065
448 148
1015 1146
29 168
168 947
1015 148
148 148
1146 1146
148 1146
1102 962
1102 962
578 578
1146 1146
1142 1116
962 962
1116 1116
1003 1003
307 448
195 1116
1116 247
1093 1003
135 307
448 448
286 353
1116 1149
539 867
247 1116
168 1148
286 1148
168 1146
1148 168
168 168
307 448
307 448
1122 137
1116 21
448 448
1148 168
1116 1122
1148 1151
168 1122
168 168
21 1116
1119 1148
1119 1119
531 941
995 941
701 200
1003 1003
1102 1146
1122 168
1078 280
148 1146
24 1155
1078 167
148 1155
1078 88
1078 88
194 1151
1078 325
1146 1102
1078 100
1078 24
1146 1146
1078 1064
1078 1064
1078 1064
1078 382
941 941
941 995
1078 448
839 353
1102 1102
1150 1110
1150 746
1146 1102
194 557
962 557
168 1110
1155 1155
1139 286
1139 286
24 1155
962 1155
1156 1139
557 194
885 138
195 398
557 962
394 398
24 231
24 394
39 398
39 39
1015 1156
394 398
394 398
1156 1156
962 448
474 398
168 448
448 448
1158 828
24 394
885 828
286 394
137 1122
1015 1156
1159 353
587 398
1159 1148
1159 448
724 962
724 307
1155 962
699 1015
699 1015
1078 151
1161 1161
448 1159
448 448
1116 168
54 325
811 394
811 1148
349 227
1119 398
699 148
1078 325
1078 394
811 398
191 962
191 962
1063 1148
811 241
995 995
307 39
1142 1142
811 1151
0 398
168 1167
962 962
1168 232
398 1119
550 550
398 1161
426 241
394 294
1167 168
1141 211
1148 1159
811 1167
54 325
1129 299
1081 575
394 1172
168 168
288 398
1144 1116
653 398
448 448
294 394
382 1122
382 191
135 909
382 962
865 168
865 138
578 1091
578 347
169 1091
831 1172
865 294
169 850
1091 169
280 347
1091 578
578 850
294 865
1176 850
286 347
24 1172
24 1172
865 168
168 865
1116 112
1116 962
1116 1178
1180 1151
1119 1119
811 406
1034 995
243 168
578 1178
974 1183
578 1181
578 1151
272 272
578 55
588 10
10 10
588 406
811 1158
1178 578
1178 1178
370 1158
24 1103
168 243
168 243
394 394
578 578
578 10
394 1158
1188 1173
1187 1103
851 1158
1187 398
306 1116
619 24
619 406
394 1190
947 1190
578 1190
394 1190
667 1190
851 1190
394 1190
24 619
24 1190
1158 370
1103 24
1103 1187
24 24
494 292
230 1158
1159 1159
811 494
1195 1184
1173 1188
1158 1158
1010 1010
151 151
1158 370
394 875
875 875
394 1197
394 875
230 1158
1197 394
353 353
811 353
24 353
290 353
1130 286
1197 1197
937 1197
168 1197
24 1197
1158 937
486 24
1195 223
353 353
1199 286
1199 55
1199 1117
1199 555
1199 373
1200 39
1 338
1077 1191
169 1201
1201 169
307 286
307 1158
492 169
307 724
307 307
1159 1159
1201 169
1159 1159
308 286
168 373
1040 962
336 962
962 353
962 437
653 962
17 653
588 962
1159 962
17 588
588 1202
319 319
319 437
962 951
148 1158
148 937
937 148
191 1169
1158 1158
1158 307
1188 1173
148 1202
1206 1173
811 1163
286 962
307 307
811 224
307 653
224 811
995 995
995 995
55 1199
307 962
168 224
286 1203
394 1203
286 1203
394 1202
286 1210
394 1202
394 962
286 1202
937 148
653 653
653 1203
1187 1187
653 394
1209 1158
135 307
135 370
135 496
135 286
148 148
1034 995
307 307
1212 1118
743 962
483 148
1118 1212
962 743
743 743
962 916
492 916
394 394
1159 1159
1159 1159
962 195
962 394
1158 370
286 653
667 667
339 361
699 699
653 653
578 496
578 1210
578 1169
578 962
1116 962
962 578
1077 1199
962 1199
962 1199
531 1210
1159 189
437 962
588 928
752 1105
1077 1105
588 1077
148 928
394 1105
578 1203
928 928
194 96
286 1218
928 148
98 1219
286 1219
1063 937
1063 1200
1219 286
1219 98
98 98
98 98
1219 98
1219 98
1219 98
98 98
286 286
962 4389
989 452
962 1218
10 578
1209 1209
191 752
24 1219
24 962
588 191
588 437
169 513
24 513
492 80
394 1163
1218 286
1218 1218
1188 1199
191 80
80 191
195 962
851 1163
394 851
24 851
1219 286
851 851
851 851
39 1199
1219 286
1163 851
148 286
1102 962
426 1118
426 1071
1219 286
1219 1219
426 209
10 962
426 282
286 286
1219 98
426 88
578 1218
831 426
1113 962
168 274
69 394
1166 209
1 1169
1 200
200 1
1169 1169
24 1169
24 1034
394 394
578 195
394 195
1105 1077
1105 394
578 200
1077 1077
394 394
96 194
1199 1077
1199 1188
1199 1199
1199 962
1199 962
1199 1199
1015 1034
1227 1169
272 80
80 272
437 588
437 437
962 80
588 437
1159 1159
1159 1163
1163 1159
1034 1015
1166 1166
194 194
974 1158
57687 1161
151 294
224 811
272 151
151 1024
989 1169
989 1169
272 1169
962 151
231 1231
148 1231
286 1081
286 1169
1169 1169
292 292
286 122
1169 962
135 307
168 286
168 1169
104 1163
1185 1185
151 151
148 1231
189 168
148 168
148 189
667 667
168 168
168 148
851 1169
231 1231
1169 1169
592 448
592 151
104 1169
962 550
168 1169
550 550
578 550
280 1169
394 1
394 104
394 1169
175 1102
458 24
280 280
1192 448
458 811
550 550
98 989
492 592
492 151
578 763
578 550
168 280
168 550
1159 272
426 962
747 747
104 989
1081 286
588 104
274 280
1081 286
285 1169
1236 1169
588 1169
937 39
1078 1078
578 989
302 1230
191 191
811 989
951 280
286 286
191 752
1218 1218
851 1169
763 763
989 440
191 752
191 752
191 752
588 989
995 995
588 989
148 989
989 989
989 1237
989 126
1237 989
1163 1163
1163 104
148 989
148 989
1237 989
811 1163
989 989
1237 989
902 1198
307 307
902 1101
126 989
290 1198
290 989
1078 486
1078 902
1081 286
168 1169
280 588
104 104
104 104
104 126
126 126
286 126
474 126
148 168
148 1238
1240 1158
195 578
1102 175
851 1233
1241 1233
241 1169
1242 126
280 126
1242 126
280 951
1242 1237
1242 80
1046 989
1046 394
32 1237
1243 80
148 989
1242 1024
1243 1243
1192 80
24 80
373 373
937 148
564 763
1200 1063
763 763
592 32
1199 195
1199 195
104 1242
494 1169
494 1169
24 1169
24 962
286 1107
126 126
419 989
419 1238
104 126
1 394
24 1204
1107 286
1204 24
1077 1204
1077 448
1077 1242
24 24
24 1204
1204 1077
1077 1077
962 1204
1204 1077
588 419
448 1077
811 1204
588 1204
1204 24
1247 763
168 286
1077 1077
1077 1077
1077 962
148 148
1204 1077
1198 1198
1198 902
1077 1077
1248 692
1077 1204
1077 373
1204 1077
1204 1077
1077 1204
1204 1077
1077 1077
1077 1077
1077 1204
191 1244
1204 1077
451 200
1077 1077
394 1204
394 1204
200 200
24 989
936 1116
588 936
588 1204
936 588
588 588
936 588
394 936
394 936
394 936
1107 1107
1116 1116
0 1077
0 989
898 1107
962 962
0 942
962 1040
1040 1040
1250 126
1107 898
32 1028
280 1242
974 1204
17 1250
616 1116
592 1028
1185 4
1077 448
168 1077
290 448
272 1159
1250 1250
191 448
1185 1185
191 1028
191 917
32 1028
191 110
1159 1159
1204 394
492 191
1077 1204
885 394
191 1120
448 191
373 1077
191 936
1159 110
578 110
578 1204
1077 1077
191 1116
1015 1204
1159 1204
1159 1015
1159 1015
1077 1159
168 394
1199 588
1199 394
1077 1253
1199 200
319 286
168 1254
588 1077
1255 1255
1033 962
1033 1204
1033 1204
1119 1238
1254 962
578 1256
1233 1233
1233 1204
1015 1015
1015 1159
1015 1238
486 1233
1169 1169
1233 486
531 448
486 486
486 587
0 0
752 752
494 811
290 1204
851 105
588 1259
280 110
578 331
7 448
307 1204
1015 1204
1204 307
103 1204
307 1204
91 280
653 1258
962 331
653 1246
91 1253
653 331
610 1169
885 1246
1260 1260
12 307
512 105
1119 275
1262 448
105 1246
394 962
486 962
105 512
615 1246
224 1169
1253 91
105 105
1253 1253
394 1169
280 1258
280 1258
610 1260
483 458
1233 486
136 105
614 1233
1159 1233
1159 1259
136 1204
448 458
1266 1204
1077 448
1077 1204
458 483
458 483
148 458
989 290
86 1233
777 1233
191 1233
194 1233
474 614
286 1260
1260 286
483 483
168 1259
1246 653
917 191
1246 615
148 1268
1246 885
1268 148
1246 653
898 898
483 1268
483 483
483 483
105 458
962 962
194 962
1244 191
224 557
241 850
931 1214
148 1214
105 1214
1175 1214
238 27
1214 1214
962 168
168 962
962 962
578 1233
578 194
194 168
168 962
194 194
578 224
292 1233
578 962
578 194
962 194
961 76
1259 1159
1077 1214
1015 1269
1198 902
578 1271
1015 1269
1258 653
1258 653
76 961
168 1272
653 653
619 1253
1077 1253
1077 91
1272 931
1 24
24 24
272 1159
94 1110
94 1169
1271 1271
1077 1270
148 1214
148 105
224 224
1274 1169
1274 1270
191 191
191 1119
1254 168
1276 1077
1163 508
227 1169
974 292
974 1169
923 923
557 224
286 1169
319 474
307 921
1113 474
273 1270
1107 898
588 1113
1169 974
290 1140
592 1113
578 1169
989 110
492 319
168 1279
292 292
1077 1276
1077 1276
619 194
1077 110
1253 91
1077 178
974 974
653 373
1270 1274
1199 373
1116 1159
1199 292
1199 448
962 1159
1199 1260
1159 962
1159 1116
331 331
373 653
1274 1274
148 58
224 1280
148 1280
369 962
98 962
1113 1233
1033 331
1188 331
1276 1276
1276 1276
851 814
1283 474
191 12
191 448
369 578
1284 195
369 578
1270 1274
1116 1116
105 1246
592 616
592 1246
286 274
592 168
286 616
224 286
616 286
286 1188
616 286
274 286
962 1246
614 286
1280 224
394 962
286 286
148 105
195 1284
0 24
0 286
1169 1169
290 286
1204 1077
10 126
224 224
12 12
12 12
126 10
483 126
483 1246
1280 224
653 653
1260 1199
1260 1199
1287 28147
962 962
286 653
224 224
1289 130
962 104
1280 224
224 224
224 1271
448 104
962 1290
104 962
104 448
448 448
578 653
483 486
24 1169
104 448
104 653
653 578
280 1169
653 578
578 578
1271 1271
1169 1169
58 58
1271 1271
10 1
1 10
24 1169
1 58
1 1
331 1188
1 1
448 1169
588 1215
1188 286
588 1287
588 962
58 1
1215 1215
1 1
191 1181
1188 1215
1284 91
1284 523
1077 191
319 1113
1284 936
1284 851
1284 138
1284 211
126 1169
1284 114
1284 448
