202 141
1920 0
0 1920
1280 2013
1280 1921
2013 1280
308 1809
1280 2020
2020 1280
1809 1916
1280 1917
1917 1280
1954 1866
1866 1954
1770 414
1770 2021
2021 1770
2021 2022
2015 2023
2023 2015
34 2024
2024 34
1614 1652
1956 2025
1975 1726
2025 1956
1614 2026
2026 1614
1583 904
904 1583
1961 1845
1935 1809
1809 1935
0 1700
2003 1770
1770 2003
34 2028
1921 1043
1043 1921
1652 1614
1652 774
904 2030
2030 904
1831 1583
2013 1486
12 2029
2029 12
1316 2031
2031 1316
1507 2032
2032 1507
1954 2033
2027 1989
1989 2027
1527 24
1777 2034
2034 1777
1889 1770
1770 1889
0 1316
2034 1770
1542 1809
1770 2034
1770 2027
1770 1652
1652 1770
1652 1216
545 2033
1507 201
201 1507
2033 545
904 2035
1770 2036
2036 1770
1700 2037
1333 2033
1713 0
2037 1700
0 1655
1564 1713
2013 12
1316 1158
1158 1316
34 2038
2028 34
1689 2039
2039 1689
2039 1385
2039 1845
2039 1330
2039 1477
1565 2039
1385 2039
214 1863
1450 1498
2013 904
1920 1996
358 2039
2039 358
1315 40
40 1316
1316 40
40 2040
2039 2041
934 1915
1915 934
1280 1726
1614 1676
1542 1810
1810 1542
2012 1216
904 1770
1689 1947
1584 904
1395 1915
1915 1395
1498 2027
2027 1498
0 1898
1898 0
6 2043
1638 303
1669 2044
2044 1669
0 2045
2045 0
1689 2046
2046 1689
12 1564
1564 12
103 2048
2048 103
103 12
12 103
12 590
590 12
303 1685
1685 303
303 2050
1520 2033
1939 1280
1520 1920
1920 1520
545 1950
1280 1939
2013 1854
1920 2051
2051 1920
56 2052
534 183
339 1689
1809 2054
2054 1809
1498 2055
183 534
1988 904
1920 2056
2056 1920
1920 2057
2013 2021
1920 2058
308 1619
308 1938
1938 2059
1938 128
1938 134
1938 1385
1385 1938
2057 1920
1452 1809
1809 1452
308 148
1809 2057
2057 1809
92 1498
1584 1655
822 1655
1315 1564
445 0
1280 1970
1970 1280
1809 2060
1507 56
56 1507
2060 1809
1764 1507
1507 1764
904 1584
1280 2061
2061 1280
1802 1898
907 1947
1920 1989
1989 1920
1920 2062
2062 1920
1809 1280
1280 1809
1542 2062
1689 2063
2062 1542
2063 1689
2063 1877
34 2064
1809 2064
2027 2065
2065 2027
2058 2027
2058 1920
1802 1280
539 40
40 539
1674 2056
2056 1674
634 2066
2066 634
2027 2058
1542 1898
1898 1542
1895 1542
1542 1895
1947 2067
445 1669
1669 445
1623 1743
1565 2053
2053 1565
2027 1565
1689 1316
1316 1689
1486 1315
445 1809
904 0
1689 2068
2068 1689
2033 1875
34 2069
1875 2033
394 1280
1280 394
1280 2070
1330 2071
2070 1280
1938 1809
1809 1938
2052 2072
34 2073
1809 2061
2061 1809
1895 1990
1990 1895
1280 2064
2072 2052
2069 34
1730 1700
1700 1730
35 2042
822 0
822 2077
12 2070
2070 12
1770 2051
2051 1770
1628 2070
1895 591
591 1895
1685 1855
1770 2078
2078 1770
1770 1043
1043 1770
1966 1770
1933 822
822 1933
822 1770
1730 1770
40 201
201 40
2045 191
2076 1809
1809 2076
1528 1839
1839 1528
1528 1280
1280 1528
1584 2015
2015 1584
1980 936
936 1980
1965 1316
1689 201
2062 1753
1753 2062
1614 2079
1809 2080
2062 1914
2080 2062
2080 445
445 2080
2079 1614
2062 2080
1809 1914
201 2027
2027 201
1507 2027
2027 1507
6 2027
2027 6
1859 1770
1895 2027
2027 1895
2080 1809
2079 2069
2079 2081
2079 24
2081 2079
1614 24
2027 56
464 2083
2083 464
6 16
2067 1623
2027 1189
1669 1966
1966 1669
2067 1947
148 445
445 148
1385 56
56 1385
424 1200
424 308
2052 56
2027 1385
3 1365
1970 1947
1898 1802
1399 2084
2084 1399
2085 2084
1280 2079
2079 1280
1638 1859
1859 2050
1843 544
238 1351
34 2086
2086 34
349 238
2084 2087
2087 2084
201 1689
1809 1919
1919 1809
1966 2089
2089 1966
201 2090
2090 201
201 1300
1688 2088
2088 1688
2088 34
1743 1623
1674 1743
1614 1565
1614 1316
1614 1365
1614 1315
1614 6
1614 191
1614 3
1614 1395
536 1614
1614 536
1614 1486
1614 424
1614 308
424 1614
424 536
1713 362
362 1713
536 308
2069 2079
1989 2066
2066 1989
1988 1952
201 2091
2091 201
308 1064
1714 2092
1584 2092
2092 2087
2087 2092
303 2084
2084 303
303 464
2084 2092
2092 2084
1221 2092
1221 1365
2092 1221
1280 2093
2093 1280
1584 2094
2086 2095
2095 2086
1316 2096
1730 1586
545 2098
2098 545
2027 2099
2099 2027
2089 2079
1382 424
1382 1200
1382 1385
1382 0
1382 1315
1382 6
1382 1316
1382 1216
1382 1845
1382 1689
1382 1584
1382 1395
1382 308
1382 1564
1382 1333
1382 1484
1382 522
1382 1352
1382 881
1382 352
1382 779
1382 904
12 904
1583 544
1280 2100
1477 1385
1477 1845
1477 2039
1730 2101
1477 1200
1477 1565
2101 1730
2100 1280
238 349
238 1941
1859 2102
1895 2102
2102 1895
1895 2005
2005 1895
1713 1898
1898 1713
1730 2103
2103 1730
2098 1584
308 1770
1385 1770
1713 1770
12 1770
2084 2103
2092 2027
2027 2092
2027 2104
2103 2084
1244 2105
2105 1244
1244 2106
2106 1244
1584 2043
1898 1472
1472 1898
1859 1472
1472 1859
1814 1713
1713 1814
1316 1845
539 2107
2107 539
2088 2029
1809 2029
2029 1809
2095 2094
12 2107
2089 2075
2107 12
2021 1854
2021 2094
34 2108
536 1809
1809 895
2101 2110
2110 2101
1395 1713
2027 2111
2111 2027
2027 2095
308 2027
2102 2027
2027 2102
1399 2102
2101 2029
2029 2101
1713 2089
1713 2011
2089 1713
362 2089
2089 362
2102 1399
2053 329
2066 2102
2102 2066
2094 2027
2027 1472
1472 2027
1316 1472
1472 1316
1472 2053
2053 1472
2112 2063
2029 2066
822 904
2066 2029
2029 1713
1713 2029
2027 1403
1403 2027
1713 2113
1713 2114
2114 2113
2113 1713
1713 1692
1920 2099
2099 1920
1875 1920
1920 1875
1477 1583
2063 2112
2063 1863
2066 2115
2115 2066
34 2051
2112 1583
2084 2085
2029 56
1200 1365
1583 1477
1583 2112
904 2116
2116 904
2102 1859
2090 2102
2102 2090
2108 34
1713 1952
1952 1713
2094 2095
1809 1656
1997 1920
1920 1997
1892 2117
2117 1892
1052 1920
1920 1052
1730 2114
2114 1730
1395 2095
2088 2118
2118 2088
2109 2027
2053 2119
2119 2053
2029 2088
904 2119
2119 904
1043 2066
1920 1770
1472 1779
1779 1472
1472 2062
2062 1472
2119 2062
2062 2119
1966 1814
1814 1966
1052 2102
1920 1043
1043 1920
2043 1920
1920 2043
2084 2066
