184 198
4203 4875
4319 4196
4196 4319
2395 360
2469 2690
2690 2469
34 4876
34 4877
34 4821
4283 4598
4840 2834
2834 4840
4873 3451
3451 4873
4290 3388
3388 4290
4196 3537
3537 4196
134 3627
3627 134
4693 4498
134 2847
4786 1184
2847 134
2847 3318
2847 2634
3648 3318
2847 2445
2847 3648
4861 3742
3101 34
4863 34
360 2395
3896 1730
4280 4196
4196 4280
624 360
360 624
4280 3896
3896 4280
34 4860
4860 34
4333 3896
3896 4333
4849 4196
3106 1017
4510 4336
4336 4510
4860 4558
4558 4860
1730 3648
3648 1730
545 3896
1333 4693
4609 1017
1017 4609
2941 4878
4878 2941
4773 2624
4878 4558
4558 4878
3896 1333
1809 3354
3354 1809
538 2941
2941 538
4739 2941
4359 4553
4877 34
4693 4879
4693 4880
4880 4693
3959 4713
3352 4649
2469 4881
4881 2469
1507 1730
4171 4272
4649 3352
4272 4171
3896 1507
4799 3420
4874 4840
4840 4874
3012 4874
2537 1017
4882 4861
4861 4882
4874 3012
4498 4558
4558 4498
4882 34
2126 3641
4314 1184
3424 4510
3420 4799
4364 3902
3902 4364
3902 4882
2124 4369
2834 3530
4874 4883
4883 4874
4882 4883
4319 4874
4874 4319
1554 4171
4171 1554
4882 2941
2941 4882
4648 1507
1507 4648
4882 4196
4196 4882
4882 4874
4874 4882
3532 4874
4874 3532
4874 4866
2941 1730
4196 2336
2336 4196
3902 2646
3902 3017
2646 3902
4866 4874
4196 4707
4707 4196
904 3718
904 4882
4884 4882
3896 1688
1688 3896
1216 2312
2312 1216
1017 4364
2124 4814
1655 1362
1655 12
1655 904
1655 1511
1655 95
1655 1884
1655 3344
1655 2387
1655 2933
1655 2794
1655 1315
1655 1751
1655 1730
1655 416
1655 822
1655 1017
1655 1564
1655 1801
1655 56
1655 2229
4364 1017
4196 4885
4885 4196
352 4886
4886 352
352 2941
2941 4739
2624 2429
2429 2624
4707 2624
4889 2624
4171 3985
3985 4171
2646 4171
4610 2321
2321 4610
2321 4196
4196 2321
4415 229
34 4558
2044 303
303 2044
2317 2044
2044 2317
2317 303
32 3648
3648 32
2387 4890
4647 4891
4891 4647
1730 1507
214 1382
352 24
1831 2027
214 2027
2164 2027
2164 2213
4647 3879
3879 4647
4648 4892
4892 4648
2941 2624
4883 4893
4893 4883
4892 4770
4770 4892
4552 3896
3896 4552
3896 4878
4878 3896
4874 4836
4836 4874
4889 2933
2551 4889
4889 2551
709 4892
4892 709
4693 2891
2891 4693
709 2891
2891 709
3017 3188
4106 1333
4498 4874
1507 2641
4874 4498
3915 2321
2321 3915
2295 480
2295 56
2295 0
2295 1200
34 4894
2312 2304
2634 4895
4895 4896
2321 4861
4861 2321
2304 2312
2321 4892
4892 2321
4894 34
2321 4558
4558 2321
4290 4517
4517 4290
3925 4517
4517 3925
4171 1333
1333 4171
2268 904
4290 4135
4874 2321
2321 4874
2976 4874
3486 4874
4874 3486
2302 4314
4314 2302
2933 1655
2933 4889
4892 3527
3527 4892
4866 4892
4892 4866
4892 3404
3404 4892
4892 4874
4874 4892
2387 352
214 3641
4171 4523
4889 4553
4553 4889
1809 4523
2321 3000
3000 2321
2321 3282
3282 2321
4290 4897
4897 4290
4889 4319
4290 4892
4892 4290
1395 2109
2976 4892
4892 2976
545 4898
4898 545
4898 4899
1997 4897
4897 1997
1017 4247
4897 4731
4731 4897
4171 3017
4459 4617
4314 4459
4874 3167
3167 4874
4617 4459
4900 4874
4889 4897
4897 4889
4886 4887
1809 2002
2002 1809
4778 2646
4568 4196
4196 4874
4874 4196
1402 4248
4248 1402
4610 4889
4889 4610
4498 4693
4693 3923
4498 4880
4880 4498
4901 2140
4874 4900
2251 0
2251 2377
3896 4196
4196 3896
3896 4874
4874 3896
4319 4897
4897 4319
2377 2251
4889 4902
4897 2387
4565 4897
4290 4889
4786 1033
1033 4786
4364 4874
4874 4364
4364 4786
4786 4364
4290 3019
3019 4290
1395 553
4459 4314
4106 4162
4106 1638
4889 4861
4861 4889
3836 3780
3780 3836
4897 4196
4874 3388
3352 4903
2164 1333
4498 4889
4889 4498
4162 4904
4904 4162
4558 4561
34 4561
2646 4905
4905 2646
4290 4906
4906 4290
4906 4787
4906 4196
4787 4906
4889 4648
4648 4889
4284 4907
4907 4284
4889 4874
4874 4889
1638 4106
4558 3344
3344 4558
2124 4908
2124 4909
2124 4910
2124 4911
2124 4912
2124 4913
3896 4883
4883 3896
4171 3530
2295 4378
3896 2471
2471 3896
3486 4906
4906 3486
3813 4558
2624 4196
4889 4196
4196 4889
4899 4898
4889 4892
4892 4889
4319 4889
4897 4565
4889 4359
4359 4889
4481 4914
4558 4915
4916 4558
4915 4558
4889 3228
3228 4889
1017 4917
4914 4481
4693 4917
4897 4918
4918 4897
4693 4615
4615 4693
4558 34
2387 4648
4648 2387
4917 4693
4617 4307
4307 4617
3803 4874
4874 3803
1952 4074
2646 2377
2634 4919
4919 4778
4892 4582
4582 4892
4558 4610
4610 4558
0 2174
2174 0
4731 4693
2174 4874
4874 2174
2174 4558
4558 2174
4693 4897
4906 4693
2066 4106
4106 4920
4920 4921
201 4920
4921 4920
4889 4290
4693 4906
4196 4568
4572 4856
4856 4572
2166 4314
4558 4456
4456 4558
4856 1017
4319 2624
2624 4319
4920 1351
1333 4922
4922 1333
2391 4265
1017 2251
2251 1017
2312 414
2312 4914
624 4874
4874 624
4481 4923
4923 4481
4558 3813
4892 4827
4693 4731
545 4924
4924 545
4171 1564
545 2194
2194 545
4290 1564
4290 2194
2194 4290
4906 4925
4925 4906
3874 4196
2047 2624
2295 4906
2295 4925
4892 4787
4787 4892
4892 3167
3167 4892
4558 4333
4333 4558
1831 1730
2403 3171
4904 2194
2634 4926
4054 2877
3734 4927
4927 3734
4926 4928
4926 4929
4926 4930
4926 4931
1017 4048
1730 4196
2877 4054
4300 4932
2047 4024
4300 4933
4927 2624
2624 3167
3167 2624
4300 4934
4300 4935
4196 1730
352 4558
4558 352
4552 4786
4786 4552
4936 4897
4558 3022
3891 4171
3022 4558
2044 3718
4300 4937
4171 545
545 4171
2317 2891
2891 1730
2891 2317
1730 2891
4364 4561
4561 4364
4561 4558
3171 2403
4290 549
549 4290
1017 1730
3837 24
2109 2660
2660 2109
2660 4025
3376 3853
4558 4916
4171 1017
4196 2311
2311 4196
4914 2312
4550 4840
4840 4550
1614 4938
4003 1516
4861 4558
4558 4861
4290 4558
4558 4290
4290 3780
4649 4778
4778 4649
2321 0
2624 4939
4939 2624
4918 2624
4290 4940
3780 4290
4918 4693
4693 4918
4939 4003
4924 2891
2891 4924
3836 4196
4196 3836
2387 2774
2774 2634
4171 352
4171 132
132 4171
4171 2624
2624 4171
4558 4003
4558 4936
4936 4558
1564 214
214 4458
1033 4617
4840 2624
2624 4840
4558 4942
4942 4558
140 1730
1730 140
4558 4943
4943 4558
