6 471
536 1307
588 349
349 588
467 545
545 467
928 1308
1052 1309
1309 1052
1289 1256
928 1310
1310 928
1093 728
728 1093
728 1307
713 521
1052 1289
1289 1052
728 1289
1289 728
1308 928
1230 1311
1311 1230
545 1285
1285 545
1276 831
539 1302
1302 539
221 1295
221 362
962 1312
1052 520
1312 962
103 1052
520 1052
1052 103
1052 607
607 1052
203 1285
416 492
1285 203
769 823
826 823
6 1010
1010 6
622 823
1118 1064
633 916
536 823
907 1276
1267 1269
1269 1267
34 1313
34 1298
881 1314
1314 881
627 1052
1052 627
845 1052
1052 845
269 1315
1315 269
521 1315
1289 1316
1316 1289
451 1052
1052 451
728 985
985 728
467 1251
1251 467
620 1314
1314 620
962 707
707 962
1251 1314
1314 1251
467 1052
1052 467
1130 1184
1315 521
94 34
94 414
634 1266
1266 634
1316 1317
1317 1316
1206 1316
1316 1206
1093 1318
1318 1093
238 35
1161 1319
1319 1161
928 1316
1316 928
1318 1161
1161 1318
1146 1316
881 464
1052 1320
1320 1052
1316 1052
1052 1316
1052 521
1184 535
1184 1130
536 663
922 1052
1052 922
1311 1321
1161 1322
1322 1161
1309 1294
1294 1309
640 1323
1323 640
1314 1161
1161 1314
1161 1324
1321 1311
634 0
910 1325
936 1327
1327 936
1328 1326
35 238
1319 1328
634 881
1161 1329
1329 1161
881 1330
677 1061
919 881
881 919
881 646
646 881
1330 881
1325 910
1311 1331
1331 1311
936 1318
1318 936
318 1175
1175 318
318 1301
1301 318
1033 1331
1331 1033
1161 1332
269 1114
1114 269
607 663
1311 1291
1291 1311
143 1238
663 607
1238 143
928 1161
1161 928
1161 529
529 1161
6 1334
237 1301
1216 1335
1335 1216
112 1052
1052 112
112 1291
1291 112
1267 1336
1336 1267
396 259
977 1331
1331 977
1161 1331
1331 1161
1333 663
1267 1333
1333 1267
1267 549
549 1267
6 1333
881 1267
1274 1333
1333 1274
916 633
537 728
728 537
904 1052
1052 904
728 112
112 728
1093 1274
1274 1093
1093 776
1333 1093
1093 1333
1291 1052
1052 1291
1093 1052
1052 1093
1093 1291
1291 1093
1267 1093
112 316
316 112
501 1331
1331 501
279 1093
1267 1052
1052 1267
936 1337
1337 936
936 1324
1324 936
663 536
728 349
349 728
1332 1161
467 1267
728 529
529 728
1267 467
1301 1237
112 1339
1339 1138
1267 6
1339 1143
1339 1141
1339 1140
1339 1139
1339 1142
1339 831
6 963
732 1056
34 1336
1182 269
1089 1340
1161 1306
1306 1161
279 1052
1052 279
1340 1089
1161 728
728 1161
620 1052
1052 620
663 1261
881 1052
1052 881
881 1341
1341 881
1341 1316
1336 34
308 269
34 1327
163 1342
308 665
665 308
1161 665
665 1161
1 831
1342 163
1216 1343
1301 1344
1344 1301
1093 1267
1324 1344
1344 1324
1324 1267
1251 1301
1161 1129
1129 1161
1324 1161
1343 1216
1343 774
1267 34
34 1267
0 521
521 0
1161 1345
1324 779
936 451
451 936
922 1161
1093 279
6 1267
936 687
687 936
1093 1298
1298 1093
1301 1251
467 1301
1301 467
922 936
936 922
467 1331
1331 467
1093 79
663 1346
521 1161
1161 1347
1347 1161
1346 663
1089 1348
1348 1089
1345 1161
1311 1349
1349 1311
0 881
308 1161
467 1350
1350 467
352 663
663 352
383 1316
5 34
5 663
663 5
6 151
34 663
663 34
1311 1351
1351 1311
1347 1352
1352 1347
756 521
1348 1353
1348 1354
1353 1348
774 1343
1354 1348
1311 1355
1161 24
386 1345
1355 1311
1345 386
686 1127
1127 686
545 1351
1351 545
936 5
5 936
282 6
936 1198
1198 936
545 1341
607 1351
1351 607
1175 1319
1319 1175
1311 1356
1356 1311
860 0
0 860
1357 517
517 1357
1358 1357
1352 1359
1359 1352
1200 1267
1267 1200
34 1360
1311 1361
1361 1311
1361 34
707 1362
663 1351
1175 1326
1267 785
360 521
362 1363
1363 362
785 1267
1361 1331
521 360
1311 1364
1364 1311
467 1365
1365 467
1365 1366
624 1367
922 1056
1056 922
0 1368
1368 0
40 6
1351 1369
1369 1351
1351 634
634 1351
663 1027
1161 922
1357 1358
79 1093
79 164
1311 1370
1370 1311
1197 461
461 1197
1370 418
1266 1327
1327 1266
634 728
728 634
634 1371
1371 634
1093 1347
1347 1093
1161 1372
1372 1161
34 1361
1052 780
780 1052
1052 663
663 1052
5 383
947 1373
1373 947
728 362
362 728
6 282
1316 383
724 1357
1357 724
451 663
663 451
6 1052
938 1376
1376 938
1376 1377
1376 1327
1377 1376
1161 1251
1251 1161
1161 1376
1376 1161
1161 1378
1378 1161
1369 1378
1378 1369
1362 707
352 1161
1344 1379
1379 1344
1378 1376
1376 1378
936 549
549 936
1241 1161
1161 1241
1378 779
1367 1380
1380 1367
34 1381
779 1382
1316 521
521 1316
779 1324
779 1378
201 234
1161 793
793 1161
352 483
483 352
0 1009
920 1309
1309 920
1184 826
627 1376
920 1266
1266 920
627 936
936 627
1200 1383
920 1383
1383 920
627 1251
1251 627
1383 1384
1384 1383
1376 1127
1127 1376
1376 627
881 12
12 881
1376 1386
785 24
1382 1369
1369 1382
1367 1358
1358 1367
5 520
520 5
1316 520
520 1316
1376 1387
1387 1376
1351 0
1383 1200
1362 79
1200 1017
1017 1200
881 591
591 881
1376 1389
1389 1376
1367 672
1382 1390
1390 1382
352 134
134 352
634 1383
1382 1010
1010 1382
634 1317
1317 634
1327 1376
1327 34
1251 1392
34 1392
1266 1392
0 308
1384 881
881 1384
1391 881
