220 63
2124 3390
3390 2124
3236 3235
3235 3236
3235 24
1564 1952
1801 61
34 3392
34 3295
1351 2579
1351 2052
1333 2454
2117 1952
3232 3235
2634 3393
3393 2634
3393 3259
2265 3232
3394 2641
201 3390
3390 201
1921 3062
3062 1921
3098 3373
2387 3287
1831 1801
545 3395
3395 545
1 3396
2483 3366
1564 1763
1763 1564
545 3387
3387 545
545 3194
3194 545
1952 2391
2391 1952
1614 3397
34 3384
549 2027
2027 549
3194 3378
3378 3194
1333 3398
1317 2657
1317 2265
1317 2933
2657 2265
3393 3085
2109 40
40 2109
3382 3218
1619 3218
3218 1619
2646 2866
2027 2124
1952 3399
3399 1952
1216 2905
3348 3366
3366 1333
3366 1362
3366 3348
1362 3366
1745 3098
1411 2387
2027 3366
2902 3400
3400 2902
3395 3402
170 2436
2436 170
2641 3403
3403 2641
2641 3404
3404 2641
2483 3128
3405 229
3384 34
34 3406
3362 3085
2396 3390
3390 2396
3390 3346
2124 3346
3346 2124
3346 3390
2641 3407
3407 2641
1017 3291
3291 1017
1952 3408
591 1017
1017 591
2193 1184
2193 1734
2193 2017
2193 111
1809 2066
2193 61
2193 1330
2044 3409
3409 2044
1952 2634
1952 3259
2692 3276
1952 2965
2965 1952
1017 2097
2097 1017
3235 3232
134 203
1947 3410
2172 1730
3410 1947
1730 2172
2646 3206
3206 2646
34 2898
2641 3224
3224 2641
1527 1474
2027 3411
3411 2027
3276 2692
2295 3413
2027 3412
2436 2943
2187 3365
2641 3267
2902 2901
2901 2902
2902 3122
3122 2902
3348 3012
3376 2429
3376 2428
3376 2769
3376 1216
3376 2117
2117 545
1952 2117
1395 1831
1831 545
545 2117
545 1831
2027 3415
2641 3416
3416 2641
2027 2305
2646 3417
3417 2646
2471 2641
2641 2471
3322 1952
1952 3322
3197 1017
2641 3418
3418 2641
12 40
40 12
3160 3419
3419 3160
40 3420
3420 40
3154 3421
2295 3409
2641 1818
1818 2641
3348 3409
3407 3422
3422 3407
34 3412
203 1770
95 241
3412 2027
34 2766
2968 2624
2193 2454
539 2027
3411 34
34 3423
34 3425
2858 303
34 3315
2483 34
34 2483
1619 3384
3384 1619
2783 1501
1501 2783
140 2175
2175 140
2783 140
140 2783
2762 1017
2332 3427
2483 2332
2332 2483
1628 1884
1884 1628
2783 3429
3429 2783
3421 3154
34 2783
2783 34
2265 3340
2265 3430
2265 3431
2943 2436
2943 2896
2876 1772
2783 12
12 2783
12 3433
3433 12
2783 2295
2485 2896
2896 2485
2027 3434
3434 2027
3434 34
3315 34
3098 1700
3206 3017
2783 2641
2641 2783
3597 2641
2783 2117
1017 3435
3334 3436
3373 1818
1818 3373
2117 2783
2124 3437
3437 2124
34 3169
2062 3597
3597 2062
2960 3218
2265 3375
2879 1017
1351 3438
2641 1619
1619 2641
2641 3136
3136 2641
2651 1809
1809 2651
2027 3439
3439 2027
1017 2177
2177 1017
3432 2641
2641 3432
2646 3164
3164 2646
2965 2692
2124 1638
1638 2124
3218 3004
3004 3218
34 3411
34 3434
1619 1017
1017 1619
2175 3441
3334 2641
2641 3334
3441 2175
2052 1845
1745 2332
1017 2599
2599 1017
1898 1315
2124 2387
2387 2124
12 2834
12 307
1315 1898
3218 3373
3373 3218
2641 3440
3440 2641
3373 3098
2641 3442
3442 2641
2641 3443
3443 2641
2641 3230
3230 2641
1184 3444
3365 3373
2027 1818
1527 1734
1317 2016
34 3445
34 3446
34 2332
34 3447
2027 2229
3373 3448
3448 3373
1619 2397
2397 1619
3447 34
1692 1734
2641 3448
3448 2641
2641 12
12 2641
2126 2762
2265 3373
3373 2265
12 2960
2960 12
2537 2834
3322 3017
3017 3322
728 3218
3218 728
2109 1831
1831 2109
3391 2641
2641 3391
2305 3373
3373 2305
3092 3017
3017 3092
2641 3236
2834 2537
35 3449
3449 35
3449 1619
2027 12
2027 3310
3310 2027
2641 3450
2641 3451
12 3452
3452 12
3451 3454
3454 3451
1351 2324
2324 1351
2066 1498
2044 3444
3444 2044
3438 1351
2232 1351
2968 3218
3218 2968
1395 3017
3017 1395
2525 34
3455 2436
2436 3455
34 3456
34 3457
2641 3434
3434 2641
2641 3411
3411 2641
2641 1498
1498 2641
3102 3035
3208 3458
3373 3160
3160 3373
2641 3454
3316 1898
176 1351
3458 3208
2391 12
12 2391
2634 3459
2109 2641
2027 3391
3391 2027
1351 12
1351 176
1395 1351
1333 3340
869 2193
3334 2896
2896 3334
3459 2634
2027 3461
3461 2027
1898 3316
3379 3462
3462 3379
3462 2641
1498 1734
1734 1498
2641 2624
1763 3464
3464 1763
3462 2564
2564 3462
40 3462
3462 40
1734 1692
2896 3267
3267 2896
2027 3452
3452 2027
40 1315
3365 3466
3466 3365
3452 34
2426 2193
2426 3028
3376 1549
3028 2426
1809 2624
2624 1809
3017 3467
3467 3017
2265 1351
3218 12
12 3218
2027 3256
3432 2124
2124 3432
1549 1216
1549 3376
2124 3468
3468 2124
1564 3469
203 1362
3469 1564
3461 2641
2641 3461
2641 2483
2483 2641
3463 2641
2641 3463
3470 3365
2387 2689
2387 3472
1317 3472
1809 3472
3473 2896
2295 2960
2960 2295
3471 3365
1351 2265
1351 869
869 1351
2126 1351
2896 2860
3256 2027
3373 1809
1809 3373
1333 3452
3452 1333
2066 3474
3457 34
2641 3457
3457 2641
2641 3002
1915 12
3218 3475
3475 3218
2641 1915
2896 3344
3344 2896
2641 3246
3444 3476
3476 3444
2691 1809
1839 3477
3477 1839
2641 3394
2295 1611
1611 2295
2609 2641
2641 2609
2537 2960
34 3479
34 3464
2960 2537
2660 3480
3480 2660
2027 2248
40 3441
1395 3481
3481 1395
1017 2762
1952 3103
3373 2641
1333 3112
3112 1333
2896 1333
1333 2896
3160 3365
3365 3160
1395 3315
3315 1395
12 3482
3482 3483
3483 3482
1017 3308
2387 3484
3299 2426
3142 1017
1619 3449
34 3452
34 3485
12 3471
2641 3486
2641 3390
3390 2641
3444 2897
1017 170
170 1017
2897 3444
3365 3455
3455 3365
12 3318
2837 3488
3488 2837
3373 1362
1809 1628
2660 3449
3449 2660
3318 1527
3318 12
1395 3194
3194 1395
3455 2896
2027 3489
3489 2027
3365 3471
2657 2685
1828 1809
2896 3490
2066 360
1395 3491
3491 1395
1362 1669
2896 3492
3492 2896
3160 2724
2027 3493
3493 2027
2834 3348
3348 2834
2377 3189
3017 3494
3494 3017
3493 34
2027 2941
2941 2027
480 1831
1831 480
480 3450
1763 3453
2027 3106
2599 1619
1619 2599
1017 362
2896 3496
3496 2896
2896 2957
2957 2896
3497 2599
2599 3498
3498 2599
3497 2896
2599 2896
2896 2599
2027 2896
3365 3470
2027 2727
2727 2027
3416 3336
3336 3416
2599 2986
2986 2599
3382 2641
3207 3499
3499 3207
1952 3500
3461 3366
3461 3398
3448 2387
2387 3448
3106 2027
34 3488
3112 3345
2066 3501
2641 3502
3502 2641
3464 3451
3451 3464
2641 2248
2248 2641
134 24
1763 2143
2243 480
3465 1975
3597 1017
3380 229
1017 229
3365 3428
3428 3365
134 0
2896 2295
34 3327
2896 3503
2062 3218
3218 2062
2896 3504
3504 2896
3085 3505
3505 3085
1547 1017
2535 1898
2896 3271
3271 2896
3465 3380
3465 1017
1745 1809
1809 1745
1017 3380
1898 2524
2524 1898
1017 1547
34 3506
2641 3301
3426 2641
3380 1017
3416 1615
1615 3416
2599 3301
3301 2599
1498 1615
2295 1615
1615 2295
2126 3444
2896 3473
3506 34
34 3507
3507 34
3416 3435
2295 3435
1809 3435
1317 3435
3428 3435
1527 3444
3444 1527
3450 3508
3508 3450
2754 2124
3508 3509
3450 3509
3509 3508
3509 3450
3508 3505
3510 3509
2634 3511
3509 3510
0 1216
3505 3508
2754 3344
3344 2754
1564 1402
1402 1564
3510 545
545 2387
2754 2471
2471 2754
2641 3447
2641 3513
3447 2641
2641 3514
3514 2641
3513 2641
3513 34
2641 2049
2049 2641
2634 3516
2896 3517
3517 2896
2599 3473
3473 2599
12 1628
1628 12
3503 3519
3519 3503
3112 2896
2896 3112
2754 356
3085 3520
3520 3085
3520 3521
3520 1952
34 3404
3404 34
3453 1763
2896 3464
3464 34
2754 2261
2261 2754
728 1818
2896 1801
3521 3520
2896 3497
2387 3314
2641 3522
3522 2641
303 2317
2436 3365
3365 2436
1564 1990
3112 3365
3365 3112
3365 3523
2537 2261
2261 2537
728 1017
1990 1564
3503 2896
3416 0
0 3416
3524 3017
3017 3524
1017 3519
3519 1017
3291 2027
3085 2646
2646 3085
2646 3393
3393 2646
2305 3365
3365 2305
3480 1849
2599 3497
699 2641
2641 699
699 201
201 699
2641 3414
3414 2641
1628 1809
331 3512
2305 1385
1385 2305
2896 3527
3527 2896
3489 3528
3528 3489
3452 1628
1628 3452
2836 1809
1809 2836
1288 1004
2896 3365
3365 2896
3135 331
3464 1411
1411 3464
1315 1801
2896 2986
2986 2896
1818 728
2027 3475
3475 2027
3207 2387
2387 3207
1763 2960
2960 1763
3525 34
1395 3106
3106 1395
2783 1809
1809 2783
435 34
2027 728
1809 2131
2109 2124
2124 2109
3511 3521
3511 3259
331 3135
1362 2834
2109 3462
3521 3511
40 3475
3475 40
3380 3365
1385 2109
2109 1385
0 329
329 0
34 3493
34 3505
34 3514
34 3531
34 3532
3318 2387
3505 34
3334 2397
2397 3334
360 2783
2783 360
