156 40
539 1590
1590 539
35 1744
1744 35
1280 1538
303 1385
1760 35
35 1614
1614 35
1564 1582
1582 1564
1316 1614
1316 1761
1761 1316
1316 534
1713 534
1761 1525
1525 1761
1743 1475
1584 1656
1743 1762
1244 1753
1753 1244
1754 1743
1764 1751
1554 424
424 1554
35 1760
1673 1765
1765 1673
1382 1766
1766 1382
1614 1767
1767 1614
1762 1743
1751 1221
1221 1751
1757 1385
177 1769
1769 177
904 1316
1395 1762
1762 1395
1688 1770
1200 424
424 1395
1395 424
1761 1770
1584 1713
1753 1770
34 1754
1614 1464
1614 1670
1689 1768
1743 1538
1743 1555
1555 1743
1692 1511
40 1561
1713 1734
1734 1713
1713 1673
1554 1575
1575 1554
1538 1692
1656 1575
1575 1656
1385 1673
1673 1385
177 1771
1770 177
591 1561
1561 591
362 904
904 362
1561 349
349 1561
1561 35
1382 1772
1772 1382
1772 1692
177 1770
1743 1774
1774 1743
1489 1774
424 24
1770 24
1464 1614
1753 1775
424 1365
1365 424
424 3
1692 536
1665 1776
1611 1382
1770 203
1395 1771
1713 1584
1555 1770
1770 1555
1743 904
35 1561
1365 1511
1511 1365
1554 1777
1554 1692
1777 1554
1689 1561
1561 1729
1561 1743
1554 1743
1743 1554
1743 1561
1365 1721
1721 1365
1743 1779
1779 1743
1365 960
960 1365
1743 1739
1385 1316
1721 1316
1316 1721
1739 1743
1770 1756
339 1763
339 916
1778 1743
1770 1781
591 1692
1692 591
3 424
1781 1770
1777 904
34 1783
103 1395
1216 1784
1784 1216
34 1785
1785 34
1778 1786
1786 1778
1743 1778
1783 731
1783 1770
1783 34
303 1753
1729 1561
1395 544
1688 303
303 1688
177 24
1735 1555
1776 1665
1555 1735
1770 0
1770 1316
424 1743
1692 1788
1788 1692
1788 177
177 1692
177 1788
1770 1753
1770 1787
1787 1770
1787 34
1753 1789
1789 1753
1436 1791
1791 1436
1777 1790
303 1793
1735 1787
1787 1735
1692 1743
1743 1692
731 1764
1764 731
1764 34
34 1795
1795 34
1743 1244
1244 1743
1743 1321
0 1692
352 1365
177 1796
1796 177
1316 1713
34 1787
1796 34
1796 1743
1385 1724
1614 1797
1797 1614
1770 303
303 1770
1382 1724
1789 1770
1770 1789
1787 1798
1798 1787
1382 362
721 1610
1575 1770
1770 1575
1701 6
92 1743
1743 92
1770 1799
1799 1770
1486 1564
1564 1486
1692 1584
1584 1692
1791 774
539 1798
721 1365
721 1385
1743 1800
1800 1743
1692 1745
1745 1692
1713 1801
1743 1280
904 1802
34 1794
1794 34
936 1676
1676 936
1692 1280
1280 1692
1674 308
1674 1692
1743 1674
1184 68
34 1796
34 1799
34 1385
1385 34
1798 1764
1764 1798
1676 0
1798 539
1764 1584
1584 1764
0 1244
1244 0
1385 1094
1094 1385
1745 1713
1745 1803
1713 1803
1803 1745
1713 1745
1803 1713
1094 1801
1094 1679
1333 591
591 1333
1770 936
936 1770
183 1659
183 1661
1770 1804
1804 1770
1701 34
1775 1753
1094 1787
1787 1094
1316 1775
1775 1316
1416 1052
134 1333
704 1713
1713 704
704 1333
1584 1772
1676 308
1801 1584
1799 34
34 1805
1805 34
203 1743
1743 203
1743 1806
1806 1743
1676 1692
1623 1805
1280 0
0 1280
1743 1807
1807 1743
1676 1808
1808 1676
1808 24
1808 1347
1347 1808
1770 1703
1770 822
303 1703
34 1094
1094 34
1713 1802
1802 1713
1752 183
1752 1810
1810 1752
1365 539
539 1365
1365 1713
1713 1365
1280 1798
1798 1280
774 1791
774 1719
1200 134
1200 1486
1486 1200
1802 904
183 1752
1808 87
394 1808
1808 1463
1333 1676
1676 1333
34 1811
1743 1676
1676 1743
1280 1770
414 1770
1808 1812
1812 1808
1808 776
1770 721
721 1770
1584 24
1200 177
1365 1801
352 1382
1801 1365
1614 1813
1813 1614
1584 173
1770 904
173 1584
1333 1033
1033 1333
34 1807
1676 1498
1498 1674
1674 1498
1316 1365
1365 1815
1815 1365
1584 881
1692 1816
1816 1692
1811 34
1365 1817
1817 1365
1554 1763
1763 1554
1763 339
1567 1365
1713 1818
1365 1567
1385 1730
1730 1385
591 1713
1713 591
1567 1787
1787 1567
1818 1713
1333 1713
1801 1713
1555 35
35 1555
35 1820
1365 1821
1821 1365
1385 1365
1365 1385
1385 191
1385 1679
1385 308
303 362
1764 1280
1669 1243
1333 1243
1770 1730
1200 1316
1770 1280
1770 1333
1333 1770
1316 1802
1802 1316
1316 308
1351 3
3 1351
1184 308
1805 1770
1770 1805
1554 1584
1094 1333
1669 1333
1321 1382
1333 1819
1787 1321
1321 1787
464 1555
424 0
1385 0
1333 1553
424 1772
1555 1486
35 1773
1584 1810
34 1822
1822 34
1750 1823
1823 1750
1685 1745
1685 1689
1689 1685
269 183
183 269
1770 1819
1819 1770
1700 1713
1486 308
1200 308
1743 1824
1824 1743
1797 1825
1825 1797
1825 496
6 1685
1685 6
1385 1564
522 1826
1594 1625
1625 1594
904 1819
1770 1713
1713 1351
1351 38
38 1351
721 1826
1807 1787
1787 1807
1752 1819
12 1365
1365 12
1611 1752
1752 1611
1752 1787
1787 1752
1819 1752
1820 35
308 1751
1819 904
12 1793
1793 12
0 303
1184 1827
1827 1184
1669 1184
1184 1669
1554 1385
308 1351
1395 1751
1385 1333
1689 1828
1828 1689
1200 1385
1689 831
1743 1829
1829 1743
904 1792
904 1713
389 35
35 389
1743 1792
544 34
34 544
35 1830
1830 35
1752 0
1351 1831
1831 1351
12 1832
1832 12
103 22
1751 1756
1756 1751
1801 0
1801 1385
0 1801
1385 1801
34 1833
35 1834
1834 35
