6 54
5226 3326
4648 3326
3326 4648
1638 1809
1809 1638
5226 5448
5448 5226
2387 3344
1564 3718
4303 1809
1809 4303
32 1730
1730 32
5456 2044
3450 3877
3877 3450
3827 5590
5590 3827
0 5924
1809 2387
2387 1809
134 1809
34 5925
34 5926
3877 5522
5522 3877
1017 2397
5920 2062
3827 1017
4290 5920
3877 5298
1809 5927
5810 3706
5810 5524
4204 5505
4204 24
3877 5607
1 5928
5928 5605
2387 5904
4648 5410
5838 5895
5838 5506
5895 5838
4290 1801
2302 3713
3713 2302
103 50
50 103
103 4319
4319 103
5920 4290
4648 5523
5523 4648
1818 1809
4290 5522
4290 5448
5448 4290
360 904
5448 5764
5764 5448
5412 5929
5929 5412
3713 1898
1898 3713
5590 2941
103 4648
4648 5448
3877 5568
1564 3877
5920 2044
3713 2941
4204 0
3428 2941
