274 140
904 2303
2123 1395
2296 2079
2254 2343
2343 2254
2343 2027
2296 103
103 2296
2172 2372
2372 2172
2317 904
34 2358
12 1990
1990 12
904 1527
2033 1583
2066 1920
1920 2066
2265 2373
2373 2265
2366 2066
2372 2193
2066 1730
1730 2066
2172 2288
2288 2172
2265 2302
2017 2374
2374 2017
1831 2044
2295 2071
2027 1952
2066 1952
2066 2259
2033 1954
728 1564
2305 2345
2345 2305
12 1526
1526 12
2071 2295
1849 1859
1859 1849
1898 2172
2172 1898
2358 34
2027 1611
1611 2027
2304 2376
2376 2304
2376 2312
303 634
2089 1809
2112 2242
2358 1859
2172 2265
2265 2172
2027 2241
2241 2027
2123 2124
1528 1898
2348 2123
2213 2343
1898 1528
56 227
1614 1572
2370 2378
2378 2370
1898 2203
1200 1528
2017 2193
34 2109
2109 34
2027 1945
2343 2213
1316 1315
1859 2358
2066 352
352 2066
1583 2033
1849 2317
2317 1849
303 1583
1583 303
2345 2295
303 728
728 303
2066 2366
2207 2292
2317 1831
1831 2317
2207 2364
2364 2207
34 2377
1801 2379
2379 1801
2207 2380
2380 2207
2124 2204
2204 2124
2317 2381
2381 2317
2310 2166
2302 1793
2382 2312
2382 2383
1385 1689
1619 2248
2248 1619
1315 1316
1845 2384
1845 2385
1845 2386
1845 1877
904 1889
1889 904
2386 1845
2112 2385
1898 1516
1516 1898
2207 2327
1216 2388
2388 1216
2200 1333
2256 1849
1849 2256
2389 2292
2292 2389
1945 2027
2389 34
2369 1669
2062 2305
12 2220
2220 12
1628 2062
2062 1628
1921 2390
1921 2296
1919 2027
303 341
341 303
2327 2391
2391 2327
2392 2295
1889 2295
34 2392
2392 34
2124 2264
2207 2163
2172 2393
2393 2172
1564 2213
2213 1564
1921 2292
2292 1921
2298 2388
2229 2207
2229 1184
2388 2298
1753 2197
2390 1921
1911 2388
2120 2126
2388 1911
1809 2394
2394 1809
1831 2343
362 303
2126 2120
2027 2345
2345 2027
1920 1809
1809 1920
1842 759
1911 2361
2361 1911
2265 591
591 1818
591 2265
170 2197
1921 12
12 1921
2314 2197
2124 2396
2396 2124
2265 1674
2348 2203
2053 1477
1809 1952
34 2314
2314 34
34 2397
2397 34
2314 2397
2397 2314
1801 1333
2363 2398
2398 2363
2029 2197
699 2197
352 2399
2399 352
2027 1584
2398 2193
2193 2398
1915 1859
2207 2400
2400 2207
2349 2124
2124 2349
1674 2265
2173 24
2398 1947
1947 2398
303 1052
1052 303
2403 2343
303 1655
1052 0
1655 303
1655 634
634 1655
1528 2197
1528 1385
12 341
341 12
728 2397
2397 728
34 2389
2405 2396
2396 2405
1674 2406
2406 1674
1920 2197
2251 2407
2407 2251
936 532
532 936
904 2317
34 2355
2355 34
1898 2407
2407 1898
1507 728
728 1507
1756 1898
1898 1756
1831 12
12 1831
1756 12
20 2193
269 2410
2404 2406
2404 2197
2406 2404
2265 2291
1583 1831
2406 2411
2411 2406
2291 2265
2404 2396
2396 2404
904 2186
2186 904
2172 2327
2327 2172
1911 34
2248 2413
1756 2265
2265 2261
2261 2265
303 1849
303 2248
2292 2197
2248 303
1200 1315
1315 1200
1904 2118
699 303
303 699
303 490
490 303
303 6
1763 1362
1362 1763
303 2416
2416 303
1351 1316
904 1351
2343 1898
1898 2343
352 2197
2407 34
1898 2197
2251 1068
2388 2410
56 2410
2410 2388
2410 56
1674 2407
2407 1674
12 2410
2410 12
1809 2197
2290 2197
203 2302
2302 203
904 2391
2391 904
2265 2391
2391 2265
2295 2265
2295 1889
2295 2392
2295 2364
2295 2302
2295 2347
2295 2343
2295 545
2295 728
1395 2197
303 1859
1859 303
1898 2261
12 2418
2418 12
2343 352
539 2197
2261 1898
2295 2418
2418 2295
1527 2317
2193 2372
2193 20
2193 329
2418 2419
2419 2418
2418 2288
2288 2418
2343 2420
2213 1730
1898 2420
2420 1898
2420 2343
2124 2421
2421 2124
183 1385
2124 2350
1583 2193
1898 2242
2242 1898
1952 2422
2422 1952
1315 1565
1966 2197
1898 95
95 1898
1730 2213
1730 1655
2265 1554
1554 2265
2242 2423
1554 2396
2396 1554
2423 2242
2232 303
303 2232
2343 1831
2291 2424
1280 2016
1745 2197
1947 1614
2118 1904
1756 2197
56 1315
1436 2415
2265 2343
56 1200
1801 303
303 1801
303 1611
1611 303
1756 2291
2410 2425
2425 2410
1756 2295
34 2407
2117 2229
2426 2117
1614 1947
1477 2426
34 2427
2427 34
2428 2426
2426 2428
2291 1756
2426 1477
2423 2396
1842 2402
2402 1842
1809 2423
2423 1809
2426 2429
2193 1900
0 142
142 0
2343 24
1585 1898
1898 1585
1898 2163
2066 2423
1542 2197
1542 2265
1542 1385
1952 1542
2295 424
2343 2197
2317 845
1743 2399
2353 490
34 2431
34 2432
170 2124
2124 170
2399 1743
1564 1692
2317 2261
2261 2317
491 0
2027 2433
2433 2027
2388 2172
1745 1947
2172 2388
2414 2434
2434 2414
1801 2213
2433 1898
1898 2433
2414 2027
2434 2343
2213 1801
2343 2403
491 549
549 491
0 491
1200 2435
1801 2343
2343 1801
2130 2197
2317 2436
2436 2317
845 2317
2419 2197
1216 2426
1947 1745
491 1436
1692 1564
2124 2437
2409 2027
2027 2409
2409 2438
2331 2066
2066 2331
1809 2439
6 2403
2403 6
2027 2440
3 2343
2343 3
2440 2027
1809 1945
1945 1809
2131 1809
2295 2345
352 2295
2295 352
728 936
936 728
352 2175
2175 352
699 2414
2414 699
634 2442
2442 634
634 2443
2443 634
2442 2443
2443 2442
545 634
634 545
2444 414
414 2444
728 549
549 728
201 303
2079 2312
2343 1564
1382 1565
2437 2124
2175 2408
549 2101
2027 2343
34 2445
1436 491
2391 545
545 2197
2131 2446
1831 2408
545 2391
2440 2411
303 1669
2286 2197
549 2197
2124 2436
2436 2124
2446 2131
34 2448
34 2449
2124 2440
2440 2124
2175 12
12 2175
2433 1884
490 2353
1216 1285
491 1753
1753 491
2066 2448
2448 2066
2062 1395
2450 1395
56 2451
2451 56
2310 1221
2066 2452
1221 2310
1385 2453
491 1556
2445 34
2216 2454
2066 2434
1713 2124
2027 1859
2124 1713
142 2454
1052 2454
3597 2457
2457 3597
2305 303
2124 2458
2458 2124
2317 2175
634 2459
2459 634
2403 2460
2027 2089
2460 2403
317 61
2079 2089
134 2089
352 1395
1395 352
728 1395
2027 2461
2461 2027
2447 2427
2384 2454
2131 1623
40 2454
1947 2454
1395 12
12 1395
1565 2454
2453 1385
2403 1556
1556 2403
2403 2462
2455 2172
2462 2403
2213 2327
2213 2248
1556 2027
2027 1556
646 2321
2321 646
258 2454
2248 2213
549 904
1385 1828
1564 1828
2295 34
2295 2463
2463 2295
2463 34
1584 2172
0 2454
2131 2101
2406 2197
2295 2432
2462 34
1528 1884
1528 491
1904 1674
1674 1904
1688 2062
2062 1688
491 1610
1884 1200
1200 1884
1554 1730
1730 1554
1528 1395
1528 424
2417 2197
6 1554
1554 6
1554 2403
2027 2358
2358 2027
2403 1554
5 2454
1884 2027
2027 2465
2465 2027
904 2465
2465 904
1692 1200
1809 2467
2415 1436
2467 1809
904 2403
2295 2468
2468 2295
1859 1818
1818 1859
1051 1365
2446 904
2377 6
6 2377
2429 1669
1669 2429
2436 2197
1584 2197
1216 2469
2409 2470
34 491
2470 2409
2033 183
2265 2472
2472 2265
2471 1543
1554 2066
2066 1554
1554 1564
1564 1554
1554 1778
1778 1554
1543 2471
394 2317
1610 491
1554 2197
2079 2473
2079 2474
987 2475
1498 2066
2396 2476
2476 2396
1395 2477
2477 1395
1898 2441
2441 1898
904 2369
1200 3
3 1200
2475 987
2474 2079
1365 1051
2118 1809
2027 2478
2478 2027
0 634
1809 2118
491 1528
424 1528
2265 2349
2349 2265
491 2403
2403 491
1498 1845
2033 303
1884 2433
2295 2197
2172 2455
34 2452
34 2463
34 2480
34 2481
34 2462
2303 2433
2096 2027
1904 2484
2484 1904
2303 2193
1724 2485
2485 1724
1556 2483
2483 1556
2193 2303
2295 2066
2066 2295
491 1911
1911 491
2265 2486
2486 2265
2446 2403
2295 2487
2487 2295
2305 208
1809 2336
208 2305
2336 1809
0 2409
0 2470
2122 1556
1556 2122
2482 34
2482 1614
904 2446
2121 1842
2121 2117
2332 2331
2172 2175
2484 1333
1333 2484
1842 2042
2042 1842
2396 2197
1564 424
424 1564
2303 2479
1554 2488
1333 2265
1216 2488
2079 2489
1692 2126
2175 2490
2490 2175
394 2479
1692 255
394 2027
2027 394
2027 2491
2491 2027
394 2492
2492 394
1809 2272
2272 1809
34 2494
34 2495
1542 2175
2175 2317
183 1763
2489 2079
1351 1692
303 2117
255 2493
2027 2453
2453 2027
2493 255
34 2220
2220 34
1501 491
1385 2496
203 2498
203 2497
2496 1385
3 188
1452 2499
2499 1452
188 3
339 2112
2500 208
208 2500
352 2396
2396 352
208 352
352 208
183 2033
2396 208
208 2396
2213 2305
961 2027
2027 961
1583 2044
1583 2213
1583 2204
2204 1583
3597 2493
2493 3597
1583 3597
2044 1583
2493 2501
2501 2493
2310 2396
2396 2310
2306 2433
2306 2366
2306 2479
2485 2502
2502 2485
424 6
6 424
1889 12
12 1889
2213 2398
904 2197
183 1724
1724 183
269 904
549 2265
2265 549
269 549
549 269
1692 1542
2310 2197
1674 2197
2317 2197
2265 2503
2503 2265
2448 2177
2177 2448
1527 1382
1692 1382
2448 2504
2504 2448
2027 1527
491 2197
491 3
3 491
2327 2207
1898 1859
2494 34
34 2505
2172 2506
2506 1184
2506 2172
562 1674
1674 562
1724 1382
1809 2507
2507 1809
2029 1831
1831 2029
2500 2370
2370 2500
352 2343
2398 2197
1556 1382
704 2448
2398 704
704 2398
1351 1382
2172 1382
2186 2280
34 2508
2319 2117
2439 1809
1730 2396
2396 1730
2243 1382
303 2305
