223 143
3980 2941
3022 2941
4459 4307
4381 3577
3577 4381
1564 4303
3544 4461
4461 3544
3352 4462
4462 3352
34 3525
4401 4458
4458 4401
3836 4283
4458 4451
4451 4458
4283 3836
3525 4196
4196 3525
3975 3525
3525 3975
3934 4463
3934 3128
3934 3259
3934 4464
3934 4398
3934 4465
3934 3521
4097 2641
3934 4467
3934 4468
3934 4469
3934 3356
3934 4470
3934 4173
3934 4471
3934 4472
3934 3879
3934 4473
3934 4474
3934 4475
3934 4476
2641 4097
3218 2387
2387 3218
4232 3413
3413 4232
3980 24
3413 34
34 3413
4399 4283
4283 4399
3718 1611
1611 3718
3980 2641
3718 2641
2641 3980
2641 3718
3641 358
3819 4003
4477 201
4003 3819
201 4477
4221 4478
4478 3444
3577 4480
4480 3577
4479 4481
4481 4479
3836 4369
4369 3836
2564 4479
4359 3891
3891 4359
4479 2564
3597 3641
3464 3597
4290 1885
3597 4401
4401 3597
1885 4290
2305 3718
3106 2387
3891 2471
2471 3891
4453 785
2387 2027
3934 4466
1885 4196
4196 1885
4399 4482
4482 4399
4466 3934
1017 3228
4290 4483
3228 1017
4483 4290
34 3241
1333 2027
3241 34
1333 2124
549 2641
3444 2126
3444 362
3444 4478
4406 3444
2941 4458
4458 2941
3444 4314
3444 4406
2732 3743
4401 3743
4433 4401
4401 4484
4484 4401
3597 3718
3718 3597
4401 4433
4481 34
2941 3703
3641 4485
4485 3641
4485 480
480 4485
3703 2941
34 4481
1317 3812
3812 1317
34 4433
4433 3641
3641 4433
3577 4232
4232 3577
2305 2641
2641 2305
4171 3577
1333 3577
4196 4486
4486 4196
4486 34
2941 4482
4171 1749
4482 2941
2879 2387
1017 4487
4487 1017
1564 1565
3891 4488
4488 3891
4381 3891
3891 4381
4488 4408
4408 4488
4399 4488
4488 4399
3836 4378
544 2186
2463 3836
4290 3379
3379 4290
3836 2463
4290 4433
4433 4290
3819 3451
3104 4362
4412 4489
34 3742
686 821
686 1317
3836 4490
4490 3836
4393 4171
4171 4393
3464 3722
1317 4491
3718 4491
480 4491
4401 4492
4492 4401
4401 4493
4493 4401
4401 4496
4494 4495
4495 4494
4496 4401
4486 4401
4401 4486
4171 3232
4488 3648
1809 3232
2727 3925
3925 2727
3819 4188
4188 3819
2232 2564
2564 2232
3696 3232
34 4497
4466 4300
3718 4498
4498 4399
4498 3718
3641 2066
2066 3641
4300 4466
3718 4230
3718 2027
1317 2027
4500 3718
4501 3718
4290 3694
3694 4290
4412 1809
1809 4500
3897 4502
4502 3897
3897 1932
3577 4488
4488 3577
3718 4501
4401 4501
3718 4500
4423 4401
1628 4196
4196 1628
3718 4369
4196 4448
4280 4423
4423 4280
4280 360
360 4280
4423 4486
4486 4423
4196 3695
4423 3628
3628 4423
3897 2902
2957 3836
3836 2957
3695 4196
3641 3597
4364 3915
3698 2599
3620 4364
2599 3698
4364 3620
4257 3836
3836 4257
2941 3236
3236 2941
3766 2941
2941 3766
3450 3629
34 4423
4106 3763
4251 4106
2305 2044
2044 2305
4466 4503
3897 1000
1831 4504
4504 1831
545 3766
3766 545
4196 545
3749 1611
34 4486
3934 4505
3934 4506
352 3819
3819 352
1564 4118
3352 3042
3042 3352
3628 4507
4507 3628
2879 1730
4457 4508
2879 4362
4362 2879
629 3743
629 2876
2295 4118
1730 2879
1730 2027
3344 1814
12 1333
4118 2295
4118 3836
4118 360
4118 4280
4118 2403
4118 1333
1333 4118
1814 3344
2387 3024
3749 34
2327 3577
3577 2327
4433 4510
4461 4458
4458 4461
4456 34
4456 3749
4171 4458
4458 4171
4280 3703
3703 4280
4449 4511
4458 4362
4511 4449
4362 4458
4418 4512
4512 4418
3749 4456
4106 4513
4513 4106
2941 4514
4513 4187
4187 4513
4510 4433
4300 3362
4405 1362
4290 1611
1611 4290
4196 3241
1017 3925
2641 4171
3464 4516
4410 4194
2646 4513
4458 2641
4171 2200
1402 2641
2641 1402
4513 2646
3428 4518
4518 3428
2641 2463
4194 4410
2463 2641
4243 3160
3160 4243
2463 4352
4352 2463
2295 4449
4454 4449
4399 4519
4519 4399
4405 904
4477 2124
2124 4477
4410 4522
4522 4410
3620 362
362 3620
2403 4118
362 4523
2234 4524
4524 3259
4524 2234
4524 4525
4524 3985
4524 4503
4524 4300
1611 4408
4408 1611
4391 3388
3388 4391
4314 4402
303 4518
4518 303
4362 4526
4526 4362
3648 4488
4488 4037
4037 4488
4037 4527
4527 4037
3925 4458
4458 3925
4037 4216
4216 4037
4466 4284
3451 3819
4284 4466
2403 904
4489 4412
2265 3710
4399 3718
3718 4399
2265 3257
4290 4489
4489 4290
3925 2391
2391 3925
2066 2124
4362 2124
2124 4362
4520 4369
3743 3407
4369 4520
4171 2646
4280 4118
2044 3028
4458 2124
2124 4458
34 4216
4216 34
3620 4529
4378 4362
4529 3620
3745 4415
4196 4530
2564 4057
3925 1017
4057 2564
1017 4531
4196 4532
3241 4196
4531 1017
490 2232
4118 3477
4300 4503
4171 4521
4521 4171
3641 4196
362 4196
4196 3641
4196 362
4530 4521
4530 4196
3718 4533
4533 3718
4532 4196
4530 3836
4534 3718
4510 4530
3718 4530
3836 4530
3836 3428
3428 3836
4290 2941
2941 4290
2941 639
639 2941
2646 2766
2766 2646
4106 4284
4284 4106
4433 34
2941 4433
4433 2941
3718 4534
3451 4534
2295 4534
2295 2800
3451 2800
1385 6
1333 4216
4216 1333
3766 4494
4494 3766
4408 3718
3718 4408
4494 4216
4216 4494
2387 1831
360 4118
2902 3897
3698 4536
4536 3698
4218 2941
4253 3698
3017 2646
2646 3017
4388 1317
2011 3903
3903 2011
2066 2027
1611 4381
4381 1611
4236 2941
4457 1898
1898 4457
1017 3530
4521 4530
1814 2124
1611 4253
4253 1611
4399 3819
3819 4399
4521 4284
4284 4521
3648 4253
4253 3648
3836 4253
4253 3836
4489 1017
4481 4538
4300 4528
4300 4539
4300 4540
34 4541
3577 3251
3251 3577
1611 2551
2551 1611
2200 4171
3836 4542
480 4543
3718 4543
3718 4544
4171 3718
3597 4390
3718 4171
1688 4545
4545 1688
4542 3836
2941 3428
4542 3620
3620 4542
3812 4391
4391 3812
3883 4521
2941 2396
2396 2941
2941 2062
2941 2403
4542 4196
4378 3836
4542 4546
4546 4542
1763 1547
3648 3228
3228 3648
4196 4542
1498 4547
3896 1611
1611 4268
4268 1611
4314 4268
3641 4548
4548 3641
4542 2109
2109 4542
4542 4549
4268 3444
4268 4314
3577 4171
4303 4433
4433 4303
3896 3925
3925 3896
4299 34
4521 3883
4433 2641
2641 4433
1498 4550
4550 1498
1498 2396
2396 1498
3718 2660
1611 1498
1498 1611
4171 2766
4521 4522
4522 4521
2295 2766
3464 4171
362 1017
4547 1498
4547 3269
4399 4551
4551 4399
2641 3687
4448 4196
34 4498
34 4552
34 4554
134 4405
4405 134
4037 904
1385 4405
904 4405
904 3486
3486 904
3486 2660
4221 2126
2126 4221
2403 1402
34 1997
4171 4555
4171 539
4521 4556
4556 4521
539 4171
4521 4555
3718 4555
4324 4287
3934 2951
3577 4458
4458 3577
4399 4542
3544 4458
4458 3544
4542 4399
4542 4545
2599 4448
4448 2599
4545 4542
1402 4542
1402 4545
3444 4268
4360 4037
4037 4360
3934 4528
3696 4559
2641 4083
2599 4083
4083 2599
2879 3925
4352 4303
4303 4352
2599 4458
4458 2599
2599 4216
4216 2599
2941 4216
4216 2941
360 3597
4196 4562
3819 3609
3819 4123
2124 2403
4562 4563
4563 4562
3577 4558
3577 3819
3819 3577
4558 3577
4196 3267
3267 4196
3320 2599
2599 3320
3896 2641
4290 3696
4290 4518
4037 4564
4564 4037
4564 2564
3577 4537
3577 3614
3450 4562
4562 3450
4280 4457
4216 4458
4458 4216
4083 4458
4458 4083
4083 3577
4564 4566
3975 4083
3450 3902
3577 4083
3975 4564
4564 2130
4564 3975
4083 3975
3975 4216
4216 3975
4171 2403
3648 3903
4216 4276
4276 4216
4251 4171
4537 3577
1017 4208
4208 1017
4567 2641
4517 2641
2641 4517
4216 3896
3896 4216
2641 4216
4458 3836
3836 4458
4378 2295
3975 4568
4568 3975
3641 4118
4118 3641
3316 3641
3641 3316
191 1333
3896 2391
2391 3896
2599 3896
3896 2599
2124 2011
2011 2124
1898 4362
56 3836
4362 1898
4461 4569
4569 4461
4362 4569
4569 4362
4399 3577
3577 4399
4569 4562
3012 3819
3819 3012
3836 56
4273 4570
4570 4273
4570 4196
3 34
3896 4083
3698 3
3 3698
4083 3896
4083 4486
4486 4083
2403 2124
4083 3648
2403 4083
3577 352
352 3577
1017 4197
4197 1017
3577 3007
3007 3577
4266 4265
2123 229
1611 3896
2123 1017
4196 4232
4232 4196
4529 4569
4083 4569
4569 4529
1351 2039
4106 4571
4571 4106
4569 4083
4399 4553
4553 4399
4573 4569
1614 1184
4553 4251
4458 4197
3017 4106
4106 3017
4545 4303
4303 4545
4280 4538
4538 4280
4362 4529
4529 4362
3745 4504
539 2396
2396 539
4504 3745
4196 2324
2324 4196
3925 1831
4083 2403
3477 4118
3836 4118
2641 4575
4575 2641
2396 4576
1831 4577
4577 1831
4362 4577
4577 4362
1411 4196
4196 1411
2660 3641
3641 2660
4573 4578
114 34
4578 4573
3577 4579
1809 3743
3758 1809
3759 1809
3759 3785
3759 3786
3759 3787
3759 3788
3759 3789
3759 3790
3759 3791
3759 3792
3759 3793
3759 3794
3759 2027
3759 1333
3759 1362
3759 1317
3759 2387
3758 2387
3758 1317
3758 1362
3758 2027
3758 3785
3758 3786
3758 3787
3758 3788
3758 3789
3758 3790
3758 3791
3758 3792
3758 3793
3758 3794
3756 2027
3756 1362
3756 1317
3756 1809
3756 3785
3756 3786
3756 3787
3756 3788
3756 3789
3756 3790
3756 3791
3756 3792
3756 3793
3756 3794
3755 3794
3755 3793
3755 3792
3755 3791
3755 3790
3755 3789
3755 3787
3755 3788
3755 3786
3755 2027
3755 1333
3755 1317
3755 1362
3755 3785
3755 1809
3755 2387
3743 2387
3743 1809
3743 3785
3743 1362
3743 2027
3743 3786
3743 3787
3743 3788
3743 3789
3743 3790
3743 3791
4106 4300
3915 4227
4227 3915
3975 4418
4418 3975
1362 3755
1362 3758
1362 3759
4570 4569
2834 2027
1362 2027
56 2027
1362 177
1362 2045
1898 2027
2044 1362
2044 0
1527 2027
2044 1952
4570 4580
3836 4535
4535 3836
4580 4570
1362 4405
56 1362
2387 3755
2387 3756
2387 3758
2387 3759
3718 203
4196 4570
4162 2821
4037 4581
4581 4037
904 4290
4037 4369
3915 4582
4582 3915
904 4408
4408 904
2564 4583
4583 2564
2599 4584
4399 4423
4423 4399
2564 2941
2941 2564
2941 4583
4583 2941
3896 4583
4583 3896
4576 2396
3896 4319
4319 3896
4569 4570
4584 2599
4569 4573
2396 4171
4171 2396
3925 4278
4585 4553
4171 1498
1498 4171
4171 4583
4583 4171
1333 2821
4290 4587
4587 4290
203 3718
4401 4588
4588 4401
4589 3718
4589 1
4589 134
4589 2498
4589 3743
4589 2497
4589 1770
904 4590
4590 904
4433 4553
4553 4433
4433 1970
1970 4433
4591 4290
3318 1831
1831 3318
4208 2599
2599 4208
3836 2403
4586 2124
4208 3718
3718 4208
904 4335
4335 904
4510 4592
2186 2941
2941 2186
4592 4510
3641 4593
4593 3641
3544 3718
3718 3544
4545 928
4545 624
624 4545
4037 4594
4594 4037
4591 4401
4401 4591
2834 4083
4369 4083
4401 4083
4401 4593
4401 4595
4595 4401
4037 4083
4583 4401
4401 4583
4171 4369
1628 4595
4595 1628
4171 4251
3836 4477
4553 4596
4596 4553
4037 2941
2941 4529
4529 2941
3836 4596
4596 3836
4593 4529
4529 4593
545 2471
2471 545
2941 3681
2564 2471
3681 2941
4586 4596
4586 4171
4596 142
2599 4597
4597 2599
4586 4196
4037 4598
4598 4037
40 4598
4598 40
4598 1970
3428 4599
4599 3428
2641 4598
4598 4401
1528 4253
4598 2641
4253 1528
4591 4253
2315 4253
4253 2315
4253 4591
4253 2941
2941 4253
4401 2941
3577 4600
3577 2564
4600 1828
4600 3577
4593 4401
4600 34
4171 4586
4196 4586
4290 2124
3896 3836
3577 2044
4461 4196
4196 4461
2941 4401
4601 4600
4600 4601
4196 4602
4602 4196
4602 2495
2495 4602
3597 4553
4553 3597
3836 3925
4595 2941
2941 4595
4250 4401
4401 4565
4593 1970
1970 4593
3641 1970
1970 3641
904 4401
4401 904
3577 4591
4538 4481
3577 4605
4605 3577
2124 4606
4606 2124
4591 3577
904 4607
4196 4438
4608 4602
4578 255
4603 4578
3836 4290
4290 3836
3896 4369
3648 4598
4598 3648
2641 3902
3902 2641
4266 4597
4401 4604
4604 4401
2193 3641
4171 2564
3028 2044
4553 4585
4278 2124
4278 362
2130 4564
2130 3836
4272 4196
