6 27
35 77
1 131
131 1
95 14
109 56
109 40
131 27
27 131
110 0
131 133
133 131
131 99
99 131
40 136
14 95
136 40
6 136
136 6
0 137
137 0
131 137
137 131
99 110
110 99
99 63
63 99
40 139
139 40
6 59
59 99
6 140
140 133
133 140
140 6
131 20
138 131
131 138
77 131
1 2
131 141
141 131
109 141
0 109
109 0
141 109
109 75
1 141
141 1
109 142
142 109
74 131
109 133
133 109
131 143
143 131
0 144
144 0
145 1
59 146
40 147
147 40
22 112
20 131
92 80
77 148
148 149
149 148
131 74
1 109
109 1
109 143
143 109
40 146
146 40
131 151
103 152
80 92
151 153
153 151
151 74
109 154
131 155
155 131
131 112
112 131
154 109
40 156
156 40
148 131
131 148
112 157
157 112
55 6
6 55
40 131
152 103
131 40
113 0
0 113
0 110
59 159
159 59
113 148
148 113
113 145
77 145
145 77
121 77
131 77
145 113
113 20
6 160
160 6
20 113
131 103
103 131
131 156
156 131
0 6
6 0
131 161
161 131
40 162
162 40
40 161
161 40
1 148
148 1
74 40
142 80
142 79
79 142
0 164
164 0
151 165
165 151
1 165
165 1
109 103
40 166
166 40
40 167
167 40
131 168
168 131
80 148
141 169
169 141
44 170
170 44
63 165
165 63
165 112
112 165
59 103
59 171
63 2
112 172
172 112
40 173
171 59
165 155
155 165
174 6
44 175
160 143
143 160
6 165
160 176
176 160
148 128
128 148
143 177
177 143
74 0
74 178
178 74
74 61
61 74
142 172
148 172
172 148
172 142
165 179
179 165
173 40
148 80
143 142
142 143
59 147
147 59
1 155
155 1
0 18
131 180
180 131
134 180
180 134
131 158
158 131
134 142
142 134
147 181
181 147
143 180
180 143
180 182
182 180
142 182
182 142
141 63
63 141
183 6
6 183
79 6
6 77
77 6
146 178
178 146
6 184
184 6
175 44
182 185
185 182
134 186
186 134
32 6
6 32
77 143
6 187
187 6
103 188
188 103
103 189
189 103
103 109
103 190
190 103
103 112
112 103
5 172
109 6
103 170
170 103
142 191
191 142
59 158
158 59
1 0
56 24
