103 87
34 2247
1333 1859
1619 721
1619 2044
2044 1619
2027 2044
2027 2249
2249 2027
1525 2244
2157 12
0 2095
2161 201
1892 544
2250 2124
1554 2044
2044 1554
2044 2089
2245 2140
2027 1761
2172 1669
1669 2172
1952 591
591 1952
591 2173
2173 591
1590 2242
1200 1859
1859 1200
1849 2203
2143 1801
1889 1859
1859 1889
1889 2228
1920 936
936 1920
1526 936
936 1526
2140 1947
1947 2140
2027 2252
2252 2027
2193 2044
176 1947
2124 2194
2194 2124
2141 2253
2253 2141
2141 2254
2254 2141
1947 1689
1619 2255
1619 1584
1584 1619
2123 2173
2173 2123
2203 1849
2216 1382
1859 2124
1859 2256
12 1997
1997 12
704 2124
1382 2257
2172 2134
2243 2258
1528 2259
2259 1528
1528 904
1477 1724
2255 1619
360 2228
2259 2044
2044 2259
2044 2193
2228 2251
2033 1714
2033 1520
2033 1713
2251 2228
1787 24
2033 2260
1952 24
2044 2086
1395 2251
2086 2044
1333 2086
2086 1333
2086 2094
2094 2086
936 2198
2198 936
2242 1590
2199 1619
1619 2199
1718 1966
591 12
12 591
2259 1395
34 25
269 1395
1768 1732
2082 1809
2228 2262
1809 1315
1315 1809
1200 2228
1674 2216
2216 1674
590 2218
12 2228
2218 590
12 2260
1385 2260
2172 2260
2260 2172
2260 1385
2260 1952
1952 2213
2260 2033
2033 937
2027 362
1395 1787
1787 1395
2124 2256
2256 2124
904 1385
1385 2228
2193 358
34 2263
2263 34
1889 936
936 1889
2243 2172
2172 2243
2243 1845
2047 12
12 2047
1395 2264
2096 2124
1498 2228
2228 1498
424 1385
1498 2264
2172 1787
2172 1498
1498 2172
2264 1395
2172 1801
1801 2172
1315 0
1315 1385
1477 2053
2255 2126
1801 904
1477 904
904 1477
2126 2255
352 1801
1801 352
1947 2046
2042 544
1938 1619
1619 1938
1362 1985
1385 358
2203 2124
2124 2203
2177 2265
1787 12
12 1787
1787 2172
2097 303
303 2097
1689 544
2265 2177
2027 2266
2243 2267
2267 2243
904 2268
936 1939
1939 936
2172 2269
2269 2172
2255 2172
2172 2255
497 544
1565 214
2027 2172
1333 445
2134 2172
1801 2270
2270 1801
1966 12
12 1966
1395 269
424 1316
1385 424
1877 1845
1877 24
1316 424
2033 2186
2186 2033
505 1184
1184 505
505 1333
2172 1904
1904 2172
2027 2271
539 56
2271 2027
2172 2228
2270 2124
2124 2270
1676 2015
2015 1676
2027 2180
2213 2180
360 2210
2124 2273
2273 2124
2250 2027
2193 1477
1395 2172
2045 6
1877 1676
1676 1877
904 936
2271 2276
2276 2271
2230 134
1333 134
1333 2172
2277 2027
2230 1316
2172 2089
2243 545
6 2045
1316 2230
1946 2177
2177 1946
2172 2278
2278 2172
1801 2279
2279 1801
776 1947
1947 776
2172 2143
2143 2172
545 2243
1730 1859
1859 1730
2066 2228
2066 2260
1849 1809
1809 1849
2280 544
2280 1583
2140 1043
1043 2140
728 2066
12 1859
1730 341
341 1730
2186 2281
2204 2265
303 2134
2066 1633
1633 2066
2141 2123
2123 2141
352 2242
904 2193
904 2282
904 2283
2283 904
1859 12
1966 2053
2053 1966
2281 2186
1932 2285
1745 1730
1730 1745
2172 3
3 2172
2124 2096
505 2286
1801 1809
1809 1801
2124 2186
2186 2124
2242 2197
2082 2287
303 2082
1097 1689
1097 1845
2250 2288
2288 2250
1382 214
2287 2082
1763 1000
1849 2289
2289 1849
303 2265
1938 1676
1676 1938
1689 1898
1809 2291
2291 1809
303 822
822 303
1399 2242
2089 2124
6 2096
2292 2021
2267 1542
303 1676
1676 303
2066 1528
1528 2066
2066 1764
2291 2294
904 1898
1898 904
2294 2291
1743 1770
1818 591
2089 1280
545 549
549 545
2193 2283
2193 2041
2041 2193
2124 1889
1889 2124
904 2296
2296 904
2296 549
2173 2197
1996 2197
1938 2268
2066 2268
2268 2066
2268 1938
303 1938
2283 2193
1280 2089
2193 544
2066 2297
2297 2066
2066 1889
549 2296
2112 2298
1898 2296
2296 1875
1875 2296
822 2296
2296 822
1859 1898
2140 1216
1257 2299
1200 2045
2027 2277
2250 591
591 2250
360 2250
2250 360
2124 1818
1818 2124
2033 5
5 2033
2172 2124
2124 2172
2193 2216
2216 2193
6 56
936 1996
1996 936
303 2300
2079 2296
2300 303
34 2301
2301 34
2052 1718
2052 60
1966 1996
2213 2124
2213 1395
2213 1952
303 1809
1809 303
1845 2267
1845 1316
134 2295
2112 1989
1989 2112
2066 1556
2274 2066
2274 2197
1315 2197
2265 2284
2284 2265
1216 2140
1216 2280
2280 1216
2193 1190
1190 2112
1190 2193
394 2303
2303 394
1801 1676
1676 1801
2066 1628
1628 2066
2066 170
170 2066
2066 2220
987 2304
2304 987
2220 2066
2097 2305
2305 2097
2066 2226
2226 2066
1399 2197
2275 2124
2273 1898
1898 2273
303 2273
2273 303
1947 2298
936 2029
2029 936
2138 2117
2298 435
2193 2306
2306 2193
1614 2307
435 2298
2172 2302
1985 2296
2281 2308
2308 2281
1898 2259
2259 1898
1730 2062
2062 1730
2048 2309
2302 24
1200 2310
2309 2048
2117 2311
987 2048
2048 987
987 2312
2072 234
1898 3
3 1898
1584 2305
2305 1584
303 2175
936 1315
1315 936
1395 2213
2242 1399
2242 2268
2268 2242
2145 1730
936 1872
1872 936
1730 2145
2045 2027
2027 2045
303 936
936 303
34 2313
936 1043
1043 936
1842 1773
2308 1575
2175 1564
1564 2175
2071 2315
1266 1801
1801 1266
34 2298
2066 2316
2316 2066
2298 34
2066 1898
1898 2066
2124 2317
532 2118
2311 2117
2027 2130
2130 2027
1895 2075
2118 532
1872 2311
2053 2308
2308 2053
2316 1872
2316 2043
1872 2316
2043 2316
2071 1399
1399 2071
2315 2071
6 2204
2075 1895
2274 2242
2242 2274
2204 6
435 2288
2288 435
2318 6
2318 2204
2117 2319
1216 2191
2188 2066
1773 1842
1898 2320
2320 1898
34 1200
0 2321
2021 2292
1200 2321
1898 2322
2322 1898
1814 1809
1561 34
2191 1216
2218 2310
2066 2188
2124 2177
2213 521
2213 1200
2213 1365
2193 2323
1801 1221
2323 2193
1221 1801
728 2197
2066 2324
2027 24
1828 24
2027 2324
2324 2027
3 2197
2230 1859
1859 2230
2264 2124
2230 2124
2298 2325
1938 2326
2326 1938
1316 2033
170 1831
2302 2172
2033 1316
2045 1200
2066 1501
1501 2066
2243 1584
2218 2027
1809 1837
1837 1809
2033 2027
2240 1120
1120 2240
2027 2203
303 2329
2329 303
2082 303
2089 2268
2325 2298
1889 2066
1584 2243
1750 303
303 1750
1564 358
1889 1990
1990 1889
2256 1584
2317 2330
2325 2197
2330 2197
2172 24
532 1809
1809 532
2172 2317
2317 2172
2166 2310
1000 1763
2331 2332
1938 303
1200 2213
1619 2317
2317 1619
2089 214
34 2333
2333 34
2213 2218
303 2254
2254 303
2218 2213
2310 2218
539 2230
521 2213
936 2310
2310 936
1584 1498
2324 2197
728 1859
1859 728
1200 728
1528 1527
591 936
936 591
1216 2334
728 394
394 728
2230 539
904 769
2303 445
2303 1669
1669 2303
2112 273
728 1501
1501 728
303 2256
2256 303
1966 2066
2066 1966
2254 2197
1395 1498
907 2045
1584 2256
1542 2256
2256 1542
1200 1542
2033 2213
1898 1818
1818 1898
2198 2204
2204 2198
2296 1954
1809 2335
2335 1809
2265 303
728 2295
2188 2336
2336 2188
728 0
0 728
2066 2118
2118 2066
2296 1921
1556 2066
2296 2337
2324 2124
2305 2124
2124 2305
2124 1945
1945 2124
936 352
352 936
2066 2291
1395 1889
1889 1395
2291 2066
2089 2338
2338 2089
2296 2197
2304 2223
2229 2228
1966 1947
2089 303
34 2339
34 1561
2164 1947
1947 2164
1203 1898
273 2112
1184 1947
1628 2191
1898 1203
1898 6
6 1898
1316 1936
1936 1316
1985 1362
2254 1411
1411 2254
545 2295
2123 0
0 2340
2340 0
0 1584
0 3
3 0
1584 0
545 2124
2124 545
1584 134
1818 2317
2317 1818
1789 2341
2341 1789
2191 1628
1849 2130
2130 1849
1938 2342
2342 1938
1565 2027
1938 308
1316 1965
269 1203
1203 269
1203 2343
2343 1203
1898 2344
2344 1898
1556 491
2343 2295
273 2124
2123 1809
1809 2123
2347 2295
2027 2347
2347 2027
2124 2348
2348 2124
1966 1365
2079 2191
2310 2348
2348 2310
2310 1200
1952 1200
2334 1216
1315 1365
2191 24
2191 2079
1315 424
424 1315
1584 2324
2324 1584
2302 2295
1315 1486
2187 1689
1200 34
321 1385
14 1565
2124 2254
2254 2124
2223 1554
2223 2304
1831 1674
1674 1831
2276 1674
1674 2276
2117 2351
2351 2117
2062 2276
2276 2062
545 1556
1556 545
2305 545
545 2305
2203 1898
545 2348
2348 545
545 2223
2124 840
840 2124
2223 2261
545 1564
1564 545
1674 1911
1911 1674
2066 2345
352 1993
1993 352
2345 2066
2191 2012
2254 2019
2019 2254
1849 303
2276 2274
2274 2276
170 0
2134 2348
0 170
1365 0
731 2345
2345 731
2117 2352
2352 2117
2348 2134
2229 2117
2012 2191
2012 445
1904 2071
1669 2355
2355 1669
352 1564
1564 352
2261 2223
1316 2340
2340 1316
1395 2123
2302 2275
2027 2275
2172 2275
904 2275
1952 2356
2356 1952
2348 1203
1952 1965
1203 2348
2027 2357
2357 2027
1498 2310
1689 2187
2310 1498
538 2359
2359 538
12 2223
2223 12
2362 2197
2298 2345
1898 2363
2363 1898
1365 2124
1898 2305
2305 1898
2027 2250
2364 2295
731 2175
1614 2365
2365 1614
2267 2112
2213 2033
1436 1610
1610 1436
2124 2250
2345 2298
12 2213
2066 1280
904 2305
2305 904
2303 904
227 2367
2367 227
2045 907
1898 2089
2089 1898
2207 2229
2327 2358
2358 2327
2358 56
2327 56
2213 2197
303 2368
2368 303
1184 2229
2172 2341
1920 2309
6 1486
2309 1920
1280 2370
2370 1280
1395 3
2364 2197
2117 2371
2011 2197
2044 191
