256 376
4708 4423
4423 4708
4106 4203
4203 4106
4106 4791
4792 4307
4314 3128
2599 3388
4188 2599
2599 4188
3004 4789
4307 3128
4755 4776
4776 4755
1952 1809
2599 4793
2599 2175
2175 2599
1809 4755
4793 2599
1809 4776
624 3925
4300 3871
4794 2251
2251 4794
4634 4280
4583 3648
3648 4583
4583 1333
2043 4196
4196 2043
4171 1952
4171 2634
4319 4772
4772 4319
4196 4795
4795 4196
4362 2753
1952 4637
4790 3956
1809 4795
1809 4774
4294 4637
4790 4637
4196 4796
4796 4196
3902 4790
4772 4794
4794 4772
4789 34
2564 2905
2905 2564
4106 4752
4752 4106
3012 2599
4300 3868
4300 4797
4300 4106
34 4798
4300 4465
4693 3925
2391 1628
4798 34
2941 155
2295 4799
4610 56
56 4610
2124 3836
4693 4707
2641 4800
4634 4196
4196 4634
4799 2295
4610 4378
4378 4610
4196 3609
3609 4196
2387 4693
1611 4188
4188 1611
4634 4802
4802 4634
4037 1809
4362 24
2164 24
4790 24
4697 3745
3216 4794
4794 3216
4280 4634
1809 4451
4451 1809
4196 4803
4803 4196
3696 4697
4697 3696
2839 4697
2124 1730
2377 4752
4752 2377
1809 4615
3749 3121
4634 4319
4319 4634
3648 1393
1393 3648
1809 4803
2599 4631
4631 2599
4307 4788
4307 4792
3121 3749
4283 4615
4697 4693
4647 4171
4615 4283
4697 4634
4615 1809
2941 4037
1831 4037
4196 4804
4804 4196
4610 4805
4805 4610
4697 1831
2941 56
904 4037
3486 4196
4196 3486
3745 4806
4778 4171
4171 4778
4806 3745
4778 4808
4778 4809
4778 2780
4778 4150
4778 4528
4778 3164
4778 3085
4778 4539
3648 4635
4801 2599
2599 4801
4799 3464
1831 4697
3745 4697
4634 4697
1688 2599
2599 1688
414 2312
2564 3121
3121 2564
3503 4216
4106 4778
4744 4693
4778 4106
2295 4801
4790 4801
4410 4811
4811 4410
4811 4287
4811 4505
4811 3259
4610 4523
4280 904
904 4280
4790 2495
2495 4790
4196 4812
4812 4196
4634 4552
4552 4634
1333 4283
1333 4790
4360 4319
4319 4360
4360 4634
4634 4360
4693 4813
4813 4693
2599 2834
2834 2599
4790 4697
1809 404
1333 2599
3718 4269
4269 3718
1333 4815
4269 4171
2387 2265
2321 4760
4760 2321
4510 34
34 4510
4758 2599
1554 3896
1809 4037
538 3668
4813 2321
2321 4813
1554 4794
4794 1554
2043 4794
4794 2043
4707 4693
4813 4817
4817 4813
1333 4278
1809 4817
1809 4813
4610 4815
4815 4610
4707 1809
34 4460
1333 1818
4552 2599
2599 4552
1333 4658
4283 4520
4552 4510
4510 4552
4520 4283
4283 490
4818 2624
1285 2624
2124 4330
4610 3853
3853 4610
4610 3320
3320 4610
4399 4171
4171 4399
34 4819
2641 4553
4553 2641
4819 34
904 4553
4196 3648
34 4820
34 4786
499 4822
499 4823
4823 499
4823 4822
4823 1190
1333 2834
2834 1333
3641 2641
4692 4553
4553 4692
4610 4824
624 24
2834 3019
3019 2834
624 4135
4135 624
4693 3316
3316 4693
4693 3012
4283 4610
4610 4283
4610 4794
4794 4610
4481 3749
3749 4481
4553 4359
4196 3749
3749 4196
4825 34
3344 4171
4790 4693
4824 4610
4693 4824
4824 4693
3896 1554
4713 3959
4827 4634
2321 4828
4828 2321
3464 2315
1831 4827
4171 3464
4827 1831
1362 1655
1333 4827
4827 1333
4196 4702
4702 4196
191 1395
191 1385
191 1362
191 134
191 2045
191 1614
191 2044
191 24
4610 3648
3648 4610
2834 0
4693 4829
4829 4693
4364 4514
4514 4364
4583 4790
4693 4790
3718 4830
4794 1809
4794 4831
4364 2103
2103 4364
2321 4832
4832 2321
4610 4833
4833 4610
1809 4790
3412 34
3412 4790
544 1947
3012 4693
3896 4605
4605 3896
2660 4235
3648 2660
2660 3648
3648 2403
2403 3648
4283 4735
4786 34
4171 1244
1244 4171
4283 485
4171 4834
341 4248
3648 4835
2641 4523
4523 2641
1333 1315
4415 3745
4836 34
34 4553
4553 34
2124 4815
1818 1333
4693 3426
3426 4693
2834 4545
4545 2834
4693 4583
4583 4693
624 2387
485 4283
2387 624
4510 4837
4837 4510
2317 4572
4572 2317
4786 4838
4838 4786
4744 1017
4569 4171
1333 4839
4607 4786
4693 4631
4631 4693
4735 4283
2564 544
2295 4648
2387 3718
2387 4097
4786 4841
4841 4786
4203 2850
1809 4794
4831 4794
1333 4842
4693 1333
362 1809
1809 362
4839 4786
4786 4839
4321 4752
4752 4321
4171 3388
3388 4171
4561 1547
1547 4561
4396 4843
4843 4396
4605 34
4171 4124
4124 4171
2834 4693
4693 2834
4498 4634
4634 4498
4634 40
40 4634
1877 1382
4634 4760
3012 4290
4290 3012
4760 4634
4196 2495
2495 4196
4843 3896
3896 4843
4135 4290
4396 4380
4380 4396
4196 4514
4388 4838
4171 4844
4844 4171
4838 4388
4418 4845
4845 4418
904 3918
4843 4832
4832 4843
3341 2624
2624 3341
3388 3896
3896 3388
4831 4846
4846 4831
2753 4362
4693 4847
4847 4693
2429 4786
4786 2429
4553 3412
4831 4848
4693 4135
4135 4693
3648 4196
3745 4773
4773 3745
2646 4778
3836 4608
4846 4850
4850 4846
4779 3444
4607 538
4786 4851
4851 4786
1809 4852
1017 4744
4556 4171
4378 4171
1333 2774
34 4825
34 4836
34 4837
34 4853
4853 34
40 4196
4196 40
4290 2641
3486 4510
2317 4518
2295 3766
4815 1730
3412 4553
663 4786
4290 2429
2429 4290
2429 4319
4319 2429
4171 4854
12 4383
4383 12
4843 4383
4383 4843
4552 4843
4843 4552
4300 4854
4196 4849
3428 4610
4610 3428
4610 4843
4843 4610
4106 3356
3451 4537
4537 3451
4693 4294
4294 4693
1017 3836
4290 2055
3745 4855
4843 34
3171 34
34 3171
4290 2043
2043 4290
2124 4840
1017 4856
56 2403
4290 4188
4188 4290
2403 56
2847 2387
4856 229
4786 663
4786 4337
3017 4041
3896 4692
4692 3896
4290 2847
3718 1638
4834 4857
4857 4834
4857 3085
3918 2343
34 4858
4858 34
4692 4829
4829 4692
4290 624
624 4290
4858 3645
1809 4857
1809 4834
4786 4860
4860 4786
4838 4861
4861 4838
4786 3597
4860 4862
3648 2471
4829 4860
4860 4829
1809 4843
4614 3403
4614 3544
3544 4614
4845 4843
2463 4399
3403 4614
4614 4114
4290 352
4171 4786
4786 4171
3900 4752
1638 3718
2624 2641
2624 1674
4558 2471
2471 4558
4856 3128
4856 2012
663 1734
1333 1385
4693 4419
4196 4188
4188 4196
4693 4378
4378 4693
3718 3648
3648 3718
3648 3923
3923 3648
2941 3827
3827 2941
1549 4548
4548 1549
4693 904
2430 4037
34 4863
4707 4813
1017 1818
4707 3648
1017 1828
4693 2229
34 4864
2834 2387
2387 2834
4553 3167
3167 4553
4290 1333
1333 4290
3923 4693
56 3277
2847 2075
2564 4607
4607 2564
4786 4779
4779 4786
4203 4505
4647 2377
2377 4647
3836 24
3681 4196
2891 4865
56 2941
4118 3803
3803 4118
1809 4867
4858 4868
4868 4858
4171 3900
34 2690
4481 4520
2295 4518
4869 3896
3318 1333
4870 4869
4869 4870
4869 2295
4869 4856
4869 4171
3451 4869
1809 4869
4856 4869
2295 4869
1828 1017
4856 1655
2957 2624
4171 4869
3896 4869
4510 3282
2124 140
3282 4510
4290 871
871 4290
4786 2166
2166 4786
2124 4489
4510 4871
4871 4510
4171 4872
4872 4171
4558 1989
1989 4558
4558 639
639 4558
1809 3641
639 3891
3891 639
4850 2387
2387 4850
3648 4866
4866 3648
4693 4572
4572 4693
4786 2126
4829 4608
4290 4829
4829 4290
3530 2834
3896 3256
3256 3896
4290 4692
4692 4290
4868 4874
4290 4799
3896 545
4510 3486
4106 4647
4647 4106
3017 2377
4359 4558
4558 4359
3896 2429
2429 3896
4874 4868
2624 4458
4458 2624
1809 4664
4664 1809
2690 34
