323 201
904 4237
4237 904
34 4273
3698 214
214 3698
2641 3915
3915 2641
3698 4336
4336 3698
2942 2124
3915 3104
3104 3915
3891 3629
352 1501
1501 352
4230 4301
4301 4230
3002 4171
4171 3002
3819 4338
3819 4301
4301 3819
480 3891
3017 4265
3017 3526
4329 3017
3017 4329
3819 4341
4341 3819
1921 3017
4118 2124
4206 4203
4203 4206
3218 2762
12 4237
4237 12
34 4342
4343 3648
2403 4344
4344 2403
2387 4345
3592 1947
4345 2387
4171 4346
4346 4171
904 4074
1947 3592
4237 4347
34 4348
3648 4343
1564 95
1271 3819
3819 1271
4347 4237
2011 3819
3819 2011
3344 2124
4335 3819
3819 4335
1333 4196
4196 1333
1333 3599
480 1333
1333 480
3915 1507
1507 3915
2049 4289
3718 4289
3488 34
3915 3925
3925 3915
4135 2941
2941 4135
3915 539
539 3915
2109 4349
4349 2109
2941 4350
2124 2942
4338 3819
4322 1952
1507 279
4171 1256
2295 1256
1184 4351
1952 2730
2730 1952
4280 3819
4330 4130
4171 4338
4338 4171
2396 4282
3718 3599
3718 4352
4352 3718
4085 3365
4230 4196
4230 3318
1628 3903
3903 1628
1628 4353
4353 1628
3489 4353
1507 3819
3655 3599
12 5
3698 4354
4354 3698
4237 4355
1200 4355
4237 1746
12 134
134 4349
4347 4355
12 2027
4296 2725
4338 1688
1688 4338
4265 4087
4087 4265
4265 1271
1271 4265
2762 3218
34 2312
3883 3017
3017 3883
3128 3017
3128 1216
3915 4268
4268 3915
34 4359
352 4360
4360 352
4342 34
904 4359
4359 904
4359 34
3903 3694
3694 3903
2295 1791
2044 1791
2164 1791
2044 4361
4353 3489
904 4330
4330 904
4349 4196
3698 4234
3599 1809
2941 3698
3915 24
546 24
3530 4196
4196 3530
3577 4123
4123 3577
3577 3763
3763 3577
360 2834
4171 3819
3819 4171
4175 2124
2396 2387
4106 3853
3853 4106
2387 2396
3819 4319
3915 4265
3915 4135
4135 3915
4265 3915
4265 4363
4330 1831
1831 4330
1507 4364
3428 3019
1990 4333
1990 3428
3428 1990
3722 1402
4230 34
34 4230
1898 1017
4330 3544
3544 498
362 2027
362 1382
3915 4047
4047 3915
1809 3530
3530 1809
3428 4365
4365 3428
2957 4362
4362 2957
2941 4218
2834 4283
4283 2834
4171 2124
2776 4366
2243 4367
4367 2243
3763 3891
3891 3763
1946 4368
4366 2776
4299 3819
3819 4299
3019 3428
3019 1017
2387 3019
3019 2387
3019 1809
3019 2641
3019 4171
3915 3019
3019 3915
545 4333
4333 545
3915 3530
3530 3915
545 3840
3840 545
3915 445
445 3915
3718 12
3915 2766
2766 3915
1990 4087
4087 1990
4173 4265
1809 2776
4368 1946
1017 4370
4370 1017
4301 2187
2396 4286
4286 2396
4265 4371
2403 3745
273 3655
2941 3530
4106 4096
352 2641
2941 4294
4294 2941
3530 3763
3763 3530
3655 273
3344 537
329 2055
170 3022
1402 3722
624 4362
4362 624
4196 2403
2403 4196
4296 1200
3915 4369
4268 2166
2166 4268
12 4359
4243 279
279 4243
201 279
279 201
35 34
34 4363
34 4372
4234 4210
4369 3915
3722 4278
904 1528
3814 3718
1017 4234
4234 1017
3814 1915
1915 3814
2265 3820
3820 2265
3820 2641
3819 4280
2941 352
4196 3142
352 4365
4365 352
4227 4196
4247 1017
537 3344
3915 4364
4196 4227
3915 4373
4373 3915
1831 3698
3698 1831
4196 4374
2641 3814
4296 2166
2166 4296
2387 3599
279 1507
2941 4375
4375 2941
4296 2124
3819 4376
4376 3819
3544 12
12 3544
2166 4377
4377 2166
3648 2641
3780 4330
4171 4234
4234 4171
2641 4378
3160 4378
4378 3160
4362 3829
4283 4380
4380 4283
4330 3780
1200 4296
4349 2641
3915 4381
4324 4178
4324 4187
4324 4358
4324 3259
4374 4196
4374 2641
4374 4382
4353 4171
4171 4353
3403 4383
4383 3403
4359 12
4299 4384
4384 4299
2641 4374
3464 2027
4290 3530
352 3464
3464 352
3648 3464
3648 1911
1911 3648
3464 3814
3718 3814
3599 3814
3829 4362
3829 3128
1333 3814
2062 2641
3718 2387
3599 2387
3464 3599
3599 3464
2641 2062
709 4385
4385 709
709 2157
1402 2295
4213 1743
2295 4386
4386 2295
4381 3915
4171 4130
34 4380
4106 4030
4030 4106
3718 4272
4272 3718
4030 4387
4387 4030
3106 3594
3703 4059
4349 4171
4388 4171
2641 4282
2243 4389
4389 2243
2641 2066
2066 2641
2641 4390
4390 2641
3106 4379
3763 3668
4379 3106
3915 3648
3648 3915
3915 2166
2166 3915
3723 4391
4037 2776
2776 4037
4324 2634
4353 4392
4303 2243
2243 4303
3891 4387
4387 3891
4265 3970
3891 4393
4393 3891
1333 3106
1333 4394
4394 4395
4395 4394
3891 4396
4396 3891
3017 4397
4397 3017
4397 4329
4397 4398
4397 4265
4397 3512
4265 4397
279 3814
4329 4397
3489 4392
4392 2641
2641 4392
3814 279
2641 4400
4400 2641
2641 4349
3814 4349
1527 4349
3814 2261
2261 3814
4391 3723
3915 4349
4402 4314
3106 4349
3160 2834
2834 3160
4314 4391
4391 4314
2387 4403
3915 4403
4338 4404
4404 4338
2166 4405
4405 2166
4404 4401
4404 279
279 4404
4381 4401
4401 4381
1564 4349
4171 4333
4333 4171
3814 4296
4296 3814
3648 4349
4272 2641
2641 4272
4196 4349
3106 1831
1385 4349
3577 2551
4171 3106
2551 3577
2551 4296
4296 2551
3106 2641
34 2469
2469 34
2469 3
4324 3970
4246 2124
2124 4246
1809 1764
1017 3241
1333 3292
3241 1017
1333 3975
3975 1333
2818 4196
4196 2818
4277 3975
3975 4277
3915 4362
1915 2641
3464 4349
3464 3763
3763 3464
3464 1818
2957 3814
3814 2957
2166 4171
4171 4388
709 1809
4407 544
709 341
2044 2900
3814 4336
3106 4171
2261 4171
4030 4369
4369 4030
3106 4030
4030 3106
4369 4171
4106 2634
1809 3809
3718 4409
3344 3718
3718 3344
3827 3814
3814 3827
4231 2041
3698 4362
4362 3698
1017 3106
4314 4406
360 545
4406 4314
1915 3915
3915 1915
3915 4230
4230 3915
3299 34
4171 4349
4106 4410
4410 4106
2295 1317
1317 2295
4203 3526
3526 4203
709 4411
4411 709
4171 3814
4333 34
4374 3698
3718 4411
4411 3718
1333 2261
2261 1333
1915 3718
3718 1915
4162 24
341 24
4257 3698
3698 4257
3698 4374
3698 2261
2261 3698
4333 2261
2261 4333
2295 4374
2295 4382
3915 663
663 3915
4405 4412
4412 4405
4384 2426
4171 4401
4401 4171
1814 3743
1564 134
134 1564
4171 3980
2692 4178
2941 4333
4333 2941
1898 1564
1564 2941
1564 1898
2941 1564
1564 2689
1333 1564
3698 2062
2062 3698
3698 2941
3814 2834
2834 3814
4118 4413
4413 4118
3915 4379
4379 3915
4196 3440
2599 4196
4196 2599
3698 2403
2403 3698
904 4414
4414 904
3440 4196
3915 4404
4321 3128
4106 4321
4321 4106
2166 4415
4415 2166
2166 2941
2941 2166
2941 4397
2403 2941
4397 2941
3896 4416
4300 4284
4416 3896
4300 4329
4284 4300
4417 3896
4280 4418
4418 4280
3915 4419
4419 3915
4171 3915
3915 4171
3896 3698
3698 3896
4196 4418
4234 3698
4418 4196
3698 4418
4418 3698
3980 4171
3718 4333
3655 3629
4333 3718
4218 34
3718 4118
2251 1957
4118 3718
2295 4420
4420 2295
4196 4417
4417 4196
3698 4360
4360 3698
3915 4421
4421 3915
3915 3718
3718 3915
4380 34
3718 4243
4243 3718
1818 3464
3896 4422
1809 4422
4422 3896
4422 1809
3896 201
201 3896
4401 4423
2166 4424
4422 3891
3891 4422
4408 4401
4401 4408
2166 4397
4397 2166
4422 2403
2403 4422
4037 3891
3891 4037
4424 2166
3592 4425
1809 4273
4273 1809
2641 4335
4335 2641
2641 2879
2879 2641
2838 4426
4426 2838
1554 407
407 1554
1333 3775
545 4352
545 4427
4427 545
2783 1818
1818 2783
3592 4428
4391 491
2049 1809
1809 2049
4196 544
2295 4362
4362 2295
4362 3915
4171 4286
4286 4171
3486 2166
2166 3486
904 3318
4425 3592
2186 4171
4171 2186
2280 2426
1614 2312
4118 3530
3530 4118
1947 1184
2166 4430
4430 2166
2941 4236
1564 1831
3530 4290
4431 4432
4432 4431
3530 4171
34 4434
34 4333
34 4218
34 4435
4171 4430
4434 1564
4430 4171
4435 34
2834 1158
2625 3975
3975 2625
3975 4196
4171 4097
4097 4171
2403 3464
3464 2403
56 1898
4430 2109
2109 4430
113 4436
4436 113
4436 1333
1809 2027
4196 4437
3112 2641
2641 3112
2641 539
2641 4438
539 2641
4438 2641
4438 3836
3836 4438
4410 4284
4284 4410
3987 4183
3577 4359
4359 3577
3577 2776
2776 3577
1583 3577
3577 1583
4338 4359
4359 4338
3836 4418
3915 1898
4418 3836
1898 3915
3836 4350
1271 4196
4196 1271
4246 1017
4196 4360
4360 4196
1333 2011
2011 1333
4227 1017
3464 411
3102 4074
3698 4171
480 3836
480 2387
2387 480
4388 4399
4399 4388
4196 4234
4234 4196
4303 1333
4290 4273
4273 4290
4234 4230
4230 4210
4230 4234
4362 3104
3160 134
4314 3444
4171 4161
4161 4171
1333 4439
4439 1333
4106 4440
4440 4106
3012 2641
2641 4441
4441 2641
2641 4401
4401 2641
4282 2641
4442 2641
4431 4196
4442 4171
4265 4266
191 0
4401 4439
4439 4401
4196 2709
2709 4196
4378 2641
3648 4443
4443 3648
1997 4408
4408 1997
2624 2403
2403 2624
4444 2624
3469 549
4196 4430
4430 4196
1614 4330
4401 4243
4243 4401
34 4445
4408 1554
1554 4408
4352 545
4429 1547
1547 4429
3883 3846
3597 4102
4408 4171
4171 4408
4171 4442
3836 686
4290 3840
3840 4290
4399 1333
3836 4430
3836 2130
2403 3718
3718 2403
4429 2641
2641 4429
4196 3464
2641 4446
4446 2641
3597 4447
2776 4303
3891 4433
4433 3891
4117 3718
4117 2403
4433 2754
4430 3836
4447 3597
1333 4399
2641 4448
4448 2641
4433 4171
2641 4442
3464 4196
2403 4449
4449 2403
3718 2305
3718 4117
1333 4450
4450 1333
3836 3698
3698 3836
3698 4449
2387 3106
4429 4171
4171 4429
4275 3836
3836 4275
2403 4171
4399 4451
4451 4399
2295 4431
3922 4452
4452 3922
4171 445
445 4171
4453 4431
4171 4453
2295 3310
3310 2295
4303 2776
4405 4365
4365 4405
4162 4454
4405 4419
4419 4405
4171 4454
4454 4171
2403 4117
34 904
4303 1564
2295 4455
34 4456
4455 2295
4232 4401
4401 4232
2175 4280
4280 2175
4449 3698
4280 134
4303 134
4290 3681
4449 3849
3849 4449
4290 3872
3975 4442
114 1946
3872 4290
3681 4290
4362 2641
2641 4362
201 1946
3814 4290
4290 3814
4362 4290
3896 4327
4327 3896
4327 4196
4196 4327
2754 2403
2403 2754
2941 3022
