46 0
3428 4303
4303 3428
34 5930
34 5931
34 5932
34 5933
4204 3177
5934 4204
4204 5934
4171 2551
4290 2066
2066 4290
4204 61
4364 3827
3827 4364
5920 4498
4498 5920
5920 5226
5226 5920
4290 3428
3428 4290
3344 4648
5916 3827
3827 5916
4196 214
214 4196
352 2044
2044 352
2251 34
34 4851
2044 5920
34 2251
5448 34
4531 5936
5936 4531
2044 2062
2062 2044
2044 5937
5937 2044
4204 5628
4204 1734
2387 1351
5520 5548
34 5938
3827 4552
4552 3827
5457 5806
34 5920
5920 34
4290 5604
5604 4290
5938 34
4851 5938
5938 4851
4171 4265
5924 0
2124 5448
32 2941
2941 32
34 32
4196 1315
1051 1809
1051 3836
214 5226
5226 214
5226 5939
5939 5226
5226 2131
2131 5226
4196 2753
2753 4196
1051 1952
1051 2933
1051 191
1051 5298
1051 1814
1051 4558
1051 4290
1051 5438
1051 5590
1051 56
1051 5412
1051 4196
1051 1017
1051 3877
1051 5844
1051 2657
1051 5226
1051 214
1051 594
1051 32
1051 6
1051 134
1051 2564
1051 1511
1051 3918
1051 538
1051 5611
1051 480
1051 2295
1051 2387
1051 50
1051 222
1051 2141
1051 3128
1051 2044
2044 114
2941 5226
5226 2941
2387 5438
5438 2387
5438 5898
5226 5940
5940 5226
4204 5941
5941 4204
4204 5942
5457 5942
5457 5899
5942 4204
5916 2941
5941 5457
5941 5899
5941 5934
5941 5942
95 1564
2657 2497
5942 5941
1315 1017
2124 5015
2124 5014
4204 2003
2387 2497
114 5943
2062 5944
5944 2062
5226 5944
5944 5226
1809 5590
5590 3819
3819 5590
5758 3915
3915 5758
2387 5945
3450 1528
5810 5946
2044 5946
5946 2044
5946 5810
50 4303
4303 50
1528 3450
2066 5924
3639 5570
5924 2066
