286 255
6 480
480 6
393 392
392 393
256 249
256 213
422 3
404 197
321 309
453 452
453 100
407 453
453 407
382 481
481 382
63 185
185 63
377 6
6 377
461 482
420 471
398 483
483 398
407 386
386 407
5 197
386 471
483 227
227 483
382 347
347 382
303 484
484 303
0 485
485 0
382 486
201 59
467 487
487 467
467 488
488 467
20 489
411 76
76 411
63 255
255 63
488 131
131 488
0 415
63 103
415 0
349 488
488 349
349 491
491 349
131 201
201 131
197 471
143 56
56 143
471 197
471 398
471 411
386 492
439 6
492 386
6 439
131 6
493 385
385 493
6 488
488 6
6 446
170 492
492 170
446 6
454 3
197 442
442 197
63 491
483 279
279 483
279 494
494 279
279 442
442 279
475 424
424 475
426 162
475 400
162 163
162 426
424 180
461 495
6 382
382 6
382 496
496 382
201 446
110 498
498 110
110 103
35 499
197 498
498 197
446 201
103 498
103 110
103 295
103 63
483 143
143 483
103 461
499 35
499 273
493 475
475 493
34 457
457 34
442 500
500 442
489 20
489 103
475 471
493 471
426 462
398 471
424 471
279 501
501 279
63 287
63 490
490 63
287 63
162 317
317 162
63 502
426 502
502 63
502 426
28 269
269 28
358 503
0 504
504 0
155 24
490 410
410 490
6 471
20 505
454 14
14 454
505 20
454 197
3 454
6 497
497 6
170 383
383 170
415 383
383 415
383 395
395 383
260 506
506 260
477 489
330 507
507 330
34 471
480 471
386 269
443 471
269 386
0 420
420 0
140 496
454 1
1 454
0 79
400 1
1 400
496 140
63 440
440 63
140 36
36 140
214 440
492 487
440 214
487 492
489 477
177 398
398 177
158 6
0 28
508 422
508 509
0 510
510 0
509 511
511 509
508 511
511 508
511 512
512 511
6 385
508 512
385 6
512 508
509 508
490 513
513 490
170 309
483 309
352 309
177 56
440 461
461 440
177 514
514 177
28 475
475 28
0 493
493 0
393 515
515 393
475 516
516 475
393 493
493 393
256 319
256 223
256 327
256 216
256 421
256 217
256 341
256 407
63 517
517 63
256 350
256 336
256 347
256 518
518 59
483 519
519 483
256 380
265 474
227 520
520 227
256 361
143 201
201 143
382 202
202 382
520 521
202 398
521 520
28 522
407 404
404 407
358 218
407 170
170 407
185 475
490 451
451 490
358 523
523 358
282 517
517 282
6 493
493 6
149 197
256 376
197 149
382 516
6 221
516 382
256 345
490 166
166 490
256 363
256 330
256 412
371 524
524 371
520 255
255 520
256 360
149 519
269 395
395 269
395 525
525 395
22 526
526 22
513 218
525 143
483 471
411 471
299 528
528 299
475 185
475 529
529 475
214 201
201 214
297 530
255 514
514 255
487 531
531 487
529 165
165 529
165 255
165 531
255 165
531 165
513 532
532 513
490 511
494 531
531 494
490 533
383 533
533 383
0 533
529 483
529 517
517 529
483 529
218 513
404 170
170 404
490 170
170 490
446 534
3 351
426 516
516 426
533 535
143 525
535 533
533 522
388 522
522 388
426 24
0 536
535 522
522 535
525 483
483 525
63 486
6 537
530 297
382 63
63 476
63 382
500 533
533 500
490 426
426 490
537 63
537 6
513 537
537 513
256 253
256 277
256 233
256 227
256 228
256 275
519 149
398 538
256 424
256 364
256 359
76 59
20 76
76 20
520 28
534 211
374 539
474 265
474 458
63 540
540 63
269 415
415 269
487 507
507 487
531 151
256 255
272 464
464 272
163 477
383 475
475 383
440 538
538 398
538 440
418 519
519 418
519 538
479 541
256 334
490 542
542 490
197 543
543 197
522 544
202 6
6 202
519 545
541 479
541 546
546 541
6 119
529 386
404 547
547 404
445 308
445 521
308 445
519 548
548 519
386 529
547 6
256 425
534 446
201 549
549 201
549 461
549 133
479 6
6 479
6 546
546 6
546 393
256 405
393 546
36 76
76 36
495 61
463 551
551 463
6 321
321 6
253 552
395 519
519 395
214 197
197 214
377 197
256 272
197 377
501 525
525 501
197 223
223 197
170 197
197 170
553 501
349 63
63 349
553 546
546 553
349 519
519 349
519 554
554 519
256 440
519 555
555 519
385 197
197 500
197 385
500 197
393 556
556 393
201 487
487 201
87 557
475 519
519 475
197 393
393 197
467 436
197 558
558 197
393 559
559 393
467 294
467 560
560 467
199 532
532 423
294 467
256 245
538 519
423 532
490 248
467 143
143 467
248 490
557 87
557 442
529 199
199 529
529 261
261 529
546 261
261 546
532 199
519 261
261 519
261 561
561 261
197 261
261 197
158 287
287 158
479 494
494 479
478 352
0 562
562 563
563 562
564 565
565 564
63 550
549 468
468 549
0 566
566 0
63 487
0 568
568 0
487 63
248 197
197 248
562 569
569 562
570 569
569 570
414 571
197 398
398 197
282 507
507 282
166 63
63 166
143 392
392 143
185 268
268 185
349 546
546 349
162 407
572 569
572 570
569 572
495 498
158 272
272 158
442 574
574 442
461 473
461 576
473 461
404 577
577 221
577 404
577 442
442 577
0 214
214 0
487 561
561 487
479 158
158 479
229 197
527 34
158 579
579 158
158 580
580 158
360 507
507 360
143 282
6 67
67 6
6 87
395 282
282 395
272 581
580 582
6 583
583 6
479 356
487 479
479 487
201 479
479 201
584 158
398 541
386 197
541 398
197 386
197 585
532 586
586 532
404 588
588 404
223 589
589 223
529 532
382 267
12 517
517 12
221 577
221 371
371 221
500 591
221 275
275 221
162 475
475 162
6 550
0 578
158 584
201 218
442 557
218 557
218 201
256 342
170 6
6 170
12 593
593 12
426 594
594 426
201 593
383 595
595 383
496 596
596 496
587 586
562 597
597 562
597 563
597 598
598 597
586 587
467 494
494 467
158 599
599 158
158 600
600 158
158 601
601 158
483 602
602 483
563 603
603 563
63 590
590 63
63 537
576 461
63 519
63 604
604 63
63 271
271 63
158 605
604 12
12 604
234 606
606 234
12 158
158 12
585 197
197 607
597 608
607 197
269 609
609 269
158 610
545 63
610 158
112 549
549 112
12 611
611 12
612 297
549 297
297 612
519 63
519 197
582 566
197 519
267 199
566 582
597 613
613 597
303 614
614 303
501 553
297 616
616 297
404 616
616 404
461 549
303 556
20 617
617 20
483 0
12 618
618 619
618 12
619 618
461 620
620 461
158 621
621 158
12 619
483 6
619 12
6 483
12 95
95 12
345 373
199 622
201 426
608 597
426 201
373 345
591 585
585 591
615 6
6 615
592 12
12 592
112 243
112 218
32 623
623 32
269 624
467 625
483 303
112 294
303 483
158 377
570 572
294 112
415 275
275 415
565 532
532 565
563 597
627 604
604 627
577 627
627 577
303 3
3 303
221 294
487 536
404 6
6 404
294 221
221 628
628 221
622 199
494 629
629 494
622 549
549 622
522 630
630 522
626 345
256 239
256 260
142 395
395 142
536 487
513 631
631 513
112 6
536 201
445 591
615 632
591 445
632 615
632 633
615 591
591 615
501 294
294 501
256 276
256 265
6 112
631 158
158 631
394 341
587 634
341 494
494 341
87 35
199 267
634 635
635 634
213 341
299 267
63 471
636 586
376 385
201 637
637 201
467 638
638 467
522 585
585 522
256 332
35 87
609 577
577 609
255 629
629 255
256 250
256 343
605 641
605 158
256 203
6 642
642 6
63 642
642 63
158 643
206 629
629 206
520 629
646 647
647 646
1 631
631 1
227 646
646 227
631 646
646 631
643 158
501 648
143 631
631 143
445 118
142 201
201 142
649 650
650 649
609 494
494 609
158 275
275 158
650 646
646 650
627 649
649 627
591 494
494 591
461 651
651 461
401 646
56 536
176 646
646 401
324 593
593 324
646 176
352 593
170 324
324 170
648 501
324 652
652 324
28 255
255 28
271 629
605 653
653 605
6 654
654 6
28 655
655 28
6 655
655 6
1 657
657 1
629 271
581 631
631 581
235 401
401 235
631 401
401 631
631 389
373 27
435 659
143 660
660 143
659 435
660 522
660 661
661 660
158 662
634 163
163 634
605 663
569 573
573 569
663 605
634 658
389 631
662 158
658 634
256 320
649 663
663 649
605 664
664 605
100 453
255 663
1 515
663 255
646 255
255 646
201 492
515 1
492 201
650 1
294 665
665 294
255 294
294 255
294 666
666 294
562 0
265 667
563 569
569 563
435 265
265 435
183 435
653 265
265 653
221 265
265 221
0 60
92 60
221 522
435 183
398 650
650 398
265 652
652 265
318 669
318 670
669 318
652 671
671 652
652 143
143 652
667 265
215 435
631 591
591 631
591 294
294 591
631 560
560 631
265 0
0 265
641 666
666 641
294 349
349 294
435 215
398 646
646 398
631 170
170 631
629 265
265 629
341 213
108 60
3 539
3 6
629 275
275 629
265 673
631 501
501 631
673 265
426 657
6 578
646 673
673 646
1 650
461 674
674 461
494 318
631 418
418 631
418 6
6 418
0 20
560 646
646 560
629 646
646 629
629 0
0 629
522 675
445 543
0 676
676 0
345 677
345 626
543 445
670 318
415 467
467 415
626 678
25 679
679 25
677 345
653 680
680 653
653 649
649 653
675 522
633 632
649 6
6 649
426 681
653 324
324 653
242 679
679 242
632 629
629 632
679 143
143 679
569 668
303 63
584 683
112 679
683 584
669 521
521 669
265 76
679 112
676 684
684 676
265 6
242 6
678 626
649 22
22 685
685 22
646 686
686 646
629 520
28 410
426 629
629 426
649 685
404 666
666 404
297 687
687 297
494 686
685 649
629 688
688 629
495 461
318 689
3 318
689 318
318 3
646 349
349 646
6 192
522 690
690 522
242 691
679 692
692 679
576 650
650 576
377 158
143 666
666 143
170 549
549 170
629 649
649 629
393 213
213 393
463 693
657 426
643 633
633 643
35 677
677 35
0 694
694 695
629 417
690 417
633 417
695 694
417 629
417 690
417 633
303 679
679 303
395 629
629 395
682 569
569 682
350 6
6 350
569 645
645 569
697 625
615 398
629 398
360 6
6 360
385 629
629 385
143 696
521 56
56 521
558 698
698 558
566 686
686 566
170 699
699 170
6 665
696 143
303 700
700 303
700 522
197 701
700 398
398 700
398 629
701 197
201 696
696 201
176 324
522 701
701 522
324 176
619 6
6 619
451 522
658 74
547 702
702 547
702 607
415 690
690 415
690 584
584 690
640 570
641 633
201 633
633 641
633 201
597 640
633 704
704 633
28 134
134 28
641 705
700 633
633 700
705 641
690 112
112 690
584 522
522 584
646 584
584 646
570 640
170 520
520 170
643 242
242 643
576 707
569 706
706 569
707 576
170 389
696 56
201 703
6 638
638 6
25 625
703 201
389 170
665 6
141 6
269 520
201 63
63 201
686 303
625 25
625 697
708 6
708 416
708 709
468 710
710 468
44 3
416 708
653 686
686 653
27 373
321 483
103 711
3 44
536 406
255 320
320 255
459 448
578 6
426 522
522 426
522 713
640 597
646 713
6 708
435 317
709 708
560 389
677 716
0 671
717 671
596 718
718 596
183 719
63 720
720 63
650 717
719 183
717 650
6 152
684 721
721 684
389 560
716 677
721 722
722 721
35 201
201 35
646 723
723 646
501 479
6 724
724 6
385 717
63 724
479 501
717 385
549 725
725 549
143 719
719 143
536 726
158 639
726 536
726 727
727 726
727 386
629 386
386 727
386 629
468 591
591 468
283 256
690 547
352 729
362 522
522 362
728 522
522 728
714 706
468 730
730 468
140 185
185 140
3 537
324 103
392 731
651 215
215 651
213 494
494 213
6 732
732 6
431 213
213 431
324 18
629 483
483 629
731 733
657 642
522 653
653 522
522 221
607 702
706 570
570 706
679 734
734 679
411 591
591 411
536 735
735 536
377 675
675 377
653 170
170 653
490 12
12 490
277 736
736 277
653 737
737 653
704 103
277 59
103 704
345 643
643 345
672 597
597 672
715 597
597 715
733 738
563 739
739 563
12 740
641 740
677 643
643 677
12 741
741 12
740 12
740 641
713 646
12 646
377 643
643 377
632 741
741 742
742 741
741 632
386 34
12 743
743 12
143 742
742 143
34 386
166 1
166 244
166 222
166 38
632 744
744 632
38 166
38 222
38 244
38 0
34 389
686 745
745 686
686 743
731 539
539 731
731 746
746 731
731 747
747 731
731 748
748 731
451 162
162 451
609 451
451 609
686 749
451 713
12 750
750 12
575 506
699 751
751 699
201 752
752 201
360 201
201 360
404 713
713 404
629 307
307 629
307 12
677 753
687 44
267 61
687 522
522 687
733 731
643 691
738 733
753 677
733 754
458 755
646 756
389 34
756 646
389 218
269 680
680 269
633 483
633 63
483 633
506 575
1 757
757 1
201 758
758 201
269 451
451 269
308 256
451 743
743 451
1 743
743 1
569 760
760 569
633 762
762 633
569 656
656 569
646 763
12 633
633 12
763 646
12 764
764 12
765 411
426 448
646 143
411 765
415 633
633 415
6 357
260 575
575 260
131 766
766 131
6 620
620 6
451 750
750 451
192 6
227 56
229 767
767 229
633 522
522 633
629 522
522 629
522 768
768 522
63 769
769 63
424 352
143 646
248 763
763 248
474 465
465 474
591 500
248 771
771 248
591 604
134 772
772 134
248 773
728 206
0 772
772 0
0 646
646 0
773 248
206 728
774 775
775 774
604 591
248 776
474 759
776 248
731 777
777 731
646 778
778 646
741 779
99 780
780 99
269 781
781 269
269 782
782 269
781 783
783 781
269 741
741 269
201 784
784 201
586 785
785 586
786 38
786 787
201 591
780 747
747 780
468 534
534 468
786 643
483 788
483 789
323 789
768 203
629 349
203 768
349 629
756 790
790 756
766 534
176 103
534 766
201 791
170 629
629 170
788 483
777 732
732 777
791 201
789 483
629 732
789 323
732 629
766 792
756 793
793 756
792 766
63 56
534 794
794 534
201 778
636 587
6 63
639 6
521 795
756 796
795 521
742 797
797 742
796 756
756 798
798 756
756 799
799 756
535 800
800 535
571 414
783 787
787 783
633 801
633 802
802 633
801 633
255 633
633 255
591 803
803 591
803 522
633 804
804 633
255 628
628 255
498 495
498 103
418 805
418 648
706 714
648 418
248 807
418 761
131 71
534 696
761 418
807 248
752 534
696 534
731 808
633 1
1 633
1 731
808 731
741 809
809 741
1 12
12 1
731 1
418 779
633 810
810 633
641 811
811 641
810 36
269 812
812 269
36 810
779 741
779 418
779 813
813 779
780 255
36 679
679 36
641 814
569 815
641 605
395 0
0 395
814 641
352 0
0 352
816 248
248 816
536 817
817 536
814 724
724 814
724 811
811 724
811 176
176 811
766 686
686 766
724 176
176 724
724 766
766 724
766 226
226 766
778 6
3 521
724 779
779 724
12 521
226 724
724 226
103 176
103 362
362 103
686 780
792 686
686 792
442 818
769 538
538 769
778 201
792 416
778 819
819 778
416 792
134 794
534 752
634 803
803 634
794 134
56 696
536 686
686 536
686 820
820 686
536 794
815 569
578 0
724 723
723 724
723 536
794 536
769 822
822 769
578 686
522 1
0 8
686 578
8 0
823 536
724 686
713 522
823 825
825 823
201 536
823 826
282 197
197 282
646 827
28 828
825 826
826 825
827 646
794 829
829 794
690 830
294 522
776 40
3 536
269 774
533 832
832 533
759 833
759 474
759 834
20 776
63 398
398 63
834 759
783 28
28 783
783 544
63 546
546 63
779 498
811 775
775 811
498 779
778 700
700 778
700 832
34 835
778 0
0 778
835 34
410 28
775 836
836 775
143 819
143 197
197 143
349 778
778 349
34 837
754 838
838 754
754 733
832 700
60 108
559 838
838 559
752 839
831 840
840 831
208 841
774 269
841 208
208 842
521 12
521 3
819 208
842 208
208 819
831 358
774 843
688 686
686 688
1 778
778 1
688 836
836 688
686 215
389 242
215 686
688 844
844 688
688 522
215 845
522 688
686 846
846 686
831 768
768 831
831 847
831 734
242 848
848 242
845 686
208 817
817 208
227 849
849 227
629 294
294 629
768 846
629 850
850 629
850 538
847 831
345 837
850 686
837 345
846 768
6 547
586 636
131 851
851 131
846 852
852 846
215 294
294 215
317 435
560 853
234 20
20 234
686 854
854 686
855 856
855 686
855 857
686 855
40 858
294 859
859 294
858 40
846 303
303 846
853 560
294 860
860 294
713 686
201 713
12 686
686 861
861 686
686 713
798 831
831 653
653 831
831 798
823 622
831 294
352 493
493 352
294 769
769 294
493 568
568 493
389 862
769 819
862 389
862 785
533 713
713 533
831 819
819 769
819 831
831 863
863 831
1 653
653 1
769 770
841 829
829 841
294 864
373 837
837 373
843 774
856 855
686 831
831 686
831 865
865 831
865 754
170 282
686 866
866 686
831 867
867 831
34 861
861 868
868 861
282 170
861 34
282 478
478 282
345 869
778 769
769 778
863 870
870 863
831 871
871 831
869 345
831 872
872 831
282 294
294 282
534 103
778 536
417 282
474 873
873 474
863 874
874 863
861 769
769 861
861 875
861 731
731 861
282 417
861 734
734 861
732 762
861 12
12 861
282 605
861 876
797 861
861 797
522 534
534 522
605 282
876 861
686 850
12 774
774 12
875 861
865 686
686 865
373 544
6 877
877 6
865 878
878 865
724 874
874 724
831 879
546 591
591 546
831 823
879 831
695 882
881 883
883 881
882 695
577 873
873 577
12 698
698 12
734 724
724 734
823 831
823 769
801 885
885 801
12 886
886 12
417 887
686 864
864 686
149 734
620 774
170 713
713 170
536 889
831 582
831 616
582 831
817 767
767 817
686 415
415 686
741 283
283 741
769 545
545 769
534 201
28 890
890 28
6 891
96 892
892 96
767 637
724 294
634 151
294 724
686 479
479 686
887 417
731 493
493 731
12 536
536 12
731 821
479 893
893 479
637 767
731 894
774 895
774 536
12 55
55 12
382 774
774 382
653 12
12 653
533 896
848 565
565 848
831 897
897 831
731 898
898 731
653 899
899 653
741 534
534 741
616 831
774 620
226 272
272 226
801 900
294 901
900 801
741 901
901 741
901 902
706 761
761 706
25 779
63 881
506 414
63 632
522 878
878 522
522 903
903 522
632 63
905 731
179 205
205 179
417 741
741 417
801 831
831 801
905 906
143 774
774 143
906 899
899 906
801 377
377 801
906 206
417 774
774 417
761 907
831 774
907 761
63 909
63 237
6 752
752 6
791 6
6 791
237 63
907 910
910 907
910 547
910 831
731 911
226 395
395 226
911 731
731 912
912 731
902 901
837 544
908 907
907 908
831 885
741 237
237 741
905 237
479 536
536 479
63 657
657 63
560 913
913 560
911 914
914 911
905 404
914 769
479 915
915 479
831 713
32 713
713 32
769 914
711 103
0 544
544 0
907 803
267 382
267 299
713 790
907 916
790 713
521 917
917 521
536 780
797 831
916 907
494 834
834 494
907 522
522 907
546 686
546 479
686 546
907 918
479 546
918 907
294 919
823 479
479 823
724 919
920 919
724 921
921 724
921 657
657 921
905 522
124 923
923 124
769 657
837 35
657 769
35 837
706 613
382 890
467 924
924 467
890 382
769 925
925 769
345 774
643 417
417 643
769 926
926 769
769 927
653 928
201 905
905 201
769 734
928 653
734 769
905 6
929 417
866 907
837 930
930 837
766 545
545 766
837 34
766 932
907 928
928 907
94 930
932 766
930 94
575 461
774 345
907 927
927 907
731 905
143 804
234 933
804 143
933 234
927 769
