71 20
4171 4707
3648 3819
1831 5027
5027 1831
545 4832
3771 4553
4553 3771
4832 545
3648 1534
3648 4707
4883 5029
5029 4883
1918 5053
4196 4272
4196 5012
5012 4196
4786 5054
643 2641
2641 643
5054 4786
5012 5055
1547 4196
5012 4787
4787 5012
5035 5012
2387 5035
3451 5050
2847 5056
5056 2847
904 5036
1809 5036
3451 4885
4885 3451
5053 1918
5055 5012
5019 34
4992 5057
5055 34
4634 4885
4885 4634
4634 5058
1809 1898
112 3450
3450 112
5058 5059
5059 5058
4634 3610
3610 4634
2109 5012
5012 2109
4634 4591
4591 4634
2295 5055
5055 2295
2641 4498
2641 5060
5060 2641
4591 2641
112 1395
3277 1809
4634 3724
3724 4634
1809 5061
1395 4171
1017 4533
1809 4707
2265 5062
4591 3450
4832 4707
1809 2265
4591 4364
2295 5063
5063 2295
4498 2641
3896 2317
3706 1734
4498 4866
4866 4498
360 2
2821 544
2387 2
5065 5058
5065 5063
5065 5066
5065 5067
5066 5067
5067 5066
5065 5068
5066 5068
5067 5068
5068 5067
5068 5066
5069 5067
5069 5066
5069 5068
5067 5069
5066 5069
5065 5069
5068 5069
5065 5070
5070 5067
5070 5066
5070 5068
5070 5069
5067 5070
5066 5070
5068 5070
2302 4856
5069 5070
4856 2302
5071 5067
5071 5066
5071 5068
5071 5069
5071 5070
5067 5071
5066 5071
5065 5071
5068 5071
5069 5071
5063 5065
2387 5071
2387 5069
2387 5068
2387 5065
2387 5066
2387 5067
2387 5070
4553 5072
4553 4733
4001 5044
3745 4634
4634 3745
0 480
4883 4634
4634 4883
2321 4936
4936 2321
4171 5058
5044 4001
2295 4561
4561 2295
2124 1317
4832 5058
5058 4832
56 4290
360 1730
1730 360
4266 5027
4135 201
201 4135
3 4851
4171 1753
4171 4290
1351 4968
1898 1809
3724 5073
5074 4752
2641 5045
2788 4265
2788 3259
2641 360
360 2641
4196 4113
904 5075
4196 4648
4648 4196
4634 928
4799 4634
3745 2403
0 1317
2109 4610
4837 3039
3039 4837
4647 5074
34 4462
5074 4647
1614 5062
1614 2321
4314 3724
2124 5065
2124 5067
2124 5066
2124 5068
2124 5069
2124 5070
2124 5071
1638 4832
2124 5076
2124 5026
2124 5020
1419 5077
5077 1419
4414 3975
1564 1638
1017 269
1809 5024
4832 1638
5024 2641
5024 4610
4171 4253
2321 5078
3879 4203
4203 3879
269 1017
4171 4051
4051 4171
4171 5040
5040 4171
468 3005
4610 5024
3819 468
468 3819
5032 5027
5027 5032
1809 2900
5038 4987
5038 5079
5079 4987
4832 5055
5055 4832
3718 4196
4196 3718
2641 2687
2641 3426
3648 4832
4832 3648
4171 360
3717 5080
5012 4885
4885 5012
2124 4987
2124 5080
2124 5081
3017 5074
5074 3017
3749 4216
4992 5083
4216 3749
4552 4692
4692 4552
3717 5063
4692 4883
4883 4692
4634 4003
4003 4634
4171 4883
4634 3823
3823 4634
1734 3819
3819 1734
3879 5084
5084 3879
4171 4933
4113 5085
4113 5086
5086 4113
4118 5037
5037 4118
4113 1763
1763 4113
4113 5087
4171 2754
2754 4171
5012 5088
5088 5012
2109 3648
4003 5012
5012 4003
5024 5012
5012 5024
5063 1564
5012 545
4552 5063
3836 4849
4849 3836
34 5072
34 5089
34 5090
34 5055
34 4515
3450 5012
5012 3450
214 5091
5091 214
5043 4550
214 3956
4515 2312
2312 5092
5092 2312
5092 1614
4832 4364
4364 4832
1614 5092
545 3819
3819 545
545 3450
5093 545
4634 3819
3819 4634
4634 904
5044 3749
4113 1470
1470 4113
3819 4196
4196 3819
1470 4839
4839 1470
3749 5044
5063 4552
34 5094
5094 34
5063 1470
1470 5063
2641 5024
1564 5063
5012 5087
5087 5012
5012 4514
4514 5012
5085 5095
5095 5085
5095 1809
4799 4290
1809 5095
1809 5085
3648 360
360 3648
5072 4553
5072 34
3098 5096
3819 5097
4290 928
2265 1627
2295 5098
5063 5012
5012 5063
4634 183
5012 5035
5045 4634
4634 5045
3823 2641
2641 3823
1730 1017
1333 2641
3819 3648
1351 2660
1351 1153
1351 4859
5063 4889
1351 5099
1831 4889
4832 4889
1333 360
545 4037
4171 4889
4851 5100
5100 4851
5024 4832
2788 4476
3450 5035
5072 5012
4171 4433
545 5093
5097 1507
545 3823
3823 545
5097 3819
4550 4433
4550 5043
4550 3098
3098 4550
2084 4883
4968 5103
4883 2084
5103 4968
4968 1351
4968 544
4384 3571
5012 5072
5104 3823
2471 5012
5012 2471
549 4171
4171 549
4787 5085
2124 5105
663 1153
2124 5107
2124 5108
2124 5109
2124 5110
2124 5111
2124 5112
2124 5082
4936 5114
5114 4936
2317 3896
4171 573
1388 4840
4171 4569
4569 5043
5043 4569
4569 3098
2302 5027
5027 2302
360 4171
4171 1831
1831 4171
4553 5116
2396 545
545 2396
3749 899
4171 1611
4610 4171
56 4196
4196 56
5117 3749
5012 5118
5118 5012
5114 5085
3823 5104
4610 4832
4787 3648
4634 5118
5118 4634
4610 4423
3451 24
2941 4761
4761 2941
4610 5119
5119 4610
5119 4941
4883 4319
3713 624
4171 5120
4266 4510
3046 5040
5040 3046
4866 3426
3426 4866
4135 4196
4196 4135
3879 5121
5121 3879
303 4196
4196 303
4936 4196
4196 4936
5045 2641
3450 3909
3909 3450
904 5122
3426 4832
3896 3819
3819 3896
5114 4196
4196 5114
2130 5122
4553 5123
5012 4388
5123 4553
4388 5012
3271 2130
2130 3271
4314 2166
3896 2130
2130 3896
4314 5124
5124 4314
5124 3819
5124 5125
5124 5126
4832 2130
4314 1153
2130 4832
5122 2130
4124 2403
2403 4124
1730 4252
1730 3836
2044 3836
4832 5114
4832 1333
4196 1547
1017 3712
3712 229
4364 5127
5127 4364
1647 5114
4832 5012
5012 4832
4634 5100
5100 4634
1647 2876
1315 4364
1315 4171
3771 5129
5129 3771
4840 1388
34 5130
5130 34
2613 1351
4969 4941
4941 5096
4941 5102
4941 5119
4941 4969
4941 34
2377 3879
3879 2377
4610 1831
4514 3451
1333 3318
5045 5131
5131 5045
2377 5132
5132 2377
5012 3896
3896 5012
3827 3648
3648 3827
3648 5024
5024 3648
3724 4314
4883 5093
4558 5079
5128 5079
5079 5128
2387 5128
2387 5079
4558 5128
4898 3570
3277 56
34 5133
34 5134
34 5135
34 5136
4811 4931
4171 3318
2302 56
4837 24
5024 24
5012 24
4118 5137
5137 4118
2387 1333
4883 4591
2295 1814
4314 5073
34 3039
5073 4314
731 3544
3544 731
1918 5138
5138 1918
3749 2564
4832 4708
1734 1153
4558 1153
4364 5100
5100 4364
3428 3648
3428 4787
34 5139
34 5140
2564 3749
4171 4936
4936 4171
4558 2660
4290 5141
5141 4290
5142 4171
5120 4171
4634 4113
4113 4634
4514 5137
5137 4514
3597 56
3713 4290
904 5143
5143 904
4558 4889
904 4889
2229 1655
4290 3713
4553 5144
5144 4553
214 5141
5141 214
56 4832
4832 312
3464 4920
4920 3464
4941 5145
2124 5146
1564 3648
3648 1564
2124 5147
2124 5148
3451 5148
4558 5146
1809 5148
2124 5149
1809 5149
312 4832
2317 4593
56 3597
5145 4941
4171 3648
3648 4171
4558 5151
4693 3228
4693 4364
1564 1528
360 1333
4364 4693
99 4197
4832 5138
5138 4832
539 4832
4898 1276
1730 4171
2387 5138
4832 539
4832 4883
4883 4832
2124 5152
360 1276
360 5152
5138 4610
3451 1831
1333 3451
2124 5153
1516 4003
4936 4832
34 5154
34 5155
201 1947
4171 1730
5156 1351
2044 5157
3648 5138
5138 3648
4558 5158
2044 5158
1952 5024
5024 1952
4558 5159
4558 5160
4290 5161
4898 4558
3503 3836
3503 5162
5162 3503
2251 5100
5100 2251
2044 5163
2044 2957
3879 5164
5164 3879
2124 5159
2124 5160
2124 5165
2124 5166
2124 5167
2124 5169
2124 5170
2124 5163
2124 5158
2124 5171
2124 5172
2124 5173
2124 5168
2124 5115
2124 5113
2124 5106
5155 4196
4196 5155
3903 5174
5174 3903
2124 5175
5131 904
2124 953
536 191
191 895
1315 303
303 1315
1017 3405
2124 5176
624 3713
3526 1489
3526 1472
4610 5177
5177 4610
3526 1575
1051 447
1051 1742
1051 5178
5179 3706
4832 4936
1362 203
1333 3803
3803 4898
4591 4514
5174 3648
4514 4591
3648 5174
2124 5180
2124 5181
4558 4531
4531 5182
4558 2044
2044 4558
4237 5183
5183 4237
4171 5184
4171 346
2124 5184
3526 203
2634 203
4524 203
3648 5185
4203 203
4941 3413
3526 1362
3526 0
3526 1952
1564 2044
2044 1564
1952 203
4591 4883
4693 4514
3903 4196
4196 3903
545 5186
5186 545
4514 4693
1351 1000
4558 3526
5187 2398
4558 2537
2232 2537
4558 5188
2232 5188
4558 0
2124 5189
2124 5188
2124 5190
5185 5191
5191 5185
5024 2232
2232 5024
4839 5024
4171 203
4591 4237
5185 4839
4839 5185
4510 5193
5193 4510
1351 4920
5185 5194
5194 5185
4898 1921
2124 5195
5192 5196
5196 5192
5192 5197
4558 5192
4558 5196
4558 5197
5197 5192
5197 5196
5196 5197
4510 2530
5197 4558
5197 5198
5192 5198
5196 5198
4558 4687
2403 4870
4558 4747
5198 5197
5192 2044
5198 5192
5192 4558
5192 4898
5196 4898
5196 4558
5196 2044
5197 2044
5197 3718
5196 3718
5192 3718
5192 4171
5198 5196
5196 4171
5197 4171
5197 1952
5196 1952
5192 1952
4558 5199
5192 5199
5199 1952
5199 4171
5199 3718
5199 2044
5199 4558
5199 4898
4558 5200
5199 5200
5200 4558
5200 2044
5200 3718
5200 4171
5200 1952
4558 5201
5200 5201
5201 4558
5201 2044
5201 3718
5201 4171
5201 1952
4558 5202
5201 5202
2044 5199
5202 4558
2044 5200
5202 2044
5202 3718
2044 5201
5202 4171
5202 1952
2044 5202
4558 5203
5192 5203
2044 5192
2044 5203
4558 5204
2044 5204
2044 5196
2044 5197
4558 5205
4171 5205
2044 5205
5185 5192
2124 5192
2124 5196
2124 5197
2124 5199
2124 5200
2124 5201
2124 5202
4510 5143
5143 4510
0 4171
4171 0
4171 4196
4196 4171
2124 5203
2124 5204
0 4558
4531 3724
4558 2483
4196 2941
3526 5206
4171 5207
5207 4171
2124 5206
2124 5208
1997 34
5090 34
2062 4171
5185 5145
5145 5185
549 1564
4535 5185
1375 3742
4832 3098
3098 4832
4171 3610
4171 1347
3724 4171
2124 5209
4171 5191
4171 4982
34 5210
5210 34
4171 2589
5145 3344
3344 5145
4171 5211
5211 4171
549 3039
3039 549
2387 549
3582 279
279 3582
5174 279
279 5174
5194 5212
5212 5194
2646 5213
4314 2229
2229 4314
4992 4540
3749 5117
4359 4171
4171 4359
2044 3194
4290 3629
3629 4290
5194 5214
5214 5215
5215 5214
2124 5214
2124 5215
1809 5194
1809 5214
1809 5215
2634 1893
5216 3098
3903 5217
5217 3903
4693 5218
5218 4693
5218 5194
34 5219
2124 5221
2124 5222
4359 40
40 4359
4171 2933
1730 1831
3827 5075
5075 3827
4290 5075
3228 3106
3106 3228
5027 3106
5138 4648
4648 5138
2377 5223
4778 1893
1893 4778
5216 4839
2124 5224
4839 5225
5225 4839
4171 5225
3803 1333
5114 4839
4171 5114
4303 2430
2124 5114
2430 4303
2377 4171
4171 2377
4171 776
5227 2941
2941 5227
5227 5216
40 1730
1730 40
4171 5216
1809 5216
3830 5216
4839 5216
4839 4303
4303 4839
