141 142
4196 709
709 4944
4944 709
4944 4918
4558 3388
3388 4558
2251 1655
4558 545
545 4558
4558 4874
4874 4558
6 4945
4945 6
4617 1033
1554 731
731 1554
1997 4558
4558 1997
3526 4937
4937 3526
1730 271
2055 4290
4917 1017
4003 4196
4778 4933
4778 4919
4778 4946
4778 4947
4778 4174
4778 4948
4778 4949
4778 4950
4778 2888
4778 4903
4778 4951
4778 4952
4558 3988
3988 4558
4558 538
538 4558
4892 4558
4558 4892
4778 4953
4778 4791
4778 4807
4778 4954
4778 4931
4778 4937
4778 4473
4778 4955
4955 4778
4955 4896
4955 4957
4955 4937
4955 3259
4558 549
4955 3128
549 4558
4003 4939
352 4171
34 4888
4778 4465
4778 4956
4778 4958
1017 2109
4610 4874
4874 4610
4778 3900
4196 4003
4874 4003
4196 3874
4048 1017
4003 4874
2109 1017
4196 4960
4960 4196
4314 4786
4410 4961
4558 1554
1554 4558
1831 4962
4962 1831
1831 3713
4962 3713
3713 4962
4961 4410
4171 4378
1730 4963
4963 1730
3713 1333
4414 4558
4558 4414
4856 3365
3450 4553
4553 3450
4558 4553
4553 4558
2624 4558
4558 2624
4003 4558
4451 4290
3896 4693
4693 3896
4649 4929
4451 3896
3896 4451
4649 4934
4558 4964
4964 4558
2124 4533
4610 485
485 4610
4553 904
4964 4965
4965 4964
4778 4891
4964 4966
4891 4778
4966 4964
4964 4967
4967 4964
2877 3356
2877 3259
4196 2999
4196 4968
4968 4196
1127 4969
4969 1127
2624 2976
2976 2624
2551 4558
4558 2551
4196 3827
34 4971
34 4972
4558 4492
4492 4558
34 899
4171 2999
2999 4171
4171 4553
4553 4171
4171 4003
4003 4171
4827 4558
3544 4648
4648 3544
2109 4634
4634 2109
1017 4196
1017 4959
4196 1017
4883 4786
4883 4882
4786 4883
4693 4874
4553 1937
1937 4553
4171 2174
2174 4171
3706 2186
2766 4171
4171 2309
2309 4171
4874 4693
4171 179
179 4171
4752 4973
4973 4752
2124 4171
4778 3879
4959 229
2834 4964
4964 2834
4964 2709
2709 4964
1017 3160
3160 1017
2044 899
899 2044
4314 4974
2387 4897
4171 4300
4300 4171
2295 485
485 2295
4778 4975
1333 3718
140 3836
3836 140
4921 3571
1734 1527
4558 4364
4364 4558
2624 899
899 2624
4171 4977
4977 4171
4171 4787
4787 4171
1333 3713
3713 2044
2044 3713
2044 3318
3318 2044
4692 904
4787 2941
4970 2109
2109 4970
4558 4886
4969 3450
899 4978
4886 4558
4978 899
4866 2641
2641 4866
4352 4979
4979 4352
4979 4980
4980 4979
4290 3450
3450 3489
4976 4964
4979 4981
4981 4979
1564 4252
4883 4981
4981 4883
4883 4982
4982 4883
1696 1946
3450 4969
4778 3017
4647 3017
3017 4647
4558 2999
2999 4558
4458 214
4280 4171
4171 4280
4610 4162
4265 1952
4265 2391
4265 4173
4265 2634
4610 4693
4693 4610
4252 1564
4252 2776
4252 4114
3896 2999
2999 3896
2976 904
4290 2403
2403 4290
4290 2976
2976 4290
2564 899
899 2564
899 4983
4983 899
4171 2066
2066 4171
4252 4984
549 4319
4319 549
4300 4506
4162 4610
4171 2641
2295 4985
4985 2295
4290 1915
1915 4290
4290 56
1200 56
1915 4380
4380 1915
4558 1915
1915 4558
3160 4986
4986 3160
4986 1763
4984 4252
3017 4194
1952 4132
4693 4987
2641 4607
4987 4693
2044 4920
3019 4196
4985 4982
1763 4986
4982 4985
4171 4988
4988 4171
4196 3019
4558 3167
3167 4558
3713 4985
4985 3713
4982 4989
4989 4982
4607 2641
4607 1828
34 4941
2776 4252
2624 3819
3819 2624
4985 4990
4990 4985
3036 3879
3879 3036
1333 4985
4986 904
904 4986
4307 4314
899 34
3749 544
2976 3450
3450 2976
1809 4985
4553 4991
4171 4985
4162 1333
4634 899
899 4634
4171 4514
4410 4300
4514 4171
904 4989
4989 904
2391 3795
4840 3795
3795 2391
3795 4840
4991 4553
3183 4171
4171 3183
3879 4992
4992 4473
4992 4809
4171 2011
2011 4171
3879 4993
4993 3879
904 4982
4982 904
4982 4979
4992 3879
4522 4994
4994 4410
4994 4522
4265 4171
2295 2109
4994 4930
3388 2641
2641 3388
4856 4995
4995 4856
2109 2295
4837 1915
4837 34
2283 3017
2283 4194
4130 4171
3017 4996
4996 3017
4966 4976
4976 4966
4964 4976
2124 4997
4992 4998
4787 3428
904 4787
4787 904
4787 4995
4995 4787
4634 4087
4087 4634
4856 4999
1809 5000
5000 1809
1333 1831
2066 134
4610 2109
4314 800
800 4314
4558 4883
4290 2497
4778 5001
4707 4290
4994 5002
5002 4994
4561 4995
4995 4561
4708 4936
4708 2941
904 3450
4998 4992
4708 4832
4998 4896
899 3749
3019 4995
2251 4300
2251 4854
3827 4171
4171 3827
4994 5003
2657 283
1734 5004
3879 4522
4522 3879
904 2062
2062 904
904 4561
4561 904
2124 4964
2124 4965
2124 4966
2124 4995
2387 5005
904 3896
4087 904
4488 4380
4380 4488
4693 1402
360 2497
4832 5006
5006 4832
1564 2321
3879 4996
2321 1564
4996 3879
5006 3450
3745 24
5006 2471
2471 5006
4171 4364
4708 34
2641 4708
4708 2641
4196 3062
3062 4196
3879 4279
4279 3879
1017 4252
3228 3269
4252 1017
545 4294
4294 545
545 5007
5007 545
545 3724
3724 545
4290 545
904 5006
545 3915
3915 545
4171 3724
4171 2471
2471 4171
2312 5008
3659 360
4693 3706
3879 5009
3706 4693
1884 4314
709 4693
4693 709
549 1730
1730 549
4171 3879
3879 4171
4314 1884
2646 5010
4982 4591
4591 4982
5011 3098
4982 4969
3228 5011
5011 3228
2641 5013
5013 2641
2641 4982
4982 2641
4982 5012
2641 3629
2124 4252
4987 5014
5014 4987
3629 2641
362 4252
4982 34
5012 34
5012 4982
4987 5015
5015 4987
3814 904
283 2657
4558 5016
5016 4558
34 5017
34 5018
4976 2624
4986 5020
5020 4986
1938 904
2403 170
170 2403
546 904
3428 4171
4171 3428
3861 34
904 546
5008 2312
2933 5021
4252 3925
4252 362
4969 4982
4610 5012
5012 4610
4866 5012
3718 1333
5012 4866
3 5013
5013 3
1898 5013
5013 1898
3827 4936
4936 3827
4196 904
4171 4329
4171 3511
4883 4171
2634 5022
34 5023
546 4591
2387 34
3428 4196
4196 3428
904 4591
4591 904
2295 2641
3451 2641
1884 3444
5020 5024
2321 5020
5020 2321
2321 3771
4591 5020
5020 4591
3771 2321
4591 546
3724 4917
5022 3934
5022 3259
5022 4957
5022 4937
5022 4521
4866 5024
5024 4866
4364 4866
4866 4364
4364 5024
5024 4364
881 546
4708 4364
4364 4708
546 881
4290 2321
2321 4290
4290 4708
4708 4290
3850 4708
4708 3850
34 3988
3988 34
4883 4558
4992 5025
4992 3259
5024 2130
4290 3724
2130 5024
3724 4290
3749 5008
5008 3749
4558 5008
5026 5024
4611 34
4290 4591
4171 3803
3803 4171
3403 2174
2174 3403
3745 5027
5027 3745
545 4944
4944 545
4319 545
545 4319
4364 881
881 4364
4171 4992
4171 4330
3698 4944
4944 3698
5026 5028
5028 5026
4290 3809
3809 4290
4330 4171
4917 3724
4252 112
545 546
546 545
546 5029
5026 5030
545 5029
5030 5026
5029 545
5029 546
4290 4113
4113 4290
643 4832
4832 643
5028 5031
5031 5028
112 4252
2251 24
3160 2251
2976 5032
5027 4832
5032 2976
5028 1393
4634 5033
360 3659
5033 4634
5026 4591
5026 4527
5026 5027
4591 5026
2295 5026
1393 5028
4527 5026
4634 1393
1393 4634
2295 3443
3443 2295
549 34
34 549
545 5012
4171 5034
5034 4171
5033 4866
4693 5036
5036 4693
4591 24
2295 4171
4171 3640
4303 3640
3640 4171
2295 2495
2495 2295
5036 5038
5038 5036
3451 1918
1918 3451
3451 904
4936 3167
3167 4936
545 5039
5035 3450
5023 34
2484 5040
5040 2484
56 2164
2164 56
3451 5027
2044 1809
4558 5041
5041 4558
4832 5027
5008 4558
3450 5027
5027 3451
34 5019
34 5012
34 4708
34 5042
34 5043
34 5044
5044 34
709 5045
5045 709
3451 3718
2641 5046
5046 2641
4384 5047
5047 4384
2641 4364
4364 2641
4290 24
3451 4290
3012 5028
5028 3012
5028 5048
5048 5028
352 3451
3451 352
4992 4171
2484 5002
1809 5026
4290 1534
4290 4707
1809 5020
4634 4364
5002 2484
5027 5026
3450 5040
5040 3450
5042 34
4693 2109
3640 4954
3450 2624
3451 4936
4936 3451
1884 5049
4866 1918
1918 4866
4171 56
112 3896
3896 112
4319 112
112 4319
4196 5051
5051 4196
5051 4243
5051 4234
904 3724
904 4634
549 4837
5049 1884
1395 5052
1395 124
5033 4121
3602 3577
112 3970
2397 1017
