148 208
2096 1730
69 1614
615 2120
2120 615
615 12
12 615
1614 2121
2121 1614
12 1411
1411 12
2066 2084
12 2122
1399 2123
2123 1399
2122 12
12 1393
1399 1385
1385 1399
1385 1052
1052 1385
1316 2123
1393 663
1393 1385
1393 1498
1393 1565
1393 12
1184 2125
1184 2126
2126 1184
12 1592
1592 12
2117 2121
1895 2086
2086 1895
2005 1554
34 2128
2128 34
1730 1692
1692 1730
2124 1669
1554 2005
591 2124
2124 591
2088 2084
1052 1393
1842 1672
1672 1842
25 2129
1713 904
2129 25
2088 1316
2016 2131
2131 2016
2029 2015
1933 1676
0 2122
2122 0
1316 6
1991 2132
2132 1991
2133 544
904 2134
2134 904
2133 2117
2117 2133
0 2123
1316 1203
1203 1316
1244 2135
2135 1244
492 2134
6 1316
2089 2136
2136 2089
1244 2137
2137 1244
1244 2138
2138 1244
936 1244
1244 936
1842 2121
1842 1280
2079 1734
2137 111
1972 1280
1911 1592
2027 214
1592 1911
1395 1763
34 2116
904 2139
2139 904
1280 2123
2088 40
40 2088
1395 2141
1966 2141
1809 1511
269 2142
2142 269
2066 2053
2053 2066
1184 2143
2084 1730
1730 2084
2084 2027
2027 2084
1203 2084
2084 1203
2143 1184
1203 1730
1730 1203
25 2127
2140 1280
1280 1842
1280 2140
1911 2127
1542 1859
1730 731
731 1730
2127 25
2127 1911
2066 1997
1997 2066
1511 1803
1803 1511
1542 1333
2144 2145
2144 3
3 2144
201 1203
1203 201
2027 1802
1802 2027
904 2146
2146 904
2119 2147
2147 2119
1316 2088
634 822
822 634
1203 2130
2027 2148
2148 2027
1184 2149
201 1169
201 2150
2150 201
2029 1802
2149 1184
1614 2151
2151 1614
2151 1641
1542 2139
2139 1542
1831 34
34 1831
1802 2029
1898 2086
2086 1898
2033 265
265 2033
2123 56
2148 2152
16 3
3 16
2109 1395
3 1991
1991 3
2142 2154
2154 2142
2147 2155
2147 2156
2153 1751
1751 2153
1763 1889
1692 303
303 1692
2145 2144
1763 1831
1831 1763
2141 2145
1333 2157
2157 1333
12 2157
1898 2154
545 1770
545 12
12 545
2134 1860
2158 2134
2123 1316
2158 904
904 822
1184 2159
1920 2160
2160 1920
2154 1898
1511 1584
2066 2161
1203 2027
1714 2033
1584 12
2124 1472
2154 1333
1472 2124
1700 273
273 1700
273 1845
273 2039
170 2141
2141 170
170 2157
2157 170
1764 1809
214 273
273 214
214 2053
2053 214
2053 201
201 2053
2161 2066
2114 1809
360 1316
1244 2162
2162 1244
1498 92
2084 2088
1763 2124
1966 60
2123 1365
1809 1545
1545 1809
1184 2163
12 1584
545 250
2066 250
1714 2165
250 2066
2066 2165
2165 2066
1200 2166
1898 1689
1843 2133
1542 2154
2066 2167
1395 1947
2167 2066
1842 2168
2168 1842
1244 2019
2019 1244
1947 2112
1584 1947
1947 1584
1244 1993
1244 1948
1948 1244
1993 1244
250 545
2154 1542
238 2096
34 2169
492 1898
1898 492
492 904
1920 2140
2140 1920
1043 904
904 1043
2052 1947
1947 2052
34 2120
904 2095
1730 2095
1730 1656
1933 755
103 916
2156 2147
1842 1892
1892 1842
148 1362
0 1770
904 1362
1385 1692
1692 1385
1692 1713
34 1043
1043 34
1333 1486
2147 2165
2094 1584
2165 2147
1809 1814
2015 2029
12 2015
2015 12
2134 2140
2134 2027
2027 2134
1554 2140
2140 1554
2079 2140
2140 2079
2140 1614
2147 2170
2170 2156
2096 238
2120 341
341 2120
2124 341
341 2124
2133 1843
2140 544
34 2171
1724 2172
2172 1724
2124 2066
1333 362
362 1333
2164 2124
2124 2164
2027 2173
2173 2027
2172 2094
2094 2172
1966 1184
2117 2138
1920 2138
2138 1920
2140 34
1216 2012
14 2140
2140 14
904 2174
2174 904
904 2124
1898 2090
34 2176
1966 24
2174 2177
2177 2174
2090 1898
1614 2178
1847 2114
1200 2179
2102 1052
1816 1809
1365 1333
1333 1365
1809 1816
2145 2141
2140 904
904 2140
2044 2180
2179 1200
2084 2181
2181 2084
2084 1904
1904 2084
2123 2175
2175 2123
2027 2033
2140 1542
2124 1333
201 2183
2183 201
170 2044
2044 170
2173 1333
2157 2184
2184 2157
2044 2185
2185 2044
2141 0
1614 2140
2141 590
590 2141
360 1837
1837 360
170 2172
2172 170
2124 214
214 2124
6 1981
2141 2066
2066 2141
1584 2124
1875 2157
2032 2027
2039 273
2166 904
2166 1200
904 2166
1280 1972
1315 1347
1315 1950
1315 1611
1315 1614
1315 1333
1315 308
273 2186
273 131
2186 273
254 2066
1486 1333
1052 2027
2027 1052
1845 2187
1845 2179
1845 2143
1845 1912
1845 1844
1845 1385
1845 1565
1845 1947
1845 2039
1845 214
1845 1200
1674 2188
2188 1674
12 1203
1203 12
1385 1845
2143 1845
728 1528
1528 728
34 2189
34 2190
2157 2044
2044 2157
12 1753
1753 12
201 2031
2031 201
1614 69
2052 1351
2033 1333
2187 1845
2052 544
1052 1315
1315 1052
6 1787
1787 6
2089 2173
2173 2089
1956 2191
2191 1956
2140 1344
2126 544
2120 34
1947 2193
2193 2186
2186 2193
1333 1938
1938 1333
1801 2194
2194 1801
2117 2127
2191 34
34 2191
2164 728
728 2164
1763 1244
1966 2186
2186 1966
1898 2186
2186 1898
545 2154
2154 545
2173 1316
1316 2173
1316 2195
1801 1946
1946 1801
2124 303
303 2124
1316 1375
1766 2124
2124 1766
134 728
1584 2175
2175 1584
1375 1316
201 2196
2175 1203
1203 2175
2196 201
1956 2140
2140 1956
2140 2198
2198 2140
936 2199
2199 936
1309 534
1542 2124
728 2141
2141 728
520 2141
2141 520
1669 2200
2200 1669
1749 2200
2141 2134
2134 2141
1801 2201
2201 1801
1528 222
2124 2202
2202 2124
2203 2027
1966 1898
303 2177
545 2204
2204 545
2173 2205
2205 2173
1908 1983
12 2206
2206 12
12 1043
1043 12
1904 1561
2175 2207
2207 2175
1244 1763
1791 2044
1362 1791
2123 2066
1614 1791
1333 1791
1243 1791
2172 904
904 2172
1374 2124
2124 1374
2204 2208
1801 2143
1216 2209
2207 2210
2210 2207
1638 24
1973 1216
1952 1898
1898 1952
1395 1333
904 2211
2211 904
1564 2173
2173 1564
1743 2212
1333 1614
1614 1333
2212 1743
303 1395
2027 2213
12 1920
1920 12
2209 1216
34 2214
2214 34
1920 2215
1333 1966
1244 2128
2128 1244
1920 2216
2216 1920
1920 2070
2070 1920
2117 1614
1966 904
904 1966
2055 1498
1614 2117
2211 1564
1889 1315
2043 201
201 2043
2217 2027
2204 2218
2218 2204
2027 2219
2219 2027
2027 2220
2220 2027
1805 1623
2192 1395
1316 2180
1315 1889
2105 2130
2130 2105
2221 1842
1842 2221
1843 2117
2117 1843
2084 2222
12 1554
1554 2223
2027 2216
2216 2027
1462 1809
1809 1462
2224 904
904 2224
2027 1936
1936 2027
936 2218
2218 936
76 1689
2048 2216
2216 2048
12 634
2044 2124
2124 2044
1554 237
634 56
237 1554
1676 12
12 1676
634 1554
1554 634
2084 2225
2225 2084
2222 2084
2145 822
2172 634
2172 1333
2090 1816
1816 2090
2172 2194
2194 2172
2172 2044
2172 1316
1316 2172
1801 2226
2226 1801
1801 2227
2227 1801
214 2186
214 1845
2186 214
170 2140
2140 170
119 12
12 119
2140 715
1333 308
715 2140
2173 1554
1554 2173
1554 2218
2218 1554
119 715
2228 2044
1859 1333
2044 2172
2228 1280
2228 1655
2172 0
2172 12
2172 308
12 2172
12 269
269 12
2228 2229
1395 303
214 1565
2027 1203
1859 1915
134 2230
6 214
545 1043
1043 545
2230 1200
2027 1043
2172 1153
1043 2027
2140 1503
2220 1809
1809 2220
2232 2140
2140 2231
2140 2232
2228 1395
2228 2233
2233 2228
2141 2140
2140 2141
1507 1477
1507 1333
1333 1507
303 24
2228 2234
1395 2192
1985 1314
1314 1985
214 1316
214 6
1316 214
1966 0
1966 1362
1809 2114
1966 2039
1966 1477
2071 1904
2071 1330
2071 1097
2071 1565
2071 2186
1097 2071
1809 2235
2235 1809
1990 2140
2140 1990
1889 545
545 1889
2186 2071
1859 1801
1801 1859
1200 2230
2027 2218
2228 1801
936 2140
2140 936
2228 2157
1477 1507
904 1946
2218 1333
1314 1623
1216 2236
2236 1216
214 2177
1966 1333
2177 214
1244 1809
1809 1244
1946 904
2141 1859
2157 2228
2044 2228
1966 1952
840 303
2172 1184
1184 2172
1554 2238
1801 2228
2079 2239
1527 2228
2228 1527
2228 2240
2240 2228
2231 2140
34 1719
1719 34
2117 497
497 2117
0 2141
2239 2079
2172 2218
1333 545
1564 119
119 1564
2027 2237
2237 2027
2242 2243
12 2062
2062 12
1809 2001
2123 1859
1859 2123
2044 539
539 2044
2243 2242
1203 2124
201 2161
2140 2244
2140 2245
34 2140
1692 1966
