35 20
88 40
59 86
86 59
6 88
88 6
63 93
40 69
93 63
69 94
94 69
69 40
69 34
38 16
16 38
69 95
95 69
14 96
96 14
68 98
98 68
87 6
0 80
69 14
14 69
80 0
0 100
61 53
53 61
100 0
99 100
100 102
79 24
99 59
38 3
3 38
40 104
71 3
95 105
105 95
80 106
106 80
59 107
107 59
96 67
67 96
95 106
6 108
108 6
40 109
40 67
67 40
106 95
22 6
6 110
110 6
63 111
111 63
111 76
111 114
111 59
59 111
108 38
38 108
5 113
113 38
5 31
38 113
46 6
0 118
118 0
99 0
99 6
6 99
6 46
6 121
121 6
22 107
107 22
107 103
103 107
59 55
114 76
118 126
118 24
0 1
0 75
75 0
0 22
53 128
115 6
6 115
53 12
12 53
76 38
76 14
76 5
76 0
76 22
76 27
76 114
76 111
76 130
76 60
128 53
53 1
1 53
126 118
126 131
131 126
6 132
132 6
104 40
40 63
63 40
56 109
112 124
124 112
53 6
6 53
112 22
112 134
134 112
