77 35
5226 5795
5795 2866
2066 1809
2295 3698
3450 4924
4924 3450
5538 1351
5538 5316
2941 4648
4648 2941
2941 5507
5449 4920
5507 2941
480 3902
5412 5226
5226 5412
5412 5711
3827 5528
5528 3827
4364 5507
3450 5796
5648 5797
5797 5648
4920 2821
5507 4364
5776 34
3902 480
3827 5776
5776 3827
5550 5798
5654 5798
1351 5798
1017 2497
4290 4514
4514 4290
5759 5787
5675 1351
3450 5711
5711 3450
4364 2062
2062 4364
4610 4196
4924 5799
5799 4924
5711 5799
5799 5711
5703 5800
5800 5703
1952 5412
5711 5690
5540 4196
1638 3450
3450 1638
2387 5782
34 5776
5800 3450
4648 5412
34 5792
5792 34
1351 5593
5456 5412
4859 5593
103 891
891 103
3706 5505
3877 5801
5801 3877
4648 5315
3639 5593
3284 34
5648 5802
0 34
0 1382
0 61
0 904
3639 134
0 134
191 5675
3654 1017
1351 5527
4531 3648
3648 4531
5611 5790
5800 5790
5800 5803
891 5804
5804 891
1809 0
4723 5711
480 5412
5412 480
3803 5362
3803 5624
5362 5624
5362 3803
5226 1809
3987 5725
3654 5611
5611 3654
3706 5524
5524 3706
5654 3706
3721 5601
1351 2186
3721 5805
5226 95
95 5226
3152 3955
4514 1730
1730 4514
3152 4896
3152 3259
3152 3985
3721 987
3987 34
3639 3721
1952 2646
3877 5611
34 2482
5611 3877
5805 5660
5805 5622
5805 5605
5805 5601
5605 5805
5605 5601
5622 5805
3721 5605
5605 3721
5601 3721
5605 5622
5622 5601
5622 3469
5601 3469
5601 5660
5601 5622
5601 5605
5601 5805
3721 2821
2941 95
2062 95
95 2062
3721 5577
3721 3469
3721 5653
3827 4319
4319 3827
1351 5806
5654 5807
5654 5808
1351 5768
5468 4290
1564 1395
3450 5809
3450 4196
5137 4531
3450 2646
5612 1351
5226 3344
3344 5226
3450 5812
5812 3450
1351 3902
50 4250
3648 4648
4648 3648
3469 5805
2044 3344
5507 5524
5654 5524
4364 24
3721 5527
5525 4920
4319 3344
3344 4319
5527 1351
5527 5524
5527 3706
5064 5524
5605 5481
5481 5605
5481 544
34 5814
34 3284
34 5815
1734 5813
1920 34
5817 3706
5449 5817
5813 5576
1351 5818
3639 5628
3827 4758
4758 3827
5800 5819
5819 5800
3721 3571
3639 5810
2044 1946
1351 5628
5800 34
3721 5798
3721 5753
