28 346
2877 241
2757 2641
34 2871
2265 1831
2732 904
2876 1538
2876 861
2876 627
936 1674
2265 1099
2887 491
490 2783
2783 490
1898 936
936 1898
2891 2899
2899 2891
2062 2580
1809 2408
2408 1809
1898 2512
2175 1243
111 2193
2727 2724
111 1486
111 95
2295 2900
2213 2794
2062 2896
1898 2879
2251 2794
1952 2075
2879 1898
2794 2251
1921 2484
2484 1921
2903 2858
2876 205
2484 2362
2902 2342
2342 2902
2903 414
2331 2646
2646 2331
2904 1952
2779 2905
2905 2779
2535 2580
2634 2729
2874 2634
2175 1333
1333 2175
2599 2709
2709 2599
2874 1952
2874 2822
2124 2907
2907 2124
936 170
2395 2727
2879 2727
2880 2265
2634 1952
2880 2634
904 1952
1809 2880
2395 2880
2350 2880
2876 756
2327 2834
2834 2327
2874 2646
2646 2874
95 111
2265 1206
34 2908
2908 34
904 1206
2886 904
2634 2909
2634 2880
904 2886
2265 373
2876 373
904 2701
2886 2910
2876 1027
2724 2017
2911 1952
2896 2062
2896 256
2634 2827
111 1477
111 2137
2913 1952
2265 578
2027 2837
2837 2027
2295 2724
2872 1952
1411 2908
2908 1411
2872 2807
1809 5
5 1809
936 904
2295 2599
2599 2295
2807 2872
2599 904
904 2599
2876 197
2876 633
2327 1542
2876 218
2876 1668
2876 893
2876 774
2876 1702
2876 1791
2876 2680
2847 2880
2810 241
2810 2890
2909 2914
2914 2909
491 34
2634 2914
2914 2634
2876 787
2876 781
2876 837
2876 930
2876 996
2858 2903
855 1921
2634 2915
2915 2634
2027 1647
2027 2916
2075 2387
2860 2175
2175 2860
2902 1809
1809 2902
2900 1809
2917 2847
1333 2919
2919 1333
2873 2909
2909 2873
2858 2497
2876 385
2874 2497
2876 2920
2876 734
2418 2634
2876 1161
1584 2027
2843 2124
2200 1809
1809 2200
2909 1952
1584 2922
2418 2909
2909 2418
2850 1952
2918 2921
2860 2783
2921 2918
2634 2418
1271 2918
2922 1584
2783 2860
2027 2922
2922 2027
1809 2923
2923 1809
2027 2924
2924 2027
2905 2925
2876 1321
2876 578
34 2926
2847 2927
2927 2847
2804 2921
2927 34
904 1814
2265 2071
2876 597
1351 1845
2295 2927
2927 2295
2724 491
2397 71
2261 2724
2724 2261
71 2397
2295 2802
2802 2295
2929 1952
1628 1382
2634 24
2634 2846
2846 2634
2827 2634
2876 576
2172 2931
2634 2932
1809 2379
2379 1809
2657 2175
2175 2657
2811 2027
2027 2811
111 2528
2774 2934
2157 2197
1650 34
2592 2709
2709 2592
2876 632
2876 1344
2175 2484
2484 2175
2876 560
2265 560
1734 2175
1734 1845
2265 74
2314 1628
1628 2314
2314 1809
2876 74
2314 2935
2935 2314
2265 19
2124 2936
2936 2124
2936 2295
2936 74
2876 19
2937 1271
1898 545
2876 287
1952 2918
2295 2936
1763 2938
2860 2715
2715 2175
2715 2860
2939 2314
2314 2939
1542 2027
1904 1801
2295 2940
2940 2295
2776 2724
2027 1839
1839 2027
2941 2939
2939 2941
2939 24
2941 24
2387 2942
2896 2943
2896 2794
2858 2944
2944 2858
2896 2945
2945 2896
34 2946
34 2927
2838 34
1244 2044
2044 1244
2592 2947
2947 2592
2724 2776
1528 1542
2876 741
1952 545
545 1952
2936 1809
1809 2936
1850 2655
1724 1385
2942 2387
2794 2896
591 2760
2917 1952
1952 2817
1952 2823
2265 1952
2858 2952
1952 2852
1952 2831
1952 2826
1952 2856
1952 2850
1952 2859
1952 2861
1952 2418
1952 2874
1952 2904
1952 1921
2265 2952
1952 2911
1952 2909
1952 2929
1952 2930
1952 2853
1952 2866
1952 2913
1952 2932
591 2044
2044 591
2896 2589
2589 2896
2044 491
2876 922
2265 922
904 2954
2954 904
2265 2955
2876 653
2955 2265
1711 1628
1628 1711
2876 2870
2876 521
2876 256
2124 1814
491 2724
491 2044
1952 2958
2954 2860
2958 1952
2860 2954
1921 1952
303 2960
1898 1839
1839 1898
1898 1184
1921 2960
1809 2943
591 1809
1809 591
2732 2961
2961 2732
2961 2497
2762 2962
2962 2762
2962 2959
2856 2963
1809 2964
2634 2861
2861 2634
545 1898
904 2947
2062 2265
2265 2062
2947 904
2959 2947
2947 2959
2857 2484
12 24
2844 24
2069 1610
2641 2967
1809 2109
2641 2757
2641 2599
2641 2523
134 2942
480 2969
2942 134
2109 1809
1809 1974
2657 790
790 2657
1809 1910
2724 2811
2811 2724
1583 1623
2295 2943
2943 2295
34 2970
34 2971
2902 95
95 2902
2551 1542
1501 1528
1528 1501
2973 1395
1395 2062
2898 34
1395 2942
1952 2974
2974 1952
34 2975
34 2942
2975 34
2164 2173
2173 2164
40 1809
1809 40
2942 34
2976 2109
2109 2976
2942 1395
2943 2724
2724 2943
2961 12
2727 2879
2581 2977
2977 2581
2943 2109
2109 2943
2804 2724
2724 2804
1814 904
2804 40
40 2804
2186 2907
2655 1850
2732 2027
12 2961
2961 2779
2779 2961
790 12
12 790
2483 2027
2027 2483
177 2387
2724 2900
2907 2186
2944 893
2213 2947
2794 1898
1898 2794
2961 2724
2724 2961
2724 2794
2794 2724
3597 2027
2027 3597
2027 2979
2295 303
2979 2027
2961 2657
2961 134
2251 2933
2933 2251
2960 1921
2079 2981
2860 2724
2981 2079
2981 34
2724 2860
2732 1528
1528 2732
2928 1809
1692 2193
2193 1692
2193 1382
2724 170
170 2724
1614 2387
34 2982
2982 34
2551 2124
2124 2983
2581 860
2980 2724
34 2984
34 2985
2314 2980
2980 2314
2980 2928
2928 2980
1809 2332
2332 1809
2687 1809
2687 2865
12 605
12 2497
2972 1774
1915 2987
34 2988
34 2771
2988 34
34 2989
1610 2069
2724 2980
2732 2396
2396 2732
1952 2990
2990 1952
1952 2762
2762 1952
2876 529
1898 2991
2762 2942
2876 261
2876 199
2876 386
2876 165
2991 1898
2980 2992
2980 2641
2942 2762
2992 2641
2992 2980
1809 2991
2641 2993
2993 2641
2928 2387
2962 2724
2962 1898
1898 2962
2634 2951
2951 2634
2771 34
2072 2970
2027 1628
1628 2027
2900 360
2876 1331
2876 377
2724 360
1395 2994
2994 1395
2173 2497
2724 1395
2876 826
2387 2732
2828 2027
2027 2828
1764 2066
538 2387
1395 538
2327 71
71 2327
2213 1898
1898 2213
2075 2016
2794 2016
2484 2283
2283 2484
2245 1554
2947 2213
2933 1501
1501 2933
1584 1330
1584 1845
1952 2996
2996 1952
1809 99
99 1809
1584 2997
2997 1584
1745 2939
2939 1745
2724 34
34 2724
1904 1472
1472 1904
2939 2998
2998 2939
2939 2999
2999 2939
2986 2175
2175 2986
2939 2261
2261 2939
2917 2939
2066 3000
2710 2995
3000 2066
2295 2941
2941 2295
3597 1402
2687 2027
2213 2044
2213 2900
2387 2075
3001 2939
2939 3001
2589 3000
3000 2589
34 2979
2234 2963
269 1809
1809 269
2876 442
2876 79
2396 1584
2876 1367
2876 272
2825 2634
2794 1655
2265 501
3004 1584
1584 3004
2876 461
2876 501
3002 2732
2732 3002
1564 1809
1809 1564
2641 2992
2641 2495
2495 2641
2724 2942
2641 2925
2808 2641
2641 2808
2295 2589
2589 2295
34 3007
1216 3008
1216 2828
1952 3009
3009 1952
3010 1952
2828 1216
2949 3011
3011 2949
2027 2724
1809 2986
2787 569
2027 3012
2641 3005
3005 2641
3005 522
2646 2484
3005 3014
2938 2887
2938 1763
2887 2938
34 3005
3005 34
2932 3015
3015 2932
241 2634
2634 3016
140 2317
2317 140
2557 2634
2634 2557
2634 3017
140 2124
3016 2634
3014 1333
3014 3005
3014 2933
1952 904
3014 2932
3017 2860
2860 3017
2641 2787
2787 2641
2027 2992
2930 1952
2727 2048
2048 2727
2762 3005
3018 1395
2933 3014
3019 2027
2724 2027
2175 2495
2495 2175
3008 1216
2943 1809
2027 2175
2027 2776
34 3020
2182 34
34 2182
34 1896
2933 3021
1395 2973
2876 242
1809 3022
3022 1809
2876 2134
2877 2268
2634 2873
2873 2634
3018 2251
538 3024
2295 2562
3005 2762
2562 2295
2562 34
1554 2245
111 3025
1915 2709
2709 1915
2991 3026
34 3027
2886 3026
2860 3028
2634 3029
2363 1623
539 3030
3030 539
3028 2454
3025 111
2265 2102
2876 2102
2429 2426
2343 3020
3020 2343
2769 2426
1498 1752
2066 3018
2949 1809
1809 2949
2295 2608
2608 2295
3 2997
2997 3
2387 2949
2949 2387
2295 2928
2387 2928
1809 2928
2896 2762
1893 2484
2384 1845
2769 491
2634 3032
2126 1692
34 414
2484 2401
2401 2484
3030 1952
2729 2634
2484 1893
2725 1898
1898 2725
2554 1333
2876 1195
1952 3005
3005 1952
2924 1809
1809 2924
2900 2387
3033 2687
2876 852
2876 1673
360 2200
2200 360
2261 1809
3005 2261
2261 3005
3005 2124
2124 3005
2941 2949
2949 2941
1395 3018
2295 2968
2968 2295
2724 2732
1898 2724
2724 1898
2426 1634
2426 2769
2762 2896
2774 2709
2709 2774
2762 2975
2975 2762
2776 2027
2646 2724
2634 3034
3034 2634
2634 2738
2738 2634
2484 2905
2905 2484
2761 3035
3035 2761
2251 3018
1395 1565
1952 3002
2265 3002
1952 3036
3036 1952
2401 2687
2687 2401
1818 2295
3036 34
1952 3037
2268 2877
2657 2687
2268 2089
3035 1226
904 2089
2387 2794
2794 2387
3037 1952
34 3040
2484 2646
2484 3039
2634 3036
2175 2834
2175 2776
3035 2027
3040 34
2776 2175
3035 2896
2896 3035
303 2484
1952 2342
2342 1952
414 34
2109 3035
1952 215
303 1952
1952 303
569 2787
3039 2774
3039 34
3039 2484
2027 3044
3044 2027
170 2942
2942 170
2992 2027
2896 2891
2891 2896
2687 3033
1692 1952
1952 1692
1226 3035
2732 1814
1395 3024
2027 2609
2609 2027
1898 2175
2175 1898
2933 1898
2804 3045
3045 2804
2888 2634
2634 2888
1674 2999
2999 1674
2900 3043
2027 519
2027 2900
2900 2027
2641 3047
2933 2314
2314 2933
1351 2193
2027 2557
2557 2027
3043 2900
1316 2879
2879 538
1809 3048
6 3049
3049 6
1317 3024
1317 2879
2387 1655
1216 22
134 3024
34 3050
1785 2268
2774 3051
2774 3039
2774 2829
1395 134
2933 2687
2687 3035
2027 2109
1952 2623
34 3052
1952 2510
3052 34
2295 2933
2724 3053
3053 2724
2027 1745
2027 2732
2027 2685
2027 2761
2027 2350
2724 3054
3054 2724
521 1898
1898 521
34 1461
1614 3057
95 2332
3035 2109
1564 2891
2891 1564
3058 2124
2687 2657
2933 2657
3035 2687
2177 2124
2948 1952
6 2173
2173 6
1614 3059
3059 1614
1216 1610
1610 1216
519 2027
1952 3034
1952 3062
3062 1952
521 1692
1692 521
2641 1809
1809 2641
492 1333
1200 2027
2879 2027
2027 3053
3053 2027
34 3063
6 2942
3059 3064
2369 3065
2961 2369
2774 3066
2774 3067
3063 34
1614 2280
2942 6
