133 388
3652 1411
1411 3652
3619 3764
2242 3734
3767 3652
3734 2242
34 3772
34 3773
3733 2261
3734 2387
3733 3102
1315 3755
1315 3756
1315 3759
3652 3767
3734 3628
2295 3365
3734 3774
3628 3734
3085 3775
3734 3698
3698 3734
3407 3776
3776 3407
2261 3743
2641 3777
3777 2641
2641 3734
3734 2641
3734 2261
3722 2641
1511 1809
2265 1809
362 3743
1858 3778
2063 2146
2641 3768
3768 2641
3778 1858
3659 3780
3780 3781
3668 1809
3780 3782
3768 3782
3782 3780
3782 3768
1809 3668
2839 3743
269 3743
269 3755
269 3758
269 3759
3218 16
1839 3743
269 3756
16 3783
3783 16
3767 2624
3785 3743
3785 3755
3785 3756
3785 2016
3786 3743
3786 3755
3786 3756
3786 2016
3787 2016
3788 3743
3788 2016
3789 2016
3791 2016
3792 2016
3790 2016
3793 2016
3794 2016
3784 2016
2027 3648
3652 3795
3773 34
3218 3797
3797 3218
1565 1351
2066 3794
2066 3793
2066 3792
2066 3791
2066 3790
2066 3789
2066 3788
2066 3787
2066 3786
2066 3785
2066 3784
663 2003
3743 2933
179 2405
2405 179
3755 2933
3756 2933
3758 2933
3759 2933
3784 1809
3784 1801
3659 1801
3648 3798
3798 3648
2124 3799
3799 2124
177 3800
3800 177
177 686
177 2403
177 3783
3783 177
3798 2839
686 177
2387 3365
2403 177
3737 3379
3379 3737
2834 3648
3668 1674
3737 3801
3801 3737
3668 2624
2624 3668
3365 2387
3577 3802
2112 3743
791 2641
3802 3577
3802 3803
3365 3803
3803 3365
3802 34
3797 3723
3723 3797
3698 2317
2295 3639
2317 3698
3373 1801
2027 2327
2027 3365
1628 3655
3655 1628
1818 2027
34 3804
34 3757
34 3766
34 3802
3804 34
3766 34
2624 2844
2844 2624
3741 34
3806 3652
3668 3779
3779 3668
480 3743
480 3755
480 3756
480 3758
480 3759
2044 2961
2044 3755
2044 3756
2044 3758
2044 3759
16 3755
16 3756
16 3758
16 3759
2350 3755
2350 3756
2350 3758
2350 3759
2641 3807
3807 2641
480 2641
2641 480
2624 3737
3737 2624
1000 3743
3648 3809
2641 3648
2641 3809
2261 3734
3589 2327
34 3810
3573 3796
3809 3648
3809 5
2641 3159
3159 2641
2265 3698
3407 3811
3698 2265
3737 3766
3766 3737
2896 3743
2896 95
2896 2265
3737 3022
1947 3755
1947 3756
3737 3655
3655 3737
3655 2403
3085 1501
1501 3085
1501 663
663 1501
2403 3655
2641 2611
2611 2641
3453 2624
3645 3734
3645 2140
2641 3812
3812 2641
2327 3160
3160 2327
2641 2864
3160 3743
3812 3743
2834 2896
2864 2641
2834 3743
95 2896
2469 1216
3344 2641
1674 2641
3655 1674
1674 3655
2641 1674
2641 3813
3813 2641
3814 2641
3734 3645
2641 3335
3335 2641
3796 3734
3734 3796
2641 3796
3796 2641
3734 365
1884 3743
3805 34
539 2834
2834 539
1611 1884
1884 1611
1611 3737
3737 1611
1809 2011
2011 1809
2403 3780
3780 2403
3795 3652
145 3816
3816 145
34 3817
34 3818
34 3807
3802 3665
3665 3802
731 3796
3796 731
2641 3344
3774 3734
1411 3098
3098 1411
3809 3796
2387 1411
2641 3821
3821 2641
3734 3822
3822 3734
2624 3714
3714 2641
3714 2624
3714 2387
2387 3714
2641 3824
3824 2641
365 3806
1801 3713
3806 365
2624 1554
1554 2624
1554 3807
3807 1554
2896 3654
3807 34
2303 3814
1966 3652
2624 3112
3652 3734
3734 3652
2692 3407
3648 1966
3814 2303
2634 3825
1966 3648
3652 3806
3652 3489
3652 3098
3098 3652
3659 2027
3489 3652
3098 201
1884 1655
3652 1966
1017 3743
3827 34
3734 3799
3799 3734
3796 1898
1898 3796
2387 3828
3828 2387
2403 3829
3829 2403
3734 2403
2403 3734
3698 3652
3652 3698
2403 1628
1628 2403
2896 1809
1956 34
1583 3743
3827 2201
2201 3827
3831 2624
3450 3814
3814 3450
1742 3218
2896 1724
3764 3619
1751 3743
1017 3222
1489 1017
2641 3737
34 3381
3737 2641
34 3834
34 3835
3222 2624
311 3652
2641 2109
3652 3827
3652 311
3640 3516
3640 3259
2836 2896
3652 3384
3827 3837
3723 3827
3837 3827
3384 3652
3827 3723
2327 2387
34 3838
2327 3589
1017 1966
3736 435
3640 3164
2896 2027
2896 2724
699 3839
1501 2175
2175 1501
3839 699
3827 2175
2175 3827
3546 3652
2387 2243
2243 2387
3734 3840
214 2066
2066 214
1801 1831
3734 3841
3840 3734
3841 3734
881 3743
3734 766
2387 3734
766 3734
766 3737
3737 766
3160 3395
3546 3763
3763 3546
1611 1858
2396 3743
3818 34
3819 3842
3842 3819
3546 3698
3698 3546
2896 3843
3843 2896
3407 2692
2295 2016
3407 3743
3737 3827
3827 3737
3450 3654
3654 3450
345 3743
2377 2897
1317 3796
3799 2483
2624 1858
1858 2624
3654 3823
2484 3844
3844 2484
3823 3654
3489 3845
3845 3489
1937 34
3222 2641
3844 3846
3846 3844
2641 3847
3801 3655
3655 3801
3847 2641
3713 3652
3652 3713
3652 3848
3652 3745
3796 2265
2839 3796
3827 3849
3849 3827
3652 3850
3850 3851
3851 3850
3849 3852
3852 3849
3827 3842
3842 3827
3850 3853
3853 3850
1952 2370
3815 2795
686 3854
3854 686
1611 2641
2641 3855
3855 2641
3620 2295
2295 3620
3827 3856
3544 3855
3856 3827
3855 3544
3827 2859
686 2859
3228 2124
2403 1528
3734 2859
1554 3800
3800 1554
686 1554
2350 3743
3848 3652
2387 2327
3745 3857
3857 3745
686 3743
3001 34
686 3800
2377 3036
3036 2377
2960 686
3017 2851
2851 3017
2641 3845
3845 2641
2403 1017
1017 2403
3652 3249
3249 3652
3827 24
3855 24
1564 24
2769 3376
3800 686
2641 3055
3780 3849
3849 3780
1385 3858
34 3827
34 3859
3859 34
532 2124
2124 532
3688 2027
2624 1315
1315 2624
3652 3012
3222 2403
2403 3222
3844 2646
2641 3533
2641 3859
3859 2641
1932 3860
1932 2902
3800 2641
2641 3800
1809 2251
3503 3796
1952 3862
3862 1952
2877 3222
3775 3017
3775 3085
3775 3862
3775 3825
3862 3775
3860 2902
3860 1932
2902 3860
2902 1932
3510 3819
3819 3510
2265 3796
1952 3851
3851 1952
3222 3863
3863 3222
2251 3796
3164 3640
1952 3864
3864 1952
3864 3259
1333 3652
3652 1333
3222 1017
3747 3570
3734 3850
3850 3734
3734 3866
3734 3867
3866 3734
3867 3734
3734 3718
3718 3734
3799 3723
3723 3799
537 50
2646 3844
2646 3868
881 686
686 881
3833 1436
3868 2646
1503 3869
3500 3640
3640 3500
2624 3597
3597 2624
2624 3544
3544 2624
3855 2839
2634 3870
3870 3871
2839 3855
2634 3871
2953 1952
1952 2953
3737 686
3737 3872
3872 3737
686 3827
3827 686
3365 2027
3438 1153
686 3873
3873 686
50 537
686 3874
3874 686
1966 3875
2641 3819
3819 2641
3098 3876
331 3017
2140 3743
3766 3831
3831 3766
1436 3833
3499 3877
3877 3499
3526 3878
2634 3879
3878 3526
3734 3880
3450 3881
3881 3450
2641 3882
3882 2641
2641 2390
2390 2641
3868 3878
2370 1952
3450 3734
3734 3450
2834 1801
2377 3878
3803 3802
987 3743
3098 2624
2624 3098
3734 3884
3884 3760
3884 3734
3878 2377
1333 3827
3827 1333
3878 3868
699 3734
3734 699
3526 3885
3885 3526
1385 1567
1801 2834
3886 3444
3017 3015
3834 34
3499 3887
3887 3499
3823 3734
3734 3823
2377 3888
2109 3734
3734 2109
255 3823
34 3889
3823 255
3889 34
3167 2641
2641 3167
2641 3890
2821 1511
2821 2579
2641 3891
3891 2641
1831 3892
3892 1831
2641 56
1952 2912
2912 1952
3831 2641
2641 3831
3640 3892
3892 3640
3734 2327
2327 3734
3734 605
605 3734
12 1351
3780 3735
3735 3780
605 3743
2403 605
605 2403
605 3766
3766 605
3780 1271
1271 3780
1809 3894
214 1831
3780 2011
2011 3780
2261 3895
3895 2261
3896 3734
213 3897
3820 3898
3898 3820
1750 3480
3480 1750
3886 1801
1801 3886
3897 213
3507 2124
2896 3899
3899 2896
3526 3900
3900 3526
3652 1674
3344 3901
3901 3902
3344 3902
3901 3344
3902 3344
3902 3901
3902 3903
3903 3902
3171 2641
546 2261
1564 2641
2641 1564
2403 3877
3877 2403
3853 3904
3904 3853
3849 2624
2624 3877
3877 2624
2624 2343
3301 2641
2403 2641
3450 3780
3780 3450
3890 2641
34 3905
34 3001
34 3906
34 3907
3017 3871
2999 3909
3910 3911
3911 3910
2295 3714
2641 3912
3912 2641
3909 2999
3827 3819
3819 3827
2641 3171
3893 2641
3511 2634
2641 3893
3017 3913
2896 3845
3845 2896
1017 3384
2343 2624
2624 1745
1745 2624
3902 3915
3915 3902
3384 1017
3819 3915
3915 3819
2641 3916
2641 3542
3917 3877
3916 2641
3542 2641
2343 3918
3835 34
2624 3267
3267 2624
3919 34
3526 3921
3886 2624
2624 3886
3921 3259
3734 3814
3814 3734
3814 3922
3922 3814
1017 3734
3734 1017
3698 1644
1644 3698
3909 3780
2641 1787
1787 2641
2641 3923
3923 2641
3921 3526
3734 3924
3924 3444
3444 2
3886 3924
3924 3886
1966 1564
2641 3926
3926 2641
3924 3734
3915 2403
2403 3915
3734 3546
3546 3734
3915 3734
3734 3915
63 3098
3570 3207
201 3098
365 3734
2896 3713
3927 3734
3734 3927
3734 3815
2295 3928
3928 2295
2896 3257
2896 2836
2896 3655
3450 1266
1266 3450
3902 3853
3877 3902
3128 3133
3128 3930
3128 767
3128 3931
3128 179
3128 3255
3128 2824
3128 1097
3128 3937
3128 349
3128 3939
3128 3421
3128 5
3128 1956
3128 3943
3128 3944
3128 3218
3128 3949
3128 3950
3128 3952
3128 3085
3128 264
3853 3902
3128 3954
3128 3957
3128 3134
3128 2646
3128 3958
3128 2655
3128 3965
3128 3966
3128 2685
3128 3967
3128 3213
3128 3969
3128 942
3655 2896
34 3861
3846 2877
2877 3846
2976 2896
2896 2976
2641 3971
3971 2641
3814 3802
3570 3814
3814 3570
1564 3927
3802 3814
3655 3865
3028 18
3668 3972
3972 3668
3655 3334
3334 3655
1831 2896
2896 1831
1966 1017
3880 3734
3437 1017
2494 3973
3973 2494
3846 3883
584 3974
3827 1997
1997 3827
2124 3973
2124 2494
3973 2124
1511 1351
3827 3975
3975 3827
3403 3668
3668 3403
3652 1809
1966 3640
3098 63
3640 1966
3975 3640
2052 3976
2403 3977
3977 2403
3976 2052
3640 3975
3906 34
2436 2397
34 3978
3903 3865
3903 3544
3809 3979
1938 3980
1938 3981
3980 3981
3980 1938
3981 3980
3981 1938
365 3698
3698 365
3734 3981
3981 3982
3982 3981
3981 3734
3927 1564
3648 3589
3589 3648
2403 3527
3527 2403
3723 3983
3863 3903
3903 589
2897 2377
3863 3927
3927 589
3112 3734
3734 3112
3887 2403
3698 3984
3984 3698
904 3877
2377 3985
3986 3597
34 1674
1674 3802
1674 34
3503 3665
3802 1674
3665 3503
3918 3877
3845 3988
3988 3845
3877 3989
3112 2624
3845 3990
3511 3764
3990 3845
731 1831
1831 731
467 3743
2641 1730
1362 3396
1611 2741
2741 1611
3589 2641
3712 1017
1333 3759
34 3951
3589 2343
545 360
3485 1197
3971 3979
3979 3971
3652 3992
2976 3994
3994 2976
360 3995
3995 360
2896 2524
2524 2896
3597 3996
3992 1197
3597 50
3979 360
3222 2877
2403 3827
3827 2403
2641 3997
2377 3998
3597 3986
3998 2377
3782 3809
3809 3782
3782 2641
3809 2641
3983 3723
1673 2641
2351 3999
3999 2351
2551 2641
2641 2551
2109 1688
1688 2109
3999 3896
3896 3999
2641 3827
3874 3827
3827 3874
2641 2295
3979 4000
4000 3979
2109 3396
3396 2109
3877 3609
3609 3877
3981 3843
3843 3981
34 4001
4001 34
803 3478
3979 3827
3827 3979
3979 4002
4002 3979
3981 4003
4003 3981
3485 2404
454 3444
2879 1270
1270 2879
1749 3927
3927 1749
3379 625
625 3379
3659 3995
2641 4004
3668 4005
4004 2641
4005 3668
4007 4006
4006 4007
4004 4006
4006 4004
3570 3747
4006 3916
3916 4006
3267 4006
3396 1362
731 4009
4009 731
3917 1510
3917 4003
198 3631
4007 3979
63 3570
3489 4010
4010 3489
2641 3610
3641 4011
1730 2641
3997 2641
1730 3981
3981 1730
12 731
731 12
134 3993
3993 134
2641 4012
4012 2641
3917 4013
4013 3917
4013 3877
3989 3877
3989 4014
3631 198
3877 4015
4015 3877
3989 4016
4016 3989
4016 3396
3570 4017
4017 3570
3989 3987
3570 3729
3729 3570
3570 63
2387 3806
803 2641
3737 3440
3799 3005
3884 4018
3005 3799
3005 451
3971 1547
3971 2078
2078 3971
3005 3853
3650 3017
3017 3650
3780 2776
3780 3499
3499 3780
2776 3780
855 3743
2377 4019
4019 2377
3861 2641
2641 3861
3780 3850
3850 3780
3525 2641
2641 3525
3913 3879
3827 2641
3927 3005
2641 3218
3853 3005
3160 3218
3886 4000
4000 3886
3570 4021
3017 4022
3886 2403
2403 3886
3713 2896
4021 3570
3218 2641
3160 4023
4023 3160
2641 4024
4024 2641
2641 2396
2396 2641
1997 2641
2641 3903
2641 1997
2641 3927
2377 4025
3921 145
4010 2641
2641 4010
145 3921
4026 4025
1898 3005
3203 3
2641 3853
2641 3874
3874 2641
3218 3160
2641 4027
4027 2641
2641 4028
4028 2641
4025 3619
4025 4026
3619 4025
3975 4032
4032 3975
4032 1809
3927 4033
4033 3927
4031 3987
4015 4034
4034 4015
3597 526
4029 3167
526 3597
3167 4029
2641 3820
4025 3921
3597 4035
4035 3597
3396 4016
545 2641
4003 4036
4003 451
4031 34
201 2187
4018 3884
3723 4004
4004 3723
2350 451
3723 4035
4035 3723
1017 3714
4034 3499
3499 4034
2933 4037
4037 2933
2387 3488
2877 4025
3998 4025
3654 3499
3499 3654
4025 3998
4025 4038
4038 4025
3985 4026
4026 3985
553 4039
3879 3914
3914 3879
4025 3879
3879 4025
2283 4025
4025 2283
4030 4025
4025 4030
4030 4026
4026 4030
3572 4037
4037 3572
4037 2999
2999 4037
1547 3971
145 4025
4025 145
3610 2641
1393 2641
4014 3989
1501 2641
2641 1501
4025 4040
4040 4025
4039 553
4025 4041
4041 4025
4034 4042
4042 4034
3499 2641
2641 3499
3649 2641
3927 2641
2641 3649
3903 2641
4030 3879
3879 4030
3766 2641
2641 3766
2641 4037
4037 2641
4024 2047
3044 4010
4010 3044
3967 3128
3737 3853
3853 3737
2084 3829
3829 2084
3597 4043
4043 3597
3610 4010
4010 3610
3610 168
3610 4044
4044 3610
360 2066
3734 112
112 3734
3597 4045
2261 2641
2261 3805
3805 2261
3734 4046
4046 3734
3734 3597
2641 4047
4047 2641
3734 3971
3971 3734
3597 3734
1915 3743
2641 4046
4046 2641
904 3737
34 4048
4048 34
3914 4049
4049 3914
2776 3668
3668 2776
3655 3734
3734 3655
3914 145
3655 1787
1787 3655
145 3914
4003 3734
3734 4003
3734 4050
4050 3734
3734 4010
4010 3734
3511 3914
4051 3734
3914 3511
3734 1878
3734 4051
1878 3734
3914 3579
3734 4052
4052 3734
34 4010
4030 3914
3914 4030
4010 34
2641 2804
2804 2641
1634 2426
3579 3914
1751 5
1751 0
1751 308
1751 1395
4052 2109
2109 4052
3734 2804
2804 3734
2047 3734
3734 2047
3734 4053
4053 3734
3734 4054
3734 145
3734 4055
145 3734
3597 4056
4056 3597
3971 4057
237 2641
4057 3971
3927 2403
2403 3927
4054 3734
4023 4043
3829 0
3734 4058
4058 3734
3734 4059
4059 3734
1763 2643
4060 3655
145 2641
3655 4060
3714 3734
3734 3714
2641 145
4043 4023
3722 3714
170 112
112 170
3734 4061
4061 3734
4023 2643
2643 4023
3406 34
34 4062
34 3990
34 4063
34 4065
4064 34
34 4066
4026 3188
3188 4026
538 4037
3843 3819
3819 3843
3128 2732
3128 3935
3128 3747
3128 3390
3128 3941
3128 3942
3128 2877
3128 4068
3128 63
3128 4069
3128 3951
3128 3130
3128 4070
3128 3806
3128 4071
3128 3129
3128 3884
3128 3734
3128 2944
3128 4073
2641 3478
2951 4075
3478 2641
2634 4075
1017 4076
3987 4031
4076 1017
1294 4063
4063 1294
2896 3830
3830 2896
2641 4077
4077 2641
4077 3597
2834 145
145 2834
3413 3737
95 1655
34 4078
3597 4077
3975 3112
4078 34
3210 4079
3985 145
145 3985
1898 584
584 1898
2624 3745
3745 2624
3975 3718
3597 1093
4059 4080
3218 3341
3827 589
3827 3863
3648 4081
4081 3648
3827 4056
4056 3827
3863 3827
3597 4082
3597 589
3597 3863
3863 3597
4016 3597
3597 4016
3797 4002
4002 3797
881 4037
2624 2109
2109 2624
3387 3597
3597 3387
1294 145
145 1294
3597 3989
3989 3597
2109 584
584 2109
3802 4083
3797 1093
4083 3802
2896 3908
3908 2027
3908 2896
12 3627
3627 12
2242 1333
2999 4084
4084 2999
521 4085
521 2187
3668 3582
3582 3668
4075 3775
4075 2951
4075 3826
4075 4086
3629 3668
3668 3629
4074 3743
549 3743
4074 2377
4088 2624
2069 4089
3819 3668
3668 3819
4089 2069
3102 2332
3102 3733
50 3597
2069 3743
34 4031
34 4079
1527 3743
4023 4090
4090 4023
4003 3218
4079 34
1966 1527
3100 2641
3440 3737
2641 3100
3827 4091
4091 3827
145 1315
112 24
1498 1763
4085 521
3734 3994
3994 3734
63 3734
3734 63
3734 3654
3654 3734
3546 3444
4075 3560
34 4092
4092 34
4075 2377
2283 3352
3352 2283
3668 4093
1244 4094
2641 3696
3218 4003
25 803
803 25
2641 2408
201 4095
4094 1244
2951 3640
2951 3259
2839 16
4089 987
3853 3819
3819 3853
2896 3487
3487 2896
3640 4096
4096 3640
3827 3597
3597 3827
16 2839
4074 1952
4064 3597
544 1565
544 1718
3597 4031
4031 3597
4095 201
2783 3597
3597 2783
1952 4098
4098 1952
3100 201
201 3100
2641 1910
4077 4099
112 4100
4100 112
2350 732
4066 34
34 4101
4073 4103
4073 3947
2377 4003
545 3743
3222 3668
3668 3222
3819 3222
3222 3819
3879 3538
3538 3879
3222 1997
3538 4104
3538 3512
1997 3222
3597 732
3640 3970
3533 2641
2201 1503
3883 4104
4074 4105
4105 4074
1503 2201
2350 2229
2229 2350
3582 4107
4107 3582
818 4108
4108 818
2986 4109
4109 2986
2624 3450
2624 3979
3979 2624
1266 2624
2624 1266
1952 3095
3095 1952
2351 4110
3652 3218
3218 3652
3017 4026
4110 2351
179 2377
2377 179
34 3919
360 2724
3017 4111
4111 3017
2350 2124
2350 1042
3017 4025
3980 2624
2624 3980
4112 2624
3544 4113
4113 4114
4114 4113
3476 395
4101 34
4073 3512
2229 2213
3450 3891
2377 3883
3883 2377
3985 4096
4096 3985
3734 4113
4113 3734
3987 4113
4113 3987
3987 3734
3734 3987
3734 4115
1831 2624
2624 1831
3891 3450
34 4116
4116 34
3734 3853
3853 3734
4074 3102
3655 3236
3236 3655
3734 4117
3712 3450
3450 3712
3218 3712
3712 3218
3734 2364
2364 3734
3734 4118
4118 3734
4117 2641
3934 4119
3934 1975
3934 2193
3734 4120
3734 4121
4120 3734
4121 3734
4115 2624
1333 3743
1688 3743
2624 1688
1688 2624
4059 1333
2243 4122
4122 2243
63 904
904 63
4037 2624
3799 3628
3628 3799
904 4123
4124 3987
904 4125
4125 904
4117 1730
2302 4113
4113 2302
4113 3714
3714 4113
3714 4031
4031 3714
34 4126
3934 4127
4127 3934
3511 4127
4127 3511
4127 4121
3825 4128
3825 4129
1904 4130
4130 1904
2302 382
4121 382
4131 2624
3979 4113
4113 3979
3879 4121
4121 3879
2377 4132
4132 2377
3344 63
63 3344
3734 4133
4133 3734
4115 3734
2641 4134
3987 4134
3734 3344
3344 3734
3987 4087
4087 3987
2641 4112
4112 2641
2387 1362
3734 3723
3723 3734
360 3714
3734 4135
2350 3702
4135 3723
3464 2175
2175 3464
1527 1692
4135 4035
3334 3344
3344 3334
3827 4136
2933 4137
904 4035
2124 4139
4139 2124
4138 3891
3891 4138
4035 3629
3825 2634
3825 3826
3825 3775
4007 3891
4074 3722
3891 4007
179 3511
3511 179
2302 904
3827 3853
3853 3827
3827 2624
2624 3827
12 2896
3464 2896
2641 4141
3655 1966
3655 2624
2624 3655
1966 3655
3913 4142
3188 1952
4136 3827
1952 3188
1200 4143
4143 1200
2302 0
4112 34
3396 1
3987 4138
4138 3987
4140 2646
4106 3970
2646 4140
2634 4144
4144 3017
1751 2164
1017 4145
1017 4146
1730 4117
2044 3780
3172 2624
1017 4117
3987 4147
4147 3987
2624 2261
2261 2624
3851 151
1017 3271
3827 4021
4021 3827
3734 4148
4148 3734
3734 4021
4021 3734
2187 4149
4133 3926
3926 4133
2350 961
3824 2295
2295 3824
3985 4121
4121 3985
4106 4150
3987 4151
4151 3987
2187 4152
2187 3743
2187 1382
4152 2187
3927 3988
3988 4144
4144 3988
3927 2776
2776 3927
3526 3017
4153 3780
4149 2187
2976 2295
2295 2976
3782 2497
34 4089
3903 4154
4154 3903
3780 3647
3647 3780
3530 2395
4117 3734
4121 4155
4155 4121
329 4156
2387 4157
4106 4158
4157 2387
4158 4106
4106 3538
3538 4106
3002 1501
1501 3002
2302 4158
3002 3464
3464 3002
4158 2302
1501 4158
4158 1501
3648 1452
3648 4159
1452 3648
2261 2599
2599 2261
4113 1315
1315 4113
4113 1801
3015 3538
3877 2896
3530 2896
34 1452
2933 2896
1452 34
3352 4160
4160 3352
3046 3526
3526 3046
3511 3046
3046 4161
4161 3046
3046 3511
4121 2377
2377 4121
4121 4106
4106 4121
3710 2896
2377 2634
2377 3017
4074 3017
2302 3819
3819 2302
4157 4125
4125 4157
2727 3780
3780 2727
3922 4162
2283 4163
4163 4104
4163 3970
4163 2377
4163 2283
3641 4151
3853 2641
2641 4164
4164 2641
2641 3681
3681 2641
1918 3853
3853 1918
2193 1385
2193 1153
2193 2660
3344 2999
2999 3344
1266 2011
2011 1266
4087 2261
2261 4087
4089 34
3734 4167
3987 4168
4168 3987
1831 341
4167 3734
1017 4169
4106 4170
4170 4106
341 1831
4112 3891
4172 2624
3002 2624
3891 4112
1564 16
2377 4106
4106 2377
3017 2888
