59 55
1216 35
35 1216
1216 1549
1542 1538
1367 544
1385 1552
1552 1385
1411 1333
1524 1542
1385 1352
1524 1333
1333 1524
1540 0
0 1540
1525 1333
1333 1525
1333 1395
1395 1553
1519 1333
1316 1351
801 1554
1554 801
1333 1547
1547 1333
591 34
1519 1555
1352 1385
1555 464
0 1556
1556 0
34 1557
1556 1547
183 1333
1333 183
34 1556
1403 1385
1556 34
1548 1216
1385 1351
1538 1542
1316 1486
1395 34
34 1395
1538 1547
1538 1385
1547 1538
1385 1538
36 1333
1333 36
1519 1538
1382 36
36 1382
1382 1556
177 1463
572 1558
1558 572
1520 1547
1519 1540
1540 1519
1347 1382
1382 1347
34 1559
34 1560
1382 1561
40 1511
1382 1547
1547 1382
0 1385
1374 1518
1518 1374
1520 1382
1538 1561
1561 1538
1395 1538
1538 1395
1547 1556
1547 1563
1511 40
1382 1520
34 1382
1382 34
1382 1368
1368 1382
1216 1382
539 1347
1347 539
1511 1385
545 1547
1547 545
1501 1395
1559 34
1333 63
63 1333
1347 1567
1567 1347
1568 1567
1567 1568
1567 1385
1395 1554
1554 1395
1561 1569
1569 1561
1382 1570
6 1524
1524 6
1566 544
133 1571
133 0
0 133
0 349
349 0
1528 468
468 1528
774 1572
539 785
785 539
1477 1382
1554 1574
1574 1554
1572 774
1565 1528
1528 1565
1569 1576
1565 1543
904 1577
1382 1578
1578 1382
1543 1565
1565 1542
1547 1520
1542 1565
1561 1579
1579 1561
1542 1573
1573 1542
1395 40
40 1395
1555 1541
1541 1555
1477 1351
34 1580
1580 34
1542 1581
1581 1542
1565 1582
1582 1565
0 1352
1352 0
1316 1583
1583 1316
1395 881
1519 1316
1316 1519
1575 1584
1584 1575
1385 1525
1525 1385
1542 1584
774 1353
774 1216
774 111
1565 1585
1585 1565
1565 1586
1565 1587
1587 1565
872 34
1584 1588
34 872
1578 1589
1589 1578
1300 1333
1395 1573
1535 1385
774 1561
34 1592
34 1593
1561 774
1385 549
549 1385
936 1316
1316 936
1592 34
1565 1321
1321 1565
1565 1595
1595 1565
545 1595
1595 545
1501 904
1595 1385
1565 1596
1596 1565
1385 1595
1573 1395
1385 1573
1567 1597
1316 1598
1565 1597
1597 1565
1592 1554
1554 1592
1571 1599
34 1600
1565 1594
774 1601
1385 785
1601 774
5 1385
1584 1602
1602 1584
1477 1603
1603 1477
1592 1565
1565 1592
1554 1605
1385 1554
1605 1554
1604 34
352 1604
1604 352
1600 34
1353 774
1554 1604
1604 936
936 1604
1604 1554
1573 1385
1316 904
904 1599
1542 1528
1554 224
224 1554
1565 1604
1604 1565
1382 1567
1567 1382
1567 1607
1607 1567
1584 544
1584 40
40 1584
40 1347
1347 40
352 1608
1608 352
1385 40
1472 565
1538 544
1584 1609
1609 904
1609 1584
1561 265
265 1561
1565 1610
1610 1565
1610 1578
6 79
1477 1610
34 1491
1608 936
1610 1477
34 1612
34 1596
1385 3
3 1385
1565 1575
1612 34
545 1244
1244 545
1565 1606
1561 1525
1525 1561
1565 1613
1613 1565
34 1614
308 1315
1385 1315
1584 1315
1315 1584
1561 1607
1607 1561
1382 1575
774 1178
1316 1615
1615 1316
1615 1498
1280 1616
1616 1280
1514 34
34 1514
1178 774
1178 544
1565 352
1590 1565
1565 1590
40 1385
1567 1617
1617 1567
34 1617
1617 34
1333 1617
1617 1333
