182 180
904 4832
4920 3098
3648 4770
4770 3648
360 4898
279 5307
5305 3987
5307 279
279 4460
5309 3987
2124 5297
4290 3228
3228 4290
3724 5295
5295 3724
2317 5311
5311 2317
4520 279
279 4520
5309 5295
5295 5309
5293 34
2124 5312
2124 5313
3713 5314
5314 3713
4693 4212
4212 4693
4196 4839
4839 4196
4290 1730
2941 731
731 2941
34 1244
4558 1734
4558 5004
1718 1655
3526 4558
731 3344
4832 1849
5155 34
1351 5316
1351 5317
4859 5317
4859 1351
4859 3706
3713 2933
2124 5318
2124 5319
1831 4290
904 5320
5320 904
3648 5293
5293 3648
5321 3987
4171 3344
4832 3819
3819 4832
3987 5321
3648 5226
5226 3648
3987 4091
32 1849
4091 3987
4832 1411
1411 4832
2124 5322
2124 5323
2124 5324
2124 5325
2124 5326
2124 5327
2124 5328
2124 5329
2124 5330
2124 5331
2124 5332
2124 5333
4832 4610
2124 5334
4832 56
4558 5335
2124 5336
5220 1184
5220 4314
4757 24
1564 3451
1730 1564
2124 5337
2109 5337
1730 4290
5226 5293
5293 5226
5308 5295
5295 5308
2044 4610
1244 5286
1244 34
2124 5339
2124 5340
2124 5341
2124 5342
5314 1730
4510 4770
4770 4510
1730 5314
4558 3527
3987 2999
2124 904
2124 5343
4171 5343
5286 1244
5311 5344
5344 5311
5254 279
279 5254
2280 5338
5338 2280
5226 4531
4531 5226
5254 3987
3987 5226
4779 5345
2317 2387
2124 5345
2044 4851
3987 4851
1818 5347
5347 1818
2124 5348
2124 5349
2242 352
4832 4514
4514 4832
3426 3987
3987 3426
5338 3421
34 5350
34 5351
3987 5338
3421 5338
987 4089
5338 3987
4920 201
891 5352
3451 4832
1730 4716
3451 2497
5352 891
1730 4832
4851 2044
4832 1730
2834 5226
5226 2834
3451 3803
2124 5353
2834 360
2834 5354
5354 2834
5295 5254
5254 5295
1351 2821
1351 2126
4558 1946
4558 5064
4558 1351
3987 5297
987 5355
2124 5356
904 4558
4648 5226
5226 4648
3527 4558
1734 3639
1734 3318
1734 4558
5351 4924
4924 5351
3987 5154
3987 5309
5248 5315
4920 4832
4832 4920
5355 987
4924 5357
5357 4924
4832 3527
3527 4832
1918 3987
3987 4001
3987 1918
5358 5359
5359 5358
4203 5359
1564 1730
4290 5357
5357 4290
2124 5360
3896 549
549 3896
2999 3648
5293 5227
5227 5293
5227 2624
2624 3987
2624 4418
4418 2624
5226 3987
5362 1849
3655 214
3344 279
3344 4561
3344 4439
4439 3344
4561 4510
4510 4561
2124 1564
2387 2016
5315 5248
4693 3106
4648 3909
3909 4648
5311 5363
34 1527
1527 34
4171 3450
3987 4266
4171 4074
3344 4381
4381 3344
3344 5364
1507 50
5364 3344
50 1507
4568 2317
2317 4568
4716 1730
2317 1507
3745 5365
5365 3745
4001 3987
5311 5366
5366 5311
4290 4944
4944 4290
4693 3987
3987 4693
5254 4510
4510 5254
1730 2941
3987 2302
2302 3987
3106 4693
352 4851
4851 352
1893 3900
4290 4388
4388 4290
1564 1584
5352 1997
1997 5352
1584 1564
4498 2309
2309 4498
904 1730
3819 3987
5254 34
34 5254
34 1393
4693 1393
5362 5367
5367 5362
3819 5293
5293 3819
1527 1362
1362 1527
904 3987
904 5279
5279 904
5311 5279
5279 5311
480 3713
5279 3987
2124 5368
5369 5311
5311 5369
5311 5370
3987 5311
2124 5372
2124 5373
2124 5374
2124 5375
2124 5376
2124 5377
2124 5378
2124 5379
5362 5379
5362 5377
5362 5372
5362 5373
5362 5374
5362 5375
5362 5376
5362 5378
5362 5380
5362 5381
2624 4648
4648 2624
5279 4693
5154 34
3039 5371
1952 3879
3879 1952
5279 5382
5382 5279
279 3039
4130 3987
3987 4130
2377 5383
5383 2377
4290 5227
5227 4290
904 5131
5254 4364
4364 5254
2124 5384
2124 5387
2124 5385
2124 5386
4364 191
2124 5388
5389 5358
3571 4384
3571 1527
3571 4210
3571 1000
3571 1153
5358 5389
3571 2660
3571 2186
3571 2027
3571 499
4693 2135
3571 1689
2124 5390
2124 5391
1527 5392
5392 1527
2135 4693
4359 891
891 4359
2124 5393
1952 3393
3393 1952
5362 5393
2124 5394
5362 5394
5383 3879
3879 5383
1937 3987
3713 904
3451 1564
3451 1730
1730 3451
3451 2
1730 24
3017 5389
5346 3987
3987 5279
3526 4896
4896 3526
3987 5346
4610 3502
3502 4610
4558 2641
2641 4558
2641 3713
2641 4319
4319 2641
4610 2624
2624 4610
2641 5396
2641 5397
5397 2641
5396 2641
360 5395
3451 5395
5250 5396
5398 3706
5396 5250
3987 5361
5361 3987
3987 5397
5397 3987
5352 61
3017 3879
2124 5399
2124 5400
2124 5401
3879 3017
3879 5040
5040 3879
4610 2641
2641 4610
1997 61
3987 545
545 3987
5250 5397
5250 3987
3428 2641
2641 3428
5397 5250
3965 5365
5365 3965
4866 4634
4634 4866
4171 4303
4384 2321
4641 34
3503 1952
4558 4517
1545 4598
5250 904
1952 5403
5250 1647
1647 5250
4171 5403
5403 4171
3987 1937
3344 3987
3987 5351
5351 3987
3629 3896
2124 5404
2124 5405
2124 5406
4290 5402
5402 4290
3965 5407
5407 3965
2999 3193
3193 2999
3987 5408
5407 2288
2288 5407
4610 5409
5352 5410
3426 3039
3039 3426
3803 5395
34 5411
3987 4515
4515 3987
5407 4851
3896 5254
5254 3896
3745 2999
2999 3745
4290 4693
5352 5383
5402 4693
3713 2641
5383 5352
5407 3713
3713 5407
904 5407
5407 904
4693 2123
4693 5402
4693 4531
5407 5413
5413 5407
5413 5414
5414 5413
3896 904
904 5250
3987 352
352 3987
4118 1564
1017 5407
5407 1017
4384 1153
4384 2660
5414 5415
5415 5414
904 1831
904 3713
2309 2062
904 4610
904 4648
2062 2309
4779 4307
4648 904
4290 5407
5407 4290
5407 4610
4610 5407
1809 5416
0 702
5145 5250
5250 5145
5250 5418
5418 5250
5407 5419
5419 5414
5414 5419
5419 5407
1362 3965
3965 1362
5366 5420
4531 1831
1831 3039
3039 1831
