51 28
3426 34
1809 4196
34 5982
4196 1809
5509 1395
3991 2044
904 5648
2251 5226
5226 2251
2066 4196
4196 2066
4531 4290
4290 4531
12 4531
12 5983
5983 12
95 1362
95 5
95 1718
4648 3428
3428 4648
2062 4196
3597 5226
5226 3597
545 5981
5981 545
34 3478
3478 34
1017 4171
3450 5984
5984 5844
5984 3450
4531 5985
3450 4531
4531 3450
4531 1730
3597 5981
5891 34
1730 4531
5448 3428
3428 5448
4531 2066
2066 4531
5448 3344
5982 5964
5964 5982
3803 4531
4531 3803
545 5986
3597 1809
3597 2387
3450 2387
2387 3450
3803 2387
3918 2387
5568 1315
4531 3597
545 4196
2387 3597
50 5711
4290 5987
5987 4290
5964 2387
2387 5964
5964 3803
3597 5988
5988 3597
4290 1809
4003 5844
3450 4003
5981 3426
3426 5981
2551 1809
1809 2551
32 1809
1809 32
32 1638
1638 32
4290 5711
2124 5711
5955 5226
5955 3450
3450 5955
2302 5448
5226 5955
5955 2066
2066 5955
