6 12
50 28
28 51
51 28
44 38
44 52
52 44
44 53
53 44
0 53
53 0
6 2
35 40
40 35
35 20
20 35
6 35
35 6
6 52
52 6
6 54
54 6
28 6
3 56
38 20
20 38
3 60
60 3
60 19
60 1
34 64
64 34
55 0
0 55
3 65
65 3
20 6
6 19
34 68
34 69
38 68
68 38
68 34
0 70
70 0
6 27
27 6
3 71
0 73
73 0
40 74
67 63
75 6
6 75
6 18
31 22
22 31
22 19
60 76
0 77
77 0
59 40
40 59
77 59
59 77
56 3
22 68
68 22
63 67
34 78
78 34
40 3
3 40
0 67
67 0
68 27
27 68
63 79
16 80
80 16
68 61
61 68
40 82
40 103
82 40
40 85
85 40
103 40
3 86
86 3
80 68
68 80
