184 6
5421 214
4531 4693
3648 904
4243 5366
1809 5366
1809 5420
5407 5422
5422 5407
5402 4924
4924 5402
5402 5254
5254 5402
1317 5423
5154 3987
3987 5425
5425 3987
1938 2122
2122 1938
1938 5426
5426 2122
5426 1938
2122 5426
5427 6
5427 5428
4787 3987
5428 6
5428 5427
2124 5304
2124 5311
2124 5429
2124 5366
2124 5430
5427 5431
5431 6
5431 5427
6 5431
6 5428
6 5427
4361 279
279 4361
5365 4384
3918 3526
1734 663
5402 3012
3012 5402
5402 643
643 5402
4517 4558
4856 0
0 4856
0 5417
4290 0
0 4290
4384 5365
5431 4921
4921 5431
5417 0
3039 0
5431 4552
5064 4384
5064 4558
3803 3451
3987 5432
5432 3987
1362 5
3318 0
0 3318
3987 1393
4243 5434
5252 279
279 5252
5434 4243
5383 3987
1395 0
0 1395
2124 5435
2124 5380
2124 5381
5402 5436
5211 3629
3629 5211
3965 5410
5424 3987
4752 5437
5437 4752
5383 61
4171 5383
3706 5438
3706 5439
5064 61
5402 5397
3706 2660
5397 5402
3571 61
3706 61
4859 61
4648 4514
4514 4648
5436 5402
4811 5383
4811 4171
3987 5227
5227 3987
1017 2
1017 61
4920 904
3987 5424
3918 0
3918 191
360 1814
4811 5440
5440 4811
3987 4811
3987 5440
3987 5383
4811 3987
5440 5383
5440 3987
5440 4171
3451 360
4171 5440
4290 5441
5441 4290
3987 2317
2317 3987
5441 5367
5262 2186
1730 3803
5402 4866
4866 5402
4866 5442
5442 4866
5250 5433
5433 5250
3803 1655
4384 61
4693 4418
4418 4693
3608 61
3987 3918
4171 3987
3526 5383
3526 4811
3526 5440
3987 3819
3987 5345
480 3428
1385 480
3803 3544
3544 3803
5402 4514
5250 5443
5443 5250
3428 480
4610 5250
5250 3428
3428 5250
1809 3365
4558 3742
3652 4162
4924 5442
5442 4924
4832 1655
4364 1730
1730 4364
3803 1730
5250 4610
1669 4334
4334 1669
3987 5444
5444 3987
5250 2754
5352 4171
4920 4290
1952 3503
5250 5445
5445 5250
3526 5446
360 24
5442 1831
1831 5442
3639 1692
3987 480
4992 4896
4992 4539
3745 4561
4561 3745
5174 3987
3987 5174
2729 5268
5268 2729
5268 5359
5344 5447
5447 5344
2729 2377
2377 2729
4171 5447
4171 5344
5382 3987
3987 5382
4171 4250
3629 3745
3745 3629
3896 5448
3896 3987
4693 3713
3713 4693
3713 5396
5396 3713
5396 3451
3706 1351
3706 3571
3706 2387
3706 3203
3987 3896
3713 5450
5450 3713
4124 4196
4196 4124
4314 4779
4779 4314
4216 5451
4693 2999
2999 4693
1957 34
279 4130
4130 279
279 1849
1564 904
5268 1952
1952 5268
1564 2211
2613 1212
2613 5452
4920 4610
4514 279
279 4514
1952 5453
3451 5402
5402 3451
1952 4265
904 5402
2044 5454
3987 4498
5402 4208
4208 5402
4866 4290
4290 4866
3987 5305
5402 904
3987 4124
4216 3503
5402 4607
4607 5402
5416 5455
3648 5402
5402 3648
4915 5456
5456 1849
0 1614
1614 0
5402 3713
4171 5395
4171 5102
5402 2062
360 1351
2062 5402
5402 4364
4364 5402
2302 5396
5396 2302
3713 5402
4204 5457
5457 4204
4204 3987
3987 3171
3171 3987
3918 3987
5457 3981
3571 4920
4920 3571
2066 5
4171 3379
2124 1382
2124 61
4196 3698
3698 4196
1017 2027
2124 4610
2124 4832
1730 3698
3698 1730
1436 34
1436 774
1436 1216
3451 3713
1017 2485
3987 5458
4920 3987
3987 4920
5402 5442
5442 5402
4648 5459
5459 4648
3648 4787
5402 5421
2933 5460
1333 1730
5027 4266
2641 2261
3713 3451
4290 5367
3896 4290
4290 3896
3987 5462
3987 5461
4290 3918
4610 5402
4610 4920
3896 1831
4610 2999
2999 4610
2485 1017
4648 4364
4364 4648
1317 5
4319 5258
5258 4319
3909 3987
4610 3987
3987 4610
3987 3909
5412 5410
3987 3780
3981 5457
4828 5078
5078 4828
4827 5078
5078 4827
1730 4303
4303 1730
5412 5463
3896 5402
5402 3896
3987 5464
3987 4204
3344 5465
5465 3344
3451 5465
5465 3451
4303 3836
3836 4303
1745 2027
987 5286
5286 987
5402 4610
2124 5466
34 5467
34 4641
3745 5402
5402 3745
4992 4948
3987 5254
3987 4303
4303 3987
3918 1895
3629 5027
5027 3629
5027 4196
3629 3987
3987 3629
360 3896
3896 360
