80 92
4171 3062
3062 4171
3039 2044
3039 3721
3039 269
3721 3039
3039 4171
2387 5648
3039 56
2624 3039
3987 2624
4384 5605
4384 5601
5629 4171
3721 1362
3706 3721
3039 5634
5634 3039
5064 5439
5402 5528
5528 5402
4607 3877
3877 4607
5605 5570
5481 3571
5605 1
3721 2164
539 4196
5676 5577
1351 5697
5611 4850
4850 5611
3987 5611
3987 5699
4617 2229
5524 1097
5679 5528
5528 5679
1734 3443
4384 3443
2933 4290
1763 2933
1351 134
5611 2062
3721 3892
2062 5611
34 5702
5555 5703
5703 5555
5634 2164
5634 5611
5611 3000
3000 5611
5611 5698
5698 5611
2164 1382
4290 1763
1763 4290
3039 2624
4514 3629
3629 4514
5459 3987
3987 5459
3902 5315
4859 5705
5611 4648
3987 4523
5634 3012
5699 3987
5699 34
5699 5611
5064 5704
3012 5634
5611 4936
3344 5528
2624 5315
5315 2624
5676 3721
5481 0
2124 3344
3987 2044
5507 3721
3902 4171
2933 5412
2066 3451
2066 5683
1351 3721
3639 5544
5509 3892
3892 5509
4531 3269
4517 4722
4722 4517
2140 2109
2109 2140
5412 2933
5412 5706
2933 5706
2164 5707
5707 2164
3344 2387
1351 1655
2164 3213
3464 904
3464 1655
1809 2016
3706 1655
3464 5634
4196 5540
5611 5708
2124 5708
5524 4518
5507 2497
5412 4648
1351 4648
3987 3721
5706 5412
5706 2933
2044 3987
5634 3987
4648 5608
4648 3344
4290 3344
3987 5706
3597 5528
5528 3597
1745 1564
5706 3987
1745 24
4498 4171
1745 5709
5709 1745
34 5710
2933 5711
3428 5711
3639 5712
1763 5711
4648 4290
5611 5528
4648 5308
480 3648
3648 480
3902 5611
5611 3902
2821 5316
1763 3902
3827 3902
1564 1745
3412 5611
3412 2044
5611 3412
5642 5507
4384 1097
5611 2044
2044 3412
2044 5611
5634 3902
3902 5634
5611 5713
5713 5611
5714 5611
5714 5528
5611 5714
5528 5714
5362 5714
5714 5362
5064 544
5064 1351
3706 3639
5064 5481
3639 4859
3597 4064
4520 414
4648 3721
56 4171
56 1809
2251 2942
2523 3639
3721 2523
4648 56
2523 3721
2523 4290
2523 1844
2523 1184
2523 1330
2523 134
2523 5
2523 2617
2523 2963
2523 3098
2523 2305
2523 2664
2523 534
2523 855
2523 1017
2523 1382
4290 2523
5611 4290
4290 5611
4552 5611
5611 4552
4722 4610
2387 3803
5432 34
3428 5611
5611 3428
4510 3426
3426 4510
414 4520
4314 5700
3721 5258
3987 5315
5716 34
2124 4722
2941 4171
5700 4314
2164 5717
12 5717
3721 5718
5718 5226
5718 5634
5634 5718
4290 4648
1362 904
3706 2821
56 904
3987 5
3987 0
3987 3526
2387 904
1511 3571
1511 5449
1511 5064
1511 5481
1511 544
1511 4859
5524 2523
3987 2295
3987 5211
3987 4074
3987 5248
3721 3902
3987 2066
5611 4171
5611 1763
1763 4171
2017 5412
5660 5481
5654 5719
5660 1351
5660 3706
3316 4290
5611 3718
3718 5611
1351 1184
2821 22
3987 3743
3987 1351
3987 2016
5507 5720
3836 4171
544 1153
2523 5524
2523 1351
4171 3836
4196 3000
3000 4196
1556 5721
5721 1556
1017 4290
4364 4171
3721 3743
5540 5722
5722 5540
4196 103
1763 5611
3987 2229
4290 1017
3987 3451
3451 3987
4866 3987
1351 4924
3987 191
5611 5723
3721 1528
5723 5611
3721 4648
4920 0
4648 4418
4418 4648
3803 4196
5505 2232
5505 4924
5505 3877
5505 5612
5505 3469
5611 5724
5724 5611
5315 5725
5725 5315
4924 1351
3987 4866
1351 5654
5654 1351
3987 3803
4866 5226
5226 4866
5718 5728
4364 3428
3428 4364
5728 5729
5729 5728
5728 5730
5730 5728
5728 5731
5731 5728
3987 5718
3987 5729
3987 5731
3987 5730
3987 5728
3987 5732
5728 3987
5732 3987
5732 3721
5732 5226
3918 5732
3918 5731
3918 5730
3918 5729
3987 549
1511 5316
4171 5732
4171 5728
4171 5731
4171 5730
4171 5729
4171 5718
549 3987
3721 2387
2193 5481
2193 1845
2193 1351
2193 2426
2193 3934
2193 3706
2193 2053
3721 1
2193 4384
3721 1315
3987 4552
4552 3987
5519 1351
1017 5528
5528 1017
5528 4514
4514 5528
3721 5735
5735 3721
4171 5735
4171 3721
4171 5736
4648 4171
4384 5439
4384 22
4384 28
4384 1184
4384 545
2302 5412
5412 2302
1511 3765
3765 1511
5555 5737
3412 1809
5737 5555
5737 1200
1511 5439
5539 4859
4171 5595
2193 5577
2193 2933
2193 5124
3721 2193
2193 3721
5738 5577
1470 3344
2933 5685
1351 3863
3706 3863
3721 3863
3721 5524
5226 5739
5739 5226
3987 2941
2941 3987
3706 2193
3918 5608
2044 5608
4171 5608
4171 5445
4171 5254
1745 5412
4920 4648
4648 4920
2821 5740
4171 5741
3648 5528
5528 3648
