16 80
34 5947
5947 34
3450 4648
4648 5844
4648 3450
4204 1351
5927 34
34 5927
50 5226
5226 50
4648 5522
3526 4315
1696 5946
5946 1696
4204 5949
4204 3706
5524 2821
5949 5950
5950 4204
5950 5949
4204 5950
5950 5948
4204 5899
4996 4932
5953 5949
5927 5226
5226 5927
3608 114
4648 103
5949 4204
5949 5953
5448 2066
2066 4204
4204 5649
4204 5954
4204 5226
5226 4204
5954 5649
5954 5941
5947 50
5448 1809
5954 2
5954 0
5226 5956
5956 5226
4204 2066
4204 5951
5954 5457
5954 5957
5957 5954
5948 5950
5954 5942
5948 5958
4204 5957
5957 4204
5954 4204
5958 5948
5942 5954
5942 5957
5957 5942
5942 5457
360 5145
5145 360
4171 2062
2551 4171
5027 1809
3780 5960
5960 3780
32 4290
4290 32
5610 2066
2387 5448
5448 2387
3062 5610
5610 3062
5610 5226
5226 5610
5610 2387
2251 4162
1638 4162
5226 1849
1315 2066
2066 4162
2066 1315
4162 2066
5027 2044
3827 40
3902 1809
1809 5610
2066 5610
4162 5610
3062 2044
2044 3062
4204 5961
2044 5962
5962 2044
5961 4204
3428 3827
3827 3428
2066 5448
40 3827
34 5952
34 5963
5412 1763
1763 5412
5941 5649
4920 4196
4196 4920
50 5920
5920 50
5590 4920
4920 5590
5590 5920
5920 5590
3877 2230
3450 2230
4498 4196
4196 4498
