141 1
4924 4212
3987 4787
3987 3428
5635 3428
3987 5635
3428 5635
4100 4195
4195 4100
5635 3987
5635 5611
5622 5612
5635 0
5635 5637
1351 5612
3987 5638
3987 5637
3987 5639
5635 5640
5635 5639
1395 4290
4290 1395
3827 2933
2044 2962
3987 2933
2657 1382
2657 2027
2657 61
4859 5515
5507 3706
4299 1527
3827 5629
3987 4648
2821 534
2044 4135
5611 5635
3987 1777
5439 5642
5633 3639
3639 5612
5439 5643
3706 5568
2044 2043
1638 2043
2933 5507
5507 2933
3987 1831
3987 3827
3987 1315
3987 3836
3987 2387
3721 5644
3987 360
4866 5315
4171 32
2428 1763
1763 2428
5611 3580
3580 5611
5064 5612
5611 5581
5581 5611
1809 3599
5362 2055
2055 5362
2044 2497
5477 5645
3428 2834
2834 3428
1734 4723
4196 5477
1351 5064
3827 5631
5631 3827
5631 2624
2624 5631
3987 56
5647 3259
5611 480
5611 3012
3012 5611
2124 5595
4924 5648
5648 4924
5649 4204
5646 3580
5639 5646
3987 1333
3987 4290
4384 3864
3987 4135
3987 2641
2327 2027
2327 2213
3428 5648
34 4135
34 5651
34 5652
4859 5653
5648 3428
5648 2387
544 5612
4196 5654
5654 4196
2109 5595
5595 2109
3039 5595
3428 3039
5595 3039
3039 3428
5630 5595
5595 5655
5655 5595
5595 5656
5656 5595
5657 5646
5657 5648
5648 5657
2834 4364
4364 2834
5646 5657
3987 4364
4384 3706
3987 1801
5618 5658
3580 5646
4196 5595
3987 2164
5481 1734
1734 5481
5481 5601
5481 5612
5295 3039
3039 5295
3039 2011
2011 3039
3639 5653
4196 31
4196 539
4384 2003
539 5226
5226 539
5226 5659
539 4290
4290 539
3706 5449
5449 3706
5449 5507
5507 5449
5540 4866
4866 5540
4290 1351
3469 5660
3877 5439
5507 5352
5352 5507
3721 5661
5295 4196
4196 5295
5630 5662
5662 5630
31 4196
3721 4920
3827 5608
5608 3827
2396 5663
5663 2396
4196 3344
5630 5664
5664 5630
5664 5665
3803 5666
5540 5590
5540 4364
5590 5540
5590 4364
5666 3803
5666 2387
5611 5315
5315 5611
5666 3827
3827 5666
3639 5611
3803 4290
4290 3803
480 1990
4315 3505
5665 5664
3505 4315
5630 5667
5667 5630
5630 5668
5668 5630
2395 5630
5258 4196
4196 5258
5653 3426
3580 5528
3706 5660
5653 134
5653 480
1730 5595
5528 5315
3428 3426
3426 3428
3426 5528
5613 3721
5528 3426
5653 5211
4364 3987
5611 2933
3721 5613
3877 5669
3987 3877
3987 1952
3571 5449
5449 3571
3571 0
4451 1990
5669 3877
4648 4451
4451 4648
3803 5441
5528 3580
5653 5315
562 644
5590 5671
5671 5590
3827 5672
5672 3827
3608 5673
4384 5674
5673 3608
5653 2933
4364 5653
5524 5653
1351 5675
5673 5528
5528 5673
5653 158
5653 191
5611 5564
5564 5611
214 2335
4617 4314
2335 214
4314 4617
4314 4307
4290 5315
3877 4364
4364 3877
4364 3836
3836 4364
4196 4517
4517 4196
5481 5514
5595 5315
4196 2335
2335 4196
5315 3039
2124 3428
4498 5677
5677 4498
1351 5481
5648 5678
5481 1351
4171 2044
2044 4171
5528 5352
3987 4881
3987 5412
4881 3987
5352 5528
3344 5611
5611 3344
2044 3486
2395 5174
3987 5679
5679 3987
5611 4866
4866 5611
1730 3896
3639 5554
3896 5611
4923 34
4866 4196
2124 3316
4290 5681
5681 4290
134 3443
3629 2941
5611 3896
5538 5682
3987 4558
3987 4171
2164 2430
2430 2164
2164 1751
5634 2624
5611 5684
5684 5611
3639 5064
3428 5569
3987 12
12 3987
3412 5685
2933 1990
5412 1990
5634 5686
5686 5634
5540 3039
3039 5540
2124 4514
5648 2933
5611 3597
5611 5641
3597 5611
5641 5611
3918 5607
4859 5687
2999 4196
2624 2999
2999 2624
4196 5688
5688 4196
3896 2624
2624 3896
5648 5690
5690 5648
1351 855
5688 5078
5078 5688
5634 4531
4531 5634
5634 4171
5590 4171
3827 2834
2834 3827
3827 5691
5666 2933
5174 5528
5528 5174
5666 2918
5174 3721
5691 3827
5666 480
4290 2933
2624 31
31 2624
3721 3706
5666 3721
2124 3464
3803 3428
5611 5693
5693 5611
4360 34
5666 5315
5315 5666
5611 5226
2044 3039
4171 3902
5226 5611
5694 3721
3987 5250
5686 2166
3721 5694
3987 3902
3428 3803
4208 2164
2164 4208
