40 173
1200 1333
1333 1200
1347 1457
1457 1347
663 1333
34 1458
34 1459
1216 549
549 1216
881 1437
881 1347
1347 881
1333 1216
1216 1333
1216 1457
1457 1216
1017 881
1344 1405
1405 1344
572 1460
1460 572
1216 904
40 1383
1383 40
1457 1405
1200 271
1216 1353
1216 1299
1299 1216
1461 1216
1385 545
1463 1438
1438 1463
1367 591
591 1367
640 1460
1353 1464
1353 1216
1251 1465
1465 1251
1367 1466
1466 1367
1395 1399
1460 640
1200 1450
1450 1200
1093 1399
1399 1093
1399 1395
1395 1467
1467 1395
1382 1446
1446 1382
1395 448
1395 1469
1469 1395
1395 1470
1470 1395
1316 1395
539 271
1457 1471
103 1463
103 534
1471 1457
1333 1472
1472 1333
1367 1333
34 1473
416 1474
1473 34
1333 704
1197 1289
1289 1197
1184 1316
203 1475
1475 203
271 704
704 271
1467 1476
1476 1467
40 1376
1376 40
34 1462
1462 34
34 1477
1161 881
1477 34
1477 111
565 545
545 565
565 1476
920 591
591 920
545 1478
1478 545
1476 565
1333 1479
1479 1333
591 1316
1316 591
185 1375
709 881
1464 1353
565 1216
1216 565
1216 1251
1251 1216
1216 1480
1480 1216
1347 1481
1481 1347
1375 185
591 148
148 860
148 591
1216 704
704 1216
704 34
34 704
248 1476
1476 248
1385 1478
34 1481
1481 34
1478 1385
34 1482
34 1483
1385 1456
1382 40
881 1382
1367 1200
1367 1161
1405 1457
183 16
279 386
386 279
1482 34
34 822
822 34
1405 822
822 1405
1316 1352
1352 1316
308 1367
279 904
904 279
34 279
279 34
6 464
464 6
539 1161
539 0
539 1485
1385 1487
1487 1385
1485 539
545 352
352 545
40 776
1216 776
776 1216
1216 1485
1485 1216
34 1485
1485 34
1456 1385
1161 1385
279 1216
1216 279
1472 1036
279 6
1216 522
6 279
522 1216
438 1488
279 1472
1472 279
279 1489
1489 279
279 1490
1490 279
5 279
279 5
279 1446
1446 279
1485 522
522 1485
1395 1476
34 1287
279 1492
1492 279
1395 1374
1287 34
1385 1378
1472 128
539 1472
1472 539
1437 545
40 1216
1216 40
1382 1221
1221 1382
1200 1367
1485 1385
1385 1485
1316 1493
1493 1316
1437 522
1463 279
279 1463
40 1476
1476 40
545 1437
1437 881
1489 40
40 1489
34 1436
1216 1441
1491 1216
1441 1216
1476 1494
634 1476
1494 1476
1385 1403
521 756
1495 544
1476 1395
1395 1200
1200 1395
1395 128
34 1496
34 1497
1483 34
308 1385
1161 1367
464 1385
1385 464
40 1499
1499 40
1499 822
822 1499
822 1347
1347 822
1351 822
822 1351
539 1486
87 1500
1486 539
1472 1367
1385 1027
1027 1385
1374 1395
1385 1501
1501 1385
774 544
774 1502
774 1461
1382 1486
1461 774
34 1504
1472 544
1301 545
1498 1505
1505 1498
1505 34
1463 1385
1463 1382
