14 166
3232 3196
3238 3243
3243 3238
2027 3031
1898 3061
1946 2834
2834 1946
3061 1898
1017 3244
3244 1017
3222 3245
1692 544
2027 2762
2523 1619
2762 2027
2484 3247
3017 3248
3017 3247
2362 3017
3017 2362
3247 2484
2928 2027
3118 2834
2027 2928
2834 3118
1564 3238
3238 1564
3189 1216
2834 1564
2834 2396
1564 2834
2396 2834
3247 3017
1952 3206
3206 1952
534 1365
2933 3218
1619 3118
3118 1619
3232 24
3118 3249
3249 3118
3118 3232
3232 3118
2027 2177
2177 2027
2157 1564
1564 2157
1904 1898
1898 1904
2387 2483
2027 3197
1017 3250
3250 1017
3250 1351
1365 534
3250 534
3251 3238
3238 3251
2295 1730
1831 3238
3238 1831
3171 3238
1730 2724
2295 3252
3252 2295
3197 2762
1395 56
2048 3253
3253 2048
2027 3171
3171 2027
2248 1809
1809 2248
1809 3254
3254 1809
3128 2418
3128 708
3128 2778
3128 1742
3049 2641
3017 3084
1952 3209
1527 1351
3118 1411
1411 3118
3196 2436
2436 3196
3230 3044
545 3098
3238 3171
3098 545
2724 3238
3224 1831
1831 3224
1395 1527
3257 480
1017 2066
2066 229
2027 5
5 549
549 5
5 1330
5 2641
3160 2124
3192 3258
34 3226
2634 3259
2634 3260
3260 2634
1270 2822
3260 3259
3004 2641
2866 3259
1270 3192
3245 3222
2027 2687
2724 2657
2027 2497
2657 2724
3196 3245
3245 3196
1805 2027
2027 1805
544 3261
3222 2177
3224 1017
1017 3224
1692 1395
2876 134
1270 2624
1017 3232
3232 1017
3238 3262
3262 3238
3194 2027
1809 1257
3238 3263
1257 1809
3263 3238
3194 1527
134 2876
3238 2724
2187 2118
2027 2779
2779 2027
1809 1966
1966 1692
3184 2641
3147 3098
2387 1402
2418 3085
2418 3259
2157 24
1402 3597
1402 2387
1402 904
1402 539
1402 56
56 1402
1362 1920
2897 769
2387 3264
3264 2387
2186 1809
2463 2464
34 3265
3194 3266
3266 3194
3266 2312
3145 2657
2657 3145
2387 2441
2441 2387
1809 2186
3218 2933
3268 3238
3238 3268
2175 3238
3238 2175
2265 1756
1395 728
1395 1655
1395 177
1395 1614
1395 103
1395 1692
3238 2124
1395 1097
3238 3267
2724 2418
1017 2724
2418 3269
3269 2418
3238 3270
3270 3238
2641 3238
3238 2641
3269 3238
3238 3269
3196 3238
2295 3196
881 3196
3196 2641
1362 3236
2646 3046
3046 2646
2983 2124
40 3273
3273 40
2027 3274
3274 2027
3268 34
1017 2957
2957 1017
2641 3184
2265 2089
1809 2089
2933 2089
3268 3272
2820 2027
2027 2820
1831 3275
3275 2641
2641 3275
3275 1831
2986 2641
2641 2986
1952 3041
3041 1952
3272 3258
3258 3272
2295 2986
2641 3276
3276 2641
3238 3196
1921 2634
2295 3194
3194 2295
3112 34
3112 2774
414 3278
3278 414
1799 2779
2779 1799
1799 40
40 1799
1799 1564
1564 1799
2912 3017
1799 1270
1270 1799
1809 3196
3134 3128
2387 3128
3071 1952
1952 3071
1333 3272
3272 1333
3017 3279
3279 3017
3272 2501
2501 3272
2117 3280
2724 3218
3280 2117
3218 2724
3272 3245
3245 3272
3245 2641
2641 3245
3160 2941
2941 3160
3184 2779
2779 3184
3281 2779
34 3282
34 3283
34 3269
40 3284
3118 3235
3235 3118
3118 2177
2177 3118
3017 3285
3258 3286
3286 3258
3272 1527
2641 1980
3284 40
3272 3194
2027 3061
3272 2641
2641 3272
1294 1270
1270 1294
2265 3061
3253 2295
2295 3253
1017 2290
2897 3272
2897 2295
2027 3288
3288 2027
2807 303
34 3268
3273 34
34 3273
2609 3118
3118 2609
2960 2624
2646 3289
3289 2646
2641 3290
2641 2724
2724 2641
2523 22
3272 2897
2724 1017
2418 2724
2779 2641
2641 2779
2027 3291
2641 3291
3291 2641
1527 1845
3272 2660
1402 3272
1362 3272
3194 3272
170 1395
1395 170
3272 2387
3272 2295
3272 1402
3272 1362
2657 1395
2387 3272
1395 2657
2660 3272
3085 3259
1915 3112
1809 56
2484 3293
2295 2897
2295 1402
2295 2387
2295 1362
1017 3294
3294 3295
3294 1017
2027 3292
2732 3292
2535 2657
34 435
1017 2044
1554 2387
2387 1554
2027 3218
3218 2027
2044 1017
3195 2535
2027 3184
3184 2027
2641 3296
3296 2641
3296 1898
2027 40
40 2027
1898 3296
2295 3272
1017 2779
2779 1017
1017 2333
3253 2709
2709 3253
2709 3297
3297 2709
1017 3184
3184 1017
2933 1583
2109 3298
3298 2109
2641 1970
1583 2933
2069 3300
1970 2641
3300 2069
3012 229
2387 2779
3090 1952
1952 3090
2175 2387
2387 56
3201 1809
1809 3201
2295 2062
2062 2295
1294 2641
2641 1294
3232 3302
3302 3232
34 3303
34 3304
2641 3305
3305 2641
2265 3258
1809 3306
3218 3307
3307 3218
2124 3308
3308 2124
3308 273
728 2641
2641 728
3303 34
3098 2187
2429 2387
2387 2429
2941 2724
2295 2261
2261 2295
2641 40
40 2641
273 3308
255 1692
2641 3311
12 3028
2724 1945
1945 2724
2724 2295
2779 2986
2779 2387
1952 2914
2914 1952
2232 3312
3309 3259
2634 3309
3193 1017
1564 2265
3309 2634
3145 3098
3098 3145
3098 534
2118 2187
2486 2641
2295 2391
2391 2295
2641 2391
2391 2641
3118 728
728 3118
3192 3313
3112 1915
3248 3017
3031 2027
2027 1730
3256 1270
1270 3256
1270 3313
3313 1270
3313 731
2265 3313
3313 134
3313 1809
3313 1838
3313 1362
731 3313
1809 3313
3229 3313
2265 3192
3256 3294
3294 3256
3312 2232
1270 3303
3303 1270
3218 2295
2295 3218
1270 3295
3295 1270
2724 3160
1809 2968
2968 1809
3308 3218
3314 2044
2044 3314
3314 2387
2646 1952
40 3315
3315 40
2641 3012
1333 1316
2941 1809
1809 3316
3316 1809
1362 2897
1952 2897
2261 2834
2261 3207
3207 2261
2834 2261
2044 3317
3317 3318
3318 3317
2377 3319
3319 2377
2641 3315
3315 2641
2124 3320
1839 2535
3232 2324
2324 3232
2902 3321
3321 2902
2724 2200
2200 2724
2724 1831
3112 2027
2027 3112
2324 2724
2724 1801
3597 1801
1801 3597
2646 3322
3322 2646
3218 3308
2951 1952
1952 2951
34 3323
34 3324
2124 3326
3326 2124
3326 1809
3213 34
2724 3325
3325 2724
3154 34
3154 1614
2879 2124
2724 2646
3218 1742
3320 2124
34 3208
3012 1017
1017 3315
3315 229
362 1365
307 2109
2109 307
307 2387
2387 307
3207 490
3315 3328
3012 2027
3328 3315
2724 3236
3236 2724
3325 3330
3325 3298
3085 3331
3286 3332
3071 2634
34 3333
3334 2027
2027 3334
2027 3335
3335 2027
2124 3112
2866 2646
2295 3315
3315 2295
1809 3336
3336 1809
3264 2027
2027 3264
2724 1564
1564 2724
1017 3337
3337 229
3337 1017
3141 2387
2387 3141
2317 3325
3325 2317
3330 3325
3112 2124
2027 2709
2709 2027
1614 3339
2027 2960
2960 2027
3202 2641
1734 2579
2641 3340
2894 1952
1952 2857
2857 1952
2290 1017
1351 904
214 904
1809 3341
40 2387
2387 40
56 32
32 56
2027 3342
3342 2027
1839 3325
3325 1839
3332 2027
2436 3343
3343 2436
3112 3325
3325 3112
3339 1614
1564 3325
3325 1564
3344 855
2641 3202
1692 904
3333 34
855 3344
1814 2860
3334 24
1801 3028
2962 2124
3345 3112
2124 2962
2124 3345
3345 2124
2657 3065
2657 2502
2657 2961
2657 2016
2387 3325
3325 2387
2232 414
3028 1801
2821 1801
2821 1952
2265 3332
2265 3286
3236 3332
3028 3332
3171 3332
3325 2265
3086 3340
3112 3346
3346 3345
3346 3112
2641 3347
3347 2641
2265 3348
3348 2265
3098 1270
1270 3098
2902 3350
3350 2902
2332 3102
2387 2261
2261 2387
2377 3259
2634 2377
2579 1734
2579 1351
3344 1655
1317 1655
3344 1317
3206 3319
3347 2027
2027 3347
3319 3206
2641 3351
3351 2641
2295 3352
2124 3353
3139 3035
2265 2295
1017 3354
2124 12
539 1326
3015 3356
3017 3356
1362 2724
2069 3105
1527 1528
1527 3357
1527 3272
1527 2298
1527 3194
1527 1395
3357 1527
35 491
1763 3358
3358 1763
1742 3359
3254 2436
2436 3254
3316 3360
3360 3316
34 3361
34 3362
34 3363
56 2387
3359 1742
2027 2387
3340 3360
3360 3340
3105 2069
2295 3340
480 3340
2124 3364
3141 2641
3364 2124
1809 1017
3354 1017
2824 2634
2824 3085
2824 3017
2824 2418
1952 3352
3352 1952
3208 34
2377 1831
2941 3218
3218 2941
1017 3365
3285 3017
1333 3365
3365 1333
3367 2641
2069 3141
3032 2634
3032 3259
16 1276
2243 3368
3368 2243
3360 3370
3360 3371
1809 1718
1718 1809
2265 3372
3365 1017
2027 1770
1564 1770
3194 3365
3365 3194
3373 3365
2280 1614
2280 2079
3017 3046
3046 3017
2484 3362
3362 2484
2333 1017
2387 2175
2535 1839
3295 3315
3315 3295
2657 3374
1333 3372
3315 2564
2564 3315
1333 2305
2305 1333
3315 3235
3235 3315
3235 2641
3273 2641
2265 3325
2295 3325
3263 3365
3365 3263
3308 229
3295 34
1216 3376
3332 3377
3286 3377
2965 3017
2914 3259
3331 3085
3365 1839
1839 3365
3353 2124
2265 3377
2896 2972
1017 3373
3373 1017
2027 1333
2124 2879
2254 3378
2641 3379
3379 2641
1809 3378
3378 1809
2641 3381
3369 2641
2641 3369
3381 2641
2657 1153
2295 3053
3053 2295
3351 2660
3351 3382
3348 3365
3249 3365
3365 3249
3365 3348
3380 1849
2660 3351
3380 3383
2761 1385
1385 2761
3235 34
1884 1017
34 3235
1017 1884
3377 2265
3377 2027
3377 3365
3377 2387
2066 3377
2387 3377
3365 3377
2027 3377
2027 3332
2027 3286
3327 3312
2387 3332
2933 3085
1849 2124
2124 1849
1849 1763
1763 1849
1051 1382
2295 1382
2641 3235
1564 1839
1839 1564
1831 2327
2327 1831
2117 3376
1395 855
1333 3375
3385 1395
1333 3061
3312 3327
2265 3236
3236 2265
2957 2124
1051 2641
1801 1889
1952 1889
2327 1017
1017 2327
3098 3365
3098 214
3249 24
1051 2027
2027 1051
728 904
904 728
2641 1051
1017 3197
2641 3386
3386 2641
3160 3387
3387 3160
3160 2295
1395 3297
3297 1395
1692 2579
3194 2641
2641 3194
2641 3373
2641 2766
2766 2641
2483 2387
2027 3389
