106 95
242 59
59 251
251 59
252 94
142 6
6 142
0 233
233 0
250 244
244 250
59 87
87 59
87 103
103 87
59 254
254 59
28 250
165 6
250 28
250 59
250 0
250 201
0 250
163 162
205 255
255 205
59 256
5 257
257 5
63 218
257 258
258 257
0 259
6 259
0 260
260 0
201 157
255 152
201 239
239 201
243 112
243 113
206 261
261 206
22 262
59 263
59 264
264 59
148 265
265 148
34 266
266 34
201 140
140 201
5 267
265 59
228 214
214 228
140 40
241 140
140 241
214 220
267 5
220 214
220 268
268 220
268 2
40 140
59 268
152 6
248 166
220 170
0 108
201 229
170 220
170 234
234 170
63 6
176 0
59 76
148 24
0 270
270 0
220 271
271 220
201 152
59 260
260 59
59 272
22 230
6 242
229 201
143 77
143 152
268 6
6 268
0 273
273 0
140 0
0 140
140 272
140 274
59 275
275 59
140 255
269 276
255 140
276 269
201 126
166 248
274 140
220 201
201 220
220 63
205 220
220 205
272 59
59 278
218 63
218 108
218 20
278 59
201 277
277 201
205 28
28 205
279 280
205 281
241 273
281 205
282 283
6 239
6 284
201 285
285 201
255 286
286 255
201 287
287 201
256 264
256 241
256 103
256 59
201 133
133 201
36 218
218 36
289 214
214 289
283 282
244 290
290 244
291 201
216 148
148 216
223 256
223 59
223 143
143 223
223 170
170 223
134 292
20 59
198 103
6 293
293 6
292 203
203 292
230 27
273 294
294 273
201 291
248 63
229 100
0 295
63 248
228 296
296 228
3 281
281 3
297 298
298 297
256 28
270 201
201 270
271 6
6 271
36 300
300 36
59 298
298 59
28 301
134 302
302 134
63 300
300 63
213 59
28 303
303 28
6 253
253 6
16 253
6 134
283 20
281 304
304 281
281 305
305 281
59 228
228 59
143 281
281 143
205 306
38 307
306 205
0 179
179 0
234 19
28 197
197 28
197 59
28 273
279 28
273 28
28 279
201 205
205 201
273 203
203 273
203 185
185 203
6 265
59 222
256 278
14 166
166 14
170 308
308 170
309 281
256 273
27 230
201 203
203 201
20 307
0 310
310 0
0 311
311 0
59 311
311 59
205 272
272 205
303 92
92 303
92 61
311 220
20 92
92 20
6 313
256 313
6 248
313 256
273 107
253 16
40 232
44 312
44 314
59 201
63 315
315 63
315 273
63 316
316 63
44 317
317 44
318 283
75 109
256 274
311 61
61 311
312 44
283 318
319 59
239 6
213 220
220 213
107 6
6 107
201 321
321 201
313 6
248 322
322 248
214 323
6 218
218 6
6 227
227 6
323 214
61 303
303 61
61 324
61 201
201 61
6 325
325 6
61 284
284 61
56 6
320 273
273 320
273 326
326 273
28 327
327 28
321 328
328 321
198 218
312 134
320 201
201 320
238 27
6 295
256 333
256 337
320 344
344 320
344 345
201 288
288 201
28 346
28 185
185 28
295 6
307 38
307 20
307 0
213 201
201 213
100 314
256 267
248 348
348 248
256 282
339 59
256 335
34 250
250 34
238 218
218 238
265 349
349 265
6 3
59 339
59 20
323 203
345 344
320 214
214 320
61 292
292 61
201 6
201 250
351 3
6 201
352 143
143 352
6 353
353 6
63 352
140 284
349 352
352 349
134 354
354 134
201 355
355 201
309 6
40 356
284 140
323 201
201 323
303 0
352 303
303 352
256 358
256 20
345 256
203 323
59 253
338 59
0 138
138 201
201 138
138 0
218 358
358 256
256 243
358 59
269 134
134 269
36 92
284 359
284 6
6 133
287 306
201 3
323 0
0 323
143 365
248 366
366 248
6 367
367 6
253 59
38 297
297 38
324 61
357 6
357 201
201 357
227 292
248 61
61 248
355 369
369 355
248 370
370 248
355 0
0 355
371 256
40 256
371 40
40 371
292 295
201 362
362 201
256 294
40 264
264 40
6 141
148 16
16 148
16 374
16 6
28 61
61 28
32 324
324 32
338 256
201 376
376 201
32 201
201 32
40 200
373 34
256 283
365 345
345 365
365 143
214 377
377 214
321 378
378 321
371 379
379 371
5 218
218 5
218 374
272 140
284 59
59 284
359 284
308 381
381 308
247 382
382 247
177 383
383 177
371 384
384 371
133 6
385 347
347 385
352 385
385 352
385 386
386 385
382 338
338 382
147 387
379 185
185 379
345 170
142 379
379 142
133 388
388 133
133 389
389 133
389 390
390 389
256 391
3 201
3 124
124 3
329 6
142 350
350 142
392 6
392 341
341 392
6 392
341 394
265 232
76 395
395 76
356 265
248 392
356 346
392 248
256 396
76 19
76 307
6 158
155 352
352 155
345 398
3 18
398 345
346 201
256 399
399 256
56 400
400 56
400 401
401 400
170 345
392 386
386 392
392 346
346 392
79 402
402 79
287 403
403 287
214 287
287 214
400 229
229 400
346 404
404 346
344 6
6 344
234 347
347 234
234 405
405 234
63 406
392 407
407 392
3 1
154 6
6 154
197 229
292 6
352 408
408 352
409 197
409 6
409 319
409 200
311 408
408 311
197 329
329 197
197 410
410 197
256 176
197 411
411 197
197 1
1 197
319 409
297 411
411 297
256 413
256 414
413 59
201 346
0 50
411 391
0 383
383 0
391 411
238 36
36 238
6 417
395 391
417 6
391 395
0 398
398 0
417 103
148 63
103 417
256 339
235 151
319 141
141 319
355 103
103 355
214 403
403 214
258 218
218 258
299 63
63 299
269 420
420 269
404 422
422 404
256 371
332 256
386 400
400 386
329 79
79 329
256 340
103 426
426 103
352 201
201 352
143 6
6 143
349 346
255 427
427 255
142 34
282 427
349 76
76 255
255 76
427 282
76 349
6 428
428 6
76 124
124 76
255 401
401 255
370 34
346 349
256 331
393 429
256 338
365 409
365 431
431 409
422 420
420 422
238 14
385 376
382 422
422 382
422 386
386 422
269 6
352 432
432 352
256 296
214 433
44 434
434 44
432 420
420 432
285 79
79 285
403 165
165 403
404 432
432 404
432 403
403 432
6 292
6 409
256 321
197 287
177 180
432 435
435 432
287 197
180 177
201 300
429 393
300 201
392 202
202 392
300 436
436 300
0 437
437 0
433 214
6 269
14 296
202 438
438 202
403 50
403 307
307 403
438 183
256 104
440 59
0 441
319 442
441 0
439 443
442 319
443 439
179 444
444 179
256 309
442 409
398 407
407 398
324 352
352 324
297 445
445 297
0 143
143 0
213 442
256 308
442 213
377 202
351 295
218 0
218 445
6 364
364 6
445 218
309 24
362 24
0 218
435 447
447 435
201 309
6 448
448 6
309 201
0 46
256 430
396 277
396 61
396 2
396 256
319 0
0 319
303 321
321 303
296 14
321 34
362 449
449 362
253 295
202 377
205 197
197 284
284 197
50 450
450 50
450 451
451 450
50 452
50 0
383 50
452 50
452 453
256 40
197 454
442 455
34 321
34 142
34 373
34 352
197 456
456 197
197 420
420 197
197 415
352 197
197 352
415 197
345 457
457 345
442 458
455 442
458 442
458 377
374 459
459 374
459 6
459 234
459 438
437 463
463 437
407 464
404 255
255 404
3 465
464 407
426 440
440 426
407 143
143 407
465 3
440 344
344 440
466 20
20 466
466 467
466 462
0 463
6 459
407 468
463 0
34 463
467 133
133 467
468 407
462 466
462 467
467 462
431 273
462 461
461 462
407 469
469 407
463 34
44 61
256 311
422 467
467 422
467 466
50 403
50 383
411 470
470 411
349 471
201 440
440 201
0 430
430 0
471 349
6 472
426 466
472 6
256 368
462 424
424 462
234 454
454 234
256 416
458 474
400 475
247 196
400 382
382 400
467 385
385 467
248 6
256 263
404 476
255 468
468 255
405 256
424 477
392 404
404 392
477 424
423 6
6 423
392 478
478 392
408 147
147 408
256 375
256 372
476 404
478 476
476 478
256 268
256 419
143 400
434 479
479 434
321 478
478 321
400 143
397 345
223 461
345 397
