0 295
2942 2027
1628 1718
3064 3059
1952 3069
1952 3068
3069 1952
2415 1952
1952 2415
2044 2879
2879 2044
2879 2687
2687 2879
1952 2894
1898 3072
2641 2387
2641 1952
1952 2641
1952 3074
3074 1952
2962 2641
2641 2962
1952 2729
1952 2387
2724 2962
2687 2724
5 2027
2709 1898
5 1362
5 9
5 0
1898 2709
3066 2774
3066 34
2268 1785
2265 3058
2265 3026
2879 2109
2879 2947
1385 2879
2834 2762
1385 1200
2387 2109
2109 2387
2657 1876
2657 1317
1809 2875
2387 2947
2875 1809
2327 3075
3075 2327
2387 3070
2896 3075
3075 2896
2657 12
360 3024
3043 2387
2387 3043
2124 2678
2678 2124
40 3597
3597 40
2079 2280
1614 2232
2232 1614
3068 1952
1952 2377
2377 1952
2710 2969
34 148
148 34
148 1614
1614 148
2834 2175
2762 2834
3017 3076
2962 34
34 2962
2646 2634
2999 2976
2976 2999
3044 3077
3077 3044
1333 2251
2251 1333
2762 2687
2687 2732
2687 311
2387 24
3044 24
1831 2732
2732 1831
2387 1814
2641 3079
3079 2641
3080 3017
1614 34
1614 1216
3017 3081
3081 3017
1751 2884
2884 1751
1751 1584
3044 2860
2860 3044
1952 3082
3082 1952
1952 3010
1952 3032
3032 1952
1952 2827
2827 1952
1952 3083
3083 1952
1809 2691
2200 3055
3055 2200
1952 3084
3084 1952
1952 3085
3085 1952
3085 2634
2634 3085
1724 3086
1952 3087
3087 1952
545 3086
3044 3088
3088 3044
2729 1952
2641 2875
2875 2641
99 3086
2879 1316
1674 1980
1980 1674
1564 1385
1564 1655
1809 3089
3089 1809
2387 2641
1898 2942
2942 1898
2634 2889
2962 1952
1952 2962
1809 2401
2779 1333
2401 1809
1017 1911
1911 1017
103 1017
1017 103
2942 2724
1809 3043
3043 1809
2646 3001
3001 2646
2794 2687
34 3066
1650 2377
241 2774
2175 2641
2641 2175
2044 2175
34 2562
2641 1831
3091 2895
3597 3044
3044 3597
1952 3092
2333 2641
2641 2333
2641 2941
1362 2991
2265 2777
2265 2886
2265 2814
187 2641
2641 187
2641 2943
1952 3093
1730 1966
1966 1730
3093 1952
2986 1809
2896 3026
2896 3058
2687 1333
2724 2896
191 1809
191 2066
2776 34
34 3094
2041 3096
2856 3097
3097 2856
1831 2879
2879 1831
3035 3098
1952 3078
3078 1952
3098 1732
241 2641
2641 241
904 2641
2641 904
1904 303
303 1904
2027 2834
0 124
124 0
2724 2687
2387 538
2774 1333
2774 241
2295 2762
2762 2295
2774 3101
2265 2771
3035 3102
3017 3080
2387 2900
2846 1952
1952 2846
2124 223
223 2124
2641 3103
3103 2641
1333 3098
3098 1333
855 2497
855 3098
3098 855
2265 2290
2641 3098
3098 2641
855 3104
3104 855
3104 2774
3104 34
2124 2641
2641 2976
2641 2124
2762 2124
34 3105
2762 2016
3028 2012
3597 3091
3091 3597
2191 2265
2265 2880
3106 2774
40 2062
2062 40
2265 3107
2377 1650
2265 3108
34 3109
1017 1280
1280 1017
2475 2497
2732 699
699 2732
2641 3109
1316 2687
2820 1809
2641 3110
1809 2820
3110 2641
2641 3111
3111 2641
2943 2641
1674 1809
3109 2641
3098 3110
3110 3098
2724 2933
2295 3113
3113 2295
3017 3114
3114 3017
3017 3115
2265 3115
3115 3017
34 2776
34 3116
34 3117
2265 641
2641 3118
3118 2641
491 3105
491 2709
3119 1730
3119 1745
2709 491
2847 2917
2641 3104
1333 3109
1461 34
2537 3104
3104 2537
3077 2641
2641 3077
2641 2475
2860 492
1395 1734
492 2860
2893 2641
3105 491
3104 2387
3105 2387
2387 3105
3086 492
3597 3104
3104 3597
3086 3043
3043 3086
3104 2902
3597 2834
2834 3597
3597 3121
3121 3597
2816 1216
3101 2774
3597 2972
2972 3597
2124 549
549 2124
1898 3122
3122 1898
1351 3028
2592 2124
3109 1333
3109 34
34 3123
3123 34
2646 3124
2690 2933
2933 2690
1501 2475
2475 1501
3098 3104
3104 3098
2847 2834
2942 2779
2779 2942
2557 1952
2387 3104
2947 2387
3086 3126
3126 2592
2960 303
2609 3098
3098 2609
34 3127
2834 2109
2109 2834
2387 2902
492 416
492 2197
2012 3028
2012 3128
3128 2537
3128 3131
3128 2816
3128 2634
34 3104
34 2475
34 3106
1564 2387
2387 1564
2387 2836
2836 2387
3085 3128
3046 2117
3046 2634
3597 3098
3098 3597
2641 3137
1333 1692
1692 1333
2634 3046
3137 2641
3092 1952
3092 2377
2962 229
1216 2816
1017 2962
1898 3138
1898 2941
2941 1898
3138 1898
2834 3098
3098 2834
3127 34
2109 3026
2109 3058
2109 2991
2896 3139
1831 2724
2724 2029
2641 3140
2724 2762
2762 2724
3140 2641
2724 3001
2724 2727
3001 2834
3001 2724
3104 2641
2290 2641
2641 2290
2834 3001
2029 2933
2933 2029
3028 1351
2724 213
213 2724
2641 2403
2029 2724
1017 3019
5 1017
1017 5
5 1831
1831 5
3141 2069
3597 1763
1763 3597
3139 2896
264 1276
2927 229
1017 2927
3126 3086
2724 2847
1017 3126
2860 2896
3126 1017
2724 1809
1809 2724
2295 3144
2117 3046
2117 34
2834 2779
2774 3104
2774 3112
3145 2774
2112 3146
255 1017
1017 255
2724 2175
2175 2724
491 2774
2724 3147
255 3148
3147 2724
1801 2027
2860 2044
2774 491
2387 2724
2834 2847
3086 2774
2641 3149
2724 2834
3149 2641
2724 2820
2820 2724
591 2641
2641 591
3147 3150
2641 3597
3150 3147
3098 3012
3597 2779
2779 2834
2779 3597
3143 2896
2724 2842
1884 2502
2941 1801
3597 3152
3152 2377
2109 3152
2377 3092
2109 870
2377 3152
2484 3153
34 3136
34 3154
34 3112
34 3155
3146 2112
855 1742
3135 2377
2377 3135
2641 3145
2847 1898
1898 2847
3145 2641
1393 1052
1276 264
1017 1393
1393 1017
2027 1898
3075 1809
1809 3075
2387 2157
3043 2641
1742 3156
1801 3157
1801 2941
3157 1801
2641 3043
1742 855
1742 362
2212 2537
2641 3120
3156 1742
1742 447
3120 2641
3098 307
1915 3098
3098 1915
2834 3158
1730 1674
3081 2377
2377 3081
2484 2914
2774 3145
2774 3106
2914 2484
1742 142
447 1742
2475 2641
1501 1017
1017 1501
1898 539
539 1898
3135 3017
2860 1365
3017 3135
3135 3085
3085 3135
2895 3091
3017 2904
2904 3017
2915 2484
3135 2641
0 1814
2265 2016
2641 3160
3160 2641
6 3160
3160 6
1730 2537
2484 3162
1017 3163
3163 1017
2044 2860
1809 1753
1753 1809
3135 3164
3164 3135
2646 3165
3165 2646
3098 3035
3098 1000
2896 3143
2641 3135
1017 2968
2387 3161
2968 1017
2933 3166
3098 2039
1351 1768
2641 2888
2888 2641
2641 2732
2818 2641
2641 2818
2314 2641
2687 2794
1801 2290
2290 1801
2634 3168
3168 2634
3135 2646
1952 3135
3135 1952
1017 1564
1017 3597
2820 1017
2027 1889
1889 2027
2027 2750
2750 2027
2847 3170
3136 34
2972 2896
3046 3165
3165 3046
2290 6
2634 2866
2866 2634
1809 2758
2758 1809
1333 1584
1584 1333
2896 3172
855 3173
3173 855
5 1623
2641 3174
34 3175
34 3174
34 3162
34 3176
34 3177
34 3178
2762 3135
3135 2762
3017 3179
1952 2124
1952 2362
2362 1952
2124 1952
2889 2634
1742 2012
2012 1742
2124 3160
2362 2377
3135 3170
170 1778
1778 170
2641 3180
3180 2641
3170 3135
2523 1692
3106 34
2976 2641
544 1351
3171 2109
2109 3171
3181 2109
2109 3181
2641 3182
3182 2641
3119 2641
2641 3119
3181 2295
2175 3597
3597 2175
1952 2557
1898 3184
3184 1898
1904 1385
1385 1904
1952 3183
3183 1952
3181 2641
2762 2069
2762 34
3181 1809
3181 491
1017 307
307 1017
2641 3186
3186 2641
1257 3182
3182 1257
3098 1839
3098 1184
1017 3144
1763 1809
1809 1763
1809 2657
2657 1809
3181 3187
3098 339
3098 2186
2377 2362
2475 34
1952 3164
3164 1952
2069 2762
3189 1017
3189 3043
2483 2709
2709 2483
3043 3189
3179 3017
2243 3190
3190 2243
1952 3191
3191 1952
1017 201
201 1017
2124 2687
3187 3181
2687 2124
2724 1730
2941 2641
1809 3181
1858 1692
3098 2960
2960 3098
3098 1244
1244 3098
1669 3023
3023 1669
1017 3192
1952 2948
34 2709
2709 34
2027 1855
3098 3193
3193 3098
2027 3194
2724 3195
3195 2724
3194 3196
3196 3194
2732 2641
1952 3076
2295 3181
2641 3181
352 2027
2027 352
2387 591
591 2387
1017 2960
2960 1017
2387 3145
3145 2387
3196 2342
2484 3036
3036 2484
3036 2634
2762 3197
902 2016
1017 3189
2305 1270
1270 2305
34 3198
34 3199
3198 34
3198 3200
2641 3201
3201 2641
1270 3202
3202 1270
1952 3203
3203 1952
1564 3203
1351 3203
3203 1351
3203 1734
3203 329
3203 28
1395 1952
56 1395
34 2525
2265 2342
2027 2342
1017 3204
3204 1017
2709 728
728 2709
1839 1184
3195 2027
2027 2641
1858 1801
1801 1858
1818 303
3203 1564
2377 3205
3145 3207
3207 3145
2933 2641
3207 3208
2641 2933
3208 3207
2265 2362
2715 2891
2891 2715
2641 362
362 2641
1990 3194
1809 1584
1809 3205
2164 3026
1898 3193
2535 3195
3193 1898
1017 3193
1270 3145
3145 1270
2362 3209
3209 2362
134 2387
2387 134
2660 3194
2933 229
2657 2933
1017 2933
2933 1017
1362 1017
2200 1831
1831 2200
134 2961
2493 1809
1809 2493
728 1730
2027 3049
1730 728
2130 1203
3049 2027
3015 1952
1952 3015
2027 3001
3001 2027
34 3210
34 3211
34 3212
34 3213
3205 2377
3205 1809
1839 3214
2265 2933
2933 1831
2933 3060
2027 3208
3208 2027
3214 1839
2646 2915
2915 2646
394 1809
1809 394
1809 3215
3215 1809
2634 2646
2802 1270
1270 2802
2835 1053
2027 2976
2976 2027
1809 3216
3216 1809
3017 3217
3217 3017
3218 447
2641 2342
480 2342
3040 2342
3194 1990
3194 2660
3218 3219
3219 3218
3219 1742
2027 3160
3184 2624
2624 3184
2641 1270
1270 2641
3160 2027
2027 3220
3220 2027
1742 3219
3098 3147
2295 2687
2687 2295
2641 214
214 2641
352 1983
134 2563
3083 2646
1809 3145
3145 1809
2641 3221
3221 2641
3145 1554
3220 3145
3145 3220
2838 3220
3220 2838
3124 2646
2641 3222
2641 3004
1554 3145
3192 3223
2730 2641
2641 2730
2646 3083
3225 562
1809 3226
3226 1809
3226 34
34 3227
2484 3228
3228 2484
2484 2915
562 3225
1809 2082
1809 3229
3229 1809
56 1244
1898 56
2535 1809
3042 1952
1831 1017
3225 2092
1831 2387
1898 2332
2332 1898
3044 3230
3231 3196
3196 3231
1362 1
1362 244
1362 166
1362 222
1362 134
1362 28
1362 191
1362 1452
134 1395
134 1362
134 191
134 244
134 222
134 166
134 177
134 1452
177 134
177 1362
177 1452
177 1395
3053 2274
134 1814
1244 56
2860 56
3232 3233
3233 3232
1395 3234
2933 2847
1898 2818
2818 1898
1898 3192
3192 1898
2157 2387
3232 3222
490 3207
1017 2404
3222 3232
3196 3222
3222 3196
360 3236
3196 2905
3222 3237
3237 3222
2387 2657
2657 2387
490 2140
3232 1809
2232 490
3210 34
3232 1915
1915 3232
447 114
2175 2044
2140 490
2687 2641
2687 3238
1017 3239
3238 3240
3240 3238
3239 1017
2641 3240
3240 2641
1619 3232
3232 1619
3232 3238
3238 3232
3238 2687
2834 3224
3224 2834
1619 2523
3196 1809
1809 3241
3241 1809
2834 3049
3049 2834
2834 2960
2960 2834
2634 3242
3242 2634
3236 3238
1619 2242
2242 1619
3189 24
2762 24
