103 131
50 4514
5634 5743
5743 5634
5308 4648
3827 4648
4290 5362
4290 1097
5362 5524
3721 2302
5524 5362
5742 5634
2193 5505
3987 414
2821 3877
4171 2941
3344 1470
4514 5590
5590 4514
5701 34
2821 5744
1017 5745
4859 5746
1017 2941
3863 5747
2193 1501
2193 2200
2193 1831
5634 5742
3987 5742
5634 5590
5590 5634
5634 4381
4859 5748
5634 5745
5687 5748
2044 4381
2066 5507
4381 5634
3987 4381
5507 2066
4290 5528
5528 4290
4381 2387
2387 4381
4924 3718
1915 4837
3718 4924
2229 4171
2941 1017
414 3987
4510 4266
2295 2783
2391 3987
34 4263
4263 34
3426 5464
3803 1017
3987 3000
2387 5749
5611 709
709 5611
3803 5749
5464 3426
5179 5751
3450 5752
5752 3450
4514 5507
5507 4514
3803 2027
5688 34
34 5754
34 5755
3803 3743
3803 2016
2387 3743
4859 5753
4634 4827
5514 0
5514 5481
4924 3803
2193 596
2193 3203
2193 24
3721 5756
5688 5634
5611 5258
5258 5611
5412 2017
3706 5690
1809 5690
5690 1809
5690 2305
2305 5690
5514 544
2295 1315
3326 5690
3987 5456
5456 3987
5654 5509
1809 5634
5611 4514
4514 5611
5525 5514
1511 4558
4290 5690
5468 5711
5226 5711
4384 5507
4648 5634
5758 5507
3469 5759
5758 5760
5759 3469
5760 5758
2396 5590
5590 2396
3469 5761
5761 3469
5761 5601
5761 5622
5761 5759
5761 2579
5611 5711
5481 3639
34 3426
5761 5762
5759 5762
5759 5761
5762 3469
5762 5761
5762 5759
3450 2062
2062 3450
134 5711
480 5611
5711 5611
191 3639
3450 891
891 3450
3450 3648
3648 3450
0 191
3827 4451
4290 2295
5507 3987
5507 5758
4920 5507
5507 4920
34 5701
5759 5763
5762 5763
3469 5763
1351 5653
3803 5764
5764 5711
5764 3803
5764 2295
5226 5456
5456 5226
3918 5711
2295 5711
5611 5766
5766 5611
5654 5767
4171 4278
4171 5634
2164 5634
5507 5634
5507 4278
5611 5634
5690 5692
4196 5507
5507 5654
34 5688
3827 5611
5611 3827
4648 2834
2834 4648
5507 5769
5507 4196
1966 5771
5226 5772
1966 1809
2124 2941
5647 5773
5647 5680
3571 3639
3877 3721
3721 3877
3259 5774
3918 5775
2933 5775
3987 4517
4517 3987
4517 5776
5776 4517
3000 3987
3987 1809
4510 5758
5758 4510
3987 4278
3987 5777
3987 5634
4558 5634
3987 1655
3987 3128
3987 61
3803 5765
5765 3803
3987 5507
1952 5778
1734 5779
3827 5780
5780 3827
3877 34
5611 3648
3648 5611
5564 5528
5528 5564
5480 3827
3827 5480
5226 5688
2999 3987
1564 1966
1966 5781
3987 5782
5782 3987
5782 34
5782 5412
5654 5783
5538 5784
1584 5568
2124 5785
5412 5634
3450 4171
1017 3654
5776 3987
3987 5776
4290 134
134 4290
0 5688
5762 5787
5787 5762
1351 5783
3706 5654
3706 5783
5528 3344
3987 2391
3918 5788
545 480
480 545
2387 2066
2066 2387
1966 5789
5790 5611
1734 5527
5527 1734
2229 4617
34 5791
2044 2387
3450 2044
2044 56
4514 3450
3450 4514
56 5226
1402 4693
5226 56
3918 709
709 3918
4552 4531
4531 4552
3902 3721
3902 134
1809 3902
3428 5528
5528 3428
4510 5528
5528 4510
4364 4290
1017 1655
5783 589
5783 3706
5783 1351
5783 5654
5480 4196
4196 5480
2387 5794
5794 2387
34 5432
5622 5761
5622 5660
5622 3706
