107 59
103 3987
3987 103
5826 4610
4648 4924
4924 4648
1564 360
34 5824
5824 34
5824 5800
360 1564
2804 5475
5564 2131
2131 5564
4196 5826
5826 4196
2044 4299
3426 4648
4648 3426
3721 5846
5846 5577
5564 5847
5847 5564
3450 1564
1564 3450
5524 5601
5524 5805
4648 3827
5848 5830
5145 95
95 5145
4303 4265
103 4364
4364 103
4303 5711
3721 5845
3721 5676
5758 5849
5849 5758
4552 4196
4196 4552
5564 3987
5826 4171
3987 5564
34 5830
2387 5850
5850 2387
5850 2251
5850 5851
5851 5850
3639 5577
5226 5852
5852 5226
2302 3450
3450 2302
5226 5853
5853 5226
5853 34
5226 1831
3896 2941
2941 3896
1351 1511
1351 3639
1351 3706
1351 5439
1351 5507
1351 5524
1351 5550
3639 5550
3639 4518
1351 5753
1351 1025
3877 5524
1351 3765
3877 904
1351 5519
3450 2933
34 5853
34 5854
5851 34
1351 2044
1511 3639
1511 1734
3450 95
95 3450
5539 3721
3450 1831
2387 4594
545 4290
4290 4593
4593 4290
5824 5851
5851 5824
4290 5824
5824 4290
95 4364
4364 95
3639 5821
3012 4610
3827 32
32 3827
1564 3344
5078 2321
5810 1351
1511 5821
5821 1511
5821 3639
1564 1511
4423 5226
50 95
95 50
5226 4423
1351 5810
3450 904
5604 1351
3902 1351
3648 2941
5604 3987
3987 5604
1351 5816
3648 103
3918 904
103 3648
2941 5855
5855 2941
1809 5856
5856 1809
1809 2368
1809 5857
5857 1809
2044 1351
1351 4718
3721 4718
2941 2387
2387 2941
3827 2062
2062 3827
3896 3827
3827 3896
2941 3713
3721 1333
95 34
34 95
2066 1946
3721 5858
5858 3721
5858 1351
4204 2251
3706 2947
4204 2044
2044 4204
3706 1017
1351 1017
3713 2834
2834 3713
5830 34
4290 5830
5830 4290
1952 5859
95 5860
5860 95
5858 5861
5861 5858
3426 4196
3639 5633
2044 904
3987 3344
3344 360
360 3344
1351 5858
3803 904
2044 4517
4517 2044
480 3803
3803 480
3987 904
3987 5862
5830 5848
4520 34
103 95
95 103
34 4520
3721 134
3654 4196
5628 134
2044 5863
5863 2044
34 1937
3721 1200
