103 189
663 1393
1045 1394
1206 1390
881 1391
1266 545
545 1266
1390 1206
1266 1396
1396 1266
920 79
79 920
728 352
352 728
724 467
467 724
663 1200
1200 663
269 1367
654 668
1133 271
271 1133
1173 1367
1367 1173
920 1398
1398 920
1052 545
545 1052
521 1395
1395 521
1388 0
1382 1399
1399 1382
467 1400
1400 467
467 1401
1401 467
349 920
920 349
539 1402
1347 1374
1374 1347
1316 1251
1251 1316
1161 1403
1403 1161
34 1404
34 1405
920 1251
1251 920
1381 34
521 467
1316 1027
1027 1316
1405 34
1266 148
1404 34
774 1406
1406 774
1206 881
1367 1407
1407 1367
185 34
34 185
345 1408
1408 345
1367 633
633 1367
774 1409
1409 1061
79 1410
1410 79
881 203
881 1206
1401 1365
1365 1401
1395 59
1161 308
1161 0
1161 521
203 881
1093 1411
1411 1093
1266 1365
1365 1266
6 1412
1412 6
34 1413
34 527
1382 1401
1401 1382
936 1401
1401 936
881 467
467 881
904 1331
1331 904
904 1191
1191 904
1367 1274
1274 1367
881 1161
40 1414
1414 40
1375 79
467 1415
1415 467
345 1416
1416 345
208 1266
1266 208
208 1376
1376 208
79 1375
1410 1376
1376 1410
1093 1388
1388 1093
134 1316
1093 206
206 1093
634 1316
1316 634
1400 1417
1417 1400
1266 1418
1418 1266
1161 1285
728 779
779 728
1367 79
79 1367
521 6
6 521
860 148
1216 1419
1365 1316
1216 545
545 1216
1365 1221
1419 1216
881 903
903 881
663 1375
1420 544
467 427
1414 467
467 1414
1375 663
416 1421
467 1422
1422 467
467 1351
1351 467
467 1206
467 1221
1221 467
148 1266
1285 1161
1421 416
1421 208
1421 279
904 1365
40 1421
1421 40
1206 467
467 469
469 467
936 1274
936 1423
1423 936
1274 936
6 234
467 12
12 467
1033 1347
1399 40
40 1399
515 467
467 515
515 12
12 515
1216 1033
1033 1216
1216 1412
1412 1216
1382 148
1347 1033
1033 831
1161 1033
1033 1161
1383 634
1365 904
34 728
728 34
467 728
728 467
774 1424
1365 1425
1424 774
1425 1365
1425 34
545 206
206 545
1311 1425
1425 1311
148 467
467 148
1061 1426
1061 1409
521 1375
1375 0
467 704
704 467
6 1427
1426 1061
467 112
112 467
148 77
1395 704
704 1395
467 1428
1428 467
467 591
591 467
634 467
467 634
467 544
920 1395
1395 920
467 1429
1429 467
1216 464
464 1216
1316 1430
34 1431
1431 34
1431 1432
1378 1206
34 1433
1433 34
467 1033
1033 467
1432 1431
1200 112
112 1200
1430 1316
34 1425
1206 1378
1033 6
6 1033
947 1434
1434 947
438 2
438 61
1375 904
1375 780
1027 1321
1321 1027
904 1400
1400 904
724 1382
1382 724
416 904
34 1337
1337 34
1184 800
1337 208
1382 960
960 1382
40 1435
1316 1367
1435 40
1382 464
464 1382
1367 1316
904 208
208 904
386 208
208 386
934 6
1400 1357
6 934
1435 620
620 1435
87 100
1321 451
451 1321
1435 467
467 1435
881 728
416 1004
728 881
904 1438
279 1435
800 1184
494 1321
1321 494
774 34
34 1439
1440 34
34 1355
962 1347
1347 962
1318 40
40 1318
1318 1395
1395 1318
1161 539
40 728
1375 521
208 1374
148 1395
1395 148
35 1441
1441 35
1374 208
1114 1347
1347 1114
269 1182
1369 1316
1438 1437
1437 1438
774 1202
1202 774
1355 34
728 40
728 134
1161 893
893 1161
162 1382
134 208
208 134
467 352
352 467
1382 467
467 1382
1382 162
893 1443
1443 893
893 831
14 728
1197 1200
1200 1197
34 1444
34 1440
34 1438
1438 34
308 1392
308 1307
308 1142
308 1144
31 1200
1442 1375
1442 1200
1200 1442
1200 31
1395 1445
1375 1442
1445 1395
1367 1411
1411 1367
55 34
34 55
1316 1369
1316 467
467 1316
936 1301
1301 936
1301 831
134 1347
1347 134
1192 627
34 1446
35 1443
1443 35
920 467
467 920
438 308
1093 1385
1440 94
1375 308
1316 921
921 1316
728 14
34 1416
208 1337
1416 34
1382 1447
1447 1382
1161 1448
881 303
1161 1316
1316 1161
303 467
467 303
1448 1161
464 881
1093 881
920 203
203 920
1353 111
40 1351
34 1445
34 1449
34 1450
1450 34
1385 1393
242 140
34 1451
1451 34
545 1375
1385 704
1409 774
704 1385
1383 904
1375 545
663 1442
1365 1452
1452 1365
785 591
591 785
94 1440
774 1453
1453 774
904 1383
1395 586
586 1395
1450 1454
1454 1450
1395 162
162 1395
224 1367
1438 1017
34 1216
34 774
1017 1438
545 1455
545 1383
545 1450
279 1455
1455 545
1455 279
1446 34
0 1446
1347 686
591 1395
1395 591
1216 34
1367 227
227 1367
1455 1456
1456 1455
