320 201
1017 4612
2471 2564
1017 1898
4118 2564
4553 2564
3925 3836
2941 4613
4612 229
3915 4336
4336 3814
4336 3915
4615 4612
4290 4615
4401 4616
4616 4401
4401 4598
4498 34
4598 2564
4603 4523
4523 4603
2124 4577
4607 904
4613 2941
4613 4196
3696 2641
4577 2124
4196 4613
4603 3648
4613 4608
4608 4613
4557 4196
4196 4557
4603 3022
3236 4196
2109 4362
3022 4603
4294 4399
4399 4294
4290 4362
1848 4618
4618 1848
2941 3819
3819 2941
4514 2941
3827 4514
4514 3827
4362 2109
34 4517
4517 34
34 3805
2564 904
2193 3571
34 4600
2193 1200
4399 3896
3896 4399
4536 4619
4619 4536
4399 4620
4620 4399
4253 4360
4360 4253
3620 4401
3444 4617
4401 3620
3444 4307
3464 4604
4604 3464
4587 3896
4587 4401
4401 4587
904 2027
4401 4621
4621 4401
904 1809
904 34
904 2564
904 1655
12 1655
904 4083
2564 4266
4266 2564
4171 4622
4593 2564
3668 2124
2124 3668
3103 3577
3577 3103
2564 3577
4553 4620
3809 1809
2599 4610
4610 2599
3577 2497
2599 2403
1970 4362
2403 1970
2403 3577
1970 2403
2403 3241
2403 2599
1402 2403
4594 4401
4401 4594
2941 4400
4400 2941
2941 3486
3486 2941
34 4605
2941 4604
4622 4171
4401 4623
4623 4401
3696 4290
2564 4171
4401 4188
4188 4401
4401 4552
4552 4401
4552 4553
4552 4624
4624 4552
4552 2941
2941 4552
2941 4625
4625 2941
4626 2941
1017 1910
3403 4627
4627 3403
4594 3641
4594 4624
4280 4624
4624 4280
4106 2877
2877 4106
4552 4171
4624 4489
4489 4624
4624 4208
4208 4624
1970 4598
1611 4604
4623 4604
4604 4623
4604 1611
2941 4600
4196 4628
4581 4624
4628 4196
4399 4629
4399 904
904 4399
4629 4399
4603 2397
4171 3696
4520 2564
1952 3902
3902 1952
3696 4171
4359 2564
2564 4553
2418 3970
2709 4558
4558 2709
2941 4630
2941 4565
4630 2941
2941 4196
2876 629
2941 4631
2397 4603
4565 2941
2941 4632
3464 4188
4188 3464
1809 4633
2941 4626
3915 4634
4634 3915
12 4514
4514 12
3426 2941
2941 3426
4333 4360
2302 3922
1688 4401
4401 1688
2387 4635
4280 4636
4636 4280
352 4553
4553 352
4338 1768
352 4561
4561 352
4636 4290
2564 4520
4552 2905
2905 4552
4208 4514
4514 4208
3975 4420
4420 3975
34 12
12 34
4604 4196
4196 4604
362 4638
4638 362
34 4639
3915 4640
4640 3915
2941 4544
4604 4641
4641 4604
352 4604
4604 352
4597 4610
4600 2941
2941 2261
2261 2941
3877 2261
2261 3877
4583 134
4171 4360
4360 4171
4401 4642
4642 3577
4352 3577
3577 4460
2599 3230
3230 2599
4280 4384
4384 4280
4642 4401
2193 2066
4553 3822
3822 4553
2599 4492
4492 2599
4423 3648
3648 4423
4520 4171
4171 4520
2599 4336
4336 2599
4578 1017
2387 1898
2564 4118
1898 2387
2599 4603
4553 4643
4603 2599
4608 3836
2599 2495
2495 2599
4644 3896
4644 3577
3577 4644
4644 4645
4645 4644
4514 4641
2066 4202
4202 2066
4641 4514
4578 2599
1611 2941
2941 1611
1351 4210
1351 4234
3577 4352
3577 4642
4603 2391
2391 4603
3577 1669
4415 1017
1017 4415
1669 3577
4640 34
2403 4369
4196 4646
4646 4196
2295 1043
2537 4514
4514 2537
4637 4514
4514 4637
3648 2066
4603 4634
4634 4603
4603 4489
1017 4608
4489 4603
3648 4106
4106 3648
1288 1316
4637 1017
4514 3896
4637 2066
2066 4637
3896 4514
4106 2066
2066 4514
2066 3648
4514 2066
1288 1614
2066 3464
3464 2066
154 2187
4514 4604
4604 4514
4526 4514
394 4648
4648 394
4420 2941
2941 4420
4643 4553
4514 4526
3526 4649
4649 3526
3718 4650
4650 4646
2599 4651
4521 4652
4651 2599
4643 34
2599 4578
3577 2941
2941 3577
2941 4603
4603 2941
4399 4637
4637 4399
4636 4653
4634 4653
2941 4641
4514 4653
4653 4514
2599 4621
4621 2599
4621 4253
4253 4621
4653 4654
4654 4653
3544 24
3428 24
4401 4553
4553 4401
4300 4521
4521 4300
4521 4287
4530 4653
4653 4621
4655 4653
4106 4521
4521 4106
4653 4655
4530 4621
4530 4655
4106 3352
2295 4530
3318 4171
4621 4653
4621 4530
2965 4521
4521 2965
4498 3641
4399 4656
4656 4399
3274 4657
4657 3274
4037 4658
4658 4037
480 4349
4399 4037
4037 4399
4658 4399
4399 4658
1402 4498
4498 1402
4171 4418
4418 4171
4644 4253
4644 4514
4645 4659
904 4653
4659 4645
904 4621
4253 1937
1937 4253
4401 4253
4253 4401
4639 34
4634 4460
4634 4660
4460 4634
4460 3577
4460 34
3577 4283
4650 4658
4645 4603
4645 4661
4661 4645
4645 4662
4661 4662
4662 4661
4662 4645
4423 4634
4634 4423
4662 4663
4661 4663
4645 4663
4663 4645
4663 4661
4663 4662
4653 4636
4653 4660
4530 4660
4634 4664
4664 4634
4653 4665
4530 4665
4660 4665
4665 480
4530 480
4545 480
4653 480
4660 480
4590 480
4665 4666
4530 4666
4660 4666
480 3641
4653 4666
3641 480
4653 4667
4634 4669
4669 4634
4667 4668
4667 4666
4668 4666
904 4660
904 4530
904 4665
34 4640
34 4670
4666 4671
2295 904
1316 1288
1316 1333
4666 4672
4667 4672
4653 4672
4530 4672
34 4673
1614 1288
4665 4672
1017 2537
4660 4672
2044 4672
4671 4672
4673 34
2044 4671
4671 2044
4666 2044
4667 2044
4653 2044
4530 2044
4665 2044
4660 2044
4666 4674
4106 2044
4667 4674
2044 4674
4653 4674
4530 4674
4665 4674
4660 4674
4674 2044
1831 3925
4673 4498
4498 4673
1848 4653
4673 4253
4253 4673
4666 4675
4667 4675
4653 4675
4666 4676
1809 4676
4667 4676
4604 2599
2599 4604
4530 4677
4677 4679
4677 4678
4678 4679
4678 4677
4677 4680
4680 4677
4680 4679
4680 4678
4679 4678
4679 4680
4678 4680
4677 4681
4678 4681
4679 4681
4680 4681
4681 4677
4681 4678
4681 4679
4681 4680
1809 4680
4681 4682
4680 4682
4679 4682
4678 4682
4677 4682
4675 4682
4666 4682
4667 4682
4653 4682
4530 4682
4665 4682
4660 4682
4671 4682
4672 4682
4674 4682
1809 4530
1809 4678
1809 4665
1809 4667
1809 4672
1809 4653
3344 4253
4253 3344
3329 4530
3329 4653
3329 4660
3329 4665
3329 4666
3329 4667
3329 4668
3329 4671
3329 4672
3329 4674
3329 4675
3329 4676
3329 4677
3329 4678
3329 4679
3329 4680
3329 4681
3329 4682
3897 4097
4681 4683
3610 2941
2941 3610
4682 4683
4680 4683
4679 4683
4678 4683
4677 4683
4641 2941
4253 4684
4684 4253
4171 362
362 4171
4681 4685
4682 4685
4680 4685
4679 4685
4678 4685
4677 4685
4675 4685
4685 4682
1809 4682
0 1809
4330 4686
2551 4634
4634 2551
4106 4251
2941 2551
2551 2941
4685 4687
4681 4687
4682 4687
4680 4687
4679 4687
4678 4687
4457 4680
4457 4681
4457 4685
4457 4667
4457 4672
4457 4674
4457 4678
4457 4679
4457 4682
4457 4687
394 4667
394 4672
394 4674
394 4678
394 4679
394 4680
394 4681
394 4682
394 4685
394 4687
4457 4677
4457 4636
4457 4654
4457 4660
4457 4665
4457 4666
4457 4671
4457 4683
4457 4676
4686 4634
4634 4686
4106 4689
4689 4106
362 2124
3610 4489
3610 3648
4489 3610
4253 3012
3012 4253
4489 4610
4610 4489
4604 2941
3334 4690
4106 4171
4171 4106
4253 2062
4686 4691
4253 4692
4692 4253
2599 1831
1831 2599
4253 4693
4693 4253
4276 4686
4253 4686
4691 4686
4037 4693
4693 4037
2302 4253
4253 2302
4253 4553
4553 4253
4690 3334
1884 92
92 1884
4324 2850
4106 4539
3577 4694
4694 3577
3925 2879
4378 4695
4695 4378
2403 3836
4378 2124
4518 4489
4489 4518
4599 4655
4489 4696
4696 4489
4644 4202
1611 4171
4696 4697
4697 4696
1809 4696
4634 4554
4554 4634
4696 1809
4634 4698
4644 4634
4698 4634
1848 2711
4578 4603
1809 2517
2517 1809
4362 1990
3577 4553
4553 3577
4139 4171
4171 4139
4420 3836
3085 4699
4699 3085
4675 4700
4667 4700
1809 4675
4615 4290
4693 4352
4352 4693
4416 4603
4603 4416
4553 4552
4106 4701
4171 4410
4410 4171
4362 663
1402 4702
4702 1402
4644 3641
3641 4644
468 4319
4319 468
2124 4378
34 3577
663 4362
4644 34
3896 4359
4359 3896
4634 4359
3352 2877
3352 4106
2877 3352
4682 4703
2124 4674
2124 4676
2124 4677
2124 4678
2124 4679
2124 4680
2124 4675
2124 4682
2124 4683
2124 4685
2124 4687
2124 4700
2124 4660
2124 4666
2124 4530
2124 4653
2124 4665
2124 4667
2124 4668
2124 4671
2124 4672
1809 4227
4227 1809
4359 4634
4401 4278
4278 4401
904 3641
3641 904
3241 2403
4290 3648
1848 4648
4648 1848
3648 4272
4272 3648
4644 904
3896 4631
4631 3896
904 3610
3610 904
3230 4631
4631 3230
2641 3641
4521 4704
4610 4705
3464 4705
4644 4106
904 3464
2599 3464
3464 2599
4458 3012
3012 4458
4687 4706
4685 4706
4681 4706
4680 4706
4679 4706
4678 4706
4677 4706
4675 4706
4666 4706
4667 4706
4653 4706
4530 4706
4665 4706
4660 4706
4671 4706
4672 4706
4674 4706
1809 4660
1809 4671
1809 4677
1809 4679
1809 4681
1809 4674
1809 4706
4687 4693
4685 4693
4681 4693
4680 4693
4679 4693
3896 4135
4135 3896
4687 1809
4685 1809
4681 1809
4682 1809
4680 1809
4679 1809
4678 1809
4677 1809
4675 1809
4666 1809
4667 1809
4653 1809
4530 1809
4665 1809
4660 1809
4671 1809
4672 1809
4674 1809
3464 1809
3464 56
3464 4693
2471 3648
3896 4698
4698 3896
34 3424
3167 2941
3450 4557
4557 3450
2941 4517
4517 2941
3450 3896
3896 3450
2941 1534
2941 4707
4707 2941
4644 2941
2941 3167
2941 4708
2109 2599
2599 2109
1688 2941
2941 1688
2599 3019
3019 2599
2941 4644
4631 2941
904 4644
490 4283
4106 4644
3577 34
3128 3106
3128 2124
4727 4321
4727 3128
2858 2312
4598 4283
4608 1017
2776 1655
3648 4644
4666 4728
4667 4728
4665 4728
4660 4728
4634 4644
4672 4426
4671 4426
4660 4426
4667 4426
3620 4196
4196 3620
3896 4124
4124 3896
4330 4729
4729 4330
4330 4730
4730 4330
3896 4426
4426 3896
3464 4330
4330 3464
4581 4731
4731 4581
3450 4730
4730 3450
4106 4629
4629 4106
4634 2495
4730 3896
2599 1333
2641 3896
3896 4730
4399 4401
4401 4399
3648 4083
2599 4609
4609 2599
4443 4730
2599 3486
3486 2599
3426 4253
4253 3426
2495 4634
4253 4248
4248 4253
2186 4253
4253 2186
2312 2376
2312 2346
2312 987
2312 2858
2312 4688
2312 4515
2312 1614
2312 34
2312 2079
4687 4732
4685 4732
4681 4732
4682 4732
4680 4732
4679 4732
4678 4732
4677 4732
4675 4732
2312 2382
4666 4732
4667 4732
4653 4732
4530 4732
4665 4732
4660 4732
904 4732
4687 904
4685 904
4681 904
4682 904
4680 904
4679 904
4678 904
4677 904
1809 4732
4675 904
4666 904
4667 904
4653 904
4530 904
4665 904
4660 904
4671 904
4672 904
4674 904
4706 904
4732 1809
4283 904
3577 904
4457 4700
4457 4732
4457 4675
4457 4653
4457 4530
2312 3266
4733 4553
4728 4693
4728 4568
4728 4731
4728 4636
4728 4545
4728 1333
4728 4457
904 4728
4728 4734
4457 4734
0 2124
1952 4734
4457 4706
3648 4457
4457 4728
4658 4477
4658 4545
4658 4734
4658 1333
4457 4658
4658 4731
4658 4735
4568 3648
4687 4634
4685 4634
4681 4634
4682 4634
4457 4634
3648 4458
4458 3648
2396 2423
4658 4568
4457 4736
3464 2387
3648 4568
2933 2724
3648 4603
4319 904
904 4319
4420 4489
904 2957
2957 904
4609 4362
4362 4609
4457 4737
904 3530
904 2941
3530 904
3530 2941
2941 904
3530 4420
4687 4738
4675 4738
4660 4738
4674 4738
4668 4634
4700 4634
4683 4634
4732 4634
4706 4634
4674 4634
4672 4634
4671 4634
4660 4634
4489 4420
4665 4634
4530 4634
4420 3530
4653 4634
4667 4634
4666 4634
4675 4634
4677 4634
4678 4634
4679 4634
4680 4634
1333 4443
2599 4698
4698 2599
3648 4333
4333 3648
3648 4731
4731 3648
4740 4741
4741 4740
1809 3840
1809 4740
1809 4741
4665 3856
4660 3856
4671 3856
3856 4671
3856 4660
3856 4665
4687 4742
4685 4742
1809 4685
1809 4687
1809 4742
4362 2599
2599 4362
4675 4743
2599 4572
4572 2599
1809 4743
4743 1809
904 4743
4668 1809
1809 4668
4742 1809
2599 4743
4572 24
4700 1809
4683 1809
1809 4683
1809 4700
4734 4728
4734 4658
1809 4658
4423 2941
2941 4423
624 4731
4731 4283
4731 624
624 4283
3902 3450
4114 4252
4443 1333
4114 3403
2564 4564
3836 2599
2599 3836
4457 4743
4457 4742
3896 4644
4202 4644
4457 4668
4457 1809
4693 4486
4486 4693
4196 3681
4489 2124
3648 2776
2941 4123
2941 4745
4514 4644
4196 4369
4745 2941
4668 4745
4732 4457
4671 4457
4671 4738
4675 4457
4739 4745
4745 4739
4678 1564
4678 1814
4679 1814
4679 1564
4680 1564
4680 1814
4682 1814
4682 1564
4681 1564
4681 1814
4685 1814
4685 1564
1814 4682
1814 4678
1814 4679
1814 4680
1814 4681
1814 4685
1814 4653
1814 4660
1814 4666
1814 4665
1814 4530
1814 4667
1814 4668
1814 4671
1814 4672
1814 4674
1814 4676
4675 4744
1814 4677
1814 4683
1814 4675
1814 4687
1814 4700
1814 4732
1814 4706
1814 4742
4677 4744
1814 4743
1564 4682
1564 4681
1564 4680
1564 4679
1564 4678
1564 4685
1564 4653
1564 4660
1564 4666
1564 4530
1564 4665
1564 4667
4457 4746
1814 4746
4290 4171
4700 4747
4530 4747
4457 4747
1333 3648
4745 3648
4629 4748
4748 4629
4744 4747
1333 624
4745 4749
4749 4745
2066 4731
4037 1831
4742 4750
4687 4750
4750 4706
4674 4750
4672 4750
2941 3012
3012 2941
4037 4751
4751 4037
4750 4743
4750 4747
4750 4742
2941 663
663 2941
3648 4037
4037 3648
3503 34
2599 3902
2599 4352
4352 2599
2634 4752
4319 4753
4753 4319
3526 4752
4752 3526
1333 4754
4754 1333
3648 56
1564 0
4457 0
4687 2321
4685 2321
2321 4706
2321 4687
2321 4685
3785 4706
3785 4685
3785 4687
3785 4653
3785 4660
3785 4665
3785 4530
3785 4668
3785 4671
3785 4672
3785 4676
3785 4677
3785 4678
3785 4679
3785 4680
3785 4682
3785 4681
3785 4683
3785 4675
3785 4700
3785 4732
3785 4742
3785 4743
3785 4746
3786 4746
3786 4743
3786 4742
3786 4732
3786 4700
3786 4675
3786 4685
3786 4683
3786 4681
3786 4682
3786 4680
3786 4679
3786 4678
3786 4677
3786 4676
3786 4672
3786 4671
3786 4668
3786 4530
3786 4665
3786 4660
3786 4653
3786 4687
3787 4653
3787 4660
3787 4665
3787 4530
3787 4685
3787 4668
3787 4671
3787 4672
3787 4674
3787 4676
3787 4677
3787 4678
3787 4679
3787 4680
3787 4682
3787 4681
3787 4683
3787 4675
3787 4700
3787 4687
3787 4732
3787 4706
3787 4743
3787 4746
3788 4653
3788 4660
3788 4666
3788 4665
3788 4530
3788 4667
3788 4668
3788 4671
3788 4672
3788 4674
3788 4676
3788 4677
3788 4678
3788 4679
3788 4680
3788 4682
3788 4681
3788 4683
3788 4675
3788 4685
3788 4687
3788 4700
3788 4732
3788 4706
3788 4742
3788 4743
3788 4746
3789 4653
3789 4660
3789 4666
3789 4665
3789 4530
3789 4667
3789 4668
3004 1831
3789 4671
1831 3004
3789 4672
3789 4674
3789 4676
3789 4677
3789 4678
3789 4679
3789 4680
3789 4682
3789 4681
3789 4683
3789 4675
3789 4685
3789 4687
3789 4700
3789 4732
3789 4706
3789 4742
3789 4743
3789 4746
3790 4653
3790 4660
3790 4666
3790 4665
3790 4530
3790 4667
3790 4668
3790 4671
3790 4672
3790 4674
3790 4676
1809 2583
3790 4677
3790 4678
3790 4679
3790 4680
3790 4682
3790 4681
3790 4683
3790 4675
3790 4685
3790 4687
3790 4700
3790 4732
3790 4706
3790 4742
3790 4743
3012 3836
3790 4746
3836 3012
4477 3836
1831 4477
4477 1831
3791 4653
3791 4660
3791 4666
3791 4665
3791 4530
3791 4667
3791 4668
3791 4671
3791 4672
3791 4674
3791 4676
3791 4677
3791 4678
3791 4679
3791 4680
3791 4682
3791 4681
3791 4683
3791 4675
3791 4685
3791 4687
3791 4700
3791 4732
3791 4706
3791 4742
3791 4743
3791 4746
3792 4653
3792 4660
3792 4666
3792 4665
3792 4530
3792 4667
3792 4668
3792 4671
3792 4672
3792 4674
3792 4676
3792 4677
3792 4678
3792 4679
3792 4680
3792 4682
3792 4681
3792 4683
3792 4675
3792 4685
3792 4687
3792 4700
3792 4732
3792 4706
3792 4742
3792 4743
3792 4746
3793 4653
3793 4660
3793 4666
3793 4665
3793 4530
3793 4667
3793 4668
3793 4671
3793 4672
3793 4674
3793 4676
3793 4677
3793 4678
3793 4679
3793 4680
3793 4682
3793 4681
3793 4683
3793 4675
3793 4685
3793 4687
3793 4700
3793 4732
3793 4706
3793 4742
3793 4743
3793 4746
2124 4706
2124 4742
2124 4743
2124 4746
3794 4653
3794 4660
3794 4666
3794 4665
3794 4530
3794 4667
3794 4668
3794 4671
3794 4672
3794 4674
3794 4676
3794 4677
3794 4678
3794 4679
3794 4680
3794 4682
3794 4681
3794 4683
3794 4675
3794 4685
3794 4687
3794 4700
3794 4732
3794 4706
3794 4742
3794 4743
3794 4746
3794 4457
4693 2321
2321 4693
1333 4197
4197 1333
2321 4745
203 61
3464 4648
4648 3464
1528 2941
2941 1528
4687 3896
4685 3896
4681 3896
4682 3896
4680 3896
4679 3896
4678 3896
4677 3896
4675 3896
4666 3896
2321 3316
3316 2321
4667 3896
4653 3896
4530 3896
4665 3896
4660 3896
4671 3896
4672 3896
4674 3896
4706 3896
4732 3896
4683 3896
4700 3896
4668 3896
4742 3896
4743 3896
4747 3896
3896 3902
4648 3902
4693 3902
3902 4648
3902 3896
3902 4693
4401 4648
4648 4401
663 904
904 663
2599 3743
3902 3526
3526 3902
134 3902
0 1564
4744 4675
4744 4677
0 4457
4745 4755
3648 3902
2321 4319
4319 2321
4196 2879
2879 4196
1831 4756
3648 134
4756 1831
0 3526
0 158
0 1952
0 2641
0 2044
0 2387
1527 4757
4757 1527
4171 4649
4649 4171
2879 4640
3902 3648
4640 2879
4362 4378
2599 3012
3718 4290
2124 3896
4369 4290
4697 2599
2599 4758
3902 2197
4451 4745
4745 4451
4203 4701
3648 4745
4520 4481
904 4693
4314 24
4759 4745
3648 4759
4759 3648
1831 2066
4451 4760
4760 4451
2066 1831
3698 4761
4761 3698
4731 1809
1809 4731
1809 4745
2124 2123
3902 2599
3902 1402
3902 362
3902 4762
4284 4763
4763 4284
4755 4745
4171 4556
904 1333
4763 4265
4763 3259
4171 4492
4492 4171
3648 3610
4693 2387
0 2265
0 2302
0 201
0 1565
1692 2821
4693 4764
4764 4693
4693 4208
4208 4693
2124 4765
2124 4586
2124 4686
2124 4602
2124 4738
2124 4745
2124 4613
2397 3956
3956 2397
3956 214
4208 4634
4634 4208
2599 4567
3648 624
624 3648
4253 4644
4567 2599
4567 2941
3902 4303
3902 4697
4641 3902
2599 4697
4171 4187
2124 4644
2124 4645
2124 4661
2124 4662
2124 4663
2124 3840
2124 4741
2124 4740
4106 3526
3526 4106
3327 34
3352 4171
4171 3352
2124 4744
1638 4171
3358 1946
1351 4767
3526 4074
4767 1351
4106 4074
3734 3896
4290 2599
2599 4290
4290 3718
1831 4761
4761 1831
2124 4761
4697 1809
1809 4697
4257 2599
2599 4257
4423 34
4763 3934
3900 4171
34 2412
4634 3320
3320 4634
3648 4290
3648 3584
4634 4761
4761 4634
4693 1831
1831 4498
4498 1831
4399 4498
4647 4768
4768 4647
1831 4693
1952 4769
4769 1952
2941 273
1828 4600
2599 4319
4319 2599
2599 4294
4294 2599
3012 3698
3698 3012
4498 4195
4195 4498
2066 2193
4634 4336
4336 4634
4688 2312
4553 4538
1333 1554
1554 1333
4171 4769
4769 4171
663 4634
4634 663
3648 24
34 4770
34 4771
4766 2312
34 4766
4294 4319
4319 4294
4290 4772
4772 4290
2599 4773
4773 2599
4359 2941
2941 4280
4280 2941
2941 4359
4755 4774
4774 4755
2599 4775
4775 2599
904 4171
4775 4634
4113 4196
2599 4739
4739 2599
663 1831
1831 663
1809 3277
4693 4777
4777 4693
4771 34
4634 4754
4754 4634
4253 904
2387 3902
3902 4283
4283 3902
3902 2387
4481 2564
2564 4481
4171 4647
3128 2288
3128 3970
3128 4314
3128 4778
3128 4356
3128 3968
3128 110
3128 3868
3128 4106
3128 3836
3128 3064
3128 2579
3128 4378
3128 4035
3128 4357
3128 4709
3128 3816
3128 3269
3128 2769
3128 4752
3128 3509
3128 3645
3128 4321
3128 4779
3128 3503
3128 4057
3128 3964
3128 4288
3128 4307
3128 4578
3128 3963
3128 3962
3128 4329
3128 3132
3128 4337
3128 3961
3128 4710
3128 4711
3128 562
3128 3960
3128 3668
3128 2839
3128 4712
3128 4553
3128 4713
3128 4265
3128 4714
3128 3959
3128 4340
3128 4196
3128 4715
3128 4503
3128 4030
3128 1507
3128 3956
3128 3955
3128 4777
3128 3953
3128 273
3128 4280
3128 4066
3128 4358
3128 3469
3128 3518
3128 2166
3128 4780
3128 3934
3128 4339
3128 3550
3128 4716
3128 1271
3128 4781
3128 4717
3128 3458
3128 4187
3128 4718
3128 4354
3128 2280
3128 2012
3128 3376
3128 3190
3128 4178
3128 3925
3128 1276
3128 3948
3128 4210
3128 3947
3128 3526
3128 4782
3128 629
3128 3946
3128 490
3128 3915
3128 4783
3128 3945
3128 4719
3128 4784
3128 3829
3128 4072
3128 34
3128 4720
3128 3059
3128 2599
3128 4785
3128 3742
3128 4416
3128 4316
3128 2902
3128 3625
3128 4721
3128 4722
3128 1294
3128 3940
3128 1850
3128 4284
3128 4067
3128 4369
3128 407
3128 3938
3128 3728
3128 2112
3128 2754
3128 3936
3128 3207
3128 2063
3128 362
3128 2245
3128 4723
3128 2429
3128 3933
3128 3932
3128 1614
3128 3631
3128 1848
3128 2483
3128 4724
3128 4725
3128 3655
3128 4726
3128 4727
3128 3900
3128 1932
3128 3929
3128 4647
3597 4786
4755 4569
4569 4755
4777 2062
4569 4693
4693 4569
4634 4352
4352 4634
4290 4634
4634 4290
4196 2011
2011 4196
2062 4634
4634 2062
4634 4775
4283 3980
3980 4283
2624 2941
2599 2941
2941 2599
1333 4634
4634 1333
4253 4787
4787 4253
4787 2599
2599 4787
4731 2599
2599 4731
4300 3775
663 538
538 663
4314 4788
4788 4307
1947 3749
3749 1947
34 4789
1333 4303
