68 98
2044 5568
360 1200
360 1655
360 12
4859 134
5527 134
4196 3654
3451 2044
2044 3451
50 5865
5865 50
50 2044
2044 50
2044 544
544 2044
3721 2044
5507 2044
5064 2044
5628 2044
2941 3629
2044 5507
2044 3721
34 5851
34 5866
34 5867
1351 1315
4117 3648
4648 2657
2657 4648
4648 5868
5868 4648
2044 5869
5869 2044
4531 3836
2044 1831
3639 1849
1017 2305
2305 1017
4531 5870
4531 5871
4531 5872
4531 5873
4531 5874
1809 4117
5826 95
95 5826
3713 3597
3597 3713
5629 5711
3721 5875
3896 4381
4381 3896
3896 95
95 3896
2933 4325
2933 5870
2933 4747
2933 4746
2933 4743
2933 4706
2933 4700
2933 4685
2933 4680
2933 4674
2933 4667
2933 5871
2933 4530
2933 5872
2933 4852
2933 5065
2933 5873
2933 3370
2933 5874
2933 5230
214 5421
4915 4171
4171 4915
1809 480
2387 4531
4531 2387
2044 2391
2044 2941
2391 2044
4531 5188
4531 5242
4531 5269
4531 3383
3718 480
480 3718
5448 3896
2933 3698
3648 1017
1017 3648
2933 5876
5577 3721
5577 5676
5577 5839
5577 5846
5577 5845
5577 5875
34 5877
5524 855
3344 4303
4303 3344
5824 2933
2933 5824
2193 869
2193 3877
2193 1946
1017 5878
34 4923
214 5706
5706 214
4552 4290
4531 5879
34 5880
5880 34
4531 5137
4531 3827
4531 480
3827 4531
1315 1351
2387 1393
2387 5456
4531 5038
5879 4531
4451 3827
3721 114
4531 5881
1017 1809
1809 4290
4531 1763
4531 1402
4531 2933
95 5824
5824 95
4315 3526
4171 5851
5851 4171
5456 1315
3721 5882
5882 3863
5882 3877
5882 3721
1315 5456
3896 4517
4517 3896
3639 3827
3721 5558
3721 5883
114 5883
3706 5883
1511 2821
1511 3706
1511 5524
3706 4204
34 5884
5577 3706
4531 5885
5885 4531
2391 95
95 2391
2391 2251
2251 2391
5764 1809
32 4610
4610 32
4531 4610
4531 4555
4531 5886
3812 4314
4314 3812
360 1849
360 4531
4531 5880
5880 4531
5880 4498
