109 154
3987 3981
3981 3987
1730 3987
3987 3039
4303 4558
4290 5468
4290 3316
4648 5469
5469 4648
3987 5470
2124 2986
5362 2986
2834 2724
2641 5471
5362 5310
2124 5472
4610 4188
4188 4610
4866 5472
5472 4866
5362 4290
5471 2641
34 5473
34 5474
5474 34
4610 5475
5475 4610
114 3608
5475 2804
5475 5476
4693 4290
5362 5476
5362 5470
3827 4865
4865 3827
1351 2232
5475 3012
3012 5475
4171 904
5362 5258
5258 5362
5362 4931
5362 5192
5362 5196
5362 5197
5362 5199
5362 5200
5362 5201
5362 5202
3987 2834
5412 5477
5477 5475
5475 5477
4243 5051
4243 4234
3428 1849
3896 4498
5459 5465
5465 5459
3706 4558
5438 3706
4558 61
4558 114
5439 3706
4498 3987
4498 3896
1564 4290
1564 3896
5464 3987
2821 3639
4990 5478
5478 4990
4514 5402
4990 4171
4171 4990
5479 4648
5475 5480
5480 5475
2044 5212
5449 5481
2641 4290
5310 5362
5475 5431
3987 5475
5475 3987
4290 5410
3706 544
5478 5482
5482 5478
5478 5483
5483 5478
544 3706
544 5481
544 3639
4832 5258
5258 4832
5362 3896
3492 5478
5410 4290
5459 5382
5382 5459
3450 415
415 3450
5362 5482
5362 5483
5362 4990
1351 5484
1351 5156
5482 5362
5483 5362
5478 5362
2044 5478
2044 5483
2124 5478
2124 5482
2124 5483
2044 4990
2124 4990
5074 5485
4384 358
3827 4381
4381 3827
5475 2999
2999 5475
4384 5
1351 5486
1351 1725
3896 3344
3344 3896
2044 5487
2044 5472
191 3918
5475 5488
5488 5489
5488 5362
5488 5475
5362 5488
5362 5478
5488 2044
2044 5488
4924 5490
5490 4924
4515 34
5362 2599
1362 4250
3877 3909
3909 3877
34 5491
5491 34
3827 2497
3987 4514
4514 3987
4881 5412
5412 4881
5412 3987
4196 5493
5493 4196
1809 5489
3896 3713
3713 3896
2044 5402
5402 2044
2044 3896
3827 4418
4384 4921
549 2066
5477 5494
4290 3827
4921 4384
4810 2396
2396 4810
4290 5479
5479 4290
1809 1333
1333 1809
2066 549
5315 4196
4196 5315
4290 4252
3896 4761
4761 3896
2066 4438
2641 2942
34 1647
1647 34
4758 2624
4866 3277
3277 4866
114 5495
1809 24
4196 5496
4196 4761
4761 4196
3451 4850
4850 3451
3896 3012
0 4920
3 5497
5498 3721
4924 3451
3451 4924
1017 5499
3451 5500
5500 3451
34 5501
34 5502
3451 3450
3450 3451
3827 4196
4693 5503
5503 4693
2062 2624
114 2012
5500 5504
5504 5500
2624 2062
2044 2027
2999 1831
1730 904
2044 4898
1333 2044
1809 904
1333 904
5403 1952
5496 4196
4384 3546
4384 1527
3648 5475
5475 3648
3827 4290
4693 3827
624 1266
1266 624
624 4520
4520 624
4196 3450
2942 2641
544 5505
5505 544
5505 1351
5505 3639
5505 4859
5505 3571
5505 4920
5505 3706
5505 5439
5505 1734
5505 5064
5505 2821
5505 4558
5505 5248
5505 4384
5505 1527
5505 5481
5505 5316
5505 5317
5505 5449
5505 3203
5505 114
5505 0
5505 5507
5505 360
5505 1511
1564 5505
2933 3277
1809 3896
3277 2933
4866 5465
5465 4866
2066 5465
5465 2066
3877 4558
4558 3877
4610 5315
5315 4610
4610 4924
4924 4610
4610 5509
5509 4610
1351 5510
5510 1351
1351 5505
114 5505
4498 5511
5511 2066
2044 5511
2066 5511
5507 5505
3639 5179
3639 5512
1351 5512
4514 4498
4498 4514
4859 544
114 2197
5439 5505
4898 2497
3706 5509
3639 2295
3639 1351
3639 544
3639 1511
3639 114
3639 3706
3639 4920
3639 2821
3639 5481
3639 5439
5514 4924
4124 4610
5507 1351
5507 544
1351 3469
1734 5515
5500 34
5449 544
3721 4384
5449 1351
2387 4135
5514 1351
5315 3827
1915 34
3877 4171
5471 5516
2124 5471
4924 3639
4171 3877
4517 4610
4610 2941
549 4196
5471 5517
5517 5471
3827 214
2066 3827
3827 2066
214 3827
2821 2213
2821 2027
5500 5315
2821 1692
2821 1734
4290 4552
5500 2295
5179 5518
3896 2066
2066 3896
3896 4130
4610 411
2869 5521
5521 2869
5248 5520
1669 5522
5522 1669
2295 5500
5524 4779
1351 5525
4779 5524
3877 5509
5509 3877
4898 5500
5315 5500
4924 2497
1809 5500
114 5526
3639 5526
5526 114
5526 3639
1734 5526
3639 5259
2066 2187
5524 1351
5481 5449
5527 2641
3706 2641
5522 3721
4610 3827
3721 1669
3877 3639
5491 3706
3706 5491
4552 4514
4514 4552
5525 3877
3877 4518
5315 4734
4734 5315
1809 5504
4558 5504
4558 1809
4610 4514
4610 3721
4514 4610
2387 3721
360 2387
0 2066
2066 0
1669 2016
1669 3743
1669 3721
4898 4610
3648 4188
4188 3648
5472 5487
4569 4188
4569 5464
4188 4569
3877 5513
5472 2497
5464 4569
4290 14
14 4290
4569 1017
1017 4569
2265 4693
1952 5529
3597 3896
3896 3597
3106 3896
3896 3106
3896 3277
3277 3896
3450 4569
4569 3450
4196 549
4384 4924
4924 4384
3877 5530
5530 3877
3450 1918
3450 3106
3106 3450
1351 1734
1351 5004
1351 3571
3450 5315
5315 3450
