93 63
1017 3713
3713 1017
5880 5887
5887 5880
3344 5448
3344 4290
3827 3344
3344 3827
2941 1315
2387 2391
3827 4498
4498 3827
3721 3344
3344 3721
3344 5524
3344 3706
3706 3344
2044 4593
4593 2044
4204 5524
2821 3721
2387 5868
4531 5800
4920 5642
34 5890
34 5891
1849 5448
5890 34
3639 222
34 5800
1828 1382
1849 4648
5315 4648
2941 3877
3877 2941
4314 4334
4334 4314
4648 1849
2933 2044
2044 2933
5839 4920
1849 5522
2387 5888
5456 2131
3819 2044
2044 3819
3827 5892
2124 5315
5514 5525
5514 4920
352 4531
4531 352
34 5893
5893 34
103 4196
4924 5810
5810 4924
5524 3344
34 2497
5832 5605
1809 4171
1017 5894
1809 2687
3713 56
34 5885
5885 34
3450 360
360 3450
1849 279
95 2941
95 4531
4531 95
5506 5895
5506 4384
5895 5506
34 5896
4531 5897
5899 4204
5899 5457
5898 5438
4531 2910
4196 2062
4531 5900
34 5889
5889 34
2941 3648
4514 5901
5901 4514
5895 1351
34 5902
3827 5844
3450 1892
1892 3450
1564 2302
32 5448
5448 32
1884 4648
4648 1884
4319 2941
2941 4319
4171 4517
4517 4171
3597 3987
4290 5903
5903 4290
2941 1051
1051 2941
1051 0
1351 1718
1051 34
5410 5352
5410 3965
5410 5412
5410 3749
5410 4648
3987 3597
5524 1734
5524 5527
5524 5064
5524 4859
5448 1849
2387 4303
4303 2387
3450 2941
2941 3450
2941 5844
2251 1831
5448 5901
5901 5448
4648 5613
3836 1017
5613 4648
