281 304
4591 5138
5138 4591
2044 3530
4839 1809
1809 4839
5227 5230
5230 5227
5230 3106
3106 5230
5230 3987
3987 5230
5212 5227
5212 2044
2124 5191
2124 5194
2124 5212
2124 5216
2124 5231
904 5191
904 5194
904 5212
904 5216
2124 5232
5233 3451
3098 5216
3451 5233
5234 3745
5230 3903
3903 5230
5230 4196
4196 5230
1952 327
2124 5230
3896 5230
4171 5230
4290 2305
5227 3039
3039 5227
4610 5227
5227 4610
4364 4610
4610 4364
3039 5235
5235 3039
5234 5236
5234 5237
5236 5238
5238 5236
5237 5234
5237 5236
5237 5238
5238 5239
2124 5238
2124 5239
4558 5238
2124 5236
4558 5236
4558 5239
2124 5234
5226 5240
5240 5226
4397 5241
5241 4397
2124 5242
5024 5241
5241 5024
4839 5241
5241 4839
32 3106
3106 32
3106 1333
1952 1732
4839 5243
5243 4839
3836 1333
5024 5244
34 5228
34 5246
34 5247
5241 5245
5245 5241
3629 4196
4196 3629
279 4498
2641 3830
5024 4250
4498 279
5027 5248
5027 5249
5248 5027
5248 5249
5248 4171
5249 5248
5249 5027
5244 5024
4360 4333
4290 4369
4237 4591
5244 5250
5250 5244
3629 904
904 3629
4883 5024
5024 4883
4552 279
279 4552
2377 5251
2124 4634
2044 5244
5247 34
1323 5250
5250 1323
4693 1051
624 3451
624 1809
3648 2109
1051 4693
5226 5250
5250 5226
1315 4196
3648 4498
4498 3648
5024 4839
4290 5024
3713 1801
4290 4839
4839 4290
5024 4290
4561 279
279 4561
4839 279
279 4839
4649 4524
4524 4649
279 2999
3648 2999
2999 279
5226 34
904 4196
2302 3451
5233 2302
345 5226
4303 4171
4936 4708
279 5253
5024 279
279 5024
4924 4118
4118 4924
3698 279
4290 279
279 4290
279 4837
4837 279
3724 3444
4196 3544
3544 4196
5226 5254
5254 5226
5226 345
34 5235
34 1764
34 5255
5254 4553
5102 5226
5226 5102
3655 3544
3544 3655
4314 5220
4118 2317
2317 4118
5142 5120
5120 5142
4130 4498
4498 4130
904 1564
1385 2295
2302 5256
2634 5257
5256 2302
5257 2634
4924 4196
4196 4924
467 5254
5254 467
3987 3718
3718 3987
3909 624
624 3909
1884 904
904 1884
4498 5024
5024 4498
4552 904
5250 3733
1501 2303
2303 1501
4290 4849
4849 4290
3896 4942
4942 3896
1362 158
5227 5211
2933 4171
2124 704
12 704
92 5259
5259 92
3544 4832
4832 5174
5174 4832
2312 2041
2312 4766
2312 5260
3836 3896
4832 5227
5227 4832
2124 5261
5053 5226
5226 5053
3098 5262
5233 3803
2634 5263
4561 5145
5145 4561
5150 3879
3879 5150
3879 5223
5223 3879
5223 2377
468 3698
3698 468
5024 5226
2041 2312
4171 50
50 4171
50 5256
5256 50
4171 5223
5223 4171
2634 5223
5223 3421
3421 5223
4839 4832
4832 4839
4832 3629
3629 4832
34 5264
1918 2999
904 3698
3698 904
4832 3909
3909 4832
4832 704
4832 4196
4196 4832
2387 5266
4314 5217
5264 34
2999 1918
549 4832
4832 549
4832 4693
4553 5254
4553 5267
2044 5268
5268 2044
4832 2624
2624 4832
904 1017
2124 5269
4171 5268
2124 1584
4196 3193
5270 4001
3271 1017
4196 2900
2834 5271
545 1849
5102 50
50 5102
2232 4196
4196 2232
4693 1730
4693 4832
445 4196
4196 445
5227 4693
4693 5227
4319 4883
3648 5140
5140 3648
5227 4196
4832 4592
5024 4592
2387 4832
4196 5227
2387 2317
5024 5140
4849 1017
1017 4849
624 5226
3017 3775
5226 624
2398 5187
4561 34
2124 5272
2386 3775
4171 3775
4171 3512
5268 4171
4171 145
145 4171
4364 4591
4290 4196
4196 4290
4171 4591
2109 4591
5266 2387
4531 4558
34 5226
34 5273
34 5274
2124 5275
4832 2641
2641 4832
3450 4591
3803 5227
5227 3803
2124 5276
2304 4001
4001 2304
4001 2376
3896 3228
3228 3896
4001 5270
5266 3803
3803 5266
4773 5266
5266 4773
5102 4832
4832 5102
2317 1564
4118 3896
3896 4118
214 3655
5268 5277
5277 5268
3724 904
5260 2312
1730 4693
4171 5278
5278 4171
4171 3597
4634 5279
5279 4634
3780 4832
4832 3780
1507 549
549 1507
2124 5280
4832 214
214 4832
4832 3228
3228 4832
4778 4265
4314 5281
5281 4314
1818 1017
3724 5282
5282 3724
4171 4648
4832 3544
4832 3597
3597 4832
2834 1730
1730 2834
4832 3450
3450 4832
3713 5283
5283 3713
4832 4552
4552 4832
1952 3988
4837 5284
4837 5285
5285 4837
3451 1584
987 2376
1584 3451
2124 5287
2109 2011
2011 2109
4757 5287
2124 5288
2124 5284
5285 5289
5289 5285
2124 5290
2304 5286
5286 2304
2295 3809
4196 3316
2109 4693
4314 5291
4648 5292
5292 4648
34 5293
5291 4314
2124 5294
4832 3903
3903 4832
5285 5227
5227 5285
5227 5295
5295 5227
4290 5296
3098 5296
4558 1669
4266 3987
4924 5297
5297 3987
5297 4924
3718 5298
2062 731
731 2062
3987 5299
4510 1937
1937 4510
5254 5285
5285 5254
4832 5296
5296 4290
3451 1849
2124 5300
4319 2130
2130 4319
2130 5254
5254 2130
4290 1831
5133 34
2295 4568
4568 2295
3896 5102
5102 3896
4569 4196
5285 5301
5301 5285
2124 5302
279 3698
4171 3956
5282 3914
4171 5303
3896 5279
5279 3896
3896 4250
4610 5297
5297 4610
2641 279
279 2641
467 279
279 467
3836 3819
2295 4770
4770 2295
4634 3896
3896 4634
4648 5279
5279 4648
1929 1849
279 5297
5297 279
279 549
549 279
1809 5304
3451 5304
5285 3428
3428 5285
5285 4770
3896 5293
5293 3896
279 159
159 279
279 3629
279 1564
3629 279
3896 1564
1564 279
2295 5274
5274 2295
5274 3987
4314 4221
3836 4359
4359 3836
3218 1017
279 5258
5258 279
279 5306
5306 279
4510 3424
