63 141
1756 1316
34 1835
1351 1554
1554 1351
904 1836
1333 1837
1837 1333
1837 34
1832 904
1582 1809
1809 1582
1752 1498
1184 1838
1838 1839
1838 1184
904 1840
1840 904
1839 1838
424 1839
1839 424
904 464
1674 1713
1713 1674
1763 1768
1713 1838
1838 1713
1819 538
538 1819
1841 1316
1316 1841
1614 1841
1768 1763
1402 1771
1316 34
1768 1565
1841 1614
1841 1486
1619 1583
1583 1619
1486 1555
1486 1841
1711 1842
1843 1842
1842 1711
1316 1200
134 1844
1280 1656
1584 1351
1752 1781
1781 1752
1385 1810
1770 12
0 822
1842 1843
0 539
1200 1845
1564 103
1486 1846
1846 1486
103 1564
1718 1846
1845 1689
1845 28
1689 1845
12 492
492 12
1655 1184
1184 1655
1583 1661
1351 1584
1809 1847
1200 24
1847 1809
1676 111
111 1676
134 904
1828 1619
1316 1828
1828 1316
1832 1751
1316 881
1316 1848
1316 1849
1849 1316
1751 1832
1844 1768
1844 134
1351 238
1486 1511
1511 1486
1316 1784
1614 1784
545 1509
1772 522
1770 1850
1850 1770
1446 0
1692 1509
1547 1764
1764 1547
1848 1316
1770 1851
1851 1770
1184 1333
1333 1184
303 1787
1787 303
1852 1770
1486 24
321 1853
1486 1854
1770 1772
1772 1770
1801 1347
1692 1486
1770 1347
1347 1770
1770 1855
1855 1770
1852 1584
904 1676
545 1221
1221 545
591 1347
1347 591
904 1852
1584 1852
1689 1852
1784 1316
1784 1614
308 0
308 904
0 1713
1676 1856
6 1857
1542 1858
1858 1542
1700 522
522 1700
1676 1244
1244 1676
1856 34
34 1856
1756 1365
1365 1756
1676 1859
1859 1676
1385 1509
1700 1743
1743 1700
904 1860
1859 522
1860 904
1676 1825
1611 1770
1770 1611
1808 394
1584 1511
308 1861
1385 1861
308 1713
25 1862
1385 1713
1486 1385
1713 308
1356 522
308 1676
1584 1545
1862 25
1545 1584
1184 1863
1863 1184
1743 12
12 1743
1770 1864
1864 1770
881 1316
881 0
522 1356
522 1866
522 1382
1584 303
1865 1770
1770 1865
1184 1867
34 1837
34 1868
1868 34
881 1859
1859 881
881 24
1685 1619
1867 1184
881 1869
881 1584
1745 1770
1743 845
1486 1810
1810 1486
845 1743
1743 1870
1770 1745
1486 1382
1316 1462
1462 1316
1818 1743
1743 1818
1770 1743
904 1872
1872 904
881 904
1770 1873
1873 1770
1351 1752
1689 1874
545 1875
545 1347
1347 545
1874 1689
1875 545
1871 1743
1743 1871
1333 1743
1743 1333
1714 1347
1347 1714
1356 545
845 1770
1871 1770
1770 1871
1770 845
1770 1870
1870 1770
1347 1316
1316 1347
1839 1481
1481 1839
904 6
6 904
414 1491
1491 414
1770 1764
1764 1770
1655 1876
1655 1385
1810 1655
1538 1614
1689 1877
1877 1689
1810 1511
1511 1810
34 1878
0 1315
1619 1685
1619 1828
1385 1619
1638 536
1872 1879
1879 1872
1872 1880
1526 545
545 1526
1880 1872
1712 1000
1879 1770
1770 1881
1881 1770
545 1879
1872 1859
1859 1872
1878 34
1317 1876
1878 1770
1770 1878
1584 1882
1882 1584
1863 522
308 24
1753 1316
1316 1753
904 1879
1879 904
1316 134
1770 1883
1883 1770
1106 1884
1884 1106
1676 1884
538 1553
1885 255
1884 1886
1555 1676
1676 1555
1886 1884
1875 522
255 522
1316 1554
1554 1316
904 1887
881 1692
881 1887
1884 1676
904 1888
1888 904
522 1863
56 0
1859 1888
1888 1859
1888 522
522 1859
522 1888
904 881
522 1890
1890 522
545 1891
1891 545
1614 1538
1887 881
1859 1887
545 522
1859 1584
1872 522
1316 12
12 1316
34 1893
34 1883
1871 1872
1872 1871
1871 545
545 1871
1893 34
1872 545
545 1872
1871 1839
1839 1871
545 1894
1894 545
1895 545
545 1895
1777 1511
1511 1777
1896 34
1895 522
1859 1777
1464 1897
1897 1464
1887 904
1565 1200
1565 1385
1486 1565
1385 1486
1316 1565
424 1565
1200 1565
1692 881
1486 904
1628 904
1316 1628
1628 1316
1754 34
1898 1899
1899 1898
1899 34
34 1899
1743 1754
1743 1900
1900 1743
12 1901
1901 12
1692 1365
1365 1692
538 1901
1901 538
1872 1743
1743 1872
1712 904
904 1712
1385 1768
1511 1743
1743 1511
1743 522
1773 522
1773 35
1685 1859
1859 1685
1872 1898
1898 1872
0 1859
1872 1891
1891 1872
1743 1043
1043 1743
522 1674
1674 522
522 1902
1902 522
1859 0
1764 522
1809 1618
1618 1809
1770 1903
1903 1770
1564 1712
1712 1564
1895 1712
1712 1895
12 424
881 177
1843 1875
1875 1843
1561 1904
1893 1899
1899 1893
1583 1905
1905 1583
904 1906
1906 904
1810 904
40 536
536 40
1347 1801
1905 1907
1907 1905
12 1908
1908 12
1887 1859
134 1805
1805 134
12 1909
1909 12
1584 1910
1395 1910
538 1910
1910 538
1528 1770
1200 1752
538 24
308 1752
12 1752
1184 1555
1555 1184
1768 1912
522 1913
1914 1280
1914 1915
1280 1914
1628 1777
1912 1768
522 1564
1564 522
904 308
904 1752
201 1619
1619 201
1486 111
1915 1914
1916 1809
1801 1356
1356 1801
1906 34
1743 1917
1917 1743
1898 1918
1918 1898
1743 1919
1919 1743
1385 1565
1893 1920
1743 1921
1921 1743
1280 34
34 1280
1921 176
176 1921
1770 1528
1712 1770
1770 1712
1524 1770
1280 1743
12 1922
1922 12
1770 1920
1859 1923
1923 1859
1770 1564
1564 341
341 1564
1920 1893
1859 1805
1805 1859
1910 1385
1692 1921
56 1920
1920 56
1584 1924
1924 1584
1768 1689
34 1925
34 1915
34 1917
1875 1926
1911 1244
34 1927
1927 34
1584 1891
1891 1584
1753 1911
1911 1753
1772 1920
1920 1772
904 1356
545 1356
1921 822
822 1921
1921 1875
1875 1921
1244 1911
1816 1772
1772 1816
1315 56
904 1692
1692 1674
1692 1538
1692 177
1692 0
1692 1676
1692 1554
1891 1928
1917 34
1928 1891
1926 1875
56 1922
1922 56
