59 55
6 34
59 192
192 59
59 193
193 177
193 59
177 193
6 194
194 6
28 59
61 195
195 61
59 28
59 190
6 155
155 6
59 197
59 198
198 59
6 199
199 6
131 197
197 131
34 6
193 200
200 193
99 201
201 99
141 202
202 141
6 203
141 59
6 109
59 204
205 200
200 205
206 6
199 61
59 74
74 59
74 6
59 208
6 209
209 6
141 142
142 141
59 141
6 205
148 208
119 6
6 206
6 95
103 178
199 178
148 178
95 6
55 59
201 210
199 12
12 199
210 201
103 148
148 103
103 59
148 61
166 210
205 6
201 211
211 201
211 208
59 211
211 59
100 133
59 212
212 59
133 100
211 6
211 131
211 28
142 152
152 142
34 109
134 213
142 214
214 142
28 211
6 211
134 151
6 178
38 148
148 38
213 215
215 213
173 111
152 201
28 119
59 216
59 217
217 59
208 211
216 59
216 2
134 178
175 218
218 175
218 109
175 219
0 222
59 0
59 6
38 1
201 175
175 201
59 223
0 224
224 0
224 208
28 0
28 218
218 28
0 131
0 226
226 0
59 227
224 44
59 213
198 184
184 198
59 229
59 230
230 59
6 231
0 103
103 0
32 0
61 148
28 170
205 232
232 205
231 6
59 207
207 59
205 233
233 205
234 6
221 6
103 201
201 103
201 235
235 201
201 236
236 201
148 237
237 148
38 238
238 63
238 38
201 134
134 201
1 6
1 59
1 61
1 76
6 1
6 38
6 40
6 20
6 71
6 61
207 61
205 239
239 205
61 207
230 240
38 142
142 38
240 230
59 241
241 59
134 1
203 6
0 63
63 0
201 243
243 59
201 55
55 201
163 59
59 163
203 79
55 113
148 79
0 244
240 79
34 245
245 34
0 246
246 0
79 240
79 63
79 203
79 148
79 80
227 59
71 20
34 247
247 34
243 244
244 243
244 249
249 244
59 250
59 249
249 59
6 174
165 205
205 165
59 243
165 157
214 248
248 214
