562 569
373 774
578 272
272 578
827 544
442 935
774 373
177 936
936 177
884 852
774 831
852 884
926 831
831 926
404 905
831 905
237 905
474 524
524 474
767 575
575 767
906 905
779 25
937 922
907 938
94 939
938 907
741 143
837 941
626 38
884 902
902 884
686 927
942 943
943 942
922 919
734 18
283 853
884 945
945 884
896 533
896 534
800 946
946 800
888 442
442 888
124 107
940 22
6 947
947 6
794 34
34 794
613 706
936 25
25 936
201 947
947 201
798 948
373 949
949 373
260 950
950 260
713 724
734 831
345 930
921 893
725 831
725 879
879 725
916 951
951 916
124 170
170 124
398 272
272 398
713 831
756 953
953 756
930 345
756 103
415 831
831 415
103 756
931 927
688 954
831 955
893 921
831 956
955 831
956 831
831 933
242 389
831 741
741 831
831 958
958 831
831 959
649 201
201 649
6 128
907 960
831 919
960 907
728 831
891 6
922 401
401 922
6 962
962 6
401 960
960 401
963 6
907 931
931 907
831 893
501 272
272 501
933 831
283 800
170 272
942 965
272 170
846 966
965 942
966 846
272 533
533 272
769 967
967 769
577 884
884 577
967 828
272 766
766 272
831 934
922 352
352 922
934 831
704 826
826 704
922 924
924 922
769 964
416 6
800 968
800 283
201 824
824 201
272 966
966 272
197 966
966 197
545 969
969 545
197 533
713 970
968 800
902 971
741 972
605 415
415 605
971 902
972 741
536 143
143 895
143 536
724 973
973 724
34 893
34 974
34 975
609 976
976 609
415 801
801 415
976 922
922 976
922 952
952 922
924 221
221 924
401 977
978 977
977 401
949 34
893 979
780 826
826 780
972 980
769 415
415 769
980 972
980 981
981 980
981 982
983 769
627 272
373 930
936 609
609 936
294 984
952 642
984 294
731 558
558 731
939 94
632 553
940 925
925 940
810 916
916 810
952 985
985 952
474 754
754 474
442 884
754 884
488 986
986 488
248 240
345 987
6 837
769 488
488 769
754 988
553 632
987 345
988 754
272 631
631 272
724 989
982 981
983 778
989 724
954 688
592 990
202 112
911 929
983 229
553 584
714 992
202 993
731 907
992 714
993 202
907 731
993 646
417 488
545 272
272 545
488 417
584 553
143 272
272 143
417 929
478 522
522 478
843 994
522 358
358 522
345 939
930 373
930 6
615 677
684 990
605 904
112 202
754 995
995 754
631 553
553 631
272 977
837 996
769 272
272 769
904 605
272 627
631 998
983 649
998 631
201 534
884 754
884 442
942 577
577 942
831 856
553 999
999 553
571 548
856 831
631 819
731 467
467 731
902 942
942 902
831 272
272 831
1000 272
1000 491
1000 1001
548 571
1000 1002
1002 1000
977 1003
1003 977
491 1000
1001 1000
272 1000
907 924
924 907
138 997
1000 927
927 1000
837 6
922 860
831 826
491 1005
1005 491
741 1006
1006 741
922 1007
922 966
831 1008
491 732
732 491
966 1009
1009 966
38 626
272 1010
860 922
1010 272
536 1009
553 1011
1009 536
1011 553
686 907
201 780
1009 831
831 1009
780 201
201 255
255 201
903 994
907 922
994 903
924 966
521 112
922 907
907 1012
966 924
823 1014
1014 823
6 930
831 24
112 56
971 986
986 971
907 1015
831 1
1015 907
1012 907
3 12
907 1016
1016 907
1 201
356 916
201 1
916 356
924 631
631 924
776 20
916 297
201 806
556 536
924 229
806 201
605 631
924 1017
1017 924
1017 1018
1018 1017
903 874
874 903
831 952
556 1019
1019 556
1019 536
875 352
952 831
1018 1019
916 1020
1018 895
1020 916
903 475
1018 631
631 1018
475 798
798 475
831 728
1019 1021
1021 1019
907 831
831 907
922 1022
831 1023
1023 831
1022 922
1024 625
1023 907
826 831
625 1024
625 467
927 831
831 927
725 1025
1026 831
924 1027
1027 924
774 1028
1025 725
774 1029
924 468
468 924
996 837
706 1030
1030 706
983 201
831 769
959 831
831 1026
831 1031
680 633
633 680
1031 831
975 34
831 1032
1032 831
903 831
831 240
488 1025
1025 488
488 924
924 488
924 831
959 977
831 1033
649 983
778 983
907 1023
977 959
977 1012
1012 977
474 852
448 1034
677 949
272 63
906 1035
893 1036
893 1037
713 907
1035 906
12 3
1028 774
852 474
1012 1038
201 983
949 677
627 605
605 627
149 40
522 1012
1012 522
1038 1012
778 143
143 778
939 345
1036 731
925 475
475 925
1019 759
1004 1039
6 1040
475 1041
1041 475
1039 1004
474 539
539 474
475 315
831 850
850 831
1012 1004
1004 1012
831 961
942 833
961 831
942 834
831 1043
1043 831
627 866
1008 831
1004 1044
1044 1004
208 901
352 1045
831 1046
927 1012
1046 831
1012 927
1008 1047
1004 1047
1047 1004
1047 1008
831 607
607 831
177 1048
831 1004
831 1049
1049 831
177 1050
1050 177
1012 1047
1047 1012
831 924
177 1051
1051 177
1048 177
924 919
1051 59
919 924
924 1012
1012 924
919 1050
1050 919
919 724
919 294
919 922
919 920
834 942
919 831
921 605
605 921
1008 1052
552 699
919 1053
1053 919
741 1025
1025 741
831 936
1007 1054
1054 1007
18 63
18 3
18 324
18 6
18 22
18 0
1039 804
1007 1055
1055 1007
1056 732
1004 1049
831 914
914 831
1049 1004
1042 1013
1013 1042
1004 1013
1013 1004
532 831
1013 776
475 804
483 1057
1057 483
1039 475
1007 1058
71 131
1052 1008
1007 151
1052 40
1009 852
852 1009
831 1059
1059 831
1059 958
936 1025
1025 936
936 1052
1052 936
936 1060
1060 936
981 1061
155 12
12 155
907 1004
1004 907
981 987
977 1062
1062 977
907 1025
1025 907
1004 1003
715 572
1042 1025
1058 1007
272 762
885 831
108 1049
1025 1042
663 271
974 906
906 974
754 865
956 977
208 633
633 208
262 22
616 907
651 575
575 651
498 831
519 906
906 519
565 831
1005 831
831 1005
417 16
731 143
16 417
143 731
677 615
545 876
957 1064
1064 957
876 545
650 349
349 650
112 1065
1065 112
907 491
907 866
819 907
907 991
881 729
907 953
953 907
987 981
907 819
532 1067
479 1062
1062 479
532 141
141 532
224 1068
208 1069
1068 224
1069 208
318 729
1061 1070
1061 981
1049 108
483 844
844 483
532 529
208 1072
63 831
1072 208
625 0
142 1067
483 140
140 483
1042 483
732 1073
1073 732
1073 966
759 1074
1074 759
888 759
20 283
759 1075
1073 907
732 1072
1072 732
800 1076
1076 800
1025 961
961 1025
800 20
907 845
845 907
725 1077
1077 725
1077 1078
1078 1077
759 1019
1077 1079
1079 1077
1077 1080
1080 1077
1077 1081
1081 1077
1077 1082
1082 1077
1018 907
907 1018
907 713
1021 1083
907 1072
1077 1084
1084 1077
1044 1083
1072 907
1083 1044
1077 1085
1085 1077
227 907
731 831
1077 1086
1086 1077
1077 1087
1087 1077
605 907
759 1083
1083 759
625 759
1077 1088
1088 1077
776 1013
1027 585
585 1027
1071 544
373 987
373 1089
1089 373
987 373
34 949
483 532
294 1090
979 491
1062 1091
1091 1062
1091 907
1091 1092
1092 907
491 831
269 831
63 1093
1093 63
572 715
142 773
491 1093
1093 491
143 1072
1072 143
12 831
1007 922
491 1091
1091 1094
491 1065
1065 491
1007 1095
1095 1007
1095 1096
1096 1095
852 393
627 899
393 852
899 627
1091 393
467 491
393 1091
491 467
341 881
881 341
352 1042
1042 352
1072 491
491 1072
456 776
724 906
906 724
1025 537
1020 1011
1020 1099
1099 1020
491 1097
1097 491
6 880
1098 881
880 6
491 1100
1100 491
1101 382
185 488
713 1102
1102 713
1091 1103
1103 907
1091 283
283 907
283 1091
1091 971
971 907
1104 966
1091 491
491 907
575 103
966 1103
1103 966
1091 1105
1105 907
1105 1091
197 922
922 197
63 1106
1106 63
1106 928
966 793
793 966
536 197
491 1107
197 536
341 1093
1093 341
1107 491
1091 922
460 461
345 61
1073 1041
382 1101
1091 202
202 1091
1091 803
803 907
1091 974
974 907
974 1091
922 1108
1108 922
922 912
912 922
1007 1099
1025 831
1029 774
1029 34
495 1109
1109 495
816 1110
1110 816
971 515
515 971
952 1111
1111 952
1111 34
424 12
1104 776
1091 1112
1098 952
952 974
1112 907
974 952
1091 1113
1113 1091
1112 1103
1103 1112
538 850
1091 303
303 907
6 197
6 329
506 215
1042 197
197 1042
1099 1007
491 1115
1103 1115
491 1116
607 909
909 607
1116 491
491 1112
345 831
1112 491
488 185
214 352
352 214
491 713
713 491
961 519
519 961
1045 59
1045 352
1042 871
922 393
1042 1117
1117 1042
903 18
666 18
112 521
907 974
907 605
907 1105
1064 1118
852 907
6 131
724 159
850 994
483 1119
1119 483
532 6
6 532
591 227
227 591
981 949
826 897
897 826
345 1120
952 921
536 468
468 536
159 724
921 952
921 1121
451 159
159 451
1120 345
230 1122
971 759
1121 921
491 1113
1113 491
568 881
774 1123
1123 774
461 575
461 460
881 1124
904 112
1124 881
112 904
686 519
521 445
779 774
881 1118
1091 454
1118 881
1118 208
208 1118
208 1125
1125 208
966 1104
1091 1126
1126 1012
1126 1091
1017 983
1091 1035
1035 1091
725 1012
1091 725
265 1127
1127 265
1106 1128
1042 1129
483 1042
966 1118
1042 1128
1128 1106
1128 1042
1018 1054
483 686
672 715
715 672
536 1131
767 1132
1132 767
881 1098
0 1133
952 1098
6 905
1129 1042
1118 269
1133 1132
1133 0
1132 709
709 1132
34 1135
34 1136
961 724
774 779
1012 1091
1091 1012
1094 1091
724 961
724 1137
1094 907
1004 1138
1099 724
536 774
724 1099
1138 1004
1138 1139
1138 1140
1138 1141
1138 1142
1142 1143
1142 1139
1142 1138
1142 1144
112 1042
1042 112
451 271
769 983
271 451
451 1097
1097 451
569 1145
1145 569
633 1146
803 1138
803 1142
803 1144
709 1138
709 1142
63 308
1144 709
1144 803
709 1144
961 1134
1134 961
63 1144
785 862
63 1142
63 1138
1132 1144
442 1147
308 63
1146 1148
1004 1104
404 1149
1149 404
404 1150
1148 1146
922 686
1027 1151
1151 1027
881 961
1066 626
766 1042
994 1152
1152 994
961 686
686 961
1042 766
1131 536
936 961
961 936
197 6
1104 1004
928 1106
6 944
1017 1153
709 308
308 1154
308 536
626 1066
774 1155
536 1156
1156 536
1155 774
971 921
921 971
672 1157
780 1126
1126 780
769 1022
957 831
633 956
569 1158
1158 569
1158 1159
957 1128
1128 957
1129 709
1159 1158
519 1160
519 686
1070 1061
1157 672
1067 1161
1067 1162
1162 1067
208 6
6 208
208 1163
1163 208
977 956
536 0
874 922
922 874
591 201
1066 987
987 1066
1164 534
1153 1017
536 905
308 905
625 1075
1132 1133
949 981
0 2
0 7
0 196
0 59
0 40
0 38
0 32
0 5
0 9
534 1164
34 1111
63 1139
1160 519
415 961
961 415
386 1165
1165 386
1027 1166
1166 1027
709 415
415 709
957 1167
1167 957
260 654
654 260
96 1163
1163 96
269 1118
699 552
1118 1169
1169 1118
1170 1055
1055 1170
1129 977
352 133
483 592
221 977
977 221
592 483
28 1171
1035 454
831 12
831 308
831 63
360 256
269 61
1093 1172
269 1173
537 1025
1099 922
916 339
0 269
269 0
687 112
112 687
663 1161
269 92
197 958
977 978
916 1174
1174 916
362 1175
1175 362
958 197
1047 208
208 1047
271 663
272 1176
1111 1177
961 881
1061 1178
536 521
521 536
272 779
779 272
1178 1061
627 271
271 627
852 521
521 852
1095 1179
1179 1095
536 1180
1180 536
316 536
536 316
18 545
18 734
545 18
881 6
177 893
893 177
177 1039
1039 177
1176 272
177 1181
1181 177
936 660
1039 663
660 936
1179 831
1161 774
1161 1067
1161 663
1099 1131
1131 1099
971 435
569 1168
1168 569
1099 1027
1027 1099
203 1167
1167 203
398 578
578 398
977 1180
1180 977
904 578
578 904
577 1099
1099 577
881 576
576 881
28 382
435 971
108 1183
535 1184
756 1185
1185 756
1185 1186
1186 1185
1186 1187
1187 1186
345 655
655 345
539 833
554 849
539 834
576 928
316 650
650 316
650 1188
1188 650
405 1189
1189 405
499 1190
1161 1191
1191 1192
1192 1191
1004 1193
1193 1004
1161 1194
1194 1161
352 534
534 352
663 646
1164 1017
1017 1164
1191 1161
767 1195
1195 767
1190 499
1195 1196
1196 1195
38 841
841 38
38 786
643 786
1182 1198
198 12
12 198
787 633
633 787
352 1199
1199 352
1199 1200
1200 1199
774 1161
774 1165
1201 1161
1052 1203
1203 1052
1191 831
831 725
1161 1204
1204 1161
1204 1205
521 16
1205 1167
1167 1205
831 565
831 1025
831 731
831 491
831 957
1103 501
1206 831
16 521
1161 1207
1207 1161
1165 774
1064 869
869 1064
1064 1208
1208 1064
1208 1109
1199 1209
1109 1210
831 1206
1027 1199
1211 1199
1199 1211
1199 1027
942 71
71 942
294 831
831 269
570 1212
445 1213
1161 1214
1214 1161
569 672
672 569
63 311
311 63
1201 1215
1161 1216
1209 1199
1216 1161
22 1217
22 940
22 1218
22 0
22 1219
1213 445
1161 1220
1220 1161
1161 1201
12 1221
12 1222
1221 12
1161 1223
1222 12
922 937
922 1099
1223 1161
1161 1224
1224 1161
1219 22
170 993
993 170
1161 1225
1225 1161
12 1225
1225 12
269 1206
1213 1226
1042 1161
35 1227
1161 1042
1197 1228
578 71
71 578
1106 1226
1217 1218
1197 1229
1229 1197
539 922
922 539
641 1230
922 1231
1231 922
643 24
633 1226
1198 1182
1227 35
631 1232
1232 631
631 728
728 631
1099 1233
1233 1099
774 1234
774 709
591 774
774 591
1218 22
1218 1217
1218 262
709 774
1236 1237
1216 1238
1216 1224
1042 650
1236 1216
576 451
451 576
1238 1216
1216 1236
1224 1216
1206 521
1206 1225
1206 269
934 1239
1239 934
521 1206
1099 945
945 1099
1229 1240
1240 1229
1240 1241
1241 1240
1225 1206
112 1206
1234 774
1215 1201
898 1238
1238 898
1238 1229
1238 1242
1242 1238
1242 633
922 607
607 922
893 349
349 893
536 349
349 536
633 1242
1242 1225
501 1103
633 1243
1083 1099
1099 1083
633 1106
1106 633
1243 633
977 1244
1244 977
1225 1242
1242 1200
1226 633
1226 1106
1200 1242
3 1245
1206 112
119 1246
208 1221
1221 208
1246 119
1024 977
977 1024
1161 1247
1247 1161
1099 903
903 1099
1242 1161
907 1093
1093 907
1161 1242
1248 1161
1161 1248
364 1249
893 1251
1251 893
1246 1250
1250 1246
269 633
633 269
829 1252
1252 829
776 977
569 1235
560 1253
1253 560
1197 1196
1248 1254
904 549
1254 1248
549 451
451 549
1099 451
451 1099
1249 364
208 549
549 208
881 1255
1255 881
977 627
627 977
1219 2
977 776
1161 1103
1103 1161
687 713
713 687
576 1093
1093 576
907 1256
1161 780
780 1161
780 666
1256 907
1027 1225
1225 1027
1161 1256
1256 1161
1256 666
666 780
560 1230
666 1256
1230 560
1230 641
904 1161
787 786
787 24
1093 591
790 1093
1093 790
591 1093
1216 1197
521 1257
1257 521
1197 1216
1216 1258
1258 1216
1036 1259
1259 1036
1259 1260
1259 1165
1165 1259
1256 383
383 1256
538 0
0 538
112 71
71 112
71 666
666 71
6 1165
1261 663
1165 6
1216 1262
1262 1216
1161 1263
1216 1263
1263 1161
1263 1216
1161 1264
1264 1161
1161 1265
1265 1161
1265 1238
1238 1265
1236 1093
1093 1236
928 576
1235 569
303 928
928 303
1228 1197
1228 1161
1161 1228
71 1161
1161 71
1197 1261
1261 1197
1161 352
1161 1261
1261 1161
1256 922
922 1256
922 591
352 492
492 352
591 922
591 633
633 591
1161 776
776 1161
633 1268
904 492
34 944
1268 1269
944 6
1238 1252
1252 1238
834 539
1238 1256
1238 776
776 1238
521 725
907 3
3 907
3 1256
1161 904
1268 1036
1036 1268
1161 1268
1268 1161
227 324
324 227
1161 1270
1270 1161
324 1271
1271 324
1271 1272
1272 1271
1036 1256
1256 1036
1063 1273
916 1267
1267 916
1273 1063
1269 1268
1041 1073
536 1262
1262 536
941 1274
1274 941
1256 1262
1262 1256
785 1206
491 728
728 491
907 1073
1256 831
3 831
1063 1275
1275 1063
1267 1276
1256 1277
1277 1256
134 1276
634 1278
1278 634
881 634
1042 269
269 1042
1164 1279
1279 1164
966 1073
1153 1042
1042 1153
213 1063
1063 213
1042 537
537 1042
1212 570
881 1256
34 922
922 34
1089 34
34 1089
6 1280
18 903
18 666
1280 6
904 1276
881 1281
1281 881
536 1282
1282 536
1250 1283
1283 1250
3 712
3 422
3 61
1256 3
242 1280
1256 1281
1281 1256
1280 242
12 620
620 12
592 6
6 592
6 1097
1173 269
728 1256
1256 728
922 881
881 922
6 881
922 1284
1284 922
1216 774
940 28
881 924
226 924
924 881
924 226
924 904
904 924
1146 1286
521 663
521 713
663 521
800 1130
800 1256
1256 800
713 921
1093 1241
1241 1093
1063 852
1065 663
663 1065
852 1063
640 714
924 1251
1251 924
924 545
774 1287
1256 1288
1288 1256
545 924
1243 1064
734 845
845 734
924 1065
1065 924
1052 924
924 1052
1287 774
308 646
646 1289
1289 646
1093 260
260 1093
190 1290
491 1266
1266 491
1290 190
1290 1276
1291 203
203 1291
1276 1292
1276 907
1276 134
1276 1290
1276 904
1292 134
1292 1276
262 1218
539 625
625 539
1260 1259
34 1293
34 1294
1294 34
6 1222
451 1269
1269 451
491 1295
451 1296
1222 6
1130 800
1093 1297
1297 1093
467 1289
1289 467
491 1298
996 1216
491 1289
491 1299
1299 491
944 34
1276 1267
1289 491
1298 491
1243 1127
1206 785
1206 1278
1127 1243
1216 996
358 831
904 1266
1266 904
904 926
926 904
1093 1300
1300 1093
269 1300
1298 34
34 379
1300 269
874 728
728 874
1189 1300
1300 1189
1197 881
467 565
565 467
491 1301
1301 491
1303 620
620 1303
1295 221
34 1304
362 221
1235 1305
1305 1235
387 147
1106 464
1097 6
1304 34
633 1173
1173 633
962 1306
1306 962
