261 206
2211 2641
2175 3267
34 3535
3535 34
2377 3536
3536 2377
2754 1395
1395 2754
3511 2850
2850 3511
3464 2641
2641 3464
3218 3537
3537 3218
3526 3538
3538 3526
1809 3537
3537 1809
2027 1017
3539 3368
3537 2641
2641 3537
3106 3541
3541 3106
445 3539
3380 3542
3539 445
1952 2780
2780 1952
2248 2027
40 3106
3106 40
3538 3085
2387 3540
1952 3042
3540 2387
2905 1216
1554 2754
2754 1554
2641 1017
2761 1801
1801 2761
1362 2321
1628 3545
3544 3546
3546 3544
3545 1628
2641 3547
3547 2641
2387 2321
2321 2387
2641 2317
2317 2641
2295 3548
2800 3547
2800 2295
3548 2295
1814 134
2295 3495
3495 2295
2766 2295
1952 3099
1619 1801
1801 1619
3299 3376
1317 148
2641 3510
148 1317
2641 1489
1489 2641
3475 2897
2641 3505
3505 2641
1017 3549
3549 1017
2332 1745
34 3299
3207 2641
3550 2063
2063 1184
2063 2187
1564 1619
1619 0
2641 3207
0 1619
2063 3550
2350 303
1351 1565
3497 3552
3552 3551
3497 3553
3553 3551
2897 3475
2265 3553
2265 3497
2265 3552
3497 3554
3497 3551
3497 3555
3555 3551
3497 3556
3556 3551
2387 3551
3497 3557
3557 3551
2265 3557
2265 3556
2265 3555
2265 3554
3480 3540
3540 3480
1288 3098
2897 2387
2896 3558
2387 2897
3365 2397
2265 3462
2062 2027
2124 3461
3461 2124
2821 1351
3098 1288
3444 2860
2860 3444
2350 3559
2387 3559
2624 2943
2943 2624
3492 3542
3376 3299
3532 34
3017 3560
3560 3017
3207 34
2754 2624
2624 2754
3510 2641
2265 3353
2774 1831
1831 2774
2933 555
3488 899
3450 3454
3454 3450
2387 2986
3555 3561
2265 3561
3561 3551
2387 3561
3562 3561
3562 3551
3555 3562
2265 3562
1017 3005
3555 3563
3563 3551
2265 3563
3555 3564
3564 3551
2265 3564
3555 3565
3565 3551
2265 3565
3564 3566
3566 3551
2986 2387
2027 3019
1017 3567
2387 3566
3567 1017
1017 728
3564 3568
3568 3551
1395 3488
3488 1395
3564 3569
3569 3551
2265 3569
2265 3568
3488 2624
2327 3570
3570 2327
3454 2641
2943 2027
2027 2943
2896 3515
134 2497
2774 3365
3365 2774
2027 3571
3571 1947
2265 292
2265 143
3465 2624
2641 3125
3125 2641
2641 3572
3548 3573
3573 3548
3548 2131
2131 3548
3572 2641
2397 2131
2131 2397
1351 544
1351 114
3461 3574
3574 3461
3575 2624
2350 1831
1793 2387
2387 1793
2003 2754
2624 2960
2896 2933
1911 2624
2624 1911
1947 3571
3576 3572
3572 3576
414 3577
3577 414
3465 2027
2027 3463
3463 2027
1952 3578
3578 1952
3475 3580
3580 3475
2027 3465
3546 3582
1809 3583
3583 1809
3584 2641
3584 3365
3365 3585
3365 3447
3365 3584
1809 2018
3585 3365
34 3586
2232 544
2377 3543
3543 2377
3532 2774
2774 3532
3464 2124
2624 3106
2641 3462
2896 1619
3450 624
624 3450
3098 3587
1017 2999
2999 1315
1216 3588
3106 2624
1628 3570
3570 1628
2999 1017
3583 2624
3579 3577
3585 3589
3589 3585
3567 2124
1315 2999
3582 3546
2387 1849
3532 3365
3365 3532
1611 1966
1966 1611
3542 1507
2624 2027
3589 3590
3588 1216
3587 3098
1611 3365
3365 1611
3514 2624
3365 545
545 3365
1017 2641
2295 3542
3218 3570
3570 3218
3542 2295
2295 3570
3570 2295
3365 3480
3480 3365
3590 3589
3582 3573
3573 3582
1849 2387
3514 34
2187 3592
3491 2497
2754 2003
2896 3218
3218 2896
2027 2624
3236 2027
2027 3236
34 3593
3593 34
1017 2624
2624 1017
2754 545
545 3510
545 2754
3475 2976
2976 3475
545 3589
3589 545
3595 2624
1017 3475
3475 1017
307 3365
3365 307
1017 2727
307 2403
3365 0
2403 307
2124 3228
2124 3595
3595 2124
2234 3596
3596 1623
3596 2131
3596 1000
311 2687
3514 3450
0 307
3591 2387
1619 2896
3592 2265
3592 2063
134 2016
134 2157
2157 134
360 134
3595 2387
2387 3595
2124 3567
2774 3598
3598 2774
34 2762
1489 1564
1564 1489
1674 2624
2624 3599
1017 3437
2027 3600
3600 2027
3160 728
1564 728
3533 3547
3547 3533
2243 3601
3573 3602
3577 3603
3601 2243
3603 3577
3602 3573
1333 1975
2641 352
899 3207
3604 2641
2641 3604
3604 1507
1507 3604
1898 2463
2463 1898
3542 3444
3491 2187
34 3605
3573 2397
2397 3573
1489 3606
3606 1489
3450 311
311 3450
2641 3607
3464 2011
2011 3464
2641 3608
3608 2641
423 2124
2124 423
2027 3609
3609 2027
3061 3610
3610 3061
2641 3061
3061 2641
2641 2960
2641 2497
3061 2497
2641 3611
3611 2641
2641 3567
3567 2641
2960 2641
2641 3612
3612 2641
2164 2641
2641 2164
3365 2066
311 3365
311 3444
2011 2387
352 3533
3533 352
2387 2011
34 3613
34 3614
34 3615
34 3616
34 3617
3618 3570
3017 3619
3619 3017
1051 2497
3444 2497
3444 311
1527 1947
2624 3620
3620 2624
562 3621
3621 562
3590 2641
2641 3590
2641 3623
3623 2641
3577 3624
3624 3577
3570 3622
3622 3570
2265 1289
3616 34
3625 3570
2387 3318
3570 3625
2641 3049
3539 3626
3626 3539
2641 3532
3532 2641
2641 3627
3627 2641
3577 3579
545 3570
3570 545
3587 34
1351 3261
3261 1351
3261 544
3246 2641
1809 2941
3622 2124
2124 3622
2802 1898
1898 2802
34 3587
34 3630
34 3631
34 3632
34 3633
34 3634
3511 3512
3628 3570
2606 1831
2641 3367
134 3444
134 3313
134 3635
2124 3636
2641 303
303 2641
1809 2497
2834 2497
3450 3514
3017 3638
3638 3017
3607 2641
2834 663
3203 2055
3458 3518
2896 3407
3407 2896
2896 2124
170 3228
3228 170
3641 214
2295 3642
3642 2295
2387 3643
2295 3625
3625 2295
3641 3644
3644 3641
2641 3228
2314 3641
3228 2641
3622 2641
2641 3622
1017 2879
2387 3591
1884 229
2193 1527
2641 3581
3581 2641
2124 3645
2641 3646
3646 2641
3475 2624
2624 3475
1017 2691
1952 3640
3450 3623
3640 1952
3623 3450
3617 34
3450 2641
3623 2624
34 3647
545 1017
3580 2397
3580 2436
3647 34
1638 3548
3548 1638
22 1216
3396 3644
1952 2877
2877 1952
3644 3396
3518 3458
1017 3465
1809 3465
3380 3465
1333 3548
3548 1333
1650 544
1017 3649
3649 1017
3581 2624
3577 3023
3005 1017
2193 1947
1990 3623
3623 1990
1809 2097
2097 1809
3194 1564
2124 1898
2124 1809
1564 3194
2641 2896
3570 1017
1898 2124
1017 3570
2436 3580
1952 3651
3651 1952
3652 3653
2960 24
3653 3652
2124 3654
3654 2124
3218 492
492 3218
2387 3464
3542 3544
2896 3656
3656 2896
3614 34
3657 2027
2896 2641
1564 3658
2896 3614
3614 2896
2027 3530
3530 2027
2295 3660
3660 2295
2173 1614
2641 2078
2078 2641
2641 3534
3534 2641
2027 3464
3380 1898
1898 3380
3658 1564
3544 159
3544 3654
3654 3544
2063 3592
3023 3577
3464 3652
3652 3464
2305 2041
2041 2305
2641 2754
2754 2641
2641 3661
3661 2641
3662 2624
2641 2727
2624 3663
360 2624
2624 360
3664 2124
3664 3427
3664 1809
3664 1564
1692 3639
2265 3618
12 3623
3623 12
1809 2593
2172 2027
3022 3665
3665 3022
3664 895
492 3666
3666 492
2641 3667
3667 2641
1980 2641
3668 177
177 3668
1017 3670
3670 229
454 3570
3570 454
352 1316
1316 352
1 40
34 3665
3106 2124
2124 3106
3665 34
3664 3671
3671 3664
1614 2173
1614 3154
3652 3474
3668 3474
3663 2624
3474 3652
3474 3668
2027 3657
3028 2860
1017 3672
3652 3673
3673 3652
158 2723
2641 3318
3318 2641
3548 3365
3500 1952
2641 3674
3674 2641
2641 1611
2387 2723
2641 3663
3663 2641
3218 3365
3365 3218
2295 3675
3675 2295
34 1112
1112 34
12 159
159 12
1411 3668
3668 1411
3669 2295
3188 3017
1674 3623
2641 3676
3676 2641
3450 3677
3677 3450
2641 3678
1818 1288
1288 1818
3678 2641
1017 840
3623 1674
2436 3679
3679 2436
3474 2641
2641 3474
2641 3548
3548 2641
3017 3640
3640 3017
2624 3591
3591 2624
3634 34
2641 3680
3680 2641
2646 3640
3640 2646
1333 3348
3348 1333
3667 3450
3450 3667
3450 3647
3647 3450
2295 3681
3681 2295
3666 3647
3532 3668
3668 3532
3629 3450
3576 34
34 3576
2624 3610
3610 2624
1017 3645
191 1351
1554 12
159 3544
840 1017
2641 3106
2641 3316
3316 2641
2641 2486
3682 2124
2641 3683
3683 2641
2641 3584
3668 3684
3668 3685
3685 3668
2641 3686
3686 2641
3544 2641
2641 3544
3687 2641
3544 2387
2387 3544
2109 1922
1922 2109
3682 1922
1922 3682
2624 1333
1674 3668
2003 663
3544 2027
2027 3544
3548 3444
3668 2800
2003 34
34 3689
34 3690
34 3691
34 3692
3662 34
2377 3693
1317 2896
2265 2896
3348 3668
3668 3348
2140 3645
3668 3694
3694 3668
2641 3695
499 2187
2641 1966
1966 2641
3655 3218
1952 2906
2906 1952
1017 3696
2027 2066
2295 3647
3647 2295
3623 3697
311 3623
3623 311
2124 3682
3570 3628
3695 2641
3695 34
34 3207
2265 713
2265 417
3668 3669
3669 3668
3696 1017
3218 3699
3699 3218
3652 2265
2265 3652
2265 3222
3222 2265
1564 2248
2248 1564
3341 1809
2754 454
454 2754
3341 2754
2754 3341
1809 1501
1501 1809
3139 2724
2265 2124
3672 1017
1017 1158
3594 3106
3218 3700
2641 3701
2691 1623
2691 1017
3701 2641
3700 3218
1952 3073
3073 1952
2641 3365
3365 2641
3365 3444
179 2641
2641 179
2027 2651
2651 2027
2641 2314
3698 2124
1528 1200
3668 3703
2187 499
3668 3704
3704 3668
3668 2960
2960 3668
2295 3705
3705 2295
2387 3706
663 3668
3668 663
1184 3707
3707 1184
2766 34
2660 2641
2660 1153
2660 3373
1158 1017
3218 3655
1017 3495
3218 3708
3708 3218
1017 3709
2265 1288
3709 1017
1017 2124
1564 1317
3421 1952
1000 3098
1000 1395
1000 3596
1333 2164
1952 3421
1395 1000
3619 1952
1952 3619
1333 2403
2403 1333
3365 2999
2999 3365
663 2834
1898 3365
3017 3711
3711 3017
1619 1564
1619 1730
1730 1619
3222 3712
3222 3678
3678 3222
2624 3222
3222 2124
2641 855
855 2641
1952 3693
3693 1952
855 5
5 855
5 2187
5 2186
5 1751
3591 3222
1351 191
3714 2295
2003 3715
34 3716
3716 34
3712 3222
34 3662
34 3717
3703 3668
2261 1674
2124 1017
2027 3407
1017 2593
2593 1017
0 3718
3718 0
3648 3719
3719 3648
3599 2624
3365 2754
362 3668
1692 2947
3668 362
3714 3688
3160 3688
3714 3160
3160 3714
3688 3160
3720 3665
2641 3721
3665 1436
2947 1692
3592 544
3592 2187
1898 2754
2754 1898
3548 1809
3715 2003
1809 3548
2387 1470
1470 2387
3688 2265
3688 3722
3112 1801
1801 3112
3722 3688
2641 3723
2641 3724
3724 2641
3723 2641
414 2232
2430 34
3592 35
35 3592
1184 3725
2896 1317
2265 3726
3726 2265
2641 3617
3617 2641
3702 2641
2641 3702
3702 24
2641 3341
3341 2641
3717 34
1511 1692
1564 2187
34 2430
34 3676
3676 34
3523 3365
2624 3519
1814 3577
3519 2624
536 2933
3665 3523
2933 536
3523 3665
2295 3713
3713 2295
3724 3222
3222 3724
3222 3591
2387 3727
40 2741
2741 40
2295 3728
3728 2295
1858 2839
2839 1858
3645 1017
201 3729
3645 2124
3729 201
34 3695
3365 2187
2660 3005
3665 3730
3730 3665
3730 3731
3731 3730
536 3365
2754 3732
255 2818
2818 255
3449 3733
255 3734
3734 255
2933 1763
3734 34
1763 2332
1809 1692
1692 1809
3393 3735
435 3736
3388 2976
2976 3388
3734 3737
170 2999
2999 170
3737 3734
1966 1351
2976 1809
1809 2976
3640 3365
3734 3365
3668 3698
3698 3668
2624 3721
2486 3737
1112 3698
3698 1112
2660 3733
3737 2486
1801 3373
3627 3737
3737 3627
34 3738
34 3739
34 3740
34 3719
34 3741
2537 3733
3733 1975
3733 2660
3733 1947
3733 1288
3738 34
2044 3581
3581 2044
1288 3733
1017 3236
3236 1017
1436 3665
2961 3743
3159 3744
3744 3159
1947 3733
3159 3388
3388 3159
3659 962
962 3659
1692 1527
3732 2754
2624 3734
3734 2624
2643 1763
1801 3743
1362 3743
2657 3743
3743 2961
2295 3743
3743 22
2646 3743
414 2288
2288 414
2646 2961
2646 2016
2066 2016
2044 3743
1385 2961
2027 3743
2143 1763
3659 3746
3652 1554
1554 3652
3652 3748
3748 3652
3365 1947
34 3749
3017 3750
3619 3164
3750 3017
3164 3619
3735 3393
3739 34
3660 3668
3668 3660
3739 1628
1628 3739
3668 3751
3269 3698
3698 3269
3751 3668
3738 3752
3746 3659
2847 2724
3734 2124
3734 3648
2124 3734
3648 3734
2387 2847
34 3753
34 3734
2309 1288
3737 3668
3668 3737
3743 1669
3743 1742
3743 28
3743 1966
2251 3743
2251 2016
3743 1382
3743 2124
3743 534
3743 2172
3743 492
3743 2437
3668 3754
3743 3735
3754 3668
3743 3393
3668 3328
3328 3668
1947 3743
1288 2309
3318 1288
1288 3318
1315 3743
3755 1382
3743 2016
3743 3755
3756 2016
3756 3755
3218 3318
2657 3755
2657 3756
3318 3218
1362 2961
2066 3756
2027 3756
1362 3756
2066 3755
3755 3743
3755 2016
3755 3756
3630 34
3755 2961
3665 3757
3756 2961
3757 3665
1385 3758
2066 3758
3743 3756
3743 3758
2066 3743
3758 2961
3758 3743
3758 3755
3758 3756
3758 2016
2657 3758
2027 3758
2066 3759
1385 3759
2657 3759
3743 3759
3759 2961
3759 2016
3759 3755
3759 3756
3759 3758
3759 3743
1317 3759
1317 191
3388 3210
3210 3388
1809 3759
2066 3760
1017 3012
1611 3218
3218 1611
3761 3762
3762 3761
3668 3763
3388 3668
3668 3388
2027 3755
1904 3743
3668 3599
3599 3668
536 3743
2201 3648
3648 2201
3365 2295
1952 3764
3764 1952
3764 3017
2732 2724
3017 3764
2646 3755
2646 3756
2646 3758
2646 3759
3702 2754
2754 3702
3112 3743
16 3218
3648 3766
3271 2027
3218 2960
3766 3648
2018 1809
2387 3527
3373 3743
3527 2387
1730 2157
2261 3733
663 1628
2834 1628
1628 663
1628 2834
663 3748
3748 663
3734 3766
3766 3734
2834 12
2109 3737
3737 2109
3765 1351
1858 16
16 1858
16 3743
1317 3743
1317 3755
1317 3756
1317 3758
1674 3652
3218 3767
3767 3218
3665 3720
360 3768
3768 360
3659 3768
3696 1564
2624 3702
3702 2624
3648 2834
3665 3450
3450 3665
3718 3769
3769 3718
2124 3770
3770 2124
