68 38
5226 5965
5965 5226
50 5935
5935 50
3450 50
50 3450
3450 2066
2066 3450
3827 3450
1017 3827
4196 4303
4303 4196
5524 5156
5448 2302
32 1564
1564 32
352 12
12 352
3428 2062
2062 3428
5927 2062
1809 2062
3450 32
32 3450
3450 3827
3718 3450
4303 3450
3450 3718
3450 4303
5966 5448
2044 5967
5967 2044
3450 5666
5666 3450
4381 4648
4648 4381
2044 5027
904 2044
5942 5948
2044 3450
2044 3991
32 4171
5948 5942
2062 1809
5226 5964
5964 5226
5448 5966
2044 5916
5916 2044
1809 5964
5964 1809
3877 3836
3428 2044
2044 3428
480 360
4920 1547
