31 22
2430 2044
5456 4648
4648 5456
5851 5906
5851 4951
5851 5907
5851 5905
5851 5908
5851 5909
5851 2850
4171 1528
1528 4171
4924 3877
5410 5910
5910 5410
3827 5124
5124 3827
2131 5456
2131 34
5448 3326
3326 5448
2941 5590
1809 5448
34 4290
4290 34
4924 5911
5912 12
12 5912
2933 5913
3918 5913
360 1315
2821 5524
5481 5914
4196 5442
3877 5915
5916 4196
3718 5917
5916 5780
5780 5916
34 5918
34 1051
34 2131
4531 2062
3877 5919
5919 3877
5919 34
4531 12
3918 2044
4537 2044
5894 1017
3450 5226
5226 3450
5412 1809
1809 5412
5590 4290
4290 5590
1809 3326
1017 3326
3326 1017
5226 5921
4196 4569
32 5920
5920 32
2044 4537
2066 5920
5920 2066
4648 5922
5922 4648
95 4178
3877 1809
1809 3877
545 56
545 3718
3718 545
1809 5916
114 3469
5916 1809
4648 2062
2062 4648
4648 2551
2551 4648
3718 2044
2044 5298
2066 2251
2066 4648
4648 2066
215 2387
2387 215
1017 5881
5881 229
5881 4531
5523 3780
4303 4290
4290 4303
34 5923
34 5919
3780 5523
