5 172
1930 452
0 1052
1200 1351
1385 1498
1713 1385
1351 1200
1889 1743
1743 1889
1929 1809
1809 1929
1184 1931
1911 1778
1778 1911
34 1932
1859 822
822 1859
1932 34
0 1752
1676 1933
1200 0
728 1743
1743 728
1743 1934
1934 1743
0 1200
1628 1935
1935 1628
822 1936
1859 1385
1611 1743
1743 1611
1920 1743
1743 1920
1743 1939
1939 1743
1936 822
1859 362
362 1859
904 831
1676 831
904 1402
1940 1859
1280 1764
1565 1768
539 1743
1743 539
0 1365
1316 1941
1941 1316
1743 1764
1764 1743
1884 1743
1743 1884
1743 1892
1892 1743
1892 35
1859 1743
1743 1859
1743 1942
1280 1930
1930 1280
1942 1743
35 1892
1216 1280
1628 1920
1920 1628
1895 1920
1920 1895
1920 1943
1943 1920
1943 34
1743 1944
1944 1743
0 1943
1943 0
1943 1362
0 1362
1809 1810
1810 1809
1753 303
1859 1945
1945 1859
1743 1946
1946 1743
1935 1743
1743 1935
1932 1948
1948 1932
904 1787
1787 904
1932 904
904 1932
40 1884
1884 40
1316 1184
1943 1743
545 1542
904 1221
1221 904
1395 1809
1809 1395
1809 1949
1949 1809
904 1950
536 904
1768 1845
1951 1809
34 1950
1712 1932
1932 1712
1351 1712
1712 1351
1898 1712
1712 1898
1351 1362
1200 1362
1362 1351
1538 34
1244 1538
1538 1244
1791 1395
303 201
1628 1936
1561 40
1859 1836
1836 1859
1889 1952
1952 1954
1954 1952
1810 1889
1889 1810
728 1898
1898 728
1955 1898
1955 904
904 1611
1611 904
1200 148
1200 536
1674 1898
1898 1674
111 1689
111 22
1952 1895
1692 1661
1895 1952
1895 1954
1954 1895
1936 1810
1952 1944
1859 1756
1756 1859
1936 12
12 1936
34 1956
34 1957
34 1958
34 1959
1958 774
1958 34
34 1943
1911 1763
1809 1951
1921 1936
308 134
1244 1960
1960 1244
1936 1955
308 1955
1921 544
1810 1955
1810 1936
1316 1511
1511 1316
1764 545
545 1764
1889 134
1385 134
1833 34
1676 1565
934 1898
1898 934
1845 1768
1845 1961
1845 273
1809 1937
1937 1809
1859 1962
1859 1940
1895 1743
1743 1895
904 1743
1963 1743
1743 1833
1833 1743
1395 1955
904 1936
1700 1859
1859 1700
1916 1584
1859 1964
1964 1859
56 1316
1316 56
1833 1917
34 1963
1963 1809
1498 1450
1498 1385
1801 1916
1916 1801
1961 22
1961 134
134 303
303 134
1963 1916
1963 1801
1801 1963
1859 1542
1963 1965
1965 1963
1921 1966
1966 1921
728 1280
1280 728
134 1967
1967 1968
1968 1967
1967 134
134 1955
134 1936
1770 1859
183 1859
1859 183
183 1782
1770 1969
1969 1770
40 1052
1898 1921
1921 1898
904 134
1280 1395
1809 1970
1970 1809
1966 1963
1963 1966
1971 1921
1921 1971
1743 1963
34 1906
1963 1972
1280 1973
1972 1963
1973 1280
1950 34
35 1843
1713 1700
1963 1971
1971 1963
1859 1553
1946 1975
1975 1946
134 1889
1809 1399
1399 1809
904 1740
1740 904
1936 904
1564 1280
1897 34
1898 1950
1950 1898
1898 1955
1652 34
34 1976
1976 34
1976 1963
1963 1976
111 234
904 1347
1347 904
1768 1844
1976 1977
1280 1891
1891 1280
1977 1976
34 1911
1898 1885
1885 1898
1921 1652
1652 1921
1652 35
1763 1911
1911 1978
1959 34
34 1969
1978 1911
1977 34
1859 1950
1898 1942
1942 1898
1859 1980
1980 1859
1756 1809
907 686
907 1980
1347 1315
1980 907
34 1977
1981 6
34 1982
34 1652
1555 291
1959 1280
1280 1959
34 1897
1952 1983
1983 1952
1554 1859
1859 1554
1983 1734
1726 1280
1981 1950
1726 1975
1983 1316
1983 134
6 1203
1203 6
1859 1712
111 1700
25 1984
1984 25
1915 1652
1652 1915
1712 1859
1712 686
1216 1979
1963 904
1216 1538
1538 1216
1810 1801
1813 34
464 1859
1859 464
686 12
12 1985
1859 1809
71 1700
1809 1859
1700 71
1713 1200
1859 1937
1937 1859
1859 1753
1753 1859
1395 1344
1280 1986
1986 1280
1498 1831
1950 1315
545 1987
1952 1988
1950 904
1985 12
1983 0
1584 1887
1887 1584
904 1955
1751 1764
1200 1887
1887 1200
1989 12
308 1486
12 1989
1980 1770
1770 1980
1987 1990
1990 1987
1770 1987
1987 1770
1970 1770
1770 1970
1898 1991
1991 1898
1979 1216
1542 1619
34 1980
1756 1770
1963 545
545 1992
545 1963
1992 545
1992 34
1399 1839
545 1985
1839 1399
1614 1906
1839 1977
1985 545
1977 1993
1977 1839
1993 1977
1839 1994
1994 1839
12 3597
3597 12
1655 1718
1655 1810
1655 1584
1655 1317
1655 3
3 1655
3 1983
1983 3
1839 1996
1996 1839
1915 1993
1993 1915
1898 1989
1989 1898
1719 1280
1993 1997
1997 1993
1859 1998
1998 1859
1684 1838
1839 1684
1684 1839
1996 1920
1498 1676
1684 1999
1498 2000
2000 1498
1999 1684
1922 1770
1770 1922
2001 1542
1859 1976
1976 1859
308 1916
2001 427
1999 1770
1770 1999
1611 1315
1963 1554
1554 1963
1280 1719
14 1280
1280 14
1244 1777
1777 1244
1859 1244
1244 1859
1216 1973
1244 12
12 1244
1895 1770
1770 1895
1477 1768
3597 2003
2003 3597
34 2004
34 1992
2003 2001
1859 1996
1996 1859
1992 1839
1839 1992
1669 1895
1895 1669
1674 1996
1996 1674
1950 1859
12 1814
1814 12
214 1689
1689 214
2001 2003
1971 1770
1980 34
1831 1809
12 2005
2005 12
1770 1972
1972 1770
2005 1989
1989 2005
3597 2005
2005 3597
1972 34
34 1972
1614 1992
14 35
1921 1963
1963 1921
1992 1614
1770 1971
1963 34
1614 2006
1990 1936
1770 1936
1936 1770
1936 1990
1713 1333
12 1052
1052 12
2006 1614
1972 1652
1652 1972
1954 2001
1954 2007
1910 1859
1996 545
545 1996
1831 1993
1993 1831
1542 1399
1399 1542
1921 1280
1674 1481
1481 1674
1619 1385
148 1200
148 1385
148 3
148 166
148 534
148 5
14 238
1395 1481
1481 1395
1777 1859
12 1280
1655 0
1280 1947
1542 2001
1565 201
201 1565
1996 904
904 1996
1542 2009
2009 1542
1652 2010
2010 1652
1839 1985
1985 1839
1399 2011
2011 1399
1920 2012
2012 1920
12 2010
2010 12
904 1395
1996 2014
2014 1996
1619 1542
1996 1966
1638 881
1898 1889
1889 1898
34 2003
1954 1770
1770 1954
2008 1770
1770 2008
2016 1966
12 349
349 12
1966 2016
1450 1989
1989 1450
1920 2017
2017 1920
