0 12
4290 480
480 4290
1547 4920
545 5968
2066 5968
5968 5969
5969 5968
5968 545
5968 5927
5927 5968
1734 5968
5448 5968
2387 5711
50 2251
4303 5226
2044 4303
2251 50
2044 1638
1638 2044
1595 3597
3597 1595
4303 2044
5916 12
12 5916
2072 5970
5970 5959
5970 4290
5970 5690
4290 5970
12 5971
5971 12
2124 5920
12 5972
2072 1351
2044 1892
1892 2044
3597 3892
3892 3597
2062 2941
3713 1831
5810 1734
12 2044
2044 12
40 5973
50 3582
3582 50
904 360
4531 5974
4531 5975
4531 5976
4956 5977
1564 4171
1564 56
1564 1315
34 5978
34 5979
34 5980
5973 40
5964 134
4265 5977
360 5027
5027 360
134 5964
544 1692
2044 2066
5027 3597
904 5027
5981 3597
3597 5027
32 5981
5981 32
32 34
3597 4290
4290 3597
3597 2044
2044 3597
360 2044
3597 4171
3597 3991
3991 3597
