339 59
2694 2693
1898 2695
2695 1898
2693 2696
2693 2697
1809 2693
1809 2697
1809 2696
2124 1288
1809 2573
1288 2124
1918 2573
2673 2698
2673 2671
2671 2698
2698 2673
1528 1351
1809 2698
1351 196
2172 245
1952 1330
2573 2700
2573 2701
2701 2700
2701 2699
2700 2701
2700 2699
2699 2701
2699 2700
1362 2699
1362 2700
1362 2701
303 2295
303 185
303 491
1669 303
2066 24
1848 2656
2490 1898
2573 2699
2699 2702
2702 2703
2703 2704
2704 2703
1385 2703
1385 2704
1385 2702
1385 2573
1385 2700
1385 2701
1809 2702
1385 2705
1385 2706
1385 2707
1385 2708
1809 2704
1809 2703
1809 2700
2562 545
2534 2709
2709 2534
2634 2659
2709 2197
2710 2197
2710 0
1831 904
2634 2635
2066 2095
2265 2197
1501 2027
2027 1501
2523 2712
1628 1918
2712 2523
2523 870
2523 2071
2523 1540
2523 2641
2523 61
2634 241
2490 2027
2027 2490
1583 2197
2298 1947
34 2657
34 2586
34 2714
1734 2715
2711 2716
2716 2711
2716 2717
2717 2711
1385 2711
1385 2716
1385 2717
2714 34
1809 2717
2044 2715
2280 2186
2175 1921
2213 0
2213 1452
1452 2213
1452 2027
1730 2124
2027 2718
2718 2027
1831 2124
1831 2298
2699 2719
2699 2720
2719 2573
2719 2720
2719 2699
1200 2719
1200 2573
1200 2721
2350 2699
1200 2720
2350 2720
2350 2719
2350 2721
2350 2573
1200 2699
2053 2112
1385 2699
1385 2719
1385 2720
1385 2721
2317 1555
2537 1778
1778 2537
2298 1831
2599 2722
2722 2599
2599 1915
1915 2599
34 2725
1528 2722
2722 1528
2725 34
2722 34
2069 2598
1365 2197
2725 2027
2027 2725
2243 1996
2027 1831
1200 2197
2027 2726
2295 2728
2728 2295
1200 1801
1898 2689
2298 1527
1809 2587
2587 1809
1921 2175
2726 2027
1809 2535
134 2656
2598 2069
2598 1947
2027 2682
2027 2679
2027 2683
2027 1542
2027 2681
532 2197
2727 2730
2730 2727
1831 1990
1990 1831
2713 2197
2395 2124
2027 2197
2715 2731
2657 360
360 2657
2646 2733
2386 2112
2027 1665
1665 2027
2027 2646
2711 2734
2734 2735
2735 2734
2646 582
2350 2734
2350 2711
2586 34
2646 1271
904 1718
2350 2735
1411 2309
2309 1411
1271 2646
2175 303
2675 2736
1385 2673
1385 2675
1385 2736
1385 2677
1385 2656
2736 2737
1385 2737
1385 2698
2737 2736
1385 2671
2737 2675
424 134
2350 2677
2350 2671
2350 2737
2350 2656
2350 2698
1385 2366
2350 2736
2727 2738
2738 2727
1395 2739
2220 545
545 2220
2634 2653
2310 2727
2653 2634
2653 2295
2295 2404
2404 2295
2295 2653
582 2646
2727 2310
2727 2588
2588 2727
2295 2727
2727 2295
2737 2740
2350 2740
2727 2653
2741 2396
2396 2741
360 2742
34 1644
2675 2743
2743 2744
2744 2745
2745 2746
2746 2745
2645 2377
2634 2645
2645 2634
545 2653
2153 2112
2350 2743
2350 2744
2350 2745
2350 2746
2350 2675
1809 2746
1809 2740
1831 2741
2741 1831
1898 2535
2727 904
904 2727
1614 2747
2747 1614
1831 1898
1898 1831
1528 2727
2745 2748
2744 2748
2727 2749
2749 2727
2727 1528
2350 2748
2727 2403
2403 2727
2027 1528
1528 2027
2646 2027
549 1831
822 2283
2484 2640
2027 2070
2701 2751
2716 2751
2350 2751
2350 2752
2724 2753
2753 2724
12 2197
1730 2710
2739 2754
2754 2739
1365 2724
2724 1365
1619 2731
2731 1619
2537 2212
2634 2755
1270 2027
1270 100
2756 1809
2537 2027
2757 241
2027 1674
1674 2027
1501 2197
2755 2634
170 1872
1872 170
2350 2759
1692 1330
2387 1330
2710 1730
1528 2653
241 2757
2761 2027
1990 1270
1270 1990
1583 2523
2523 2327
2523 1583
2327 2523
2327 1583
1583 2327
12 2606
2606 12
2557 2762
2762 2557
2762 2611
2611 2762
12 2309
2309 12
2175 2327
2044 2523
2523 2044
2523 2197
2112 2153
591 2197
1831 491
491 1831
1017 2756
2295 1017
1017 2295
2756 1017
1017 2197
2175 731
2756 2764
2762 2495
2495 2762
2764 2756
2495 34
2756 2765
2350 2765
2765 2756
1809 2756
2350 2756
34 2599
2599 34
1763 2483
869 1330
0 2483
2483 0
2483 1763
2483 2593
2723 2197
1858 2756
2027 2122
2122 2027
2070 2027
1315 1655
2731 2715
2175 0
2730 0
2242 1565
2242 2112
1528 1858
1858 1528
1017 40
40 1017
1858 2767
1628 1858
1858 1628
2767 1858
2760 591
2027 2537
1858 2646
2646 1858
34 2768
904 2723
2723 904
1745 1315
1809 2769
2769 1809
1745 1027
1027 1745
2685 2770
1315 1745
2770 2685
1809 2690
34 2311
2175 1556
1556 2175
2175 2715
1809 2731
2731 1809
491 2483
2483 491
2727 2752
491 1052
1052 491
1809 2750
2750 1809
2298 2771
2771 2298
2724 362
362 2724
34 2772
2387 2173
2773 2646
2175 2124
904 22
2175 2172
2646 2611
2611 2646
1947 2664
1947 2069
1947 2598
201 2723
2723 201
245 2124
2124 245
2646 2773
1270 2124
2124 1270
2528 2537
2027 2775
2124 2776
2776 2124
2537 2528
1395 1330
2124 2778
2778 2124
2732 2727
1915 2767
2767 1915
2727 2732
2727 2779
2027 1915
1915 2027
2646 2780
2646 2781
2052 1330
2781 2646
34 2646
2646 34
2780 2646
2646 2782
2782 2646
2641 2528
2396 1501
1501 2396
34 2774
34 2785
2592 2396
2396 2592
2027 2786
2786 2027
2646 2787
2787 2646
2528 2641
2725 2786
2265 2786
2387 2290
2762 2403
2403 2762
2634 2788
2788 2634
2788 34
2727 2305
2783 2305
2781 2789
34 2790
2790 34
2777 56
2305 2727
2305 2783
2775 2027
2646 2791
2791 2646
2777 2792
2792 2777
1839 2577
201 1692
1692 201
56 2777
241 2537
2727 549
549 2727
549 2396
2396 549
2295 2396
2396 2295
2757 2794
2794 2757
2295 2678
2710 2172
2172 2710
34 2796
2646 2783
2783 2646
2730 2494
2369 2797
2797 2369
1692 2731
2731 1692
2715 2777
2777 2715
2779 2798
2798 2779
2783 2798
2798 2783
1730 860
2777 2027
2484 2799
2799 2484
2800 2387
545 2732
2732 545
2785 34
2779 2783
2783 2779
2713 2124
2124 1828
2537 1809
1809 2537
2280 2191
2027 2801
2801 2027
2783 2537
2537 2783
34 2779
2779 34
2801 2724
34 2802
2802 34
2725 2802
2802 2725
27 2617
201 2725
2725 201
2027 2803
2803 2027
0 2760
2760 0
2580 2062
2724 2124
2731 2713
201 644
869 1385
869 1382
2799 2762
2762 2799
2027 2599
2599 2027
2580 2713
1385 869
2783 2027
2027 2274
2274 2027
2653 34
2783 1753
1753 2783
2599 1999
2599 2804
2804 2599
2484 2604
904 2802
2802 904
6 639
1669 2124
2027 2795
2027 2408
2295 1271
1271 2295
545 2762
2762 545
545 2027
2027 545
2608 34
34 2608
1751 2805
2805 1751
1839 2520
2599 2806
2806 2599
2608 2027
2027 2608
904 2483
2483 904
34 2653
2520 1839
2599 2314
869 1395
2781 2314
2314 2781
2314 2634
2314 2599
2314 2027
2777 2175
2777 1809
2779 2727
2781 2804
2804 2781
1952 2807
2634 2773
2773 2634
2777 2808
1674 2261
2789 2781
2808 2777
140 2777
303 2807
2027 2777
2175 2777
2807 1952
2314 2809
2809 2314
2779 2810
2810 2779
1017 2811
2811 229
2804 2811
2811 2804
2812 2635
2635 2812
2812 2813
2813 2812
2777 2814
2617 27
2783 2815
2815 2783
2710 2713
2471 2762
2762 2471
2261 2027
2027 2261
2613 34
2027 2062
2232 1734
2781 2613
2613 2781
2251 2816
1628 2727
2727 1628
34 2788
34 2818
34 2819
2817 1952
2817 34
34 2817
2816 2251
34 2447
2447 34
2027 1801
2408 2027
1584 1751
2795 2027
2213 2776
2213 1316
2213 2727
2213 360
2213 56
2213 904
2213 1333
2213 1831
1751 1655
1751 1333
2818 34
1730 2731
2731 1730
2732 1898
2537 1730
1898 2732
2043 2727
2727 2043
2796 34
2690 2674
2690 2688
2690 2676
2690 2673
2690 2675
2690 2677
2690 2630
2690 2665
2690 2668
2690 2669
2690 2670
2690 2627
2690 2573
2690 2570
2690 2671
2690 2628
2690 2567
2690 2542
2690 2541
2690 2543
2690 2540
2690 2544
2690 2656
2690 2622
2690 2521
2690 2693
2690 2694
2690 2698
2690 2699
2690 2700
2690 2701
2690 2702
2690 2703
2690 2704
2690 2705
2690 2706
2690 2707
2690 2708
2783 1554
2822 2781
2265 1542
2781 2822
1554 2783
2653 2727
1017 2363
2363 1017
904 2173
2173 904
2729 2646
2646 2729
2823 1952
2803 2824
2794 2634
2027 2760
2760 2027
2634 2805
2805 2634
1966 1718
2826 1952
2794 2027
1809 2777
2027 2800
2027 2821
2646 2827
2824 2803
2827 2646
2251 2309
2784 34
2309 2251
34 2784
34 2378
2378 34
2124 2332
2332 2124
1898 1764
1764 1898
6 2318
2599 2762
2537 1732
34 2828
1938 2806
2806 1938
2265 633
2027 2783
2295 2820
2820 2295
1898 1333
2831 1952
2811 56
2403 2832
2265 2497
2251 2497
2832 2403
2493 2497
2327 2497
2142 2497
2265 2713
2829 2774
2265 218
2678 56
6 2387
2387 6
34 2833
1053 2835
2044 2213
2265 1668
2804 2837
2837 2804
2724 2838
2838 2724
2838 2839
2839 2838
2828 34
2265 741
2408 2804
2804 2408
2265 386
904 2387
785 1382
2732 80
2732 2794
2794 2732
134 1292
2732 2657
2724 1632
2842 2724
1751 2840
2840 1751
241 2662
2662 241
2164 2497
2265 1498
1498 2265
2251 2066
2727 2580
303 2580
2017 2724
2387 2197
2724 1688
1688 2724
2589 2724
2724 2589
1285 1216
34 2387
34 2843
2589 2762
2762 2589
1395 869
545 2066
2066 545
2066 1674
1674 2066
2265 779
2634 2825
2845 2027
2828 2811
2811 2828
2027 779
1732 2624
1732 2537
2265 404
2295 2793
2793 2295
2830 2027
2624 2295
2027 2830
2027 2845
2624 2039
2624 1565
2314 2847
2847 2314
2847 2848
2848 2847
2557 2847
2847 2557
2844 2849
2849 2844
1565 2624
2484 2645
2634 2850
2822 76
2589 1674
1674 2589
2850 2634
2811 24
2843 34
2850 2851
1333 1801
2852 1952
544 1330
2794 2834
2834 2794
2724 904
904 2724
2847 2855
2855 2847
2657 2732
2854 2027
2851 2850
2213 303
303 2213
2856 1952
2213 2821
2213 2732
2066 2261
2692 2426
2124 2843
2027 2808
2027 2847
2847 2808
2808 2847
2808 2027
2484 2857
2847 1805
1805 2847
2844 95
1734 2858
95 2844
2723 2847
1996 2243
2859 1952
2645 2484
2027 2678
2678 2027
2265 197
1674 1730
34 2838
1692 1988
1988 1692
2861 1952
2853 1952
2265 2862
2844 2863
2858 633
904 2732
2811 2864
2864 2811
2027 2865
2847 2768
2295 2624
2768 2847
1280 1802
1280 1564
2847 2723
2867 2847
2867 2724
1898 2490
2295 2732
2295 2029
2807 2868
2868 2807
2725 1809
1809 2725
2766 2869
2869 2766
1614 2858
2265 653
2866 1952
2822 2870
2870 2822
2213 2027
2641 2871
2418 1952
2724 2867
1952 2872
2687 303
2794 2867
2860 2027
2847 2858
2871 2641
2265 631
56 2811
56 1564
56 63
56 2213
2732 2834
2834 2732
2027 2860
2867 360
2847 2867
2762 2599
360 2867
2511 1898
303 2687
2484 2851
2851 2484
2732 539
539 2732
2866 2377
2377 2866
2873 2377
2377 2873
2822 2874
545 2692
1952 1382
1952 2692
2692 1952
2692 2027
2265 2794
2794 2265
1611 1809
1809 1611
2027 2876
2493 2027
2858 1892
1892 2858
2876 2027
2027 2493
241 2877
241 1270
2858 1614
2027 2404
2027 2032
2750 2878
2847 2027
2027 2879
2847 2881
2881 2847
2880 2847
2878 234
2847 2882
869 1845
1674 2883
2883 1674
1674 936
2858 2884
2884 2858
2885 2878
1915 1674
1674 1915
2027 2836
2836 2027
1674 1732
1732 1674
2634 2874
2858 56
56 2858
2878 2027
2044 2878
2878 2687
2687 2878
2865 2687
2687 2066
2858 24
2865 1809
1809 2865
2066 2885
2027 2883
2883 2027
1809 2876
1333 24
1801 2821
491 2769
2027 2875
2875 2027
303 1818
1813 544
2027 2878
2727 2712
2712 2727
2143 1884
2727 2604
1884 2143
2794 2213
2886 2724
2657 2159
491 2887
2159 2657
2159 1184
562 1623
2858 2847
2377 2888
2888 2377
2327 627
545 2890
2890 545
1619 2891
2891 1619
134 1898
1498 2157
2687 2892
1898 134
1898 2893
2893 1898
2634 2894
2295 2892
2892 2295
2894 2634
1801 2016
2604 2727
1814 1333
1814 1270
1814 2732
2027 2895
2895 2027
2027 2643
2710 2016
303 2858
2044 1333
241 2810
2897 2890
2890 2897
2890 2810
2408 522
2044 2890
2890 2044
1814 241
