38 3
3803 5226
5654 5505
5821 544
3639 5822
3358 3458
5524 5820
1395 2305
4552 5711
2305 1395
4920 5823
4384 134
4384 544
4384 1351
4384 1734
2821 4920
2066 5226
5226 2066
3458 3358
1351 4384
3426 3896
3896 3426
5481 5524
5481 3706
5481 4920
5481 4859
5064 4920
5690 3450
3450 5690
5800 5824
1809 5800
5412 5800
5690 5800
4531 5703
1809 2044
4196 2624
5764 5824
56 5711
1809 5711
4558 5711
4531 5711
360 4920
4558 56
3706 5821
5821 3706
3828 5825
95 4708
4708 95
2821 3706
5226 5752
5752 5226
5528 5611
4514 34
5528 5826
5826 5528
4708 5824
5824 4708
1351 5509
5660 5605
5660 3469
5660 5622
5660 5601
5660 5805
5509 5827
5827 5509
5827 1351
891 0
1351 5827
3987 5528
5528 3987
3987 5274
3987 5828
5828 3987
2140 5646
2140 4901
3987 134
3648 4319
4319 3648
3803 5653
3987 1946
5828 1946
5481 5064
3987 5710
95 1527
1527 95
5226 5690
5826 5226
5226 5826
4319 5826
5826 4319
5605 2992
5605 5524
2062 5826
5826 2062
4648 5826
5826 4648
4498 5826
5826 4498
5524 5481
5524 3721
5524 5605
3450 4290
5604 4384
4531 5826
5826 4531
5605 2821
2821 5605
2821 5507
5628 3639
5628 4859
5618 34
5604 34
3597 4531
1351 4558
2821 5829
3571 4558
3987 1763
360 4648
34 5831
5831 34
3827 95
95 3827
4290 4920
4924 5653
2044 95
3706 5653
4319 5442
3344 2044
3344 4196
3344 95
5064 5527
5523 4290
4290 5523
5605 5832
1351 5605
5523 95
95 5523
1393 24
3718 5834
5524 5642
4610 5802
5802 4610
1638 4531
4290 2044
2044 4290
4196 1638
1638 4196
5622 5835
5622 5524
5654 1952
5835 5622
4531 5475
5618 5836
5836 5618
4171 5837
1952 4171
5837 4171
5481 5838
3451 5226
5226 3451
3639 1734
5527 544
5527 3721
4290 2624
2387 5226
2295 3803
5647 3985
3985 5647
1017 4518
3721 5839
5839 5577
5821 480
5839 3721
5226 4915
4915 5226
4531 4594
4594 4531
4531 4514
4514 4531
5507 0
5507 1734
5507 3639
5507 1511
1351 5839
5226 2730
4915 3450
4648 4113
4113 4648
2730 5226
3987 2062
2062 3987
4708 4866
103 34
4866 4708
34 103
3648 3428
34 5604
34 5842
103 5843
5843 103
4920 2044
5481 5507
3450 4552
4552 3450
1351 5
3450 5564
5564 3450
1333 5844
3450 1333
1333 3450
5845 5577
3721 5622
4610 5826
