131 168
2044 5532
3918 5532
5522 5532
5522 5531
3721 4859
3012 3648
3648 3012
4859 114
4610 1730
1730 4610
3571 114
3571 544
3571 4859
3571 1351
3571 5064
3571 1734
4859 1734
4859 5064
4859 3571
114 38
3571 5004
114 3571
114 1734
114 4859
114 544
114 68
1734 4859
1734 114
1734 5064
1734 3571
114 5064
1734 544
1734 1351
3877 3571
2062 4514
4514 2062
114 5533
5533 114
5316 1351
3827 4610
3877 4866
4866 3450
4866 3877
5439 3639
5439 544
5439 4859
5439 1351
5439 3571
5064 4859
5064 114
5064 3571
5064 1734
5315 5362
5362 5315
5362 3827
4610 5362
5362 4610
114 1351
3450 4866
2396 4610
4610 2396
3648 5535
3877 5141
5535 3648
3450 3277
3277 3450
5535 3721
2124 2497
2124 0
2124 4290
4610 3228
34 5536
34 5537
114 61
114 2
1351 61
114 1
114 77
114 1201
5156 4859
4859 5156
5156 114
5156 5064
5156 544
114 5156
5156 3571
4859 5533
5156 1734
5471 1647
1647 5471
1051 5477
5064 5156
3639 5156
2933 5471
5471 2933
5064 1946
4384 3469
3706 5156
4384 5156
3721 5156
2641 3743
5362 3743
114 0
0 114
544 114
544 1734
544 4859
544 5156
544 5064
3450 1402
1402 3450
3450 4597
3877 5538
360 61
5538 3877
3571 5156
3450 4610
4610 3450
5449 5156
3827 5479
5479 3827
3639 5539
5539 3639
5539 5156
5539 1351
4610 5540
5540 4610
114 5541
114 663
3877 5520
3877 4924
2044 3098
4498 3193
3193 4498
3193 4196
5470 5543
5543 5470
1809 5470
1809 5543
4558 5543
4558 5470
5471 5535
5535 5471
4924 5471
5471 4924
4610 5471
4610 3654
3654 4610
5471 4879
5542 5471
5471 5530
4879 5471
2933 5545
2933 5470
2933 5543
5471 5480
5528 5546
5480 5471
1809 1963
5471 3012
3012 5471
3721 5481
4290 5471
5471 4290
3721 1511
3451 5199
3451 5196
3451 5192
4898 5315
5471 4610
4898 61
4569 5547
5471 3721
1402 1809
1809 1402
5471 1809
3451 1809
4898 5471
5471 4898
5548 5520
5471 5315
5315 5471
4418 3827
4898 5472
1809 4898
1809 5472
4384 5099
5549 5530
4610 4290
5315 4898
4850 4130
4130 4850
3526 3846
3846 3526
4518 5550
2564 3284
3284 2564
2124 5551
3639 5551
4314 5550
5479 3450
1385 5479
4171 5479
3450 5479
3428 3896
3896 3428
5179 4921
5472 1809
5315 1809
3451 4898
3451 0
5315 4290
4610 3451
3451 4610
2646 3900
5552 34
4518 3877
5542 5549
2834 2933
2933 2834
3721 1395
3918 4290
3721 2834
2834 3721
4290 3721
5527 5550
2895 3721
3721 2895
4514 5542
3721 4898
5553 5552
3896 3629
5528 5542
5542 5528
1564 5362
5471 214
214 5471
5552 5553
5554 3639
4924 1734
5471 3106
3106 5471
3909 5471
5362 2497
4290 4610
3900 2646
2754 5250
1351 5449
5552 5555
5555 5552
4384 5556
3706 4924
5542 1997
1997 5542
5315 5557
5557 5315
5558 3721
5558 5513
5558 2044
5558 4859
5558 544
5558 3706
5558 3877
5558 3639
5558 3571
2821 3571
2624 5480
5480 2624
5439 3877
1470 3985
3985 1470
5471 3909
3896 4417
3896 5559
5559 3896
3039 5471
5471 5549
5549 5471
3721 5560
1809 5562
5562 1809
991 907
5552 5563
5563 5552
114 16
3721 1734
5471 3039
4510 2047
2047 4510
34 5565
34 5566
5565 34
3721 5505
3721 24
3721 2641
3721 4290
3721 1351
3721 544
3721 4610
3721 5522
3721 5498
3721 1382
3721 61
3721 4552
1734 2017
5491 5567
5567 5491
4171 5472
3721 0
1395 2834
2834 1395
4384 5064
2624 5528
3721 2624
2834 4866
4866 2834
5449 1511
5064 1511
1730 1333
1395 4303
4303 1395
5523 0
360 1831
2834 5568
5568 2834
2821 4384
2624 4208
4208 2624
3571 1511
3896 5568
5568 3896
3426 689
3426 5554
5554 3426
2123 4693
1809 4693
360 4693
5523 1952
2834 2044
2044 2834
5540 5552
360 5552
1317 5552
3877 5552
5540 2766
2766 5540
5569 5540
5540 5569
5064 5316
3706 467
3896 2109
2109 3896
3896 2396
2396 3896
5315 5528
4290 1385
3827 5540
5540 3827
1351 24
3877 5572
5572 3877
3648 3706
3706 3648
2624 3706
3706 2624
4314 3863
3863 4314
5521 24
5521 5573
4290 360
1809 5479
5481 3721
5481 3877
3877 5481
5573 5521
5573 3450
134 5573
3877 3426
3426 3877
34 4514
2396 5574
2143 4314
4314 2143
3877 5142
2295 5575
3451 5575
360 5575
3827 5575
2387 5575
3639 5576
5064 5576
5576 3639
4196 3012
3602 5441
2295 1542
34 3877
34 5578
3039 5579
5579 3039
4314 92
92 4314
92 1317
4314 1317
1317 4314
5528 2624
1017 5575
5442 5580
5580 5442
2387 4360
4360 2387
3877 2295
5568 2295
1809 2295
4498 2396
2396 4498
2396 5581
5581 2396
3721 5449
1351 5520
3827 5523
5523 3827
4786 4314
3706 5576
5520 1351
3451 1333
5315 5582
5582 5315
5523 3428
3428 5523
5523 3803
5582 3039
3039 5582
3721 1809
4866 1411
1411 4866
4510 5309
5309 4510
4384 1725
5528 2396
2396 5528
5553 5315
5315 5553
4552 5315
3803 5523
5474 5584
5474 5585
5474 5586
5474 5587
5474 5588
214 4135
4135 214
4648 5479
4827 4692
2295 3451
3451 2295
4827 3451
4827 5589
3451 4827
5589 4827
3451 5589
5589 3451
2766 4196
4196 2766
3877 114
2387 3012
3012 4196
2657 5456
5456 2657
1033 4314
4314 1033
