76 22
893 1385
1385 893
1476 545
545 1476
1506 1385
1506 1507
1507 1508
1507 1498
1507 1506
1498 1507
1052 776
776 1052
724 1385
1385 724
40 1506
1506 40
1385 1507
1509 1385
569 640
1385 203
203 1509
1509 203
774 1436
774 1503
1385 1506
1382 1463
1498 904
1498 1393
1385 1510
1507 1316
1477 346
1486 1316
1477 534
1316 1507
1507 1479
1197 1479
1479 1197
1507 1385
904 1498
904 1476
1479 1507
1512 1513
1385 1512
1513 1512
111 92
640 569
34 1505
1216 1327
1327 1216
1511 1344
1353 893
1412 1512
1512 1412
1385 468
468 1385
1385 1463
545 1301
1382 1321
111 222
1385 721
34 1468
1468 34
1468 1385
1385 1468
111 0
111 27
111 173
111 109
111 774
111 1353
3 934
545 1516
1516 545
201 1517
539 1516
1516 539
545 1468
1468 545
1316 303
303 1316
5 686
111 1518
111 60
1518 111
34 1516
1516 34
349 1385
1385 349
349 1516
1516 349
1385 5
904 1519
6 22
662 664
664 662
1489 1385
1385 1489
1385 539
1216 1461
936 1520
34 349
1520 936
349 34
1385 544
242 544
1385 1521
1352 904
1352 831
34 1522
785 1385
1382 43
1385 831
1450 1468
1468 1450
63 1472
1472 63
1385 1523
1523 1385
1455 1385
40 717
717 40
1385 1524
1385 1511
1395 776
352 34
1385 1472
1472 1385
1472 1395
1486 1524
1524 1486
1524 1395
34 591
1362 1525
1525 1362
1385 1515
1515 1385
1333 1526
1362 1316
1316 1362
1526 1333
1385 1391
1333 544
1385 1527
1527 1385
591 1411
1412 1528
1528 1412
1411 591
1412 1385
1385 1412
1524 34
1395 1529
1529 1395
308 1200
1316 1528
1528 1316
1472 1530
1472 1523
1523 1472
1530 1472
1216 242
1528 1531
12 1532
1532 12
34 1532
1532 34
242 774
242 1216
1395 534
308 1362
1530 279
34 1533
1316 1411
1411 1316
1352 1351
1351 1352
1352 1395
881 1395
1385 1411
1395 1524
1519 904
904 1534
1534 904
1534 1395
1316 1385
1385 166
1524 1385
1411 1385
1385 1535
34 1524
6 1385
12 1536
1536 12
1352 1537
1537 1352
1351 1486
1486 1351
1351 34
34 1351
34 1538
34 1539
1352 1382
1395 1352
1395 1243
1243 1395
1347 1462
1462 1347
1395 627
627 1395
1244 1382
1382 1244
1316 1540
1540 1316
1347 1541
1541 1347
1351 464
464 1351
1542 1395
1542 1216
1542 1524
1542 1511
1542 1543
1543 1542
659 1544
1385 1545
1545 1385
34 1546
34 1547
34 1543
1543 34
1547 34
1546 34
1216 1548
774 1549
774 1477
1549 774
774 1538
1538 1519
1538 774
103 1489
1489 103
103 1550
1550 103
34 1551
1216 1542
1477 1538
1538 1477
1551 34
1547 1543
1543 1547
