148 1
1690 34
1646 1501
1501 1646
1554 1498
1498 1554
1688 0
1689 0
1628 1627
1565 1689
1385 1691
1691 1216
1689 24
1691 1646
904 1646
646 1646
1584 1395
1280 1614
1614 1280
1610 721
1646 308
1614 1691
1649 1614
1614 1649
545 1692
1628 103
0 56
1692 545
103 1628
904 1486
1691 1614
1654 1614
34 1693
34 1628
1628 34
904 1590
1654 1689
14 92
14 1452
92 95
95 92
1565 522
1441 774
522 1565
1619 1565
1628 1695
1695 1628
63 188
1628 1486
1486 1628
1489 936
936 1489
1528 1696
1696 1528
1565 1697
1697 1565
362 1565
1565 362
1590 1385
1385 1590
1542 1555
936 1608
1638 1565
1542 1692
34 1698
6 1315
1315 6
1657 1316
1699 1395
1700 1701
1701 1700
1619 183
183 1584
1668 1702
1661 1700
173 1700
1700 173
1702 1668
1699 521
521 1699
902 1703
1703 902
539 6
6 539
1395 1701
1701 1395
34 1701
1590 1382
352 1584
1584 352
1382 1699
1699 1382
904 536
912 536
536 912
1395 912
912 1395
1395 1705
1565 1638
1395 1347
1385 352
352 1385
1347 1395
1567 1706
1706 1567
1699 1707
1707 1699
103 881
34 1708
1698 34
1685 1614
1614 1685
1685 1565
1565 1685
1590 1709
1709 1590
1561 1649
1649 1561
1567 1545
1545 1567
1584 1608
1656 1280
1540 1382
1540 1565
1540 1385
1614 1704
1385 1395
1554 0
0 1554
1385 536
1385 1528
308 1674
6 1701
1656 1382
1382 1656
1614 1629
1614 1594
1565 1711
358 1565
1700 1395
1395 1712
1017 1713
1713 1017
1575 1714
1714 1575
1567 1715
63 1385
63 1352
1498 1713
1713 1498
1561 1628
1628 1561
1561 1614
774 1464
56 1565
1567 1717
1717 1567
1565 358
1565 56
1567 904
1711 1565
34 1720
1716 774
1614 1561
1464 1722
38 414
1722 1464
34 1723
1723 34
1565 1724
1724 1565
1382 1725
1725 1382
1594 1614
1395 1673
1395 1699
35 0
0 35
1673 1395
1673 1333
1561 1489
1489 1561
0 1726
1726 0
1464 774
1538 1280
1538 1727
1590 1723
774 522
774 1280
774 1716
1649 1728
1728 1649
303 1382
1382 303
1316 1501
1501 1316
1692 1501
1501 1692
1501 1713
1713 1501
1200 1614
1614 1200
1565 1564
1565 1656
1561 1554
1554 1561
308 881
308 1382
1643 34
1200 63
1713 1153
1584 1554
1554 1583
1583 1554
1200 1689
1316 1452
591 1584
1584 591
34 1731
1731 34
1316 1692
358 1732
1692 1316
1333 1673
34 1732
34 1733
1727 1734
1561 1735
1735 1561
6 303
183 1732
1668 1736
1395 904
1735 492
492 1735
1486 1692
1385 1244
1244 1385
1385 1561
1561 1385
1735 255
255 1735
904 1737
1737 904
1735 1738
1498 1316
1280 1663
6 1663
522 774
1316 1498
1663 1280
1735 1333
1628 1735
1333 1735
1567 1739
1385 1726
1739 1567
1726 1385
536 1200
1570 1382
1735 1730
1730 1735
1674 1347
1347 1674
34 1740
1741 831
1737 1244
1244 1737
1730 1581
1561 860
1628 1692
1692 1628
1395 1280
414 38
414 1280
1280 414
1280 774
414 1416
1719 774
1740 34
1416 414
591 1351
1351 591
545 536
414 94
536 545
414 256
0 1351
539 1385
492 1742
1365 352
1735 907
907 1735
1564 1735
1735 1564
591 1385
1385 591
1726 904
1614 1710
1628 1385
1710 1614
1200 1746
1395 1746
1746 1395
1692 1555
1555 1692
1486 0
0 1486
35 1747
1747 35
1745 1685
1745 860
0 119
0 1748
1575 1382
1555 544
1489 1333
1333 1489
1749 1333
1365 1200
536 1365
1561 1689
1656 1730
1628 1474
1365 1750
1750 1365
1750 704
704 1750
536 1575
1575 1751
1751 1575
1750 1753
1753 1750
1575 536
1750 1743
1743 1750
1720 1743
1628 1743
1743 1628
1745 1584
1584 1745
1743 1720
1724 544
1321 1743
536 1385
1365 362
1526 1751
1751 1526
40 303
1755 1743
1756 1743
1743 1756
1365 821
1755 1584
177 1757
1755 821
1757 177
1758 1590
40 1590
1614 1734
1584 1755
904 1755
1486 1755
1743 1755
1561 1755
1498 1395
1673 1713
1684 1683
1684 1661
1753 1674
1674 1753
1590 40
1590 221
1590 1694
1590 1758
545 1743
1590 904
1743 545
1590 1755
1614 1759
