74 61
5590 5315
5315 5590
34 5580
34 5591
5522 4303
4303 5522
114 5592
5592 114
1395 3721
5528 360
360 5528
1017 56
56 1017
5352 4514
4514 5352
4514 3039
3039 4514
5593 3639
3039 279
3877 5507
5507 3877
4384 5593
4196 4866
5595 5553
5154 4866
5595 4196
5154 5352
5471 2109
3451 3908
5352 5154
5471 5595
5595 5471
5471 5596
5596 5471
2109 5471
5549 1809
1809 5549
5471 5597
5471 5528
5528 5471
4196 5471
5258 3896
3896 5258
5471 4196
4171 5598
4303 904
3827 5595
5595 3827
3877 32
32 3877
4384 4558
4384 114
3877 4384
3877 1351
4384 3877
4384 1946
4384 4920
3877 5505
4384 5506
1351 5538
5316 5538
4196 1669
1669 4196
4498 4648
4290 5594
4171 4498
5471 2624
5481 5600
2387 1614
2387 5211
34 5599
4196 215
215 4196
1809 5471
2044 5471
5558 1351
4303 1402
4510 5589
5589 4510
4117 1809
3428 2634
4558 2193
4117 4196
4196 4117
2387 2062
3706 4196
4384 2193
5568 32
32 5568
4196 3706
1970 2193
5595 1730
4924 5602
3451 4303
5597 5471
4303 5603
5603 4303
2295 4290
360 5471
360 3530
4514 3915
3915 4514
3706 5179
3428 1997
1997 3428
4384 5484
4384 2186
4558 5484
2834 2062
4290 3877
3877 4290
5603 134
2062 2834
56 3877
3877 56
3706 1382
5603 5515
1351 1947
4188 2941
2941 4188
5456 5569
3803 5456
4531 5456
5456 4531
3012 5315
1730 5606
5606 1730
4648 3012
3012 4648
4384 1689
4384 1385
3918 5211
4196 3580
3580 4196
1017 3745
4196 4610
5471 5608
3745 1017
5503 5609
5609 5503
4531 2834
2834 4531
3721 5539
5471 4250
5481 2193
3721 5570
2109 4196
4196 2109
3721 5316
3451 2066
3451 5471
2657 5610
4303 5471
2387 5471
3706 5064
3706 4859
5608 5471
4290 2834
2834 4290
4290 4850
4850 4290
2834 5590
5590 2834
3877 2387
2941 3039
3580 1898
1898 3580
3918 1362
2044 3918
2109 5607
2387 5607
5609 4196
5609 5608
5609 5315
5608 5609
5608 5315
4196 5609
0 3918
32 50
50 32
3039 50
50 3039
5352 3428
3428 5352
2657 2295
5607 3877
5607 2109
5607 5611
255 5613
5613 5609
5514 24
4924 5614
5614 4924
5607 4510
4510 5607
3721 1317
3877 5615
480 2295
3877 480
1351 5616
5589 5617
5617 5589
5589 5618
5617 5618
5618 5589
5618 5617
34 5613
5613 34
5611 3771
34 3771
3771 5611
3771 34
5613 255
2044 5617
4514 2044
2044 4514
1734 5615
2933 5434
5434 2933
2933 3803
4196 5613
5613 4196
3451 3039
3039 3451
2933 2265
2933 2027
1692 1351
4514 5621
3451 303
5621 4208
4208 5621
5611 3451
3451 5607
3655 5505
3877 2193
1970 34
3039 2941
2387 3827
3039 12
12 3039
3469 5622
4196 2834
2834 4196
2624 3012
3012 2624
4648 3039
3039 4648
3827 2387
5608 4648
360 3451
360 5569
2933 5607
3316 4196
1970 544
4196 3803
1017 1315
1351 5623
5623 1351
5623 114
5623 1734
5623 3706
5623 4384
5623 4558
4364 1315
5623 5064
5064 5623
5623 4859
34 5618
1938 0
5064 3706
3039 5624
5624 3039
34 5595
34 1970
4859 4290
3721 4518
4921 5625
4290 4859
1351 2523
4518 4290
3451 5611
2834 3039
3639 2523
3580 5624
5625 4921
3827 5626
5626 3827
3877 0
4859 5439
4514 2624
2624 4514
4171 1315
2657 0
2657 1938
1938 2657
5622 5481
5622 5605
5622 1351
4290 5597
5597 4290
4648 4498
4364 4196
4196 4364
5624 5471
3450 5573
2295 5471
3597 4196
4196 3597
3809 4196
4196 3809
1351 5622
5601 1351
3469 5601
5601 5481
3469 1351
5578 34
4171 1884
1884 4171
4514 4196
3012 3896
1351 3877
4381 3987
3706 5507
5514 5507
544 5507
3827 3724
3724 3827
34 5553
5630 2624
5629 3827
3827 3039
3039 3827
1763 5632
4859 5576
4859 5633
5634 4648
3039 5631
5631 3039
3039 5315
3987 5632
