133 131
545 1385
1565 1618
1618 1565
1565 3
1521 1385
1565 1521
1521 1565
1617 24
1567 1333
1316 1619
1567 1606
1567 1584
1584 1567
1316 536
1316 1620
1620 1316
1584 1620
1620 1584
3 1565
536 1584
536 1316
1617 1382
1584 860
1316 0
1619 436
1565 1617
1216 1621
1516 1289
1385 1516
1606 1567
1516 1385
1385 1622
536 6
6 536
1347 34
34 1347
1216 1614
1289 536
536 1289
1619 1316
1382 1622
1622 1382
1622 1385
1619 1623
1591 774
1565 1624
1594 1565
1216 1491
1561 1216
352 1565
1624 1565
1554 1590
1161 1554
1554 1161
536 134
134 536
134 1584
1565 1625
1625 1565
1621 1216
34 1626
1626 34
1554 1486
1486 1554
352 1561
1561 352
1554 1347
1347 1554
1486 1627
1486 1517
1627 1486
1385 1517
40 9
1627 1628
9 40
1628 24
1289 1630
1630 1289
1565 591
591 1565
1584 536
1623 1619
545 1631
1631 545
40 1632
1632 40
1385 1633
1633 1385
177 1385
1385 177
177 0
177 1200
774 1591
774 1634
1498 1635
1333 1635
1289 1635
1625 1635
183 95
0 177
1395 1472
95 183
1617 1565
1385 183
34 1624
6 544
1634 774
1316 1584
1584 1316
1385 1584
545 1636
1636 545
1565 895
536 1565
1362 1638
1638 1362
34 1639
1385 1627
1627 1385
1565 620
620 1565
40 0
1561 1627
1627 1640
1627 1561
1565 1450
1450 1565
1640 1627
1584 1641
1641 1584
898 1642
898 1565
1565 898
1636 1584
1584 1636
1514 1565
1565 1514
1565 536
1052 1564
1564 1052
1052 1627
1584 1402
1525 1643
1347 536
536 1347
1643 1525
1643 544
34 1643
1564 1644
1644 1564
1216 1561
1547 1385
1385 1547
1368 1385
1385 1368
1540 24
5 536
536 5
63 303
1627 1052
1565 1645
1639 34
1565 1633
1633 1565
1395 1501
1565 1526
1526 1565
177 1646
1575 1565
1565 1647
1647 1565
904 1200
1200 904
591 0
0 591
1352 1477
1385 1646
1554 1565
1565 1554
1590 1554
1486 303
1477 1352
1052 536
536 1052
6 124
1385 1628
124 6
34 1650
1486 1646
1565 1221
1221 1565
774 1652
1316 5
5 1316
1565 1393
1628 1584
1584 1628
6 1628
1628 6
34 1653
34 1654
1653 34
183 1619
1565 1653
1653 1565
1565 545
545 1565
1565 5
5 1565
1561 536
536 1561
1347 544
1584 1565
1565 1584
1491 34
1420 1385
1654 34
1565 1654
1654 1565
1385 1420
1565 1658
1565 1659
1565 1315
358 1509
904 1565
1565 1244
1244 1565
1565 40
40 1565
1628 1660
1660 1628
1611 1385
1385 1611
1584 1385
1385 1661
521 1542
1542 521
1567 1662
1629 544
1565 1574
1574 1565
34 1663
1663 34
1565 1664
1664 1565
1575 1564
1564 1575
362 1635
1565 1665
1665 1565
1664 1635
1635 1664
646 308
1385 1495
1495 1385
881 1385
1614 1653
1280 1216
1565 1251
1251 1565
1565 1667
1667 1565
3 1663
1663 3
1663 1565
1565 1663
1280 1667
774 1668
1216 1668
1216 1436
1667 1280
1316 1611
1611 1316
1584 1669
934 1561
1561 934
1669 1584
1670 1614
1653 1614
1653 1654
1584 63
63 1584
1654 1653
34 1671
34 1656
34 1648
1671 34
1540 904
1614 1654
1565 1614
1565 1672
1672 1565
1661 1540
1540 1661
1635 1656
1669 1382
1656 1635
1635 1666
1565 904
1565 1395
1669 1673
1673 1669
539 1316
1316 539
904 183
183 904
1635 183
1666 1635
1385 1674
1674 1385
1347 578
578 1347
1333 1674
1674 1333
1669 1674
1673 1671
1671 1673
352 1411
1411 352
1635 578
578 1635
1385 1675
1675 1385
578 352
352 578
1402 1584
1656 1565
1646 177
1565 1676
1675 1635
1635 1675
1628 1663
1628 1669
1669 1628
881 1333
34 1677
1677 34
1565 1611
1611 1565
1606 1565
1565 1540
1333 1666
1666 1333
1669 1678
1678 1669
1316 1657
183 1316
1316 183
591 3
3 591
1554 1594
1436 1668
539 1565
1565 539
904 1628
1565 1674
1674 1565
1674 1316
1316 1674
1052 6
1565 1052
1052 1565
1486 1584
1584 1486
6 1595
1595 6
1555 1542
1614 774
1395 1680
1680 1395
1595 1486
1486 1595
774 1614
1385 1681
1681 1385
1565 1682
1682 1565
578 12
12 578
578 1333
1333 578
1316 1676
1052 578
578 1052
1683 1684
1590 1564
1564 1590
774 1685
536 1686
1676 1316
1565 1619
1584 1675
1675 1584
1395 1671
1671 1395
1671 56
1628 1395
1317 826
1595 1583
1583 1595
1594 1554
1395 1686
1395 1628
1686 1395
1563 1547
6 1664
1664 6
1675 1687
1687 1675
1635 1688
1688 1635
1385 1635
1635 1385
282 1555
1555 282
1316 1127
1127 1316
1687 1316
1316 1687
1689 1565
