255 140
2448 352
2398 2317
2317 2398
2317 2029
1565 2509
2509 1565
2509 1845
2509 2112
2509 1732
2033 2258
2033 1845
2029 303
303 2029
1884 1528
2484 2510
2508 34
2033 0
2066 2089
1751 2474
2474 1751
1898 2511
936 1501
1501 936
1501 1730
1730 1501
2512 1898
0 2033
2123 2197
2504 2513
2513 2504
1898 2292
2292 1898
2514 2474
2504 2515
2515 2504
1385 1614
1614 1385
2474 2514
2504 2516
1898 2517
2398 2213
2027 2518
2305 2213
352 2493
2493 352
1990 2411
2411 1990
2295 2327
2327 2295
2117 2519
2519 2117
2435 1200
352 1809
1809 352
2346 2312
245 2298
303 1584
2298 245
2402 544
2515 1809
1809 2515
2343 2516
2343 2513
2343 2515
2516 2504
1584 1809
1316 2213
2517 1898
2515 2521
1362 2504
1362 2513
1362 2515
2509 2522
2520 34
1692 170
170 1692
1895 1809
1809 1895
2398 549
549 2398
1809 549
549 1809
1692 1583
1583 1692
2518 2027
2519 2066
2398 2523
2523 2398
2523 2027
2523 2124
1565 2257
1351 240
2317 2124
2398 2327
2327 2398
2324 2404
1395 2317
2327 2524
2524 2327
2327 2332
2332 2327
2404 2324
6 2396
1809 2324
2324 1809
2295 201
201 2295
2257 1565
634 1904
1904 634
2485 699
699 2485
34 2520
34 2526
34 2512
34 2527
2257 2112
2426 2474
2474 2426
2027 1921
1921 2027
2029 2484
2484 2029
2519 2484
2283 2258
2261 2066
303 1763
822 2069
2069 822
1809 1953
1953 1809
2186 2528
2528 1575
2528 2186
303 904
5 1382
2396 2398
2398 2396
317 1382
158 1382
2484 2519
2339 34
34 2530
2483 2419
1859 1501
1501 1859
634 303
2303 34
34 2303
2419 2531
34 1921
1921 34
2419 2483
1910 1809
6 2532
2398 1778
1778 2398
2398 2015
2483 1814
2027 2533
2533 2027
2015 2398
2522 24
2230 2317
2317 2230
1920 2484
2484 1920
1920 2016
2016 1920
2534 2484
2230 303
2292 2230
2230 2292
1365 1730
1730 1365
1730 2535
2066 2311
1898 2536
2536 1898
2052 1382
25 1382
25 34
1921 855
1921 2354
2537 2016
1732 1904
1732 1382
1904 1732
2515 2538
2538 2539
2515 2540
2540 2539
2515 2541
2541 2539
2515 2542
2542 2539
2515 2543
2543 2539
2515 2544
2544 2539
1395 2032
1831 1528
2251 2545
2545 2251
2027 183
34 2546
2354 1898
1898 2354
2311 2066
240 831
240 248
240 1362
2257 1382
2027 2538
2027 2539
2500 2539
2545 2484
424 5
2157 709
1718 2157
12 709
1809 2539
2066 2539
2398 2520
2520 2398
2539 2547
2539 2548
2398 2295
2295 2398
1885 2539
1859 2027
1528 1831
2295 2549
2549 2295
2295 2547
2549 2547
2265 2515
2265 2504
2265 2513
2265 2531
2265 2539
2265 2470
2265 2409
2265 2538
2265 2542
2265 2543
2265 2544
2265 2521
2265 2541
2265 2540
34 2550
2341 2369
2369 2341
2295 2484
2484 2295
2066 2531
2066 2504
2066 2547
2066 2513
709 12
904 2551
2484 2474
2474 2484
424 1542
2292 1542
1809 2548
545 2474
2474 545
2066 2548
545 2534
2534 545
303 545
303 2414
2414 303
545 303
2124 2552
2552 2124
2551 904
709 2551
545 2551
2551 545
545 2536
2536 545
12 2554
2554 12
2551 709
2066 2555
2474 2066
2066 2474
2555 2066
1898 2520
2520 1898
2327 2175
2471 2066
12 2556
2556 12
12 2551
2551 12
2535 1730
241 1898
383 2197
1898 241
2555 2537
227 2317
2317 227
1688 24
1688 2016
2332 95
2530 34
3 2469
2474 1614
1614 2474
904 1382
904 1801
1583 1382
1921 904
1 203
1 1362
1 166
1 38
1 222
1 244
1 177
1 22
1 134
1 5
1921 2557
2369 904
2396 1921
1921 2396
904 2066
2066 904
2066 2558
2558 2066
1528 2474
2474 1528
6 2230
2230 6
1554 34
34 1554
34 2557
2557 34
2298 2112
2292 2207
1584 2560
2560 1584
2143 2112
545 2561
2561 545
545 2562
2561 203
203 2561
2175 2396
2396 2175
1362 2157
2016 2537
2327 24
2016 1801
2016 1280
2016 1669
2016 2287
2016 1809
2484 2534
2534 2564
2564 2534
1859 1382
2548 2565
2548 2566
2566 2565
2565 2567
2566 2567
2567 2566
2567 2568
2568 2567
2568 2565
2568 2569
2569 2568
2569 2565
2565 2569
2565 2568
2568 2570
2570 2565
2565 2570
2565 2571
2571 2565
2565 2572
2572 2565
2565 2573
2573 2565
1859 2141
1809 2565
1801 2565
1809 2568
1809 2570
1809 2571
1809 2569
1809 2566
1365 1315
12 2565
2534 709
709 2534
1801 2566
1801 2572
1801 2568
1809 2572
2494 2124
2398 2292
2292 2398
1674 1805
1395 1584
2175 2443
1395 308
1395 1316
1805 1674
1395 28
1395 6
1556 2574
2574 1556
1831 2213
1831 709
709 1831
2555 2534
2534 2555
2066 2566
2066 2568
2066 2572
2066 2565
2317 1395
1556 709
709 1556
2033 2535
2027 2575
2575 2027
2535 2033
534 2454
34 2576
2280 2117
2117 2280
1184 2577
2577 1184
34 2578
2563 2534
12 1674
1674 12
1614 2240
855 1382
1947 2579
2577 1839
2579 1947
1674 2124
2124 1674
2414 1809
1809 2414
634 2197
2560 1898
2578 34
2027 2123
2123 2027
1814 2580
2580 1814
1333 1382
591 1884
1884 591
2033 2581
2581 2033
1365 1382
2295 1756
12 1756
2295 1764
1764 2295
183 2027
2193 317
6 1317
2117 303
1565 2385
2027 2583
2583 2027
2385 1565
2385 2112
2385 1845
634 1542
634 2557
2557 634
2557 1674
1674 2557
1674 2375
2375 1674
2551 1674
1674 2551
2027 2414
317 2193
2584 2537
1385 2016
1809 1542
545 2585
545 2586
2586 545
2585 545
2537 2530
2537 2555
2537 1822
2584 545
545 2584
2500 2549
2530 2537
2027 2587
34 2588
2588 34
2589 2377
2062 2588
2588 2062
2564 2588
2588 2564
1877 2590
2591 2124
491 12
12 491
2591 2537
2537 2591
2536 2124
2124 2536
2590 1877
2474 1831
1831 2474
2027 2096
539 12
12 539
12 2588
2588 12
303 2197
303 1898
1898 303
34 2593
34 2594
34 2595
2027 2332
2591 2596
2596 2591
2332 2027
2591 2066
2596 2066
2591 2597
2597 2066
2597 2591
2591 2573
2573 2066
2484 2377
2377 2484
1957 2251
2066 2597
2066 2573
2066 2596
1809 2591
2066 2591
1809 2597
1362 2016
1584 2599
2599 1584
1809 2575
2584 2066
1395 2066
1395 1362
2066 2569
2584 2600
2066 2570
2066 2571
2600 2584
2600 2601
2600 2602
1395 2600
2602 2584
2602 2601
2602 2600
1395 2602
1809 2602
1809 2600
1809 2601
2066 2602
2066 2600
2066 2601
2584 2603
2066 2603
2066 2584
1831 2604
1831 2605
2604 1831
2605 1831
2604 2605
2605 2604
34 2529
1831 2396
2396 1831
1395 1791
1395 2016
1395 2584
1395 545
1395 868
1395 2296
1685 2607
1644 34
2607 1685
2027 2593
1809 2609
2609 1809
2560 2295
2112 2610
2295 2611
2611 2295
2604 2112
2593 2483
1845 1382
2599 2593
34 2612
34 2613
2175 1809
2175 134
904 12
1584 2549
2549 1584
1365 1839
12 2614
2614 12
12 1885
1885 12
1885 2343
2343 1885
34 2615
1809 2616
2066 2616
2615 34
709 1915
1915 709
12 1915
2234 1382
1395 1382
131 1382
2610 2112
2069 1614
134 2175
1814 2483
1362 2618
240 0
240 339
1564 2016
2560 1831
2560 2483
2033 2197
1730 2619
1831 2173
2173 1831
2619 1730
2584 2620
27 34
2584 2621
2584 2622
2622 2621
2622 2620
2621 2620
2621 2622
1818 2197
34 27
2066 2621
2066 2622
2066 2620
2377 2623
2039 2624
2039 1619
2039 904
2039 1200
2039 1947
1831 2377
2171 34
2377 2479
2377 2433
1730 2377
2310 2175
2175 2310
2324 2327
2324 2044
2044 2324
2327 2560
491 2560
1831 2560
1583 2398
2398 1583
1809 2596
2124 2625
1809 2621
1809 2622
2625 2124
1809 2620
2537 2584
1809 2584
545 2626
2626 545
2567 2627
2567 2628
1809 2567
1809 2628
545 2629
2629 545
2629 2122
2629 2627
2122 2629
2567 2630
2053 2193
1898 2560
1966 2251
2251 1966
2066 2627
2066 2567
2066 2628
1395 1365
2567 2632
2567 2631
2066 2631
2066 2630
2175 2567
2066 2633
545 2158
2158 2634
2043 2124
1614 2069
2484 2197
2592 56
2534 2563
56 2592
1395 2450
2327 1382
2327 2089
1351 1527
1351 424
424 1351
303 2635
2634 2636
2636 2634
2310 1316
1316 2310
1809 2637
2637 1809
2295 2560
2537 34
362 2638
2638 362
2638 1809
34 2537
2377 34
2377 1730
2377 2589
1614 2191
2639 2635
1773 1751
2640 2484
1751 1773
2426 1216
2173 2387
2027 2328
2396 6
2124 2592
2604 1809
1809 2604
2066 2605
2066 2639
2634 2593
2327 2437
2437 2327
2484 904
2398 1898
1751 2641
2641 1751
2027 2437
2437 2027
2641 2642
2642 2641
1898 2398
2641 2398
2398 2641
2327 2197
2327 2204
2295 2643
2643 2295
2634 2644
2644 2634
2377 2645
2292 1382
1614 1972
2635 2638
2589 2638
2635 2639
2635 2646
2646 924
2172 2635
2635 2172
131 0
1809 2124
2172 1564
2589 2647
2647 2589
1564 2172
2589 1730
1730 2589
2027 2436
2436 2027
1814 1898
2066 2647
1763 303
1898 1814
2535 2124
2027 1564
2645 34
2027 2648
2648 2027
1809 2638
1809 2650
2650 1809
34 2652
34 2654
2172 2369
2369 2172
2634 2314
2027 2314
1351 1385
1411 1778
1351 663
1778 1411
1351 1477
1351 1713
1351 308
2066 2638
2027 1966
1966 2027
2027 0
1333 1814
2656 1848
2657 2658
2658 2657
2657 34
2340 2172
170 936
1839 1365
1385 1542
2027 2635
2635 2027
2027 1787
1787 2027
2635 2659
2659 2635
2172 56
2175 2660
2288 2661
2661 2288
2661 2654
34 2193
2193 34
499 2112
2193 2172
2172 2193
2484 2657
2657 2484
2377 2639
34 2645
34 2662
2484 2545
2124 2395
2580 303
1801 1382
241 2308
2634 2663
2663 2634
2308 241
1614 2664
2656 2665
2665 2656
2634 2027
2124 2666
2666 2124
1809 1828
1556 2588
2588 1556
1809 1818
1809 2667
2667 1809
1351 1330
1395 191
2656 2668
2668 2656
2668 2669
2669 2668
2656 2669
2669 2656
2670 2669
134 1385
2669 1542
2669 2670
2066 2670
2669 2671
2066 2656
2669 2632
2669 2672
2066 2669
2066 2671
2066 2668
2066 2672
2066 2632
1966 1330
2656 2671
2656 2673
2673 2674
2673 2676
2676 2673
2673 2675
2676 2675
2676 2674
2675 2673
2674 2673
2674 2632
134 1542
2656 2677
2677 2066
2677 2670
1395 1542
2677 2671
2677 2673
2671 2066
2671 2630
2671 2628
2671 2631
2671 2627
2631 2627
2631 2628
2631 2630
2631 1809
2631 1542
2630 1809
2630 2633
2630 2573
2630 2665
2630 2569
2630 2570
2627 1809
2627 1542
2627 2573
2627 2570
2627 2547
2667 2669
1564 1542
2580 2535
2664 1614
2664 1947
1809 2656
1809 2670
1809 2669
2415 2680
1809 2668
2680 2415
1809 2627
1809 2547
1809 2630
1809 2671
1809 2631
2309 2172
2172 2309
34 2117
2679 1542
2679 2681
2679 1809
2679 2175
2681 2175
2681 1542
2537 241
2681 1809
2681 2679
2681 1200
2679 904
2084 1542
1542 2084
1542 2682
2679 2682
2681 2682
2679 2484
1542 2681
1542 2679
2682 1542
2682 2681
2682 2484
2682 134
2682 1952
2682 2172
1542 2683
2681 134
2681 1952
2681 424
2681 2172
2681 2292
2679 2683
2683 1809
2679 134
2679 2292
2679 424
2679 2172
1542 134
1542 1952
1542 2292
1542 424
1542 2172
2683 2124
2683 904
2683 134
2683 1952
2683 2292
2683 424
2683 2172
2683 2027
2681 2027
2193 2258
2066 2274
2634 2158
2158 545
2274 2403
2403 2274
2667 2673
2667 1542
2682 2684
2684 2682
1809 134
134 2682
134 2681
134 2679
134 2683
2295 2683
2295 2679
2295 2681
2295 2682
2295 134
2295 2158
2158 2295
2537 2685
2685 2537
2484 2634
2172 1542
2172 1952
1822 2537
201 2589
2589 201
1395 2635
2635 1395
34 2686
1395 1315
1395 1385
2172 2682
2172 2679
2172 2683
2172 2681
2193 1583
1734 2232
2027 2295
2027 1953
201 1898
1898 201
2175 2340
2340 2175
2537 2535
1828 2124
2172 2646
2172 2606
2646 2172
2127 2117
2634 2484
2535 2537
2193 2261
2676 2688
2675 2688
2689 1898
2261 2193
904 56
1333 2665
1809 2665
2172 506
1200 2193
1918 2685
2066 1953
2599 2193
2193 2599
12 2193
2193 12
2193 2197
2295 2332
2332 2295
2295 1884
1884 2295
2685 1918
2069 1947
1351 40
1351 60
2029 2295
1351 1966
1351 1564
1351 1528
1351 1952
2295 2587
2587 2295
34 1780
2426 2692
1395 1528
2680 2484
2484 2680
2122 1895
1831 2122
2122 1831
2573 2693
