256 327
4173 145
4173 4174
2888 3017
1809 2896
3827 3734
3734 3827
904 1315
3903 1271
1271 3903
3734 1271
1271 3734
3827 928
3827 3001
2933 3987
1611 3987
3987 1611
3827 3780
2193 2027
2193 904
3450 3903
3903 3450
1266 1395
1395 1266
3903 1266
1266 3903
2062 4176
4176 2062
2193 3743
2193 3755
2193 3756
2193 3758
2193 3759
2193 1395
3766 4034
4034 3766
4109 3714
3714 4109
3879 4106
4106 3879
3891 3000
3000 3891
4025 4177
4177 4025
4177 4178
3734 3891
3891 3734
4173 4104
1333 3159
3159 1333
4117 1017
63 3159
3159 63
4162 4179
1763 112
3629 4035
4162 4180
4180 4162
3407 4162
3511 3526
3526 3511
4134 4181
112 1763
1831 699
699 1831
63 3641
3641 63
3734 1997
1997 3734
4151 3641
1266 1809
1809 1266
3734 1501
1501 3734
4088 3641
3641 4088
3734 4180
4180 3734
3891 3853
3853 3891
2295 2027
3734 4182
4182 3734
3592 1288
3734 4183
4010 3891
3891 4010
3734 4077
4077 3734
4180 3819
3819 4180
3734 4102
4102 3734
3734 4184
4184 3734
1333 3734
3734 1333
1288 3592
4157 1333
4157 1809
3641 1809
2295 1809
3903 4185
4185 3903
34 3101
3848 3098
1216 4151
4151 1216
3218 4186
2624 3218
3218 2624
4187 4106
4106 4187
1017 16
16 1017
134 1351
134 329
329 134
4171 3903
3218 3334
3334 3218
1017 4097
1017 3915
3915 1017
4187 4178
1809 3915
3915 1809
3825 4178
2896 4190
4190 2896
2395 3530
3827 4183
2395 3827
3827 2395
4183 3827
3421 3518
3648 4077
4077 3648
2762 1333
1333 2624
2762 2126
2624 1763
1763 2624
4097 1017
3903 3403
1501 4171
3903 3648
4074 3318
3318 4074
3827 904
3922 12
12 3922
2343 159
159 2343
3734 4168
4168 3734
3469 3128
3592 4085
904 4191
4171 1501
2343 4191
4191 2343
1216 4189
4189 1216
4121 4171
3518 3421
2754 28
2896 2109
2109 2896
3891 2896
4183 3734
4074 3538
3538 4074
4183 3987
3511 4074
4171 4121
2896 2900
4010 2295
2295 4010
3825 4194
539 2999
2999 539
3825 3512
1333 4074
352 2302
2302 352
4097 4195
4195 4097
4171 2709
2709 4171
4180 4124
4124 4180
4162 1688
3809 2295
3734 1688
1688 3734
4183 4197
4197 904
4197 4183
1351 2003
2003 1351
904 4183
904 4197
2302 2265
3002 2641
4158 2641
2641 4158
3922 3734
3734 3922
4112 3734
3734 4112
3734 4198
3734 4087
4087 3734
3734 1831
1831 3734
1315 145
2387 3723
1315 1395
4198 3734
904 2350
2350 904
3915 2999
2999 3915
3915 34
3915 2391
2391 3915
2283 4178
2900 2295
3987 4199
4199 3987
3405 1017
4169 1017
2305 2343
2343 2305
2343 2265
2305 2265
3318 2265
2343 1351
1280 544
12 3641
3641 12
4162 3922
3352 4200
4200 3352
3334 362
362 3334
3827 4165
4165 3827
1017 4077
4077 229
1809 4137
4171 4201
4201 4171
1333 4202
4202 1333
4171 4200
4200 4171
3915 4162
4162 3915
2634 4203
1898 12
12 1898
1333 12
1730 1898
1898 1730
2186 5
4204 2387
2387 4204
1611 2727
4204 3981
4168 4205
4205 4168
3548 4180
4180 3548
3464 1831
1831 3464
4197 4205
4205 4197
4180 4197
4197 4180
3915 1611
1611 3915
12 4123
4123 12
4123 904
3987 3318
3318 3987
2377 3641
3641 2377
4171 3891
584 4201
4168 1878
1878 4168
4201 584
1878 4171
4205 34
3055 2641
3102 2027
4171 1878
1564 4205
4205 1564
3714 3987
3915 4168
4168 3915
1809 3342
1809 4207
4207 1809
4197 4003
3987 3714
4196 2641
4173 4178
3119 12
12 3119
3119 4205
4205 3119
3734 4208
4208 3734
2324 3734
3734 4209
3734 2324
4209 3734
3734 4210
3734 4211
4211 3734
3734 3428
3428 3734
4162 4209
4209 4162
2396 4212
4212 2396
0 1507
4209 34
904 2109
2109 904
4209 2109
2109 4209
3915 2109
4173 3934
3017 3902
3017 4203
1754 4214
3352 4041
4203 3017
2776 3648
3544 3403
3403 3544
3403 3903
3597 2497
4202 2497
341 2497
3645 3469
2641 3213
3213 2641
2641 4196
34 4215
34 4112
2641 3645
3645 2641
2066 3573
3573 2066
4214 1754
4126 34
3645 3915
4168 3327
3915 3645
3469 3645
3464 12
12 3464
3765 4174
4041 3352
3780 2044
3780 3659
3780 4153
3780 3827
3780 3909
12 909
909 12
3765 3017
3765 3259
3645 4148
4148 3645
2186 3743
3017 3765
3734 2186
2186 3734
3734 4216
4168 145
4154 3780
3780 4154
3734 4171
4171 3734
2860 3722
4171 4217
4217 4171
1638 4202
4202 1638
4171 1628
1547 1763
3734 1754
1638 3827
1754 3734
3734 4218
4218 3734
4208 4171
4171 4208
3734 4219
4219 3734
3734 4197
4197 3734
1638 3925
3925 1638
3464 3734
3734 3464
3915 4183
4183 3915
34 3915
34 4220
34 4205
3352 4054
1751 3920
1751 4223
2624 2875
2875 2624
2511 12
4037 3641
1611 3749
3641 4037
4037 2430
3915 4136
2641 3925
3641 4225
4225 3641
3734 1898
1898 3734
360 2027
360 2213
1333 2213
4136 3915
3734 1611
1611 3734
1915 3734
3734 1915
3734 4226
4226 3734
3022 4213
4213 3022
4197 3827
3827 4197
56 4213
4213 56
4197 201
201 4197
1362 3313
1362 3192
3827 3645
3645 3827
904 2896
18 3028
3819 3980
3980 3819
18 3743
1017 3142
1017 4227
4054 3352
3546 4228
3546 4229
3975 3000
3000 3975
3800 3272
4162 3742
4196 4230
1946 1696
4186 3218
2041 4231
1718 904
1718 2197
3487 4232
3925 4224
3487 4233
4233 3487
4224 3925
4229 3546
4229 4228
3925 3745
3745 3925
4037 4210
4037 4234
4234 4037
4234 4211
2641 2838
2838 2641
2999 3464
3464 2999
4037 3450
3734 4166
3450 4037
3745 3432
4166 3734
4204 534
3450 4235
4235 3450
4235 4029
3352 3188
3188 3352
4106 3560
3599 1158
1158 3599
4216 4236
1801 1564
2200 1801
1801 4197
4196 4216
1564 1718
4216 4196
3819 4216
4216 3819
4216 3734
4236 4216
2062 4235
4235 2062
4196 3573
3573 4196
1801 2896
4202 2896
2641 3886
12 3648
3648 12
4096 4178
1966 544
1200 4237
3734 2821
2821 3734
3829 3734
3734 3829
3734 4235
4235 3734
2295 1818
904 2295
3734 1226
1226 3734
4235 2261
3987 639
639 3987
4235 4237
4235 639
3987 4238
4238 3987
639 4235
3641 4239
4239 3641
2387 4235
4237 4235
2261 4235
1216 1997
1997 1216
4141 2641
2896 2624
3722 3641
3641 3722
3450 1611
1611 3450
3526 4240
4203 3521
4203 4178
3500 4171
4171 4203
1809 4241
3925 1527
1527 3925
2875 2049
2049 2875
3780 2838
2838 3780
2838 12
12 2838
3464 928
1097 4242
1809 4243
4243 3599
4243 1809
4243 1333
3987 1688
1688 3987
4242 1097
2776 1611
3450 4216
4216 3450
3780 1564
1564 3780
34 4209
1809 4244
4244 1809
4244 3812
3812 4244
4097 3897
1017 4245
4245 229
4235 4216
4216 4235
4203 3775
4203 3259
3599 2641
3599 4243
2641 3599
445 3743
445 904
1333 4243
904 445
4216 4249
4249 4216
4162 4250
4203 4250
3648 4250
56 3464
4162 3544
134 3544
3544 134
3544 4252
4162 394
394 3544
134 4162
134 394
341 134
394 134
134 341
4213 3915
3915 4213
4230 3599
4252 3544
2295 20
4243 20
34 4250
134 4250
3877 3486
3486 3877
3827 4212
4212 3827
4248 4250
3641 24
2875 2124
2124 2875
3975 3819
3819 3975
3975 4254
4254 3975
4085 3592
4085 4156
3819 4235
4235 3819
170 2776
3980 1017
1017 3980
2776 170
1017 2387
2387 1017
12 4235
4235 12
3734 4255
4255 3734
4228 4229
4228 3546
4235 3853
3734 1673
3853 4235
1673 3734
4235 2387
3487 4235
2166 4256
4235 2838
2838 4235
4162 2079
2295 2079
2295 2896
4173 3526
3526 4173
3641 3648
2295 1674
3827 2295
1809 1674
4243 4258
4258 4243
1216 38
1216 414
1351 2343
414 1216
3526 4260
4260 3526
2295 1561
2511 2163
2295 639
639 2295
4196 4261
4261 4196
38 1216
2295 570
2634 4106
435 4106
4171 4262
4262 4171
3819 4263
4263 3819
3530 3599
2124 3886
3886 2124
4256 2166
3648 2027
3718 3975
4118 904
3975 2551
2551 3975
4263 12
12 4263
12 3404
3975 3404
3404 3975
4235 2163
3404 12
3222 3641
3641 3222
3526 4264
4264 3526
3975 2175
2175 3975
3641 4265
3641 4266
4265 3641
3341 3218
3915 4102
4102 3915
4232 3487
12 2511
1507 445
445 1507
3915 4267
4267 3915
2641 4268
3450 4268
3718 4037
4037 3718
4237 3444
4196 4083
4235 4226
4226 4235
4083 4196
4175 1017
1017 4175
3975 3167
3167 3975
4266 3641
4083 4184
4184 4083
3922 3551
545 3925
1333 3922
3922 4166
3981 4204
4166 3922
4171 4269
4171 4138
4138 4171
3655 3718
3718 3655
3597 4266
4266 3597
4230 3718
2350 1376
2387 3340
4196 4270
4270 4196
2838 3648
3648 2838
3915 2471
2471 3915
4106 4264
4264 4106
4203 3512
1395 1564
2860 3641
3599 1333
3915 4273
4273 3915
3915 4113
4113 3915
134 4274
1362 4274
904 4162
4196 3975
2641 4188
3827 4257
4257 3827
3915 4275
4275 3915
3597 4234
4234 3597
3903 3597
3597 3903
4235 4251
4251 4235
3903 3680
3680 3903
4251 4276
4276 4251
2295 4274
2295 4277
4277 2295
4277 4278
3827 3698
3698 3827
2187 4279
4279 2187
3396 492
4106 435
2634 3526
3526 2634
4016 34
4171 4264
1017 4281
4281 1017
3599 3655
3925 2641
4264 4171
3629 3655
4282 34
4175 2624
4280 4134
3903 2976
2976 3903
1564 4283
4283 1564
1628 4171
4173 4284
871 34
34 871
492 3396
1669 3396
3396 1669
2109 3915
1564 114
904 303
1611 4266
4266 1611
303 4097
4171 4279
4279 4171
4097 3722
3722 4097
3915 2986
2986 3915
3698 1763
904 4285
2941 2124
237 4171
4171 237
3213 2164
4282 4280
4280 4282
3718 2318
214 1564
3648 1628
1628 3648
1921 4178
4278 4277
4282 4286
4286 4282
34 4282
214 3743
4162 3546
3629 3407
3407 3629
4265 4287
4265 3259
4265 4288
3017 2634
1809 3184
3184 1809
3544 4290
12 2124
360 4291
4291 360
4282 3718
3718 4282
4171 3766
3766 4171
3184 12
12 3184
3222 3698
3698 3222
3915 3184
3184 3915
352 56
56 352
4290 3544
36 3017
3629 4171
12 2617
4283 1333
4135 3734
3815 2403
2403 3815
2403 4283
4283 2403
2403 3544
3544 2403
3698 4292
4292 3698
34 4293
4293 34
3236 4294
4294 3236
4171 3534
3534 4171
4295 4106
4106 4295
4295 3970
4286 3403
3403 4286
3822 475
1669 4265
4265 1669
4162 4296
2295 3448
4145 1017
4196 4286
4286 4196
2387 4297
2166 4237
4237 2166
4106 3871
3017 4298
4298 3017
4246 229
549 56
56 549
2396 56
56 2396
3925 545
1564 1801
1809 3464
3979 4196
4196 3979
34 4299
3629 4265
1611 3629
3629 1611
3629 3891
2818 1809
1809 2818
1507 2472
2472 1507
12 4300
4300 12
2261 4196
4196 2261
4290 3391
3391 4290
4296 1808
3979 3012
3236 2641
4265 3629
3236 3629
4265 2641
4171 3629
4265 3251
1628 4301
4301 1628
1317 3444
1628 3743
4162 2141
4162 229
4162 4118
2947 1351
4171 4302
4302 4171
3640 4303
1017 4246
34 4016
1017 3218
4289 2124
2124 4175
4304 3648
1990 2641
2641 1990
3597 3874
4106 4305
4305 4106
4196 4306
4306 4196
3874 3597
2055 329
3886 2641
4289 3698
3444 1317
2641 4308
3444 3546
3444 1153
3444 3
3444 4309
3444 4310
4221 1184
3444 12
1317 1184
3444 1184
352 904
904 352
2999 3544
3544 2999
545 3749
3749 545
2396 2109
2109 2396
4196 4311
4311 4196
4196 2957
2957 4196
3544 1564
1564 3544
3236 4312
4312 3236
2268 2124
1952 4313
4313 1952
3915 3388
3388 3915
3698 4289
4197 3915
3915 4197
3915 3216
3216 3915
2124 2268
3698 4253
4221 4314
3444 454
3444 134
3444 3365
4106 4315
4315 4106
1952 4106
4106 1952
3903 4171
731 3903
3903 731
2112 4316
4316 2112
3444 3542
1809 3903
1564 3571
3903 1809
3444 3571
4235 3903
4265 3985
3017 36
3017 2912
3017 3206
3403 4317
4317 3403
3975 3903
3903 4235
3903 3975
3975 1743
3017 4318
1564 3975
4318 3017
4138 3975
4138 4278
3975 4138
34 4319
1809 3019
4197 4196
4226 4320
4320 4226
4171 3853
3853 4171
3017 3743
215 1952
3577 1831
1831 3577
3213 3218
3218 3213
1952 4322
3128 3994
3915 4272
1638 4323
4272 3915
3915 279
279 3915
2634 4324
3718 3464
3464 3718
2999 904
904 2999
4319 34
4106 4278
3648 4304
3329 4325
4196 3922
3922 4196
3915 3320
3320 3915
3915 3698
3698 3915
12 3396
1097 492
1097 3396
1097 1669
3396 1097
3396 12
4171 4237
4237 4171
4237 4326
4326 4237
4171 3533
1333 4237
4237 1333
1333 2762
4171 2927
2927 4171
2295 2124
3698 4327
4327 3698
2243 4328
4328 2243
3544 1611
1611 3544
3979 4007
3526 4329
4329 3526
4171 3369
3369 4171
3829 4265
2243 5
134 5
4265 3829
4130 2387
2387 4130
1097 4330
4330 1097
4196 4332
4332 4196
904 4333
4333 904
2243 0
2243 4334
4334 2243
4171 2497
2124 4278
3658 24
