0 0
0 0
0 642
642 0
0 3254
3254 0
0 15145
15145 0
0 21337
21337 0
1 1
1 1
1 1846
1846 1
1 3049
3049 1
1 3172
3172 1
1 9551
9551 1
7 7
7 7
7 4920
4920 7
21 3498
3498 21
21 8199
8199 21
21 10473
10473 21
34 34
34 34
34 1158
1158 34
34 4920
4920 34
44 44
44 44
44 1264
1264 44
44 1591
1591 44
44 2436
2436 44
44 2984
2984 44
44 3351
3351 44
44 3482
3482 44
44 3813
3813 44
44 4638
4638 44
44 5544
5544 44
44 9325
9325 44
44 13232
13232 44
44 15369
15369 44
44 19730
19730 44
44 21240
21240 44
44 24220
24220 44
44 24451
24451 44
44 24460
24460 44
63 10958
10958 63
90 13786
13786 90
97 895
895 97
97 1887
1887 97
97 8996
8996 97
97 15410
15410 97
115 115
115 115
115 213
213 115
115 3284
3284 115
115 3542
3542 115
115 8996
8996 115
115 15310
15310 115
115 19901
19901 115
115 24312
24312 115
117 3564
3564 117
122 122
122 122
122 3509
3509 122
155 155
155 155
155 2812
2812 155
155 3572
3572 155
155 12564
12564 155
155 18440
18440 155
155 19748
19748 155
155 20355
20355 155
155 22708
22708 155
156 156
156 156
156 20355
20355 156
156 24312
24312 156
172 172
172 172
172 4920
4920 172
172 19901
19901 172
172 21899
21899 172
194 194
194 194
194 14583
14583 194
198 198
198 198
198 20038
20038 198
205 205
205 205
213 213
213 213
213 1140
1140 213
213 1789
1789 213
213 2361
2361 213
213 2906
2906 213
213 3255
3255 213
213 3257
3257 213
213 3284
3284 213
213 3321
3321 213
213 3352
3352 213
213 3401
3401 213
213 3489
3489 213
213 3564
3564 213
213 5176
5176 213
213 8996
8996 213
213 9516
9516 213
213 16300
16300 213
213 19683
19683 213
213 21240
21240 213
213 21337
21337 213
231 231
231 231
231 1158
1158 231
231 1934
1934 231
231 2997
2997 231
231 3255
3255 231
231 3275
3275 231
231 3362
3362 231
231 3376
3376 231
231 3498
3498 231
231 3503
3503 231
231 6944
6944 231
231 8127
8127 231
231 9025
9025 231
231 12123
12123 231
231 15610
15610 231
231 17675
17675 231
231 20285
20285 231
231 24183
24183 231
245 13431
13431 245
252 252
252 252
252 2939
2939 252
252 3575
3575 252
262 2997
2997 262
269 269
269 269
270 24448
24448 270
272 272
272 272
285 285
285 285
285 642
642 285
285 804
804 285
285 2491
2491 285
285 2997
2997 285
285 3363
3363 285
285 3499
3499 285
285 5386
5386 285
285 10121
10121 285
285 20812
20812 285
287 13786
13786 287
309 309
309 309
309 13459
13459 309
320 320
320 320
320 1296
1296 320
320 3486
3486 320
337 337
337 337
341 341
341 341
341 7648
7648 341
341 11148
11148 341
349 4638
4638 349
351 351
351 351
364 17291
17291 364
364 24451
24451 364
386 1264
1264 386
401 3214
3214 401
401 17675
17675 401
401 21240
21240 401
401 22075
22075 401
401 24579
24579 401
410 12900
12900 410
410 13003
13003 410
438 438
438 438
438 2864
2864 438
438 3541
3541 438
460 460
460 460
460 4920
4920 460
460 24365
24365 460
465 8363
8363 465
465 18602
18602 465
465 18917
18917 465
466 466
466 466
466 10408
10408 466
526 3415
3415 526
530 642
642 530
540 540
540 540
545 545
545 545
548 2281
2281 548
560 1296
1296 560
568 568
568 568
568 3258
3258 568
572 572
572 572
572 14806
14806 572
572 17824
17824 572
596 213
213 596
596 596
596 596
596 642
642 596
596 2036
2036 596
596 2467
2467 596
596 2631
2631 596
596 3463
3463 596
596 3501
3501 596
596 4407
4407 596
596 11700
11700 596
596 12123
12123 596
596 17706
17706 596
596 18602
18602 596
596 20812
20812 596
601 601
601 601
610 460
460 610
610 1158
1158 610
610 1661
1661 610
610 1934
1934 610
610 1948
1948 610
610 2553
2553 610
610 3268
3268 610
610 3415
3415 610
610 3448
3448 610
610 5178
5178 610
610 5345
5345 610
610 9025
9025 610
610 11861
11861 610
610 16721
16721 610
610 20817
20817 610
610 24442
24442 610
640 115
115 640
640 1105
1105 640
640 1507
1507 640
640 3172
3172 640
640 5845
5845 640
640 15369
15369 640
640 16018
16018 640
640 17293
17293 640
640 17675
17675 640
640 17880
17880 640
642 285
285 642
642 410
410 642
642 465
465 642
642 530
530 642
642 596
596 642
642 642
642 642
642 1846
1846 642
642 2442
2442 642
642 2702
2702 642
642 3164
3164 642
642 3270
3270 642
642 3317
3317 642
642 3354
3354 642
642 3383
3383 642
642 3387
3387 642
642 3415
3415 642
642 3451
3451 642
642 3513
3513 642
642 3543
3543 642
642 3564
3564 642
642 3771
3771 642
642 3874
3874 642
642 5946
5946 642
642 6345
6345 642
642 10811
10811 642
642 11422
11422 642
642 13232
13232 642
642 14304
14304 642
642 15450
15450 642
642 15989
15989 642
642 20812
20812 642
642 24442
24442 642
642 24451
24451 642
645 645
645 645
645 8470
8470 645
666 9516
9516 666
666 22227
22227 666
726 726
726 726
726 2442
2442 726
726 3091
3091 726
726 3123
3123 726
726 3281
3281 726
726 3402
3402 726
726 3436
3436 726
726 5232
5232 726
726 17475
17475 726
737 1296
1296 737
745 745
745 745
753 753
753 753
753 1951
1951 753
763 763
763 763
763 2831
2831 763
776 2973
2973 776
776 11971
11971 776
780 780
780 780
782 782
782 782
800 800
800 800
800 3418
3418 800
804 285
285 804
804 572
572 804
804 804
804 804
804 1110
1110 804
804 3280
3280 804
804 8984
8984 804
804 10811
10811 804
804 13899
13899 804
804 18169
18169 804
814 814
814 814
814 8006
8006 814
814 20512
20512 814
830 830
830 830
830 1314
1314 830
830 2036
2036 830
830 2208
2208 830
830 2655
2655 830
830 2948
2948 830
830 3227
3227 830
830 3254
3254 830
830 3270
3270 830
830 3378
3378 830
830 3468
3468 830
830 9551
9551 830
830 13155
13155 830
830 14221
14221 830
830 15116
15116 830
830 15179
15179 830
830 16909
16909 830
830 18960
18960 830
830 19886
19886 830
830 24077
24077 830
830 24331
24331 830
894 2472
2472 894
895 11313
11313 895
906 906
906 906
906 2036
2036 906
906 2361
2361 906
906 3298
3298 906
929 929
929 929
929 3365
3365 929
929 11929
11929 929
929 13652
13652 929
929 13786
13786 929
929 18323
18323 929
929 19901
19901 929
934 934
934 934
934 13343
13343 934
935 935
935 935
935 1158
1158 935
935 24531
24531 935
937 6278
6278 937
946 3292
3292 946
946 9011
9011 946
946 13786
13786 946
966 8820
8820 966
982 3347
3347 982
1013 745
745 1013
1013 1013
1013 1013
1013 1318
1318 1013
1013 1407
1407 1013
1013 1934
1934 1013
1013 2053
2053 1013
1013 2592
2592 1013
1013 3257
3257 1013
1013 3263
3263 1013
1013 3299
3299 1013
1013 3313
3313 1013
1013 3363
3363 1013
1013 3424
3424 1013
1013 3463
3463 1013
1013 3480
3480 1013
1013 3495
3495 1013
1013 3874
3874 1013
1013 6961
6961 1013
1013 11817
11817 1013
1013 12564
12564 1013
1013 13155
13155 1013
1013 14232
14232 1013
1013 15450
15450 1013
1013 19901
19901 1013
1013 21634
21634 1013
1013 24731
24731 1013
1018 34
34 1018
1018 496
496 1018
1018 1018
1018 1018
1018 1140
1140 1018
1018 2043
2043 1018
1018 2053
2053 1018
1018 2584
2584 1018
1018 3284
3284 1018
1018 3433
3433 1018
1018 3471
3471 1018
1018 3545
3545 1018
1018 3589
3589 1018
1018 6557
6557 1018
1018 11503
11503 1018
1018 12135
12135 1018
1018 14224
14224 1018
1018 15450
15450 1018
1018 17276
17276 1018
1018 17293
17293 1018
1018 18063
18063 1018
1018 18472
18472 1018
1018 21402
21402 1018
1018 23576
23576 1018
1021 24065
24065 1021
1037 1037
1037 1037
1037 1105
1105 1037
1037 15688
15688 1037
1037 17276
17276 1037
1041 23348
23348 1041
1045 3587
3587 1045
1050 21110
21110 1050
1097 745
745 1097
1105 213
213 1105
1105 745
745 1105
1105 814
814 1105
1105 1037
1037 1105
1105 1105
1105 1105
1105 1140
1140 1105
1105 2507
2507 1105
1105 3274
3274 1105
1105 3278
3278 1105
1105 3282
3282 1105
1105 3317
3317 1105
1105 3353
3353 1105
1105 3376
3376 1105
1105 3389
3389 1105
1105 3462
3462 1105
1105 3471
3471 1105
1105 3486
3486 1105
1105 3568
3568 1105
1105 9516
9516 1105
1105 10811
10811 1105
1105 11810
11810 1105
1105 11817
11817 1105
1105 12123
12123 1105
1105 12564
12564 1105
1105 13191
13191 1105
1105 13899
13899 1105
1105 14295
14295 1105
1105 16018
16018 1105
1105 16998
16998 1105
1105 17675
17675 1105
1105 20292
20292 1105
1105 21402
21402 1105
1105 23085
23085 1105
1105 24183
24183 1105
1105 24252
24252 1105
1109 460
460 1109
1109 906
906 1109
1109 1109
1109 1109
1109 2036
2036 1109
1109 2872
2872 1109
1110 1110
1110 1110
1110 1934
1934 1110
1110 3262
3262 1110
1110 3363
3363 1110
1110 5534
5534 1110
1110 9025
9025 1110
1110 13786
13786 1110
1110 24722
24722 1110
1116 2643
2643 1116
1137 231
231 1137
1137 1137
1137 1137
1137 2077
2077 1137
1137 3256
3256 1137
1137 3444
3444 1137
1137 15776
15776 1137
1137 23085
23085 1137
1140 3463
3463 1140
1140 5645
5645 1140
1140 18405
18405 1140
1140 21634
21634 1140
1158 34
34 1158
1158 231
231 1158
1158 1158
1158 1158
1158 3452
3452 1158
1158 3544
3544 1158
1158 4732
4732 1158
1158 9025
9025 1158
1158 12900
12900 1158
1158 13027
13027 1158
1197 2631
2631 1197
1244 804
804 1244
1244 1173
1173 1244
1244 2413
2413 1244
1244 11157
11157 1244
1244 18602
18602 1244
1264 1264
1264 1264
1264 13684
13684 1264
1277 1277
1277 1277
1277 1384
1384 1277
1277 3212
3212 1277
1281 9025
9025 1281
1281 12900
12900 1281
1284 1284
1284 1284
1284 3262
3262 1284
1296 14920
14920 1296
1311 1311
1311 1311
1312 1312
1312 1312
1312 3527
3527 1312
1312 11579
11579 1312
1312 12135
12135 1312
1312 13786
13786 1312
1312 18063
18063 1312
1312 20886
20886 1312
1313 1313
1313 1313
1313 3471
3471 1313
1313 3553
3553 1313
1313 21954
21954 1313
1318 1013
1013 1318
1318 1318
1318 1318
1336 1336
1336 1336
1336 20292
20292 1336
1346 1887
1887 1346
1380 213
213 1380
1380 3321
3321 1380
1380 19730
19730 1380
1383 1403
1403 1383
1383 3258
3258 1383
1383 6345
6345 1383
1384 1277
1277 1384
1384 1384
1384 1384
1384 1913
1913 1384
1384 2134
2134 1384
1384 2274
2274 1384
1384 3228
3228 1384
1384 3252
3252 1384
1384 5409
5409 1384
1384 9030
9030 1384
1384 17097
17097 1384
1384 20873
20873 1384
1384 21213
21213 1384
1391 11657
11657 1391
1403 1403
1403 1403
1403 3279
3279 1403
1403 3375
3375 1403
1403 3492
3492 1403
1403 3584
3584 1403
1403 6345
6345 1403
1403 8921
8921 1403
1404 3578
3578 1404
1404 3590
3590 1404
1407 1407
1407 1407
1407 1887
1887 1407
1407 2622
2622 1407
1407 3257
3257 1407
1407 5729
5729 1407
1407 9016
9016 1407
1407 23970
23970 1407
1407 24183
24183 1407
1411 341
341 1411
1411 913
913 1411
1430 269
269 1430
1430 929
929 1430
1430 1312
1312 1430
1430 1407
1407 1430
1430 1430
1430 1430
1430 2903
2903 1430
1430 3257
3257 1430
1430 3541
3541 1430
1430 3771
3771 1430
1430 6345
6345 1430
1430 12546
12546 1430
1430 13786
13786 1430
1430 14920
14920 1430
1430 19498
19498 1430
1430 20355
20355 1430
1430 21356
21356 1430
1430 24365
24365 1430
1430 24695
24695 1430
1538 1158
1158 1538
1538 2643
2643 1538
1538 3338
3338 1538
1538 3354
3354 1538
1538 11881
11881 1538
1576 24156
24156 1576
1582 1582
1582 1582
1585 1585
1585 1585
1609 1609
1609 1609
1609 2442
2442 1609
1609 24531
24531 1609
1610 22708
22708 1610
1611 3345
3345 1611
1611 10408
10408 1611
1620 3771
3771 1620
1632 2361
2361 1632
1632 10955
10955 1632
1654 1654
1654 1654
1658 8996
8996 1658
1661 1661
1661 1661
1667 3212
3212 1667
1667 3276
3276 1667
1667 3404
3404 1667
1667 14976
14976 1667
1684 1140
1140 1684
1692 1692
1692 1692
1692 13041
13041 1692
1692 16892
16892 1692
1717 1717
1717 1717
1718 642
642 1718
1718 804
804 1718
1718 8996
8996 1718
1740 1507
1507 1740
1740 1740
1740 1740
1740 2980
2980 1740
1740 3005
3005 1740
1740 3353
3353 1740
1740 3573
3573 1740
1740 5544
5544 1740
1740 9011
9011 1740
1740 9325
9325 1740
1740 10408
10408 1740
1740 13899
13899 1740
1740 14224
14224 1740
1740 15450
15450 1740
1740 15542
15542 1740
1740 17276
17276 1740
1740 21240
21240 1740
1740 24722
24722 1740
1741 194
194 1741
1741 800
800 1741
1741 1741
1741 1741
1741 2543
2543 1741
1741 2767
2767 1741
1741 2863
2863 1741
1741 3228
3228 1741
1741 3456
3456 1741
1741 3564
3564 1741
1741 13786
13786 1741
1763 3555
3555 1763
1763 3573
3573 1763
1780 642
642 1780
1780 18602
18602 1780
1789 1789
1789 1789
1796 16163
16163 1796
1796 19730
19730 1796
1816 1609
1609 1816
1816 1816
1816 1816
1816 20038
20038 1816
1816 23903
23903 1816
1843 1843
1843 1843
1846 1
1 1846
1846 642
642 1846
1846 645
645 1846
1846 1018
1018 1846
1846 1846
1846 1846
1846 3246
3246 1846
1846 3335
3335 1846
1846 3360
3360 1846
1846 11157
11157 1846
1846 11698
11698 1846
1846 14224
14224 1846
1846 16323
16323 1846
1859 1859
1859 1859
1859 3530
3530 1859
1859 18323
18323 1859
1875 15369
15369 1875
1875 19888
19888 1875
1887 1887
1887 1887
1887 2948
2948 1887
1887 4406
4406 1887
1887 9016
9016 1887
1887 11810
11810 1887
1887 14361
14361 1887
1887 16018
16018 1887
1888 24077
24077 1888
1899 1899
1899 1899
1901 1901
1901 1901
1901 3292
3292 1901
1901 17880
17880 1901
1913 1913
1913 1913
1921 3343
3343 1921
1934 1013
1013 1934
1934 1934
1934 1934
1934 11817
11817 1934
1934 11996
11996 1934
1934 12053
12053 1934
1934 18401
18401 1934
1939 16998
16998 1939
1948 1948
1948 1948
1951 753
753 1951
1951 1951
1951 1951
1951 2631
2631 1951
1951 3301
3301 1951
1951 3311
3311 1951
1951 3338
3338 1951
1951 3389
3389 1951
1951 3414
3414 1951
1951 3439
3439 1951
1951 9022
9022 1951
1951 11157
11157 1951
1951 12106
12106 1951
1951 14905
14905 1951
1951 14920
14920 1951
1951 15369
15369 1951
1976 386
386 1976
1976 684
684 1976
1976 1676
1676 1976
1976 1976
1976 1976
1976 8993
8993 1976
1976 12539
12539 1976
1993 1993
1993 1993
1993 2387
2387 1993
1993 17675
17675 1993
1999 2138
2138 1999
1999 6811
6811 1999
2016 19432
19432 2016
2022 12564
12564 2022
2036 596
596 2036
2036 906
906 2036
2036 1109
1109 2036
2036 2036
2036 2036
2036 2872
2872 2036
2043 10558
10558 2043
2053 213
213 2053
2053 2053
2053 2053
2053 3263
3263 2053
2053 5284
5284 2053
2053 5534
5534 2053
2053 5544
5544 2053
2053 5845
5845 2053
2053 6961
6961 2053
2053 11503
11503 2053
2053 12117
12117 2053
2053 13899
13899 2053
2053 14920
14920 2053
2053 15714
15714 2053
2053 16163
16163 2053
2072 2072
2072 2072
2072 3308
3308 2072
2072 3536
3536 2072
2072 4920
4920 2072
2072 15789
15789 2072
2072 18602
18602 2072
2072 20817
20817 2072
2077 2077
2077 2077
2100 19437
19437 2100
2134 1384
1384 2134
2134 1913
1913 2134
2134 2906
2906 2134
2134 3268
3268 2134
2134 3428
3428 2134
2134 11756
11756 2134
2134 12900
12900 2134
2134 16892
16892 2134
2134 18602
18602 2134
2134 20058
20058 2134
2134 22782
22782 2134
2134 24412
24412 2134
2148 2148
2148 2148
2148 3557
3557 2148
2158 18401
18401 2158
2184 2184
2184 2184
2194 1654
1654 2194
2194 1741
1741 2194
2194 2194
2194 2194
2194 2491
2491 2194
2194 2507
2507 2194
2194 3123
3123 2194
2194 3172
3172 2194
2194 3209
3209 2194
2194 3288
3288 2194
2194 3313
3313 2194
2194 3350
3350 2194
2194 3352
3352 2194
2194 3366
3366 2194
2194 3401
3401 2194
2194 3512
3512 2194
2194 5845
5845 2194
2194 8996
8996 2194
2194 9016
9016 2194
2194 11657
11657 2194
2194 11698
11698 2194
2194 12123
12123 2194
2194 12900
12900 2194
2194 13003
13003 2194
2194 14595
14595 2194
2194 15235
15235 2194
2194 15450
15450 2194
2194 17675
17675 2194
2194 19730
19730 2194
2194 23782
23782 2194
2194 23846
23846 2194
2194 24065
24065 2194
2194 24722
24722 2194
2196 7410
7410 2196
2197 24220
24220 2197
2204 3331
3331 2204
2239 1725
1725 2239
2239 2655
2655 2239
2239 9016
9016 2239
2239 13066
13066 2239
2239 13726
13726 2239
2239 16998
16998 2239
2239 17880
17880 2239
2239 24442
24442 2239
2271 9516
9516 2271
2274 1384
1384 2274
2274 2274
2274 2274
2274 3130
3130 2274
2281 548
548 2281
2304 2304
2304 2304
2304 3417
3417 2304
2304 3569
3569 2304
2304 3874
3874 2304
2304 8996
8996 2304
2307 3389
3389 2307
2307 3429
3429 2307
2309 3604
3604 2309
2318 2318
2318 2318
2361 213
213 2361
2361 642
642 2361
2361 1632
1632 2361
2361 1741
1741 2361
2361 1789
1789 2361
2361 2361
2361 2361
2361 2545
2545 2361
2361 3279
3279 2361
2361 3360
3360 2361
2361 5895
5895 2361
2361 6961
6961 2361
2361 14583
14583 2361
2361 18602
18602 2361
2361 24451
24451 2361
2384 11967
11967 2384
2387 213
213 2387
2387 934
934 2387
2387 1993
1993 2387
2387 2387
2387 2387
2387 2973
2973 2387
2387 3311
3311 2387
2387 3451
3451 2387
2387 9551
9551 2387
2387 11698
11698 2387
2387 12090
12090 2387
2387 13379
13379 2387
2387 20038
20038 2387
2387 20812
20812 2387
2387 21634
21634 2387
2392 3350
3350 2392
2411 2411
2411 2411
2411 2467
2467 2411
2411 2939
2939 2411
2411 3439
3439 2411
2411 22807
22807 2411
2413 66
66 2413
2413 285
285 2413
2413 907
907 2413
2413 1948
1948 2413
2413 2413
2413 2413
2413 3130
3130 2413
2413 3188
3188 2413
2413 3212
3212 2413
2413 11062
11062 2413
2413 11157
11157 2413
2413 11607
11607 2413
2413 13459
13459 2413
2413 13786
13786 2413
2413 18602
18602 2413
2413 20355
20355 2413
2413 22135
22135 2413
2413 24033
24033 2413
2413 24192
24192 2413
2413 24435
24435 2413
2416 24692
24692 2416
2421 2194
2194 2421
2421 2421
2421 2421
2421 2880
2880 2421
2421 3386
3386 2421
2421 13003
13003 2421
2421 20950
20950 2421
2423 14595
14595 2423
2425 2710
2710 2425
2436 44
44 2436
2436 2436
2436 2436
2436 11657
11657 2436
2442 1609
1609 2442
2442 2442
2442 2442
2442 2643
2643 2442
2442 2777
2777 2442
2442 3338
3338 2442
2442 12123
12123 2442
2442 16163
16163 2442
2442 19498
19498 2442
2442 20292
20292 2442
2450 9025
9025 2450
2462 3123
3123 2462
2462 3310
3310 2462
2462 3392
3392 2462
2462 15989
15989 2462
2467 213
213 2467
2467 596
596 2467
2467 1789
1789 2467
2467 2443
2443 2467
2467 2864
2864 2467
2467 3248
3248 2467
2467 3455
3455 2467
2467 3477
3477 2467
2467 12564
12564 2467
2467 14232
14232 2467
2467 14556
14556 2467
2467 20355
20355 2467
2467 20812
20812 2467
2467 22880
22880 2467
2472 894
894 2472
2472 2472
2472 2472
2486 3091
3091 2486
2486 19890
19890 2486
2487 3335
3335 2487
2487 8996
8996 2487
2487 20889
20889 2487
2491 231
231 2491
2491 285
285 2491
2491 804
804 2491
2491 1013
1013 2491
2491 1391
1391 2491
2491 1934
1934 2491
2491 2491
2491 2491
2491 2998
2998 2491
2491 3081
3081 2491
2491 3363
3363 2491
2491 3874
3874 2491
2491 9025
9025 2491
2491 11620
11620 2491
2491 12053
12053 2491
2491 15116
15116 2491
2491 16998
16998 2491
2491 17840
17840 2491
2491 20812
20812 2491
2491 21786
21786 2491
2497 1741
1741 2497
2497 1913
1913 2497
2497 2497
2497 2497
2497 2903
2903 2497
2497 3404
3404 2497
2497 3426
3426 2497
2497 3437
3437 2497
2497 3494
3494 2497
2497 3564
3564 2497
2497 5409
5409 2497
2497 10811
10811 2497
2497 11899
11899 2497
2497 18602
18602 2497
2497 19730
19730 2497
2497 20101
20101 2497
2497 22513
22513 2497
2499 24312
24312 2499
2507 2467
2467 2507
2507 2507
2507 2507
2507 17866
17866 2507
2508 11313
11313 2508
2516 34
34 2516
2516 1582
1582 2516
2516 2053
2053 2516
2516 2516
2516 2516
2516 3460
3460 2516
2516 6278
6278 2516
2516 10473
10473 2516
2516 10719
10719 2516
2516 15369
15369 2516
2516 15814
15814 2516
2516 18602
18602 2516
2550 1921
1921 2550
2550 10473
10473 2550
2550 13459
13459 2550
2553 2553
2553 2553
2567 16588
16588 2567
2573 1971
1971 2573
2578 3578
3578 2578
2578 5855
5855 2578
2578 22385
22385 2578
2584 1018
1018 2584
2584 6567
6567 2584
2591 1018
1018 2591
2591 2361
2361 2591
2591 2591
2591 2591
2591 3572
3572 2591
2591 9025
9025 2591
2591 11817
11817 2591
2591 14920
14920 2591
2591 19866
19866 2591
2591 20783
20783 2591
2592 54
54 2592
2592 496
496 2592
2592 545
545 2592
2592 1668
1668 2592
2592 1789
1789 2592
2592 2053
2053 2592
2592 2442
2442 2592
2592 2592
2592 2592
2592 3275
3275 2592
2592 3299
3299 2592
2592 3310
3310 2592
2592 3363
3363 2592
2592 3564
3564 2592
2592 3575
3575 2592
2592 3874
3874 2592
2592 5284
5284 2592
2592 5845
5845 2592
2592 6557
6557 2592
2592 8820
8820 2592
2592 9022
9022 2592
2592 9025
9025 2592
2592 9026
9026 2592
2592 9239
9239 2592
2592 10811
10811 2592
2592 11120
11120 2592
2592 11698
11698 2592
2592 12135
12135 2592
2592 13232
13232 2592
2592 14295
14295 2592
2592 14609
14609 2592
2592 14969
14969 2592
2592 15814
15814 2592
2592 16608
16608 2592
2592 18424
18424 2592
2592 19149
19149 2592
2592 19498
19498 2592
2592 21634
21634 2592
2592 21786
21786 2592
2592 22075
22075 2592
2592 24033
24033 2592
2622 213
213 2622
2622 3257
3257 2622
2622 3486
3486 2622
2622 9016
9016 2622
2622 14920
14920 2622
2622 19730
19730 2622
2628 1843
1843 2628
2628 2036
2036 2628
2628 3362
3362 2628
2628 5178
5178 2628
2629 172
172 2629
2629 460
460 2629
2629 1109
1109 2629
2629 2629
2629 2629
2629 2736
2736 2629
2629 3335
3335 2629
2629 4920
4920 2629
2629 10292
10292 2629
2629 15369
15369 2629
2629 15789
15789 2629
2629 20817
20817 2629
2629 24365
24365 2629
2631 596
596 2631
2631 2631
2631 2631
2643 1116
1116 2643
2643 2643
2643 2643
2655 9016
9016 2655
2658 2658
2658 2658
2679 2679
2679 2679
2679 12053
12053 2679
2679 16581
16581 2679
2697 8820
8820 2697
2700 2700
2700 2700
2700 18602
18602 2700
2706 2706
2706 2706
2712 2997
2997 2712
2713 3813
3813 2713
2713 6806
6806 2713
2736 2864
2864 2736
2736 23473
23473 2736
2748 2748
2748 2748
2767 2767
2767 2767
2777 2442
2442 2777
2777 20778
20778 2777
2794 9011
9011 2794
2811 3175
3175 2811
2812 2812
2812 2812
2815 2815
2815 2815
2831 436
436 2831
2831 465
465 2831
2831 642
642 2831
2831 763
763 2831
2831 1312
1312 2831
2831 2077
2077 2831
2831 2831
2831 2831
2831 3471
3471 2831
2831 3527
3527 2831
2831 15229
15229 2831
2831 17333
17333 2831
2831 18063
18063 2831
2831 18602
18602 2831
2831 20355
20355 2831
2831 20647
20647 2831
2831 22276
22276 2831
2831 24729
24729 2831
2836 3343
3343 2836
2836 3771
3771 2836
2855 2855
2855 2855
2863 782
782 2863
2864 438
438 2864
2864 2864
2864 2864
2864 7778
7778 2864
2872 2036
2036 2872
2880 2421
2421 2880
2880 2880
2880 2880
2880 6937
6937 2880
2880 24191
24191 2880
2897 17097
17097 2897
2903 745
745 2903
2903 2903
2903 2903
2906 213
213 2906
2906 2906
2906 2906
2906 11062
11062 2906
2931 35
35 2931
2931 2931
2931 2931
2931 3206
3206 2931
2931 3280
3280 2931
2939 2411
2411 2939
2939 2939
2939 2939
2939 3551
3551 2939
2939 12646
12646 2939
2943 3257
3257 2943
2948 2948
2948 2948
2948 3505
3505 2948
2948 14241
14241 2948
2948 15369
15369 2948
2948 16018
16018 2948
2966 708
708 2966
2966 2472
2472 2966
2966 24531
24531 2966
2973 2387
2387 2973
2973 2973
2973 2973
2973 13431
13431 2973
2973 18138
18138 2973
2980 1692
1692 2980
2980 24451
24451 2980
2984 2984
2984 2984
2984 11657
11657 2984
2984 14595
14595 2984
2984 21079
21079 2984
2988 8147
8147 2988
2992 2992
2992 2992
2992 24033
24033 2992
2997 231
231 2997
2997 272
272 2997
2997 753
753 2997
2997 1013
1013 2997
2997 1018
1018 2997
2997 1585
1585 2997
2997 1776
1776 2997
2997 2053
2053 2997
2997 2491
2491 2997
2997 2997
2997 2997
2997 3363
3363 2997
2997 3418
3418 2997
2997 3463
3463 2997
2997 3510
3510 2997
2997 3543
3543 2997
2997 3546
3546 2997
2997 4370
4370 2997
2997 6869
6869 2997
2997 8996
8996 2997
2997 9025
9025 2997
2997 9113
9113 2997
2997 10558
10558 2997
2997 10566
10566 2997
2997 11579
11579 2997
2997 12123
12123 2997
2997 12482
12482 2997
2997 13003
13003 2997
2997 13358
13358 2997
2997 14034
14034 2997
2997 14496
14496 2997
2997 15450
15450 2997
2997 17270
17270 2997
2997 17338
17338 2997
2997 17675
17675 2997
2997 19087
19087 2997
2997 23320
23320 2997
2997 24349
24349 2997
2997 24568
24568 2997
2997 24579
24579 2997
2998 2491
2491 2998
2998 2998
2998 2998
2998 3254
3254 2998
2998 3350
3350 2998
2998 3450
3450 2998
2998 3564
3564 2998
2998 8996
8996 2998
2998 15450
15450 2998
2998 17880
17880 2998
2998 19554
19554 2998
2998 21800
21800 2998
2998 21954
21954 2998
2999 3143
3143 2999
3005 3005
3005 3005
3005 5544
5544 3005
3015 3015
3015 3015
3015 4920
4920 3015
3015 21899
21899 3015
3015 24365
24365 3015
3023 3023
3023 3023
3023 3416
3416 3023
3023 24722
24722 3023
3033 3033
3033 3033
3047 115
115 3047
3047 2194
2194 3047
3049 1
1 3049
3049 642
642 3049
3049 3212
3212 3049
3049 5845
5845 3049
3051 2387
2387 3051
3076 3281
3281 3076
3076 9057
9057 3076
3076 22075
22075 3076
3091 726
726 3091
3091 3091
3091 3091
3096 4440
4440 3096
3103 3103
3103 3103
3107 3107
3107 3107
3107 19450
19450 3107
3111 54
54 3111
3111 2008
2008 3111
3111 3212
3212 3111
3111 6811
6811 3111
3111 12231
12231 3111
3111 18195
18195 3111
3113 3206
3206 3113
3113 3354
3354 3113
3113 3509
3509 3113
3122 23782
23782 3122
3123 3123
3123 3123
3123 20812
20812 3123
3128 12106
12106 3128
3130 3130
3130 3130
3130 21899
21899 3130
3139 18472
18472 3139
3143 351
351 3143
3143 2999
2999 3143
3143 3143
3143 3143
3153 2304
2304 3153
3153 24531
24531 3153
3171 2939
2939 3171
3171 3171
3171 3171
3171 3471
3471 3171
3171 17675
17675 3171
3171 21954
21954 3171
3172 1
1 3172
3172 156
156 3172
3172 1175
1175 3172
3172 2194
2194 3172
3172 2831
2831 3172
3172 3049
3049 3172
3172 3172
3172 3172
3172 3209
3209 3172
3172 3478
3478 3172
3172 3559
3559 3172
3172 8820
8820 3172
3172 9016
9016 3172
3172 9025
9025 3172
3172 9057
9057 3172
3172 13459
13459 3172
3172 15235
15235 3172
3172 15450
15450 3172
3172 16018
16018 3172
3172 19554
19554 3172
3172 19901
19901 3172
3172 20878
20878 3172
3172 24451
24451 3172
3175 2811
2811 3175
3175 6557
6557 3175
3206 2931
2931 3206
3206 3206
3206 3206
3206 3457
3457 3206
3206 3599
3599 3206
3206 8820
8820 3206
3206 9842
9842 3206
3207 9025
9025 3207
3209 2194
2194 3209
3209 3172
3172 3209
3209 3209
3209 3209
3209 21079
21079 3209
3209 21240
21240 3209
3210 3210
3210 3210
3212 1277
1277 3212
3212 3212
3212 3212
3212 11698
11698 3212
3212 17675
17675 3212
3215 15332
15332 3215
3220 3220
3220 3220
3226 3226
3226 3226
3227 3227
3227 3227
3227 3233
3233 3227
3227 4407
4407 3227
3227 5544
5544 3227
3227 11657
11657 3227
3227 17706
17706 3227
3228 1384
1384 3228
3228 3228
3228 3228
3228 14691
14691 3228
3230 16087
16087 3230
3233 3227
3227 3233
3239 3239
3239 3239
3239 8921
8921 3239
3243 3243
3243 3243
3244 14595
14595 3244
3247 3247
3247 3247
3250 63
63 3250
3250 3250
3250 3250
3250 13786
13786 3250
3250 18323
18323 3250
3251 3251
3251 3251
3251 24252
24252 3251
3255 213
213 3255
3255 231
231 3255
3255 3255
3255 3255
3256 1137
1137 3256
3258 3258
3258 3258
3259 9016
9016 3259
3260 20242
20242 3260
3262 1110
1110 3262
3264 3264
3264 3264
3264 7874
7874 3264
3265 524
524 3265
3266 8512
8512 3266
3268 610
610 3268
3268 3268
3268 3268
3268 3364
3364 3268
3268 11460
11460 3268
3268 13066
13066 3268
3268 24526
24526 3268
3273 5232
5232 3273
3274 3299
3299 3274
3275 231
231 3275
3275 496
496 3275
3275 642
642 3275
3275 645
645 3275
3275 2906
2906 3275
3275 3275
3275 3275
3275 9551
9551 3275
3275 22135
22135 3275
3275 23320
23320 3275
3276 3276
3276 3276
3276 3587
3587 3276
3276 11754
11754 3276
3276 24451
24451 3276
3278 3278
3278 3278
3278 16200
16200 3278
3279 3279
3279 3279
3284 115
115 3284
3284 213
213 3284
3284 3284
3284 3284
3284 3433
3433 3284
3285 22225
22225 3285
3286 3286
3286 3286
3288 3288
3288 3288
3288 24033
24033 3288
3292 946
946 3292
3292 1901
1901 3292
3292 3292
3292 3292
3297 19432
19432 3297
3298 906
906 3298
3299 3299
3299 3299
3301 3301
3301 3301
3304 3304
3304 3304
3305 19432
19432 3305
3306 23970
23970 3306
3307 21240
21240 3307
3311 1951
1951 3311
3311 3311
3311 3311
3314 3314
3314 3314
3315 19901
19901 3315
3316 3310
3310 3316
3317 642
642 3317
3317 2676
2676 3317
3317 3317
3317 3317
3317 10811
10811 3317
3319 2497
2497 3319
3320 3270
3270 3320
3323 2043
2043 3323
3325 16892
16892 3325
3326 9016
9016 3326
3327 3327
3327 3327
3327 23039
23039 3327
3330 21954
21954 3330
3333 2996
2996 3333
3335 3335
3335 3335
3336 3332
3332 3336
3338 1951
1951 3338
3338 3338
3338 3338
3339 11698
11698 3339
3340 2472
2472 3340
3340 3340
3340 3340
3341 3341
3341 3341
3343 2836
2836 3343
3343 3343
3343 3343
3343 3458
3458 3343
3343 4920
4920 3343
3343 10292
10292 3343
3343 19901
19901 3343
3344 13459
13459 3344
3351 44
44 3351
3351 3351
3351 3351
3351 21079
21079 3351
3353 1740
1740 3353
3353 3353
3353 3353
3354 642
642 3354
3354 3354
3354 3354
3355 3355
3355 3355
3357 3354
3354 3357
3357 3357
3357 3357
3361 3346
3346 3361
3364 20512
20512 3364
3365 929
929 3365
3365 3365
3365 3365
3365 19901
19901 3365
3367 2702
2702 3367
3371 642
642 3371
3376 3376
3376 3376
3377 3377
3377 3377
3384 1654
1654 3384
3385 2851
2851 3385
3386 3386
3386 3386
3389 2307
2307 3389
3390 3390
3390 3390
3390 9239
9239 3390
3392 2462
2462 3392
3392 3392
3392 3392
3402 1913
1913 3402
3402 3402
3402 3402
3402 19730
19730 3402
3407 19901
19901 3407
3410 12572
12572 3410
3410 21772
21772 3410
3412 12123
12123 3412
3413 2925
2925 3413
3415 3415
3415 3415
3418 2997
2997 3418
3422 2490
2490 3422
3422 16591
16591 3422
3423 3423
3423 3423
3423 17675
17675 3423
3423 18602
18602 3423
3424 14806
14806 3424
3425 3425
3425 3425
3425 3501
3501 3425
3425 8709
8709 3425
3425 15235
15235 3425
3428 2134
2134 3428
3433 3284
3284 3433
3433 3433
3433 3433
3433 5430
5430 3433
3433 14224
14224 3433
3434 3446
3446 3434
3436 3436
3436 3436
3436 20638
20638 3436
3437 3437
3437 3437
3437 22513
22513 3437
3439 2411
2411 3439
3439 3439
3439 3439
3442 11620
11620 3442
3444 8995
8995 3444
3444 20387
20387 3444
3445 4537
4537 3445
3448 906
906 3448
3448 2185
2185 3448
3448 14147
14147 3448
3448 20038
20038 3448
3452 1158
1158 3452
3452 3452
3452 3452
3452 7778
7778 3452
3454 22227
22227 3454
3455 9551
9551 3455
3457 3457
3457 3457
3458 3343
3343 3458
3458 3458
3458 3458
3460 3460
3460 3460
3460 5178
5178 3460
3461 17323
17323 3461
3462 3462
3462 3462
3462 8996
8996 3462
3462 9025
9025 3462
3462 17880
17880 3462
3463 3463
3463 3463
3464 4920
4920 3464
3466 3210
3210 3466
3469 3446
3446 3469
3470 3470
3470 3470
3471 3471
3471 3471
3471 5925
5925 3471
3472 533
533 3472
3477 3477
3477 3477
3478 3172
3172 3478
3480 1013
1013 3480
3485 12231
12231 3485
3486 320
320 3486
3486 992
992 3486
3486 3486
3486 3486
3486 6961
6961 3486
3488 11503
11503 3488
3488 21240
21240 3488
3490 1887
1887 3490
3490 9016
9016 3490
3491 7785
7785 3491
3492 1403
1403 3492
3498 3498
3498 3498
3498 17675
17675 3498
3499 3499
3499 3499
3500 3500
3500 3500
3500 4920
4920 3500
3500 21402
21402 3500
3501 3501
3501 3501
3501 6961
6961 3501
3503 3503
3503 3503
3504 21240
21240 3504
3505 9553
9553 3505
3506 9025
9025 3506
3509 3509
3509 3509
3510 3510
3510 3510
3510 24252
24252 3510
3511 3511
3511 3511
3513 642
642 3513
3513 3513
3513 3513
3515 3515
3515 3515
3516 3516
3516 3516
3516 7410
7410 3516
3520 3520
3520 3520
3520 11503
11503 3520
3522 3863
3863 3522
3523 8820
8820 3523
3523 12204
12204 3523
3523 16268
16268 3523
3523 18555
18555 3523
3523 19883
19883 3523
3523 21337
21337 3523
3525 3516
3516 3525
3527 18063
18063 3527
3529 20512
20512 3529
3530 1859
1859 3530
3531 16958
16958 3531
3532 20355
20355 3532
3533 3533
3533 3533
3533 10292
10292 3533
3533 19901
19901 3533
3536 2072
2072 3536
3536 4920
4920 3536
3541 1430
1430 3541
3541 3541
3541 3541
3541 24365
24365 3541
3545 1018
1018 3545
3545 3545
3545 3545
3546 4370
4370 3546
3550 3549
3549 3550
3552 15319
15319 3552
3553 1313
1313 3553
3553 3553
3553 3553
3555 1763
1763 3555
3555 9325
9325 3555
3555 10307
10307 3555
3557 2148
2148 3557
3558 3558
3558 3558
3559 3559
3559 3559
3559 4920
4920 3559
3563 503
503 3563
3564 642
642 3564
3564 1741
1741 3564
3564 3564
3564 3564
3568 3568
3568 3568
3569 2304
2304 3569
3573 1740
1740 3573
3573 1763
1763 3573
3574 3574
3574 3574
3575 252
252 3575
3575 2592
2592 3575
3575 3575
3575 3575
3579 3579
3579 3579
3584 3584
3584 3584
3586 18602
18602 3586
3590 1404
1404 3590
3592 3592
3592 3592
3593 3368
3368 3593
3594 1971
1971 3594
3596 15369
15369 3596
3597 3597
3597 3597
3597 24451
24451 3597
3600 3600
3600 3600
3601 2591
2591 3601
3605 2634
2634 3605
3606 1811
1811 3606
3705 9893
9893 3705
3705 19498
19498 3705
3771 1430
1430 3771
3771 3383
3383 3771
3771 6345
6345 3771
3771 24210
24210 3771
3813 44
44 3813
3813 2713
2713 3813
3813 3813
3813 3813
3813 12900
12900 3813
3813 18634
18634 3813
3813 21240
21240 3813
3874 642
642 3874
3874 2304
2304 3874
3874 2491
2491 3874
3874 3874
3874 3874
3874 19901
19901 3874
4340 16588
16588 4340
4340 16859
16859 4340
4340 17843
17843 4340
4406 11698
11698 4406
4407 3227
3227 4407
4407 4407
4407 4407
4407 17706
17706 4407
4407 23707
23707 4407
4440 1140
1140 4440
4440 3096
3096 4440
4440 3227
3227 4440
4440 3280
3280 4440
4440 3567
3567 4440
4440 4440
4440 4440
4440 5544
5544 4440
4440 14304
14304 4440
4440 18063
18063 4440
4440 20873
20873 4440
4440 22412
22412 4440
4440 23320
23320 4440
4638 4638
4638 4638
4638 13232
13232 4638
4638 21240
21240 4638
4638 22075
22075 4638
4638 23782
23782 4638
4665 642
642 4665
4665 4665
4665 4665
4685 122
122 4685
4685 3281
3281 4685
4685 3390
3390 4685
4685 4665
4665 4685
4685 8321
8321 4685
4685 8820
8820 4685
4685 9022
9022 4685
4685 22227
22227 4685
4730 7648
7648 4730
4781 44
44 4781
4781 231
231 4781
4781 2185
2185 4781
4781 6345
6345 4781
4781 19149
19149 4781
4920 172
172 4920
4920 231
231 4920
4920 460
460 4920
4920 745
745 4920
4920 780
780 4920
4920 2053
2053 4920
4920 2407
2407 4920
4920 2736
2736 4920
4920 3015
3015 4920
4920 3063
3063 4920
4920 3335
3335 4920
4920 3343
3343 4920
4920 3362
3362 4920
4920 3407
3407 4920
4920 3464
3464 4920
4920 3500
3500 4920
4920 3536
3536 4920
4920 3559
3559 4920
4920 4920
4920 4920
4920 6278
6278 4920
4920 13489
13489 4920
4920 13652
13652 4920
4920 15789
15789 4920
4920 16018
16018 4920
4920 18602
18602 4920
4920 19901
19901 4920
4920 20817
20817 4920
4920 21402
21402 4920
4920 23630
23630 4920
4920 24365
24365 4920
4920 24695
24695 4920
5107 17055
17055 5107
5152 11715
11715 5152
5178 460
460 5178
5178 745
745 5178
5178 1013
1013 5178
5178 2516
2516 5178
5178 3103
3103 5178
5178 3130
3130 5178
5178 3362
3362 5178
5178 3460
3460 5178
5178 3561
3561 5178
5178 4920
4920 5178
5178 5178
5178 5178
5178 11929
11929 5178
5178 14920
14920 5178
5178 18034
18034 5178
5178 18063
18063 5178
5178 19685
19685 5178
5178 20355
20355 5178
5178 20887
20887 5178
5178 21356
21356 5178
5178 22840
22840 5178
5178 24488
24488 5178
5196 1934
1934 5196
5232 5232
5232 5232
5284 1110
1110 5284
5284 2053
2053 5284
5284 3363
3363 5284
5284 3510
3510 5284
5284 3564
3564 5284
5284 11579
11579 5284
5284 12117
12117 5284
5284 19886
19886 5284
5345 3564
3564 5345
5386 3044
3044 5386
5386 23320
23320 5386
5409 1384
1384 5409
5409 2077
2077 5409
5409 3377
3377 5409
5409 5409
5409 5409
5409 18917
18917 5409
5409 22341
22341 5409
5409 22513
22513 5409
5409 24710
24710 5409
5430 3433
3433 5430
5534 5534
5534 5534
5534 7410
7410 5534
5544 44
44 5544
5544 1391
1391 5544
5544 2053
2053 5544
5544 2831
2831 5544
5544 2939
2939 5544
5544 3005
3005 5544
5544 3227
3227 5544
5544 3314
3314 5544
5544 5544
5544 5544
5544 6095
6095 5544
5544 9842
9842 5544
5544 10408
10408 5544
5544 13459
13459 5544
5544 14806
14806 5544
5544 16306
16306 5544
5544 16591
16591 5544
5544 24220
24220 5544
5645 1140
1140 5645
5729 18602
18602 5729
5729 21402
21402 5729
5845 1507
1507 5845
5845 2194
2194 5845
5845 3499
3499 5845
5845 5845
5845 5845
5845 13796
13796 5845
5845 18602
18602 5845
5855 2578
2578 5855
5855 2992
2992 5855
5855 5855
5855 5855
5895 2361
2361 5895
5895 5895
5895 5895
5895 16186
16186 5895
5925 3471
3471 5925
5925 13969
13969 5925
5946 642
642 5946
5962 3578
3578 5962
5962 20887
20887 5962
6049 9239
9239 6049
6095 351
351 6095
6095 1140
1140 6095
6095 2799
2799 6095
6095 5544
5544 6095
6095 6095
6095 6095
6095 11899
11899 6095
6278 3383
3383 6278
6278 6278
6278 6278
6278 14232
14232 6278
6278 15755
15755 6278
6278 20355
20355 6278
6285 3286
3286 6285
6345 3771
3771 6345
6345 6345
6345 6345
6345 21899
21899 6345
6437 726
726 6437
6485 2903
2903 6485
6485 24662
24662 6485
6557 753
753 6557
6557 934
934 6557
6557 1018
1018 6557
6557 1899
1899 6557
6557 3206
3206 6557
6557 3258
3258 6557
6557 3520
3520 6557
6557 4340
4340 6557
6557 4638
4638 6557
6557 6557
6557 6557
6557 8984
8984 6557
6557 8996
8996 6557
6557 9239
9239 6557
6557 9551
9551 6557
6557 11503
11503 6557
6557 11817
11817 6557
6557 12231
12231 6557
6557 12900
12900 6557
6557 13232
13232 6557
6557 13796
13796 6557
6557 14224
14224 6557
6557 14295
14295 6557
6557 14806
14806 6557
6557 14905
14905 6557
6557 16998
16998 6557
6557 19886
19886 6557
6557 24077
24077 6557
6640 17276
17276 6640
6640 24408
24408 6640
6806 6806
6806 6806
6811 3380
3380 6811
6811 3426
3426 6811
6811 14224
14224 6811
6811 15235
15235 6811
6811 24722
24722 6811
6845 1667
1667 6845
6845 2706
2706 6845
6845 2815
2815 6845
6845 6845
6845 6845
6845 20387
20387 6845
6891 6891
6891 6891
6891 14189
14189 6891
6937 1140
1140 6937
6937 2472
2472 6937
6937 2880
2880 6937
6937 2939
2939 6937
6937 3340
3340 6937
6944 231
231 6944
6944 15610
15610 6944
6944 24498
24498 6944
6955 34
34 6955
6955 44
44 6955
6955 231
231 6955
6955 1507
1507 6955
6955 1921
1921 6955
6955 2507
2507 6955
6955 2592
2592 6955
6955 2973
2973 6955
6955 3274
3274 6955
6955 3376
3376 6955
6955 5196
5196 6955
6955 10558
10558 6955
6955 13431
13431 6955
6955 16859
16859 6955
6955 20889
20889 6955
6955 24665
24665 6955
6961 198
198 6961
6961 1013
1013 6961
6961 1654
1654 6961
6961 2361
2361 6961
6961 3123
3123 6961
6961 3206
3206 6961
6961 3263
3263 6961
6961 3317
3317 6961
6961 3341
3341 6961
6961 3463
3463 6961
6961 3470
3470 6961
6961 3486
3486 6961
6961 3501
3501 6961
6961 3584
3584 6961
6961 6961
6961 6961
6961 9022
9022 6961
6961 11579
11579 6961
6961 12564
12564 6961
6961 16163
16163 6961
6961 16300
16300 6961
6961 17071
17071 6961
6961 18602
18602 6961
6961 19149
19149 6961
6961 19801
19801 6961
6961 19888
19888 6961
6961 20355
20355 6961
6961 20517
20517 6961
6961 21233
21233 6961
6961 22214
22214 6961
7405 7405
7405 7405
7410 3315
3315 7410
7410 3516
3516 7410
7410 5534
5534 7410
7410 7410
7410 7410
7498 285
285 7498
7499 3275
3275 7499
7648 213
213 7648
7648 1684
1684 7648
7648 3332
3332 7648
7648 3345
3345 7648
7648 3364
3364 7648
7648 3470
3470 7648
7648 3471
3471 7648
7648 7648
7648 7648
7648 9239
9239 7648
7648 17066
17066 7648
7648 19901
19901 7648
7648 20517
20517 7648
7778 52
52 7778
7778 438
438 7778
7778 2736
2736 7778
7778 2864
2864 7778
7778 3452
3452 7778
7778 3572
3572 7778
7778 7778
7778 7778
7778 18034
18034 7778
7778 23473
23473 7778
7816 20681
20681 7816
7828 1050
1050 7828
7862 15404
15404 7862
7862 21899
21899 7862
7874 3264
3264 7874
7874 18063
18063 7874
7940 16998
16998 7940
7947 10566
10566 7947
7971 21240
21240 7971
8098 642
642 8098
8098 3371
3371 8098
8102 3282
3282 8102
8107 2811
2811 8107
8127 231
231 8127
8127 1717
1717 8127
8127 8127
8127 8127
8127 20893
20893 8127
8127 21786
21786 8127
8147 645
645 8147
8147 8147
8147 8147
8199 1609
1609 8199
8199 1816
1816 8199
8199 8199
8199 8199
8199 10090
10090 8199
8235 24420
24420 8235
8305 3233
3233 8305
8321 3887
3887 8321
8321 9022
9022 8321
8321 11881
11881 8321
8363 465
465 8363
8436 8436
8436 8436
8436 10811
10811 8436
8436 24451
24451 8436
8444 11889
11889 8444
8820 1013
1013 8820
8820 1018
1018 8820
8820 3172
3172 8820
8820 3206
3206 8820
8820 8820
8820 8820
8820 12135
12135 8820
8820 13232
13232 8820
8921 3354
3354 8921
8921 3377
3377 8921
8921 3575
3575 8921
8921 3584
3584 8921
8921 8921
8921 8921
8921 20038
20038 8921
8921 21240
21240 8921
8984 776
776 8984
8984 1409
1409 8984
8984 1934
1934 8984
8984 3435
3435 8984
8984 6557
6557 8984
8984 8984
8984 8984
8984 10566
10566 8984
8984 12642
12642 8984
8984 13796
13796 8984
8984 13880
13880 8984
8984 14224
14224 8984
8984 18602
18602 8984
8984 22807
22807 8984
8995 3444
3444 8995
8995 8995
8995 8995
8995 11698
11698 8995
8995 18056
18056 8995
8995 18602
18602 8995
8995 22513
22513 8995
8996 213
213 8996
8996 460
460 8996
8996 466
466 8996
8996 1105
1105 8996
8996 1654
1654 8996
8996 1740
1740 8996
8996 1993
1993 8996
8996 2736
2736 8996
8996 2998
2998 8996
8996 3244
3244 8996
8996 3335
3335 8996
8996 3345
3345 8996
8996 3350
3350 8996
8996 3353
3353 8996
8996 3462
3462 8996
8996 3542
3542 8996
8996 5345
5345 8996
8996 8996
8996 8996
8996 9239
9239 8996
8996 11313
11313 8996
8996 11669
11669 8996
8996 11810
11810 8996
8996 13232
13232 8996
8996 14595
14595 8996
8996 15369
15369 8996
8996 15450
15450 8996
8996 15776
15776 8996
8996 16859
16859 8996
8996 19730
19730 8996
8996 19888
19888 8996
8996 20873
20873 8996
8996 21337
21337 8996
8996 21800
21800 8996
8996 22075
22075 8996
8996 22227
22227 8996
8996 23085
23085 8996
8996 23478
23478 8996
8996 24220
24220 8996
8999 8999
8999 8999
8999 10095
10095 8999
9011 2491
2491 9011
9011 3462
3462 9011
9011 9011
9011 9011
9011 9325
9325 9011
9011 12117
12117 9011
9011 14496
14496 9011
9011 17840
17840 9011
9011 17880
17880 9011
9011 21079
21079 9011
9025 7
7 9025
9025 231
231 9025
9025 285
285 9025
9025 410
410 9025
9025 596
596 9025
9025 1018
1018 9025
9025 1899
1899 9025
9025 1948
1948 9025
9025 2592
2592 9025
9025 2812
2812 9025
9025 3226
3226 9025
9025 3364
3364 9025
9025 3365
3365 9025
9025 3366
3366 9025
9025 3400
3400 9025
9025 3401
3401 9025
9025 3462
3462 9025
9025 3463
3463 9025
9025 3501
3501 9025
9025 3512
3512 9025
9025 3564
3564 9025
9025 3579
3579 9025
9025 3587
3587 9025
9025 3600
3600 9025
9025 4665
4665 9025
9025 5539
5539 9025
9025 8996
8996 9025
9025 9016
9016 9025
9025 9025
9025 9025
9025 9057
9057 9025
9025 9239
9239 9025
9025 9325
9325 9025
9025 11579
11579 9025
9025 11715
11715 9025
9025 11722
11722 9025
9025 11929
11929 9025
9025 13786
13786 9025
9025 15235
15235 9025
9025 15369
15369 9025
9025 15450
15450 9025
9025 17675
17675 9025
9025 17880
17880 9025
9025 18169
18169 9025
9025 18602
18602 9025
9025 18927
18927 9025
9025 19901
19901 9025
9025 21356
21356 9025
9025 21634
21634 9025
9025 22075
22075 9025
9025 23320
23320 9025
9025 24065
24065 9025
9026 9026
9026 9026
9026 21240
21240 9026
9030 1384
1384 9030
9030 1913
1913 9030
9030 17097
17097 9030
9057 7
7 9057
9057 213
213 9057
9057 272
272 9057
9057 866
866 9057
9057 1140
1140 9057
9057 1887
1887 9057
9057 2043
2043 9057
9057 2361
2361 9057
9057 2831
2831 9057
9057 3076
3076 9057
9057 3258
3258 9057
9057 3270
3270 9057
9057 3341
3341 9057
9057 3350
3350 9057
9057 3378
3378 9057
9057 3389
3389 9057
9057 3542
3542 9057
9057 3563
3563 9057
9057 4920
4920 9057
9057 5845
5845 9057
9057 5855
5855 9057
9057 7498
7498 9057
9057 7971
7971 9057
9057 9016
9016 9057
9057 9057
9057 9057
9057 11929
11929 9057
9057 13786
13786 9057
9057 14094
14094 9057
9057 14221
14221 9057
9057 14713
14713 9057
9057 14920
14920 9057
9057 15369
15369 9057
9057 15450
15450 9057
9057 16018
16018 9057
9057 17066
17066 9057
9057 17824
17824 9057
9057 18063
18063 9057
9057 18169
18169 9057
9057 18689
18689 9057
9057 20681
20681 9057
9057 21240
21240 9057
9057 22075
22075 9057
9136 20812
20812 9136
9177 642
642 9177
9177 1654
1654 9177
9177 3257
3257 9177
9177 3318
3318 9177
9177 3389
3389 9177
9177 3509
3509 9177
9177 3567
3567 9177
9177 3568
3568 9177
9177 9025
9025 9177
9177 18063
18063 9177
9177 18602
18602 9177
9239 117
117 9239
9239 213
213 9239
9239 231
231 9239
9239 540
540 9239
9239 642
642 9239
9239 814
814 9239
9239 1654
1654 9239
9239 2053
2053 9239
9239 2713
2713 9239
9239 2998
2998 9239
9239 3364
3364 9239
9239 3390
3390 9239
9239 3463
3463 9239
9239 3512
3512 9239
9239 3813
3813 9239
9239 3874
3874 9239
9239 7648
7648 9239
9239 9022
9022 9239
9239 9239
9239 9239
9239 9551
9551 9239
9239 10811
10811 9239
9239 11076
11076 9239
9239 11422
11422 9239
9239 11698
11698 9239
9239 11817
11817 9239
9239 12519
12519 9239
9239 14595
14595 9239
9239 15450
15450 9239
9239 20893
20893 9239
9239 22075
22075 9239
9325 44
44 9325
9325 606
606 9325
9325 804
804 9325
9325 3555
3555 9325
9325 5215
5215 9325
9325 5645
5645 9325
9325 7499
7499 9325
9325 8235
8235 9325
9325 9325
9325 9325
9325 13232
13232 9325
9325 13684
13684 9325
9325 14806
14806 9325
9325 16946
16946 9325
9325 20285
20285 9325
9325 21899
21899 9325
9365 2507
2507 9365
9516 9516
9516 9516
9516 14387
14387 9516
9516 19730
19730 9516
9516 24710
24710 9516
9549 9549
9549 9549
9551 3275
3275 9551
9551 11819
11819 9551
9551 19730
19730 9551
9553 3505
3505 9553
9553 3512
3512 9553
9685 9011
9011 9685
9842 2516
2516 9842
9842 3130
3130 9842
9842 4920
4920 9842
9842 5178
5178 9842
9842 9842
9842 9842
9842 12900
12900 9842
9842 13459
13459 9842
9842 18602
18602 9842
9842 21356
21356 9842
9893 6278
6278 9893
10121 13786
13786 10121
10121 24077
24077 10121
10121 24442
24442 10121
10168 10121
10121 10168
10168 13191
13191 10168
10253 934
934 10253
10253 3564
3564 10253
10253 8996
8996 10253
10253 11579
11579 10253
10253 11929
11929 10253
10292 63
63 10292
10292 285
285 10292
10292 320
320 10292
10292 596
596 10292
10292 642
642 10292
10292 1140
1140 10292
10292 1934
1934 10292
10292 2015
2015 10292
10292 2053
2053 10292
10292 2467
2467 10292
10292 2836
2836 10292
10292 3210
3210 10292
10292 3258
3258 10292
10292 3343
3343 10292
10292 3400
3400 10292
10292 3477
3477 10292
10292 3533
3533 10292
10292 3771
3771 10292
10292 3874
3874 10292
10292 4920
4920 10292
10292 5544
5544 10292
10292 6961
6961 10292
10292 9057
9057 10292
10292 9842
9842 10292
10292 10292
10292 10292
10292 11157
11157 10292
10292 11318
11318 10292
10292 11929
11929 10292
10292 14905
14905 10292
10292 17013
17013 10292
10292 18602
18602 10292
10292 20355
20355 10292
10292 22613
22613 10292
10292 22840
22840 10292
10292 22880
22880 10292
10292 24252
24252 10292
10292 24662
24662 10292
10307 24722
24722 10307
10408 466
466 10408
10408 1740
1740 10408
10408 10408
10408 10408
10408 13232
13232 10408
10408 14595
14595 10408
10434 1284
1284 10434
10434 3511
3511 10434
10473 10473
10473 10473
10558 2043
2043 10558
10558 3376
3376 10558
10558 10558
10558 10558
10566 213
213 10566
10566 285
285 10566
10566 410
410 10566
10566 568
568 10566
10566 804
804 10566
10566 1110
1110 10566
10566 1934
1934 10566
10566 3499
3499 10566
10566 3564
3564 10566
10566 8321
8321 10566
10566 9025
9025 10566
10566 12009
12009 10566
10566 12519
12519 10566
10566 18689
18689 10566
10811 34
34 10811
10811 172
172 10811
10811 270
270 10811
10811 496
496 10811
10811 642
642 10811
10811 726
726 10811
10811 804
804 10811
10811 1018
1018 10811
10811 1312
1312 10811
10811 1654
1654 10811
10811 2592
2592 10811
10811 3206
3206 10811
10811 3317
3317 10811
10811 3318
3318 10811
10811 3364
3364 10811
10811 3415
3415 10811
10811 3423
3423 10811
10811 3477
3477 10811
10811 3510
3510 10811
10811 3568
3568 10811
10811 3604
3604 10811
10811 3874
3874 10811
10811 5845
5845 10811
10811 7648
7648 10811
10811 8436
8436 10811
10811 9239
9239 10811
10811 10811
10811 10811
10811 16721
16721 10811
10811 18602
18602 10811
10811 24223
24223 10811
10811 24252
24252 10811
10862 1037
1037 10862
10955 10955
10955 10955
10955 11148
11148 10955
11045 2361
2361 11045
11045 3557
3557 11045
11062 2906
2906 11062
11062 11062
11062 11062
11076 1018
1018 11076
11076 1507
1507 11076
11076 6557
6557 11076
11076 20893
20893 11076
11120 4638
4638 11120
11120 11120
11120 11120
11148 10955
10955 11148
11149 3414
3414 11149
11152 15057
15057 11152
11152 15369
15369 11152
11157 1
1 11157
11157 745
745 11157
11157 1013
1013 11157
11157 1140
1140 11157
11157 1312
1312 11157
11157 1934
1934 11157
11157 2015
2015 11157
11157 2361
2361 11157
11157 2467
2467 11157
11157 2592
2592 11157
11157 2836
2836 11157
11157 3210
3210 11157
11157 3239
3239 11157
11157 3250
3250 11157
11157 3299
3299 11157
11157 3335
3335 11157
11157 3343
3343 11157
11157 3389
3389 11157
11157 3424
3424 11157
11157 3435
3435 11157
11157 3567
3567 11157
11157 3575
3575 11157
11157 6049
6049 11157
11157 6961
6961 11157
11157 9842
9842 11157
11157 10292
10292 11157
11157 11157
11157 11157
11157 11318
11318 11157
11157 12135
12135 11157
11157 13089
13089 11157
11157 14304
14304 11157
11157 14905
14905 11157
11157 15235
15235 11157
11157 15369
15369 11157
11157 16880
16880 11157
11157 17013
17013 11157
11157 18602
18602 11157
11157 20355
20355 11157
11157 21528
21528 11157
11157 22205
22205 11157
11157 22880
22880 11157
11157 24252
24252 11157
11313 895
895 11313
11313 11313
11313 11313
11313 13684
13684 11313
11313 13786
13786 11313
11313 15688
15688 11313
11313 17880
17880 11313
11318 11157
11157 11318
11412 3536
3536 11412
11422 642
642 11422
11422 9239
9239 11422
11460 3268
3268 11460
11460 11460
11460 11460
11460 22513
22513 11460
11488 2194
2194 11488
11488 23039
23039 11488
11503 3005
3005 11503
11503 3209
3209 11503
11503 3488
3488 11503
11503 3520
3520 11503
11503 3558
3558 11503
11503 3565
3565 11503
11503 6806
6806 11503
11503 11503
11503 11503
11503 14295
14295 11503
11503 15345
15345 11503
11503 17276
17276 11503
11503 17293
17293 11503
11503 20721
20721 11503
11577 6049
6049 11577
11577 12874
12874 11577
11577 14920
14920 11577
11579 231
231 11579
11579 1312
1312 11579
11579 3463
3463 11579
11579 10253
10253 11579
11579 11579
11579 11579
11579 14905
14905 11579
11579 19554
19554 11579
11599 3276
3276 11599
11599 11599
11599 11599
11599 13406
13406 11599
11607 11607
11607 11607
11657 44
44 11657
11657 1391
1391 11657
11657 2436
2436 11657
11657 2984
2984 11657
11657 3352
3352 11657
11657 3482
3482 11657
11657 3508
3508 11657
11657 3813
3813 11657
11657 11657
11657 11657
11657 15369
15369 11657
11657 16591
16591 11657
11657 24220
24220 11657
11657 24722
24722 11657
11669 8996
8996 11669
11669 11669
11669 11669
11684 34
34 11684
11684 1843
1843 11684
11684 2831
2831 11684
11684 3347
3347 11684
11684 3423
3423 11684
11684 6961
6961 11684
11684 10811
10811 11684
11684 12090
12090 11684
11684 18602
18602 11684
11684 20873
20873 11684
11687 18574
18574 11687
11698 8995
8995 11698
11698 9239
9239 11698
11698 11698
11698 11698
11698 14211
14211 11698
11698 14595
14595 11698
11698 23320
23320 11698
11700 3536
3536 11700
11715 5152
5152 11715
11715 11579
11579 11715
11715 11715
11715 11715
11715 24312
24312 11715
11722 9025
9025 11722
11725 9022
9022 11725
11727 484
484 11727
11727 601
601 11727
11727 1301
1301 11727
11727 2591
2591 11727
11727 2831
2831 11727
11727 9724
9724 11727
11727 11727
11727 11727
11727 14387
14387 11727
11727 14835
14835 11727
11727 21786
21786 11727
11727 24390
24390 11727
11751 3346
3346 11751
11756 3292
3292 11756
11756 3311
3311 11756
11756 13459
13459 11756
11810 1887
1887 11810
11810 8996
8996 11810
11817 230
230 11817
11817 3424
3424 11817
11817 4537
4537 11817
11817 8456
8456 11817
11817 8996
8996 11817
11817 9239
9239 11817
11817 11817
11817 11817
11817 14920
14920 11817
11817 15360
15360 11817
11817 20512
20512 11817
11819 156
156 11819
11819 8147
8147 11819
11819 9551
9551 11819
11819 12117
12117 11819
11819 20355
20355 11819
11835 16163
16163 11835
11861 213
213 11861
11861 11861
11861 11861
11872 3478
3478 11872
11881 13003
13003 11881
11899 2497
2497 11899
11899 11899
11899 11899
11929 11929
11929 11929
11929 24365
24365 11929
11996 1934
1934 11996
11996 11996
11996 11996
12009 12009
12009 12009
12053 285
285 12053
12053 1013
1013 12053
12053 2679
2679 12053
12053 12053
12053 12053
12053 24731
24731 12053
12090 12090
12090 12090
12106 1951
1951 12106
12106 3128
3128 12106
12106 12106
12106 12106
12117 3348
3348 12117
12117 9011
9011 12117
12117 11819
11819 12117
12117 12117
12117 12117
12117 12642
12642 12117
12117 14806
14806 12117
12123 2442
2442 12123
12123 2997
2997 12123
12123 3412
3412 12123
12123 12123
12123 12123
12123 13406
13406 12123
12123 14920
14920 12123
12123 20812
20812 12123
12123 23933
23933 12123
12135 34
34 12135
12135 642
642 12135
12135 745
745 12135
12135 1312
1312 12135
12135 2472
2472 12135
12135 2622
2622 12135
12135 3206
3206 12135
12135 3277
3277 12135
12135 3299
3299 12135
12135 3304
3304 12135
12135 3341
3341 12135
12135 3374
3374 12135
12135 3383
3383 12135
12135 3389
3389 12135
12135 3530
3530 12135
12135 3568
3568 12135
12135 3874
3874 12135
12135 7405
7405 12135
12135 7648
7648 12135
12135 8820
8820 12135
12135 9022
9022 12135
12135 12135
12135 12135
12135 13089
13089 12135
12135 14224
14224 12135
12135 15369
15369 12135
12135 16880
16880 12135
12135 17840
17840 12135
12135 21634
21634 12135
12135 24223
24223 12135
12190 3578
3578 12190
12209 3600
3600 12209
12209 17675
17675 12209
12231 6557
6557 12231
12231 12231
12231 12231
12365 15447
15447 12365
12375 3227
3227 12375
12375 12375
12375 12375
12375 16018
16018 12375
12415 3246
3246 12415
12510 3321
3321 12510
12510 3347
3347 12510
12519 1934
1934 12519
12519 2880
2880 12519
12519 3463
3463 12519
12519 9239
9239 12519
12519 19438
19438 12519
12539 1976
1976 12539
12560 15688
15688 12560
12564 155
155 12564
12564 1013
1013 12564
12564 6961
6961 12564
12564 12564
12564 12564
12564 14232
14232 12564
12564 20028
20028 12564
12564 22227
22227 12564
12564 23348
23348 12564
12670 3286
3286 12670
12720 3304
3304 12720
12725 12725
12725 12725
12774 11698
11698 12774
12774 12231
12231 12774
12774 13003
13003 12774
12774 22513
22513 12774
12874 929
929 12874
12874 2392
2392 12874
12874 3267
3267 12874
12874 3533
3533 12874
12874 3579
3579 12874
12874 12874
12874 12874
12874 19901
19901 12874
12874 20790
20790 12874
12900 275
275 12900
12900 410
410 12900
12900 1158
1158 12900
12900 2980
2980 12900
12900 3212
3212 12900
12900 3318
3318 12900
12900 3396
3396 12900
12900 3813
3813 12900
12900 12900
12900 12900
12900 15542
15542 12900
12900 19730
19730 12900
12900 23812
23812 12900
12900 24639
24639 12900
12932 1507
1507 12932
13003 410
410 13003
13003 642
642 13003
13003 2185
2185 13003
13003 3415
3415 13003
13003 3471
3471 13003
13003 3549
3549 13003
13003 3574
3574 13003
13003 11881
11881 13003
13003 13003
13003 13003
13027 1158
1158 13027
13027 1296
1296 13027
13027 1384
1384 13027
13027 1669
1669 13027
13027 2462
2462 13027
13027 2643
2643 13027
13027 3206
3206 13027
13027 3292
3292 13027
13027 3452
3452 13027
13027 3475
3475 13027
13027 5845
5845 13027
13027 8984
8984 13027
13027 12123
12123 13027
13027 15989
15989 13027
13027 18271
18271 13027
13027 21306
21306 13027
13027 22227
22227 13027
13027 24033
24033 13027
13027 24692
24692 13027
13066 1887
1887 13066
13066 3268
3268 13066
13066 17880
17880 13066
13089 11157
11157 13089
13089 13089
13089 13089
13099 12900
12900 13099
13102 15450
15450 13102
13155 1311
1311 13155
13155 1585
1585 13155
13155 2939
2939 13155
13155 3292
3292 13155
13155 13358
13358 13155
13155 19890
19890 13155
13155 24183
24183 13155
13181 3212
3212 13181
13181 3874
3874 13181
13181 8996
8996 13181
13181 12090
12090 13181
13191 13191
13191 13191
13196 3321
3321 13196
13203 3244
3244 13203
13232 44
44 13232
13232 231
231 13232
13232 753
753 13232
13232 1887
1887 13232
13232 2882
2882 13232
13232 3473
3473 13232
13232 4638
4638 13232
13232 8820
8820 13232
13232 8996
8996 13232
13232 9011
9011 13232
13232 9325
9325 13232
13232 10408
10408 13232
13232 11503
11503 13232
13232 11669
11669 13232
13232 12117
12117 13232
13232 12519
12519 13232
13232 12900
12900 13232
13232 13191
13191 13232
13232 13232
13232 13232
13232 18684
18684 13232
13232 19730
19730 13232
13232 24065
24065 13232
13232 24312
24312 13232
13232 24451
24451 13232
13270 13270
13270 13270
13313 23970
23970 13313
13343 2384
2384 13343
13343 3265
3265 13343
13343 12231
12231 13343
13343 24460
24460 13343
13355 1153
1153 13355
13355 11657
11657 13355
13358 13358
13358 13358
13379 3172
3172 13379
13379 3341
3341 13379
13379 13379
13379 13379
13379 16388
16388 13379
13383 3471
3471 13383
13383 19355
19355 13383
13383 21240
21240 13383
13406 2072
2072 13406
13406 3308
3308 13406
13406 3503
3503 13406
13406 12123
12123 13406
13406 13406
13406 13406
13406 14920
14920 13406
13406 22708
22708 13406
13406 24065
24065 13406
13431 2973
2973 13431
13431 13431
13431 13431
13459 5544
5544 13459
13459 9842
9842 13459
13483 929
929 13483
13489 4920
4920 13489
13489 13489
13489 13489
13535 8147
8147 13535
13684 213
213 13684
13684 1264
1264 13684
13684 2855
2855 13684
13684 3164
3164 13684
13684 3286
3286 13684
13684 3415
3415 13684
13684 3473
3473 13684
13684 3482
3482 13684
13684 3520
3520 13684
13684 5539
5539 13684
13684 5845
5845 13684
13684 11313
11313 13684
13684 13684
13684 13684
13684 15406
15406 13684
13684 16588
16588 13684
13684 16998
16998 13684
13684 17276
17276 13684
13684 19901
19901 13684
13684 24722
24722 13684
13694 13694
13694 13694
13756 3023
3023 13756
13756 23683
23683 13756
13786 1
1 13786
13786 320
320 13786
13786 465
465 13786
13786 929
929 13786
13786 1887
1887 13786
13786 2460
2460 13786
13786 2706
2706 13786
13786 3206
3206 13786
13786 3250
3250 13786
13786 3257
3257 13786
13786 3282
3282 13786
13786 3315
3315 13786
13786 3421
3421 13786
13786 3457
3457 13786
13786 3464
3464 13786
13786 3485
3485 13786
13786 3568
3568 13786
13786 3600
3600 13786
13786 9025
9025 13786
13786 10811
10811 13786
13786 11313
11313 13786
13786 12231
12231 13786
13786 13211
13211 13786
13786 13786
13786 13786
13786 15410
15410 13786
13786 16998
16998 13786
13786 17675
17675 13786
13786 17880
17880 13786
13786 18602
18602 13786
13786 19888
19888 13786
13786 21899
21899 13786
13786 23320
23320 13786
13786 23933
23933 13786
13796 1018
1018 13796
13796 3499
3499 13796
13796 6095
6095 13796
13796 6557
6557 13796
13796 12642
12642 13796
13796 13796
13796 13796
13796 15497
15497 13796
13796 18424
18424 13796
13899 13899
13899 13899
13969 3175
3175 13969
13969 13969
13969 13969
13969 20512
20512 13969
14010 2815
2815 14010
14034 2997
2997 14034
14054 24665
24665 14054
14094 14094
14094 14094
14094 20681
20681 14094
14172 16591
16591 14172
14189 6891
6891 14189
14211 11698
11698 14211
14211 12231
12231 14211
14211 14211
14211 14211
14221 3172
3172 14221
14224 2239
2239 14224
14224 14224
14224 14224
14224 16998
16998 14224
14224 17880
17880 14224
14232 1013
1013 14232
14232 12564
12564 14232
14232 14232
14232 14232
14232 18063
18063 14232
14232 20038
20038 14232
14232 20355
20355 14232
14241 2655
2655 14241
14241 2948
2948 14241
14241 3172
3172 14241
14241 3478
3478 14241
14241 9553
9553 14241
14241 21509
21509 14241
14295 1934
1934 14295
14295 2592
2592 14295
14295 3542
3542 14295
14295 11503
11503 14295
14295 11698
11698 14295
14295 14295
14295 14295
14295 15345
15345 14295
14295 19888
19888 14295
14295 24722
24722 14295
14304 11157
11157 14304
14304 14304
14304 14304
14304 14482
14482 14304
14355 2973
2973 14355
14355 5178
5178 14355
14355 11313
11313 14355
14361 2416
2416 14361
14361 24692
24692 14361
14387 1661
1661 14387
14387 3390
3390 14387
14387 3582
3582 14387
14387 5409
5409 14387
14387 5539
5539 14387
14387 14147
14147 14387
14387 14387
14387 14387
14387 17706
17706 14387
14500 3400
3400 14500
14556 2467
2467 14556
14556 14556
14556 14556
14583 194
194 14583
14595 2984
2984 14595
14595 3244
3244 14595
14595 3254
3254 14595
14595 3352
3352 14595
14595 3515
3515 14595
14595 3813
3813 14595
14595 8996
8996 14595
14595 10408
10408 14595
14595 11698
11698 14595
14595 14595
14595 14595
14595 24722
24722 14595
14609 2592
2592 14609
14713 230
230 14713
14713 14713
14713 14713
14713 19888
19888 14713
14805 1976
1976 14805
14805 3123
3123 14805
14805 14805
14805 14805
14806 572
572 14806
14806 1282
1282 14806
14806 3348
3348 14806
14806 3359
3359 14806
14806 3473
3473 14806
14806 5544
5544 14806
14806 9325
9325 14806
14806 13232
13232 14806
14806 14806
14806 14806
14806 16859
16859 14806
14806 24220
24220 14806
14835 7953
7953 14835
14835 11861
11861 14835
14835 19443
19443 14835
14835 19871
19871 14835
14905 6557
6557 14905
14920 34
34 14920
14920 460
460 14920
14920 1021
1021 14920
14920 1296
1296 14920
14920 1661
1661 14920
14920 2036
2036 14920
14920 3015
3015 14920
14920 3315
3315 14920
14920 3341
3341 14920
14920 3448
3448 14920
14920 3475
3475 14920
14920 3498
3498 14920
14920 3572
3572 14920
14920 3598
3598 14920
14920 3599
3599 14920
14920 5178
5178 14920
14920 5845
5845 14920
14920 10811
10811 14920
14920 11700
11700 14920
14920 11929
11929 14920
14920 12123
12123 14920
14920 13155
13155 14920
14920 13459
13459 14920
14920 14920
14920 14920
14920 15310
15310 14920
14920 15369
15369 14920
14920 17066
17066 14920
14920 17338
17338 14920
14920 17675
17675 14920
14920 18034
18034 14920
14920 18169
18169 14920
14920 20817
20817 14920
14927 14609
14609 14927
14927 22437
22437 14927
14969 3257
3257 14969
14969 15369
15369 14969
14969 20812
20812 14969
14969 21528
21528 14969
14976 465
465 14976
14976 3130
3130 14976
14976 3321
3321 14976
14976 6054
6054 14976
14976 18602
18602 14976
15024 16577
16577 15024
15057 15057
15057 15057
15057 24518
24518 15057
15116 2491
2491 15116
15116 3314
3314 15116
15116 5544
5544 15116
15116 11657
11657 15116
15116 15116
15116 15116
15145 0
0 15145
15145 15145
15145 15145
15161 21240
21240 15161
15229 117
117 15229
15229 642
642 15229
15229 1741
1741 15229
15229 3564
3564 15229
15235 814
814 15235
15235 9025
9025 15235
15235 15235
15235 15235
15251 21240
21240 15251
15277 3254
3254 15277
15310 115
115 15310
15310 14920
14920 15310
15310 15310
15310 15310
15310 21878
21878 15310
15332 1158
1158 15332
15332 3215
3215 15332
15345 6557
6557 15345
15345 12117
12117 15345
15345 15345
15345 15345
15345 20893
20893 15345
15369 15369
15369 15369
15404 7862
7862 15404
15406 9239
9239 15406
15406 15406
15406 15406
15406 16859
16859 15406
15406 19554
19554 15406
15406 24722
24722 15406
15410 15410
15410 15410
15447 3267
3267 15447
15447 9022
9022 15447
15447 12365
12365 15447
15447 13786
13786 15447
15450 642
642 15450
15450 929
929 15450
15450 1140
1140 15450
15450 1846
1846 15450
15450 1934
1934 15450
15450 2906
2906 15450
15450 3350
3350 15450
15450 3364
3364 15450
15450 3604
3604 15450
15450 8600
8600 15450
15450 8996
8996 15450
15450 9239
9239 15450
15450 11313
11313 15450
15450 14920
14920 15450
15450 15450
15450 15450
15450 16998
16998 15450
15450 17880
17880 15450
15450 24252
24252 15450
15602 213
213 15602
15602 11725
11725 15602
15610 231
231 15610
15610 15610
15610 15610
15610 24154
24154 15610
15610 24665
24665 15610
15688 44
44 15688
15688 1037
1037 15688
15688 3444
3444 15688
15688 3515
3515 15688
15688 11313
11313 15688
15688 12231
12231 15688
15688 12560
12560 15688
15688 15688
15688 15688
15688 16588
16588 15688
15688 17675
17675 15688
15688 17880
17880 15688
15698 16591
16591 15698
15714 4638
4638 15714
15714 5284
5284 15714
15714 11657
11657 15714
15714 14295
14295 15714
15714 15714
15714 15714
15714 20893
20893 15714
15755 6278
6278 15755
15755 15755
15755 15755
15776 19901
19901 15776
15789 2629
2629 15789
15789 4920
4920 15789
15814 6278
6278 15814
15814 10473
10473 15814
15841 15841
15841 15841
15841 22412
22412 15841
15989 2194
2194 15989
15989 18602
18602 15989
15989 24203
24203 15989
16018 460
460 16018
16018 1105
1105 16018
16018 1861
1861 16018
16018 1887
1887 16018
16018 2655
2655 16018
16018 2948
2948 16018
16018 3172
3172 16018
16018 3406
3406 16018
16018 4406
4406 16018
16018 4920
4920 16018
16018 6095
6095 16018
16018 12375
12375 16018
16018 13786
13786 16018
16018 16018
16018 16018
16018 23478
23478 16018
16163 496
496 16163
16163 814
814 16163
16163 1280
1280 16163
16163 1668
1668 16163
16163 1796
1796 16163
16163 2442
2442 16163
16163 2592
2592 16163
16163 3341
3341 16163
16163 6961
6961 16163
16163 7648
7648 16163
16163 11835
11835 16163
16163 12009
12009 16163
16163 12135
12135 16163
16163 14232
14232 16163
16163 16163
16163 16163
16163 16223
16223 16163
16163 16897
16897 16163
16163 18602
18602 16163
16163 19498
19498 16163
16163 23348
23348 16163
16186 2361
2361 16186
16186 2872
2872 16186
16186 3227
3227 16186
16186 16186
16186 16186
16186 18689
18689 16186
16306 5544
5544 16306
16306 16306
16306 16306
16336 13796
13796 16336
16388 3335
3335 16388
16388 16388
16388 16388
16388 24312
24312 16388
16420 9239
9239 16420
16420 13459
13459 16420
16420 21528
21528 16420
16581 1209
1209 16581
16581 2679
2679 16581
16581 3284
3284 16581
16581 9025
9025 16581
16581 14905
14905 16581
16581 21786
21786 16581
16581 24591
24591 16581
16588 4638
4638 16588
16588 16588
16588 16588
16591 14172
14172 16591
16591 16591
16591 16591
16591 18602
18602 16591
16613 496
496 16613
16613 24722
24722 16613
16721 16721
16721 16721
16721 20512
20512 16721
16859 44
44 16859
16859 3244
3244 16859
16859 3355
3355 16859
16859 5544
5544 16859
16859 9239
9239 16859
16859 14806
14806 16859
16859 15406
15406 16859
16859 15450
15450 16859
16859 16859
16859 16859
16859 17276
17276 16859
16859 18396
18396 16859
16859 24393
24393 16859
16880 16880
16880 16880
16880 24223
24223 16880
16892 1692
1692 16892
16892 2134
2134 16892
16897 1018
1018 16897
16897 1934
1934 16897
16897 3258
3258 16897
16897 9325
9325 16897
16983 3270
3270 16983
16998 1105
1105 16998
16998 2239
2239 16998
16998 16998
16998 16998
17013 19901
19901 17013
17051 2817
2817 17051
17055 3515
3515 17055
17057 1314
1314 17057
17057 17057
17057 17057
17058 5232
5232 17058
17066 3076
3076 17066
17066 17066
17066 17066
17066 18602
18602 17066
17068 5845
5845 17068
17071 1018
1018 17071
17071 17071
17071 17071
17097 9030
9030 17097
17097 21240
21240 17097
17157 601
601 17157
17157 3561
3561 17157
17157 5178
5178 17157
17157 6278
6278 17157
17157 11929
11929 17157
17157 17157
17157 17157
17157 18034
18034 17157
17157 19901
19901 17157
17157 21356
21356 17157
17157 24695
24695 17157
17276 1037
1037 17276
17276 6640
6640 17276
17276 17276
17276 17276
17291 364
364 17291
17291 17291
17291 17291
17293 640
640 17293
17298 3281
3281 17298
17299 745
745 17299
17299 2491
2491 17299
17299 3499
3499 17299
17312 1708
1708 17312
17312 3341
3341 17312
17312 8820
8820 17312
17338 2831
2831 17338
17338 2997
2997 17338
17338 3874
3874 17338
17338 14920
14920 17338
17338 15145
15145 17338
17338 19870
19870 17338
17448 15161
15161 17448
17472 19355
19355 17472
17576 3310
3310 17576
17576 3316
3316 17576
17576 3473
3473 17576
17576 21240
21240 17576
17576 24682
24682 17576
17675 194
194 17675
17675 213
213 17675
17675 231
231 17675
17675 645
645 17675
17675 814
814 17675
17675 1105
1105 17675
17675 1296
1296 17675
17675 1934
1934 17675
17675 2194
2194 17675
17675 2361
2361 17675
17675 2460
2460 17675
17675 2700
2700 17675
17675 2702
2702 17675
17675 2831
2831 17675
17675 3171
3171 17675
17675 3172
3172 17675
17675 3212
3212 17675
17675 3423
3423 17675
17675 3462
3462 17675
17675 3463
3463 17675
17675 3498
3498 17675
17675 3512
3512 17675
17675 8996
8996 17675
17675 9057
9057 17675
17675 9551
9551 17675
17675 11607
11607 17675
17675 12123
12123 17675
17675 13191
13191 17675
17675 14304
14304 17675
17675 17675
17675 17675
17675 17880
17880 17675
17675 18063
18063 17675
17675 18602
18602 17675
17675 20355
20355 17675
17675 22227
22227 17675
17675 22708
22708 17675
17706 3227
3227 17706
17706 3389
3389 17706
17706 3501
3501 17706
17706 4407
4407 17706
17706 17706
17706 17706
17729 9025
9025 17729
17729 17675
17675 17729
17729 20892
20892 17729
17809 19427
19427 17809
17830 194
194 17830
17830 3467
3467 17830
17840 2491
2491 17840
17840 5534
5534 17840
17840 8321
8321 17840
17840 14806
14806 17840
17840 17840
17840 17840
17866 2507
2507 17866
17866 12123
12123 17866
17880 3462
3462 17880
17880 13459
13459 17880
17880 14224
14224 17880
17880 17880
17880 17880
17880 20355
20355 17880
17880 20904
20904 17880
18034 460
460 18034
18034 780
780 18034
18034 2939
2939 18034
18034 3561
3561 18034
18034 5178
5178 18034
18034 7405
7405 18034
18034 11929
11929 18034
18034 12106
12106 18034
18034 14304
14304 18034
18034 17338
17338 18034
18034 18034
18034 18034
18034 19901
19901 18034
18034 24065
24065 18034
18034 24365
24365 18034
18056 8993
8993 18056
18056 8995
8995 18056
18056 8996
8996 18056
18056 18056
18056 18056
18056 23085
23085 18056
18063 1312
1312 18063
18063 3527
3527 18063
18088 2507
2507 18088
18088 19871
19871 18088
18138 2629
2629 18138
18138 2973
2973 18138
18138 4920
4920 18138
18169 14920
14920 18169
18169 16018
16018 18169
18169 18169
18169 18169
18169 23500
23500 18169
18323 929
929 18323
18323 1859
1859 18323
18323 18323
18323 18323
18401 1934
1934 18401
18401 2158
2158 18401
18401 18401
18401 18401
18424 2592
2592 18424
18424 13796
13796 18424
18438 3471
3471 18438
18438 5539
5539 18438
18440 18440
18440 18440
18449 6961
6961 18449
18449 9022
9022 18449
18472 1018
1018 18472
18472 2486
2486 18472
18472 3139
3139 18472
18472 8984
8984 18472
18472 24682
24682 18472
18574 1109
1109 18574
18574 3500
3500 18574
18574 3556
3556 18574
18574 3594
3594 18574
18574 4920
4920 18574
18574 11687
11687 18574
18574 13489
13489 18574
18574 19901
19901 18574
18574 21899
21899 18574
18602 465
465 18602
18602 814
814 18602
18602 1780
1780 18602
18602 2321
2321 18602
18602 2361
2361 18602
18602 2497
2497 18602
18602 2700
2700 18602
18602 3423
3423 18602
18602 3463
3463 18602
18602 3586
3586 18602
18602 4920
4920 18602
18602 6961
6961 18602
18602 8921
8921 18602
18602 9239
9239 18602
18602 9842
9842 18602
18602 10292
10292 18602
18602 10473
10473 18602
18602 10811
10811 18602
18602 11157
11157 18602
18602 11684
11684 18602
18602 12090
12090 18602
18602 13786
13786 18602
18602 14304
14304 18602
18602 14976
14976 18602
18602 15989
15989 18602
18602 16591
16591 18602
18602 17066
17066 18602
18602 18602
18602 18602
18602 18658
18658 18602
18602 18689
18689 18602
18602 21813
21813 18602
18602 24252
24252 18602
18602 24568
24568 18602
18619 3214
3214 18619
18619 3402
3402 18619
18619 3452
3452 18619
18619 5409
5409 18619
18619 5845
5845 18619
18619 18602
18602 18619
18619 20812
20812 18619
18619 24692
24692 18619
18634 3813
3813 18634
18658 18602
18602 18658
18658 18658
18658 18658
18689 1384
1384 18689
18689 2134
2134 18689
18689 2361
2361 18689
18689 3123
3123 18689
18689 3228
3228 18689
18689 3292
3292 18689
18689 3387
3387 18689
18689 3392
3392 18689
18689 3575
3575 18689
18689 12123
12123 18689
18689 12564
12564 18689
18689 13459
13459 18689
18689 13786
13786 18689
18689 17475
17475 18689
18689 18602
18602 18689
18689 18689
18689 18689
18689 21402
21402 18689
18689 24692
24692 18689
18764 14806
14806 18764
18917 465
465 18917
18940 5544
5544 18940
18940 9025
9025 18940
18940 18940
18940 18940
18955 2984
2984 18955
19023 11727
11727 19023
19023 19023
19023 19023
19059 2361
2361 19059
19087 3227
3227 19087
19138 1013
1013 19138
19149 1140
1140 19149
19149 2036
2036 19149
19149 3301
3301 19149
19149 3341
3341 19149
19149 5845
5845 19149
19149 9025
9025 19149
19149 13459
13459 19149
19149 18602
18602 19149
19149 22075
22075 19149
19149 24445
24445 19149
19167 285
285 19167
19172 3450
3450 19172
19177 17675
17675 19177
19293 3771
3771 19293
19298 2194
2194 19298
19328 24156
24156 19328
19355 1158
1158 19355
19355 2491
2491 19355
19355 10811
10811 19355
19355 13383
13383 19355
19355 19355
19355 19355
19379 2812
2812 19379
19379 13379
13379 19379
19383 23970
23970 19383
19421 7648
7648 19421
19425 19425
19425 19425
19437 2100
2100 19437
19437 8996
8996 19437
19438 9551
9551 19438
19438 12117
12117 19438
19438 12519
12519 19438
19438 13232
13232 19438
19438 17276
17276 19438
19438 24393
24393 19438
19443 3463
3463 19443
19443 6023
6023 19443
19443 19443
19443 19443
19445 800
800 19445
19450 3107
3107 19450
19498 2442
2442 19498
19498 2592
2592 19498
19498 16163
16163 19498
19498 18034
18034 19498
19498 19498
19498 19498
19554 3172
3172 19554
19554 9022
9022 19554
19554 15406
15406 19554
19554 17097
17097 19554
19554 21402
21402 19554
19683 213
213 19683
19683 2077
2077 19683
19683 3564
3564 19683
19683 15688
15688 19683
19685 3335
3335 19685
19685 7862
7862 19685
19685 11687
11687 19685
19685 14905
14905 19685
19685 19685
19685 19685
19698 15369
15369 19698
19730 44
44 19730
19730 213
213 19730
19730 645
645 19730
19730 1796
1796 19730
19730 1887
1887 19730
19730 2497
2497 19730
19730 2831
2831 19730
19730 2906
2906 19730
19730 3352
3352 19730
19730 3402
3402 19730
19730 3462
3462 19730
19730 5539
5539 19730
19730 5845
5845 19730
19730 7648
7648 19730
19730 8996
8996 19730
19730 9057
9057 19730
19730 9551
9551 19730
19730 12900
12900 19730
19730 14806
14806 19730
19730 19730
19730 19730
19730 21337
21337 19730
19730 22513
22513 19730
19730 24442
24442 19730
19748 155
155 19748
19748 19748
19748 19748
19801 19801
19801 19801
19860 3587
3587 19860
19870 17338
17338 19870
19870 19870
19870 19870
19871 1717
1717 19871
19871 1934
1934 19871
19871 3463
3463 19871
19871 3510
3510 19871
19871 9022
9022 19871
19871 12053
12053 19871
19871 14304
14304 19871
19871 18088
18088 19871
19886 19886
19886 19886
19888 14295
14295 19888
19888 19888
19888 19888
19890 2486
2486 19890
19890 13358
13358 19890
19894 929
929 19894
19894 3460
3460 19894
19894 4920
4920 19894
19894 13786
13786 19894
19894 15369
15369 19894
19896 1430
1430 19896
19896 3541
3541 19896
19901 172
172 19901
19901 337
337 19901
19901 1430
1430 19901
19901 1971
1971 19901
19901 2053
2053 19901
19901 2361
2361 19901
19901 2629
2629 19901
19901 2831
2831 19901
19901 2903
2903 19901
19901 2984
2984 19901
19901 3207
3207 19901
19901 3257
3257 19901
19901 3315
3315 19901
19901 3335
3335 19901
19901 3343
3343 19901
19901 3365
3365 19901
19901 3389
3389 19901
19901 3407
3407 19901
19901 3451
3451 19901
19901 3458
3458 19901
19901 3533
3533 19901
19901 3542
3542 19901
19901 3874
3874 19901
19901 4920
4920 19901
19901 6345
6345 19901
19901 7778
7778 19901
19901 8512
8512 19901
19901 12123
12123 19901
19901 13489
13489 19901
19901 15235
15235 19901
19901 15369
15369 19901
19901 15776
15776 19901
19901 16018
16018 19901
19901 17013
17013 19901
19901 17675
17675 19901
19901 18034
18034 19901
19901 18323
18323 19901
19901 19901
19901 19901
19901 20817
20817 19901
19901 22598
22598 19901
19901 23630
23630 19901
19901 24365
24365 19901
19901 24442
24442 19901
19901 24526
24526 19901
20028 23348
23348 20028
20038 1816
1816 20038
20038 14805
14805 20038
20038 20038
20038 20038
20058 2460
2460 20058
20058 3382
3382 20058
20058 5845
5845 20058
20058 13383
13383 20058
20058 19355
19355 20058
20058 20058
20058 20058
20058 24190
24190 20058
20101 1312
1312 20101
20101 2497
2497 20101
20149 3386
3386 20149
20276 6845
6845 20276
20285 231
231 20285
20285 3171
3171 20285
20285 3280
3280 20285
20285 3471
3471 20285
20285 12900
12900 20285
20285 14905
14905 20285
20285 17055
17055 20285
20285 20285
20285 20285
20285 21954
21954 20285
20292 1013
1013 20292
20292 1336
1336 20292
20292 20292
20292 20292
20292 24657
24657 20292
20355 156
156 20355
20355 213
213 20355
20355 436
436 20355
20355 726
726 20355
20355 934
934 20355
20355 1430
1430 20355
20355 2497
2497 20355
20355 3345
3345 20355
20355 3532
3532 20355
20355 5178
5178 20355
20355 6961
6961 20355
20355 8147
8147 20355
20355 9551
9551 20355
20355 10292
10292 20355
20355 11157
11157 20355
20355 11819
11819 20355
20355 14232
14232 20355
20355 17880
17880 20355
20355 19149
19149 20355
20355 20101
20101 20355
20355 20355
20355 20355
20355 20887
20887 20355
20355 24445
24445 20355
20387 3276
3276 20387
20387 3366
3366 20387
20387 3444
3444 20387
20387 20387
20387 20387
20435 1312
1312 20435
20512 814
814 20512
20512 3364
3364 20512
20512 3390
3390 20512
20512 3471
3471 20512
20512 3529
3529 20512
20512 11100
11100 20512
20512 14920
14920 20512
20512 16721
16721 20512
20512 20512
20512 20512
20517 3408
3408 20517
20517 6961
6961 20517
20517 20517
20517 20517
20638 3436
3436 20638
20638 20638
20638 20638
20681 14094
14094 20681
20721 11503
11503 20721
20726 24065
24065 20726
20777 2467
2467 20777
20778 2777
2777 20778
20778 21786
21786 20778
20790 12874
12874 20790
20812 285
285 20812
20812 596
596 20812
20812 601
601 20812
20812 2194
2194 20812
20812 2467
2467 20812
20812 3123
3123 20812
20812 12123
12123 20812
20812 16388
16388 20812
20812 20812
20812 20812
20817 2072
2072 20817
20817 3536
3536 20817
20817 3594
3594 20817
20817 4920
4920 20817
20817 6278
6278 20817
20817 9553
9553 20817
20817 14920
14920 20817
20817 19901
19901 20817
20817 20817
20817 20817
20817 21899
21899 20817
20817 24365
24365 20817
20873 20873
20873 20873
20878 20878
20878 20878
20886 1312
1312 20886
20886 3258
3258 20886
20886 20886
20886 20886
20887 5178
5178 20887
20887 20887
20887 20887
20892 24710
24710 20892
20904 17880
17880 20904
20950 3386
3386 20950
20950 20950
20950 20950
20950 24568
24568 20950
21058 231
231 21058
21058 272
272 21058
21058 2361
2361 21058
21058 2997
2997 21058
21058 3212
3212 21058
21058 3255
3255 21058
21058 3268
3268 21058
21058 14920
14920 21058
21058 18684
18684 21058
21058 21786
21786 21058
21058 23085
23085 21058
21058 24065
24065 21058
21079 2984
2984 21079
21079 3209
3209 21079
21079 3351
3351 21079
21079 3418
3418 21079
21079 13406
13406 21079
21079 21079
21079 21079
21079 24420
24420 21079
21110 1050
1050 21110
21110 2925
2925 21110
21110 21110
21110 21110
21177 1018
1018 21177
21177 6049
6049 21177
21177 18689
18689 21177
21192 8102
8102 21192
21208 24665
24665 21208
21213 1384
1384 21213
21233 3575
3575 21233
21233 6961
6961 21233
21233 15369
15369 21233
21240 1998
1998 21240
21240 2815
2815 21240
21240 2984
2984 21240
21240 3209
3209 21240
21240 3283
3283 21240
21240 3307
3307 21240
21240 3321
3321 21240
21240 3351
3351 21240
21240 3359
3359 21240
21240 3374
3374 21240
21240 3451
3451 21240
21240 3488
3488 21240
21240 3494
3494 21240
21240 3504
3504 21240
21240 3564
3564 21240
21240 3597
3597 21240
21240 3813
3813 21240
21240 4638
4638 21240
21240 7971
7971 21240
21240 9026
9026 21240
21240 13383
13383 21240
21240 14806
14806 21240
21240 16588
16588 21240
21240 17097
17097 21240
21240 17276
17276 21240
21240 21240
21240 21240
21240 24138
24138 21240
21240 24451
24451 21240
21240 24682
24682 21240
21240 24722
24722 21240
21306 21306
21306 21306
21337 22708
22708 21337
21356 1430
1430 21356
21356 2888
2888 21356
21356 3460
3460 21356
21356 3530
3530 21356
21356 3887
3887 21356
21356 4920
4920 21356
21356 5178
5178 21356
21356 6023
6023 21356
21356 8996
8996 21356
21356 11929
11929 21356
21356 12135
12135 21356
21356 15369
15369 21356
21356 17157
17157 21356
21356 18034
18034 21356
21356 18063
18063 21356
21356 21356
21356 21356
21402 1018
1018 21402
21402 3500
3500 21402
21402 4920
4920 21402
21402 9549
9549 21402
21402 18689
18689 21402
21402 21402
21402 21402
21402 24409
24409 21402
21528 21528
21528 21528
21634 2592
2592 21634
21634 21634
21634 21634
21699 231
231 21699
21699 270
270 21699
21699 272
272 21699
21699 438
438 21699
21699 1993
1993 21699
21699 2992
2992 21699
21699 2997
2997 21699
21699 3268
3268 21699
21699 3345
3345 21699
21699 3448
3448 21699
21699 3471
3471 21699
21699 3600
3600 21699
21699 4928
4928 21699
21699 5855
5855 21699
21699 6403
6403 21699
21699 9025
9025 21699
21699 12564
12564 21699
21699 15235
15235 21699
21699 20512
20512 21699
21699 20812
20812 21699
21699 24065
24065 21699
21699 24448
24448 21699
21786 1661
1661 21786
21786 20778
20778 21786
21786 21786
21786 21786
21786 22214
22214 21786
21786 24183
24183 21786
21800 2998
2998 21800
21800 3359
3359 21800
21800 11503
11503 21800
21813 1934
1934 21813
21813 3592
3592 21813
21813 18602
18602 21813
21813 24033
24033 21813
21864 21954
21954 21864
21878 34
34 21878
21878 3258
3258 21878
21878 15310
15310 21878
21878 21878
21878 21878
21885 3318
3318 21885
21899 172
172 21899
21899 2405
2405 21899
21899 3335
3335 21899
21899 3500
3500 21899
21899 3556
3556 21899
21899 3771
3771 21899
21899 6345
6345 21899
21899 7862
7862 21899
21899 10997
10997 21899
21899 13786
13786 21899
21899 18574
18574 21899
21899 19685
19685 21899
21899 20790
20790 21899
21899 21233
21233 21899
21899 21899
21899 21899
21913 3352
3352 21913
21913 8993
8993 21913
21913 15406
15406 21913
21926 13270
13270 21926
21954 351
351 21954
21954 814
814 21954
21954 1313
1313 21954
21954 2655
2655 21954
21954 3049
3049 21954
21954 3389
3389 21954
21954 3401
3401 21954
21954 3471
3471 21954
21954 3553
3553 21954
21954 4920
4920 21954
21954 8996
8996 21954
21954 9025
9025 21954
21954 9516
9516 21954
21954 14920
14920 21954
21954 17276
17276 21954
21954 17675
17675 21954
21954 21954
21954 21954
21954 24442
24442 21954
22075 4638
4638 22075
22075 22075
22075 22075
22134 16998
16998 22134
22145 2864
2864 22145
22214 410
410 22214
22214 1994
1994 22214
22214 3583
3583 22214
22214 10090
10090 22214
22214 10473
10473 22214
22214 24698
24698 22214
22227 745
745 22227
22227 3343
3343 22227
22227 3454
3454 22227
22227 3466
3466 22227
22227 3592
3592 22227
22227 8147
8147 22227
22227 12564
12564 22227
22227 17675
17675 22227
22227 18602
18602 22227
22227 22227
22227 22227
22227 23348
23348 22227
22227 24695
24695 22227
22276 496
496 22276
22276 2304
2304 22276
22276 22276
22276 22276
22312 24445
24445 22312
22315 14805
14805 22315
22315 18063
18063 22315
22341 3378
3378 22341
22341 5409
5409 22341
22341 19730
19730 22341
22341 22341
22341 22341
22412 3304
3304 22412
22412 3425
3425 22412
22412 15235
15235 22412
22412 15841
15841 22412
22412 18658
18658 22412
22513 213
213 22513
22513 2831
2831 22513
22513 3437
3437 22513
22513 3475
3475 22513
22513 3564
3564 22513
22513 8995
8995 22513
22513 11861
11861 22513
22513 15688
15688 22513
22513 19683
19683 22513
22513 19730
19730 22513
22513 21954
21954 22513
22592 1661
1661 22592
22592 3281
3281 22592
22598 1971
1971 22598
22598 22598
22598 22598
22613 10292
10292 22613
22708 155
155 22708
22708 3172
3172 22708
22708 9025
9025 22708
22708 17675
17675 22708
22708 22708
22708 22708
22730 642
642 22730
22730 3130
3130 22730
22730 22730
22730 22730
22730 24281
24281 22730
22782 17675
17675 22782
22782 22782
22782 22782
22807 1336
1336 22807
22807 2411
2411 22807
22807 3210
3210 22807
22807 3279
3279 22807
22807 3439
3439 22807
22807 3466
3466 22807
22807 5544
5544 22807
22807 5845
5845 22807
22807 8820
8820 22807
22807 15450
15450 22807
22807 20292
20292 22807
22840 22840
22840 22840
22880 22880
22880 22880
22882 269
269 22882
22882 2777
2777 22882
22882 12106
12106 22882
22882 15989
15989 22882
22882 17922
17922 22882
22882 22896
22896 22882
22906 3115
3115 22906
22906 20778
20778 22906
22906 24033
24033 22906
23039 1924
1924 23039
23039 3327
3327 23039
23039 6937
6937 23039
23039 10168
10168 23039
23039 21240
21240 23039
23085 1137
1137 23085
23085 3212
3212 23085
23085 8996
8996 23085
23085 18602
18602 23085
23085 23085
23085 23085
23097 9057
9057 23097
23130 2831
2831 23130
23130 3335
3335 23130
23226 24695
24695 23226
23320 3275
3275 23320
23320 23320
23320 23320
23320 24252
24252 23320
23348 122
122 23348
23348 155
155 23348
23348 596
596 23348
23348 2194
2194 23348
23348 2812
2812 23348
23348 3226
3226 23348
23348 3227
3227 23348
23348 3332
3332 23348
23348 3441
3441 23348
23348 9239
9239 23348
23348 10558
10558 23348
23348 12106
12106 23348
23348 12564
12564 23348
23348 14806
14806 23348
23348 16721
16721 23348
23348 18602
18602 23348
23348 19379
19379 23348
23348 20028
20028 23348
23348 23348
23348 23348
23348 24409
24409 23348
23455 18602
18602 23455
23473 2736
2736 23473
23473 2864
2864 23473
23473 7778
7778 23473
23473 23473
23473 23473
23478 8996
8996 23478
23478 20904
20904 23478
23478 23478
23478 23478
23500 18169
18169 23500
23500 23500
23500 23500
23630 4920
4920 23630
23630 19901
19901 23630
23630 23630
23630 23630
23630 24365
24365 23630
23698 3123
3123 23698
23707 4407
4407 23707
23782 3122
3122 23782
23782 4638
4638 23782
23782 23782
23782 23782
23799 24445
24445 23799
23846 3350
3350 23846
23903 23903
23903 23903
23912 22708
22708 23912
23917 34
34 23917
23917 717
717 23917
23921 3267
3267 23921
23921 3287
3287 23921
23921 5266
5266 23921
23921 20355
20355 23921
23970 13313
13313 23970
23970 19383
19383 23970
23970 23970
23970 23970
23996 1013
1013 23996
24029 19498
19498 24029
24029 22209
22209 24029
24033 1887
1887 24033
24033 2413
2413 24033
24033 2992
2992 24033
24033 3279
3279 24033
24033 9239
9239 24033
24033 11422
11422 24033
24033 11881
11881 24033
24033 22214
22214 24033
24033 22227
22227 24033
24033 24033
24033 24033
24088 20242
20242 24088
24127 3536
3536 24127
24127 10958
10958 24127
24127 19888
19888 24127
24127 24127
24127 24127
24133 3212
3212 24133
24133 21786
21786 24133
24138 21240
21240 24138
24154 19432
19432 24154
24154 24154
24154 24154
24154 24665
24665 24154
24183 24183
24183 24183
24191 935
935 24191
24191 2880
2880 24191
24191 3386
3386 24191
24206 3460
3460 24206
24220 2197
2197 24220
24220 24220
24220 24220
24223 16880
16880 24223
24223 24223
24223 24223
24224 3441
3441 24224
24224 3599
3599 24224
24224 10473
10473 24224
24250 12090
12090 24250
24250 16186
16186 24250
24250 20038
20038 24250
24252 285
285 24252
24252 309
309 24252
24252 642
642 24252
24252 1140
1140 24252
24252 1430
1430 24252
24252 1934
1934 24252
24252 2997
2997 24252
24252 3251
3251 24252
24252 3350
3350 24252
24252 3374
3374 24252
24252 3415
3415 24252
24252 3475
3475 24252
24252 3510
3510 24252
24252 5386
5386 24252
24252 5845
5845 24252
24252 9025
9025 24252
24252 9239
9239 24252
24252 10292
10292 24252
24252 13786
13786 24252
24252 15450
15450 24252
24252 16163
16163 24252
24252 18063
18063 24252
24252 18602
18602 24252
24252 19801
19801 24252
24252 21402
21402 24252
24252 21634
21634 24252
24252 23320
23320 24252
24252 24077
24077 24252
24252 24252
24252 24252
24281 194
194 24281
24281 2442
2442 24281
24281 22730
22730 24281
24281 24281
24281 24281
24281 24442
24442 24281
24308 3351
3351 24308
24312 14304
14304 24312
24312 24312
24312 24312
24351 2658
2658 24351
24365 460
460 24365
24365 745
745 24365
24365 2072
2072 24365
24365 2629
2629 24365
24365 2736
2736 24365
24365 3015
3015 24365
24365 3130
3130 24365
24365 3335
3335 24365
24365 3460
3460 24365
24365 3536
3536 24365
24365 3541
3541 24365
24365 3548
3548 24365
24365 3594
3594 24365
24365 4920
4920 24365
24365 5178
5178 24365
24365 11929
11929 24365
24365 19901
19901 24365
24365 20355
20355 24365
24365 20817
20817 24365
24365 21899
21899 24365
24365 23630
23630 24365
24365 24365
24365 24365
24381 9016
9016 24381
24390 3279
3279 24390
24390 11929
11929 24390
24393 2443
2443 24393
24393 3247
3247 24393
24393 16859
16859 24393
24408 6640
6640 24408
24409 18169
18169 24409
24409 20886
20886 24409
24409 21402
21402 24409
24409 24409
24409 24409
24442 642
642 24442
24442 3545
3545 24442
24442 4920
4920 24442
24442 10121
10121 24442
24442 19730
19730 24442
24445 19149
19149 24445
24448 270
270 24448
24448 3567
3567 24448
24448 6557
6557 24448
24451 364
364 24451
24451 2239
2239 24451
24451 2815
2815 24451
24451 2855
2855 24451
24451 2980
2980 24451
24451 2984
2984 24451
24451 3123
3123 24451
24451 3282
3282 24451
24451 3355
3355 24451
24451 3564
3564 24451
24451 3597
3597 24451
24451 8436
8436 24451
24451 16859
16859 24451
24451 17675
17675 24451
24451 18602
18602 24451
24451 18917
18917 24451
24451 21240
21240 24451
24451 24451
24451 24451
24460 3482
3482 24460
24460 4638
4638 24460
24465 2036
2036 24465
24472 3227
3227 24472
24474 1296
1296 24474
24474 3123
3123 24474
24474 3424
3424 24474
24492 3314
3314 24492
24492 3345
3345 24492
24492 11657
11657 24492
24492 12725
12725 24492
24498 24498
24498 24498
24517 3389
3389 24517
24518 3264
3264 24518
24518 15057
15057 24518
24526 3268
3268 24526
24531 1140
1140 24531
24531 24531
24531 24531
24544 24183
24183 24544
24555 3364
3364 24555
24555 24555
24555 24555
24568 3386
3386 24568
24568 5539
5539 24568
24568 18602
18602 24568
24568 24568
24568 24568
24577 7971
7971 24577
24579 401
401 24579
24591 1312
1312 24591
24591 12135
12135 24591
24591 14224
14224 24591
24591 18034
18034 24591
24634 7405
7405 24634
24634 21402
21402 24634
24657 1336
1336 24657
24657 11817
11817 24657
24657 20292
20292 24657
24664 14556
14556 24664
24664 15755
15755 24664
24664 18602
18602 24664
24665 24665
24665 24665
24682 2815
2815 24682
24682 2855
2855 24682
24682 3310
3310 24682
24682 3351
3351 24682
24682 17576
17576 24682
24682 21240
21240 24682
24682 24682
24682 24682
24692 213
213 24692
24692 465
465 24692
24692 642
642 24692
24692 2416
2416 24692
24692 3392
3392 24692
24692 3463
3463 24692
24692 3575
3575 24692
24692 8470
8470 24692
24692 15360
15360 24692
24692 18602
18602 24692
24692 18689
18689 24692
24692 20292
20292 24692
24692 24692
24692 24692
24695 780
780 24695
24695 3267
3267 24695
24695 3343
3343 24695
24695 4920
4920 24695
24695 24695
24695 24695
24698 24698
24698 24698
24707 1403
1403 24707
24707 3874
3874 24707
24707 6345
6345 24707
24707 8996
8996 24707
24707 12564
12564 24707
24707 18927
18927 24707
24707 19685
19685 24707
24710 5409
5409 24710
24710 23085
23085 24710
24722 2998
2998 24722
24722 3023
3023 24722
24722 3435
3435 24722
24722 11657
11657 24722
24722 14595
14595 24722
24722 14927
14927 24722
24722 16588
16588 24722
24722 21240
21240 24722
24722 24722
24722 24722
24731 24731
24731 24731
24737 8820
8820 24737
24737 16145
16145 24737
