0 0
0 0
40 5946
5946 40
44 44
44 44
44 1842
1842 44
44 2811
2811 44
44 5583
5583 44
44 7921
7921 44
44 8572
8572 44
44 9803
9803 44
44 11077
11077 44
44 12670
12670 44
44 12900
12900 44
44 14295
14295 44
44 17276
17276 44
44 24313
24313 44
44 24722
24722 44
87 87
87 87
115 115
115 115
115 4066
4066 115
115 8886
8886 115
115 9795
9795 115
115 11819
11819 115
115 14109
14109 115
117 9618
9618 117
155 155
155 155
155 24033
24033 155
172 2629
2629 172
193 193
193 193
215 8996
8996 215
222 386
386 222
222 8783
8783 222
231 231
231 231
231 451
451 231
231 866
866 231
231 2134
2134 231
231 5072
5072 231
231 6735
6735 231
231 6975
6975 231
231 7097
7097 231
231 9093
9093 231
231 9658
9658 231
231 11868
11868 231
231 19087
19087 231
231 21881
21881 231
231 24150
24150 231
252 252
252 252
252 596
596 252
252 7579
7579 252
252 8773
8773 252
252 9092
9092 252
252 9539
9539 252
252 9543
9543 252
252 9702
9702 252
252 24033
24033 252
255 255
255 255
255 1240
1240 255
255 1313
1313 255
255 1538
1538 255
255 2819
2819 255
255 2831
2831 255
255 3172
3172 255
255 3714
3714 255
255 4829
4829 255
255 5801
5801 255
255 6124
6124 255
255 6735
6735 255
255 6961
6961 255
255 6975
6975 255
255 6986
6986 255
255 7596
7596 255
255 8102
8102 255
255 8813
8813 255
255 9092
9092 255
255 9405
9405 255
255 9499
9499 255
255 9540
9540 255
255 9691
9691 255
255 9793
9793 255
255 15940
15940 255
255 20517
20517 255
255 21336
21336 255
255 22452
22452 255
255 22745
22745 255
255 24393
24393 255
271 6489
6489 271
271 9540
9540 271
271 21702
21702 271
271 22452
22452 271
271 23935
23935 271
280 280
280 280
280 2730
2730 280
280 6047
6047 280
280 9805
9805 280
285 285
285 285
285 20285
20285 285
287 287
287 287
287 309
309 287
287 1934
1934 287
287 2094
2094 287
287 2416
2416 287
287 7399
7399 287
287 8577
8577 287
287 9465
9465 287
287 11536
11536 287
309 309
309 309
309 7209
7209 309
320 1312
1312 320
320 2194
2194 320
320 4440
4440 320
320 7635
7635 320
320 9338
9338 320
348 935
935 348
348 9752
9752 348
349 6917
6917 349
349 9531
9531 349
376 376
376 376
376 4920
4920 376
376 18574
18574 376
386 386
386 386
386 434
434 386
386 606
606 386
386 1658
1658 386
386 3733
3733 386
386 3843
3843 386
386 6049
6049 386
386 6314
6314 386
386 7759
7759 386
386 8605
8605 386
386 8773
8773 386
386 9239
9239 386
386 9727
9727 386
386 13441
13441 386
386 13694
13694 386
386 15688
15688 386
386 19938
19938 386
386 22222
22222 386
386 24707
24707 386
386 24710
24710 386
395 395
395 395
395 7985
7985 395
395 17695
17695 395
401 230
230 401
424 424
424 424
424 21336
21336 424
434 386
386 434
434 434
434 434
438 438
438 438
438 1538
1538 438
438 9405
9405 438
438 9688
9688 438
441 441
441 441
451 451
451 451
451 9658
9658 451
460 23914
23914 460
465 465
465 465
465 753
753 465
465 2819
2819 465
465 18602
18602 465
524 4794
4794 524
525 525
525 525
525 14034
14034 525
530 1846
1846 530
533 7656
7656 533
546 546
546 546
554 554
554 554
554 5485
5485 554
554 9842
9842 554
554 24365
24365 554
557 9540
9540 557
572 572
572 572
572 4719
4719 572
572 9538
9538 572
572 12198
12198 572
596 252
252 596
596 548
548 596
596 596
596 596
596 935
935 596
596 2005
2005 596
596 4547
4547 596
596 4837
4837 596
596 6666
6666 596
596 6937
6937 596
596 7186
7186 596
596 8288
8288 596
596 9566
9566 596
596 9574
9574 596
596 9636
9636 596
596 9661
9661 596
596 9679
9679 596
596 9826
9826 596
596 14920
14920 596
596 18602
18602 596
596 18919
18919 596
596 23921
23921 596
596 23956
23956 596
610 1378
1378 610
610 2837
2837 610
610 9499
9499 610
610 12242
12242 610
610 21699
21699 610
623 623
623 623
623 8815
8815 623
623 8816
8816 623
623 9607
9607 623
623 11819
11819 623
623 15755
15755 623
623 17097
17097 623
623 23348
23348 623
623 24238
24238 623
640 16018
16018 640
642 642
642 642
642 2416
2416 642
642 4126
4126 642
642 6762
6762 642
642 8872
8872 642
642 9257
9257 642
642 9557
9557 642
642 9591
9591 642
642 9784
9784 642
642 9841
9841 642
644 386
386 644
644 644
644 644
644 4920
4920 644
644 12242
12242 644
659 5345
5345 659
662 662
662 662
662 23707
23707 662
666 6873
6873 666
674 5808
5808 674
674 9579
9579 674
684 4572
4572 684
686 9662
9662 686
701 662
662 701
701 701
701 701
701 1585
1585 701
701 3528
3528 701
701 8897
8897 701
701 8907
8907 701
701 9092
9092 701
701 9576
9576 701
701 9628
9628 701
701 9644
9644 701
701 9719
9719 701
701 9775
9775 701
701 9802
9802 701
726 9542
9542 726
728 728
728 728
728 4343
4343 728
737 737
737 737
737 9191
9191 737
737 22592
22592 737
753 465
465 753
753 9363
9363 753
753 19736
19736 753
776 6478
6478 776
776 9555
9555 776
776 19149
19149 776
830 394
394 830
830 786
786 830
830 830
830 830
830 1221
1221 830
830 1949
1949 830
830 3143
3143 830
830 6747
6747 830
830 8209
8209 830
830 8996
8996 830
830 14888
14888 830
830 16047
16047 830
830 19028
19028 830
833 833
833 833
833 2819
2819 833
833 11313
11313 833
833 12539
12539 833
857 940
940 857
866 231
231 866
866 866
866 866
866 9805
9805 866
866 24710
24710 866
876 386
386 876
876 876
876 876
876 2819
2819 876
876 3101
3101 876
876 7399
7399 876
876 8577
8577 876
876 8996
8996 876
876 9755
9755 876
876 13786
13786 876
876 17892
17892 876
876 20817
20817 876
876 22598
22598 876
890 5326
5326 890
895 4242
4242 895
906 23707
23707 906
925 16336
16336 925
929 386
386 929
929 876
876 929
929 929
929 929
929 1430
1430 929
929 5485
5485 929
929 5615
5615 929
929 6986
6986 929
929 9338
9338 929
929 9755
9755 929
929 9830
9830 929
929 13786
13786 929
935 935
935 935
935 3702
3702 935
935 9576
9576 935
935 9678
9678 935
935 11353
11353 935
935 11700
11700 935
935 13466
13466 935
935 15282
15282 935
946 12977
12977 946
946 20285
20285 946
986 986
986 986
993 20355
20355 993
1013 1013
1013 1013
1013 3627
3627 1013
1013 4920
4920 1013
1013 5499
5499 1013
1013 8907
8907 1013
1013 9061
9061 1013
1013 9415
9415 1013
1013 9562
9562 1013
1013 9701
9701 1013
1013 19087
19087 1013
1013 19946
19946 1013
1013 24252
24252 1013
1013 24365
24365 1013
1013 24518
24518 1013
1018 1312
1312 1018
1018 3843
3843 1018
1018 4928
4928 1018
1018 8232
8232 1018
1018 9239
9239 1018
1097 252
252 1097
1097 9497
9497 1097
1097 9830
9830 1097
1105 255
255 1105
1105 2416
2416 1105
1105 3673
3673 1105
1105 5308
5308 1105
1105 5892
5892 1105
1105 6314
6314 1105
1105 6417
6417 1105
1105 6937
6937 1105
1105 6986
6986 1105
1105 7399
7399 1105
1105 7921
7921 1105
1105 8935
8935 1105
1105 9526
9526 1105
1105 9592
9592 1105
1105 9600
9600 1105
1105 9738
9738 1105
1105 16900
16900 1105
1105 18919
18919 1105
1110 2997
2997 1110
1110 7410
7410 1110
1110 9774
9774 1110
1110 10259
10259 1110
1116 1585
1585 1116
1116 2312
2312 1116
1116 6634
6634 1116
1116 9257
9257 1116
1116 9568
9568 1116
1116 9574
9574 1116
1116 19901
19901 1116
1133 1133
1133 1133
1133 14361
14361 1133
1137 424
424 1137
1137 1137
1137 1137
1137 1551
1551 1137
1137 1633
1633 1137
1137 1865
1865 1137
1137 1899
1899 1137
1137 4572
4572 1137
1137 5567
5567 1137
1137 7921
7921 1137
1137 9538
9538 1137
1137 9647
9647 1137
1137 9746
9746 1137
1137 11313
11313 1137
1137 19736
19736 1137
1140 1318
1318 1140
1140 8009
8009 1140
1141 7759
7759 1141
1141 9602
9602 1141
1158 1158
1158 1158
1158 2091
2091 1158
1158 6638
6638 1158
1215 1215
1215 1215
1215 2794
2794 1215
1215 6892
6892 1215
1215 8281
8281 1215
1215 9665
9665 1215
1215 9715
9715 1215
1215 14920
14920 1215
1215 18619
18619 1215
1215 22276
22276 1215
1215 24252
24252 1215
1221 1221
1221 1221
1221 6845
6845 1221
1221 7960
7960 1221
1221 8369
8369 1221
1221 9540
9540 1221
1221 9744
9744 1221
1221 10168
10168 1221
1221 19480
19480 1221
1221 22513
22513 1221
1230 7893
7893 1230
1230 9602
9602 1230
1244 1935
1935 1244
1244 9092
9092 1244
1244 9542
9542 1244
1244 9563
9563 1244
1244 9618
9618 1244
1244 9683
9683 1244
1244 13574
13574 1244
1269 23348
23348 1269
1286 7315
7315 1286
1312 1312
1312 1312
1312 4255
4255 1312
1312 4567
4567 1312
1312 8288
8288 1312
1312 9739
9739 1312
1312 13673
13673 1312
1312 19871
19871 1312
1313 255
255 1313
1313 1313
1313 1313
1318 1318
1318 1318
1318 21089
21089 1318
1333 1333
1333 1333
1333 7759
7759 1333
1346 8996
8996 1346
1346 16018
16018 1346
1351 9644
9644 1351
1378 18169
18169 1378
1384 2134
2134 1384
1384 4685
4685 1384
1384 5345
5345 1384
1384 8005
8005 1384
1384 8984
8984 1384
1384 11868
11868 1384
1384 16213
16213 1384
1384 20904
20904 1384
1384 24033
24033 1384
1403 548
548 1403
1403 623
623 1403
1403 1403
1403 1403
1403 1899
1899 1403
1403 2540
2540 1403
1403 4735
4735 1403
1403 5127
5127 1403
1403 6124
6124 1403
1403 7037
7037 1403
1403 7055
7055 1403
1403 9043
9043 1403
1403 9100
9100 1403
1403 9543
9543 1403
1403 9657
9657 1403
1403 9667
9667 1403
1403 9681
9681 1403
1403 9687
9687 1403
1403 9744
9744 1403
1403 9749
9749 1403
1403 9772
9772 1403
1403 9802
9802 1403
1403 22745
22745 1403
1407 1407
1407 1407
1407 13574
13574 1407
1407 14034
14034 1407
1430 287
287 1430
1430 376
376 1430
1430 546
546 1430
1430 866
866 1430
1430 929
929 1430
1430 1312
1312 1430
1430 1430
1430 1430
1430 2629
2629 1430
1430 3168
3168 1430
1430 3725
3725 1430
1430 3986
3986 1430
1430 4664
4664 1430
1430 5178
5178 1430
1430 5485
5485 1430
1430 5644
5644 1430
1430 5801
5801 1430
1430 6666
6666 1430
1430 7185
7185 1430
1430 7186
7186 1430
1430 7399
7399 1430
1430 8346
8346 1430
1430 8935
8935 1430
1430 9046
9046 1430
1430 9100
9100 1430
1430 9365
9365 1430
1430 9488
9488 1430
1430 9540
9540 1430
1430 9720
9720 1430
1430 9830
9830 1430
1430 13673
13673 1430
1430 16759
16759 1430
1430 19901
19901 1430
1430 22598
22598 1430
1430 24252
24252 1430
1430 24365
24365 1430
1538 438
438 1538
1538 1240
1240 1538
1538 1538
1538 1538
1538 1935
1935 1538
1538 1971
1971 1538
1538 2312
2312 1538
1538 2819
2819 1538
1538 3336
3336 1538
1538 5311
5311 1538
1538 6033
6033 1538
1538 8941
8941 1538
1538 9605
9605 1538
1538 9620
9620 1538
1538 16213
16213 1538
1538 17262
17262 1538
1538 17675
17675 1538
1547 3172
3172 1547
1551 1137
1137 1551
1581 12242
12242 1581
1582 7981
7981 1582
1585 701
701 1585
1632 3172
3172 1632
1632 17749
17749 1632
1633 1633
1633 1633
1633 1842
1842 1633
1633 9527
9527 1633
1633 21434
21434 1633
1658 1658
1658 1658
1658 4870
4870 1658
1658 6688
6688 1658
1658 7921
7921 1658
1658 8346
8346 1658
1658 8871
8871 1658
1658 9707
9707 1658
1658 13574
13574 1658
1658 15251
15251 1658
1658 21881
21881 1658
1676 24555
24555 1676
1692 309
309 1692
1692 465
465 1692
1692 1692
1692 1692
1692 6139
6139 1692
1692 7759
7759 1692
1692 9829
9829 1692
1692 13141
13141 1692
1692 15940
15940 1692
1692 16613
16613 1692
1692 16892
16892 1692
1692 21240
21240 1692
1692 24313
24313 1692
1692 24451
24451 1692
1716 8996
8996 1716
1716 9092
9092 1716
1734 9239
9239 1734
1740 44
44 1740
1740 1658
1658 1740
1740 1740
1740 1740
1740 1842
1842 1740
1740 4242
4242 1740
1740 6917
6917 1740
1740 7676
7676 1740
1740 7759
7759 1740
1740 7894
7894 1740
1740 7905
7905 1740
1740 7921
7921 1740
1740 9363
9363 1740
1740 9555
9555 1740
1740 9557
9557 1740
1740 9668
9668 1740
1740 9707
9707 1740
1740 9825
9825 1740
1740 11077
11077 1740
1740 13383
13383 1740
1740 13694
13694 1740
1740 14295
14295 1740
1740 16613
16613 1740
1740 16900
16900 1740
1740 18547
18547 1740
1740 24451
24451 1740
1749 1749
1749 1749
1749 6999
6999 1749
1749 8996
8996 1749
1749 14034
14034 1749
1749 18056
18056 1749
1749 19554
19554 1749
1800 13191
13191 1800
1822 3843
3843 1822
1842 44
44 1842
1842 1633
1633 1842
1842 1740
1740 1842
1842 1842
1842 1842
1842 7921
7921 1842
1842 9555
9555 1842
1842 14595
14595 1842
1842 21240
21240 1842
1846 530
530 1846
1846 1846
1846 1846
1846 2197
2197 1846
1846 2794
2794 1846
1846 3101
3101 1846
1846 3192
3192 1846
1846 5757
5757 1846
1846 5946
5946 1846
1846 7338
7338 1846
1846 7516
7516 1846
1846 9488
9488 1846
1846 9532
9532 1846
1846 9539
9539 1846
1846 9762
9762 1846
1846 9773
9773 1846
1846 11725
11725 1846
1846 11819
11819 1846
1846 17801
17801 1846
1846 19087
19087 1846
1846 23912
23912 1846
1859 1859
1859 1859
1859 9025
9025 1859
1861 1861
1861 1861
1861 8939
8939 1861
1865 1865
1865 1865
1899 1899
1899 1899
1899 2184
2184 1899
1899 9011
9011 1899
1899 13726
13726 1899
1899 14401
14401 1899
1899 24518
24518 1899
1901 8852
8852 1901
1901 9610
9610 1901
1901 20517
20517 1901
1907 1907
1907 1907
1907 1971
1971 1907
1907 4665
4665 1907
1907 6247
6247 1907
1907 8100
8100 1907
1907 15814
15814 1907
1907 17298
17298 1907
1907 19554
19554 1907
1907 22412
22412 1907
1913 1913
1913 1913
1921 9696
9696 1921
1934 1934
1934 1934
1934 4242
4242 1934
1934 9712
9712 1934
1935 1935
1935 1935
1935 19901
19901 1935
1949 9846
9846 1949
1951 502
502 1951
1951 1951
1951 1951
1951 4187
4187 1951
1951 4577
4577 1951
1951 6634
6634 1951
1951 7116
7116 1951
1951 7185
7185 1951
1951 8239
8239 1951
1951 8813
8813 1951
1951 9357
9357 1951
1951 9574
9574 1951
1951 9741
9741 1951
1951 9779
9779 1951
1951 9781
9781 1951
1951 13996
13996 1951
1951 24169
24169 1951
1971 1971
1971 1971
1976 1976
1976 1976
2005 596
596 2005
2008 4920
4920 2008
2014 2014
2014 2014
2014 6157
6157 2014
2014 9177
9177 2014
2014 9563
9563 2014
2014 9578
9578 2014
2014 9647
9647 2014
2014 9738
9738 2014
2042 9405
9405 2042
2046 2046
2046 2046
2046 6557
6557 2046
2048 2048
2048 2048
2048 8577
8577 2048
2048 12198
12198 2048
2094 2094
2094 2094
2094 9450
9450 2094
2102 21240
21240 2102
2104 2104
2104 2104
2104 4870
4870 2104
2104 5250
5250 2104
2104 8321
8321 2104
2104 9542
9542 2104
2104 9754
9754 2104
2104 11157
11157 2104
2104 14920
14920 2104
2104 24033
24033 2104
2119 22075
22075 2119
2126 18574
18574 2126
2134 255
255 2134
2134 1384
1384 2134
2134 2134
2134 2134
2134 4849
4849 2134
2134 4870
4870 2134
2134 5311
5311 2134
2134 5677
5677 2134
2134 5892
5892 2134
2134 6139
6139 2134
2134 6663
6663 2134
2134 8067
8067 2134
2134 9363
9363 2134
2134 9588
9588 2134
2134 9613
9613 2134
2134 9686
9686 2134
2134 9710
9710 2134
2134 9727
9727 2134
2134 11706
11706 2134
2134 12900
12900 2134
2134 13141
13141 2134
2134 13181
13181 2134
2134 16213
16213 2134
2134 24033
24033 2134
2134 24150
24150 2134
2158 2158
2158 2158
2158 9025
9025 2158
2158 20355
20355 2158
2194 44
44 2194
2194 115
115 2194
2194 193
193 2194
2194 255
255 2194
2194 287
287 2194
2194 1633
1633 2194
2194 1899
1899 2194
2194 1976
1976 2194
2194 2094
2094 2194
2194 2134
2134 2194
2194 2194
2194 2194
2194 2361
2361 2194
2194 3172
3172 2194
2194 4794
4794 2194
2194 5052
5052 2194
2194 7107
7107 2194
2194 8049
8049 2194
2194 8321
8321 2194
2194 9540
9540 2194
2194 9557
9557 2194
2194 9721
9721 2194
2194 9728
9728 2194
2194 11361
11361 2194
2194 13141
13141 2194
2194 13604
13604 2194
2194 13694
13694 2194
2194 13786
13786 2194
2194 14806
14806 2194
2194 16998
16998 2194
2194 18689
18689 2194
2194 19730
19730 2194
2194 20285
20285 2194
2194 20512
20512 2194
2194 21336
21336 2194
2194 21954
21954 2194
2197 934
934 2197
2197 1846
1846 2197
2197 2131
2131 2197
2197 2197
2197 2197
2197 4066
4066 2197
2197 7894
7894 2197
2197 8342
8342 2197
2197 8415
8415 2197
2197 8935
8935 2197
2197 9271
9271 2197
2197 9532
9532 2197
2197 9539
9539 2197
2197 9663
9663 2197
2197 9847
9847 2197
2197 12725
12725 2197
2197 13694
13694 2197
2197 13969
13969 2197
2197 19999
19999 2197
2197 20892
20892 2197
2197 20893
20893 2197
2197 21699
21699 2197
2197 21739
21739 2197
2197 22708
22708 2197
2197 23320
23320 2197
2209 2633
2633 2209
2239 255
255 2239
2239 1859
1859 2239
2239 2730
2730 2239
2239 7893
7893 2239
2239 9812
9812 2239
2242 18689
18689 2242
2261 2261
2261 2261
2281 2281
2281 2281
2281 9644
9644 2281
2329 2329
2329 2329
2329 6879
6879 2329
2329 22598
22598 2329
2349 2349
2349 2349
2349 4920
4920 2349
2355 4055
4055 2355
2361 2361
2361 2361
2361 5311
5311 2361
2361 6010
6010 2361
2361 7116
7116 2361
2361 7338
7338 2361
2361 9356
9356 2361
2361 9447
9447 2361
2361 10121
10121 2361
2361 14583
14583 2361
2361 16608
16608 2361
2361 18602
18602 2361
2361 20285
20285 2361
2361 21786
21786 2361
2361 23254
23254 2361
2362 2362
2362 2362
2384 2384
2384 2384
2384 11313
11313 2384
2384 19730
19730 2384
2387 2387
2387 2387
2387 3172
3172 2387
2387 4735
4735 2387
2387 6121
6121 2387
2387 7751
7751 2387
2387 7957
7957 2387
2387 9465
9465 2387
2387 9543
9543 2387
2387 9632
9632 2387
2387 9643
9643 2387
2387 22283
22283 2387
2388 2388
2388 2388
2388 7116
7116 2388
2388 18619
18619 2388
2388 18689
18689 2388
2392 2197
2197 2392
2392 2497
2497 2392
2392 4735
4735 2392
2392 11819
11819 2392
2411 533
533 2411
2411 2467
2467 2411
2411 2939
2939 2411
2411 6478
6478 2411
2411 7627
7627 2411
2411 9805
9805 2411
2411 12242
12242 2411
2413 934
934 2413
2413 2413
2413 2413
2413 6975
6975 2413
2413 8452
8452 2413
2413 9057
9057 2413
2413 9554
9554 2413
2413 9688
9688 2413
2413 9691
9691 2413
2413 21699
21699 2413
2413 24435
24435 2413
2413 24675
24675 2413
2416 287
287 2416
2416 642
642 2416
2416 2416
2416 2416
2416 9807
9807 2416
2416 11700
11700 2416
2416 14224
14224 2416
2424 23389
23389 2424
2442 9518
9518 2442
2487 662
662 2487
2487 1846
1846 2487
2487 2197
2197 2487
2487 2730
2730 2487
2487 5152
5152 2487
2487 5660
5660 2487
2487 8897
8897 2487
2487 9271
9271 2487
2487 9532
9532 2487
2487 9570
9570 2487
2487 9706
9706 2487
2487 9762
9762 2487
2487 9807
9807 2487
2487 12242
12242 2487
2487 13574
13574 2487
2491 1312
1312 2491
2491 4154
4154 2491
2491 17299
17299 2491
2497 2392
2392 2497
2497 2497
2497 2497
2497 5660
5660 2497
2497 5757
5757 2497
2497 9784
9784 2497
2508 9540
9540 2508
2508 9803
9803 2508
2516 2516
2516 2516
2516 2661
2661 2516
2540 1403
1403 2540
2583 320
320 2583
2583 2583
2583 2583
2583 6098
6098 2583
2583 9363
9363 2583
2591 255
255 2591
2592 252
252 2592
2592 1240
1240 2592
2592 1312
1312 2592
2592 2592
2592 2592
2592 5364
5364 2592
2592 5946
5946 2592
2592 6547
6547 2592
2592 6557
6557 2592
2592 7193
7193 2592
2592 7759
7759 2592
2592 8770
8770 2592
2592 9275
9275 2592
2592 9503
9503 2592
2592 9564
9564 2592
2592 9592
9592 2592
2592 9807
9807 2592
2592 9842
9842 2592
2592 10259
10259 2592
2592 15935
15935 2592
2592 21911
21911 2592
2622 2583
2583 2622
2622 9100
9100 2622
2629 172
172 2629
2629 2629
2629 2629
2629 3101
3101 2629
2629 4920
4920 2629
2629 5178
5178 2629
2629 5485
5485 2629
2629 5615
5615 2629
2629 7116
7116 2629
2629 8886
8886 2629
2629 9092
9092 2629
2629 9349
9349 2629
2629 9676
9676 2629
2629 9739
9739 2629
2629 9785
9785 2629
2629 12242
12242 2629
2629 14016
14016 2629
2629 18919
18919 2629
2629 22598
22598 2629
2629 24365
24365 2629
2633 2209
2209 2633
2655 8577
8577 2655
2655 9341
9341 2655
2700 22708
22708 2700
2713 2713
2713 2713
2713 3737
3737 2713
2730 280
280 2730
2730 2730
2730 2730
2730 9257
9257 2730
2730 12242
12242 2730
2736 9405
9405 2736
2736 20817
20817 2736
2748 533
533 2748
2748 2748
2748 2748
2748 6314
6314 2748
2748 7116
7116 2748
2748 9805
9805 2748
2748 13604
13604 2748
2794 1843
1843 2794
2794 11819
11819 2794
2811 7921
7921 2811
2811 13969
13969 2811
2811 14691
14691 2811
2818 8996
8996 2818
2819 2819
2819 2819
2819 7514
7514 2819
2819 7516
7516 2819
2819 8813
8813 2819
2819 8996
8996 2819
2819 9499
9499 2819
2819 9519
9519 2819
2819 9842
9842 2819
2819 18602
18602 2819
2819 22276
22276 2819
2819 24568
24568 2819
2831 2819
2819 2831
2831 2831
2831 2831
2831 5851
5851 2831
2831 6666
6666 2831
2837 2837
2837 2837
2837 9600
9600 2837
2872 2872
2872 2872
2872 5993
5993 2872
2872 14691
14691 2872
2872 18602
18602 2872
2886 2886
2886 2886
2886 6879
6879 2886
2886 10997
10997 2886
2920 5946
5946 2920
2931 255
255 2931
2939 1971
1971 2939
2939 2819
2819 2939
2997 2997
2997 2997
2997 5072
5072 2997
2997 9093
9093 2997
2997 9562
9562 2997
2997 15309
15309 2997
2997 24393
24393 2997
3023 24226
24226 3023
3049 1133
1133 3049
3049 2388
2388 3049
3049 5429
5429 3049
3049 9817
9817 3049
3049 13099
13099 3049
3049 16186
16186 3049
3049 18005
18005 3049
3049 21702
21702 3049
3055 2872
2872 3055
3055 5993
5993 3055
3078 8369
8369 3078
3078 9775
9775 3078
3101 2104
2104 3101
3101 3101
3101 3101
3101 4920
4920 3101
3101 6247
6247 3101
3101 8444
8444 3101
3101 9100
9100 3101
3101 9395
9395 3101
3101 9540
9540 3101
3101 9727
9727 3101
3101 13184
13184 3101
3101 18919
18919 3101
3101 20817
20817 3101
3101 21899
21899 3101
3113 4200
4200 3113
3113 7627
7627 3113
3113 9552
9552 3113
3113 9701
9701 3113
3113 13141
13141 3113
3113 24252
24252 3113
3130 5447
5447 3130
3130 5801
5801 3130
3143 3143
3143 3143
3143 4756
4756 3143
3143 21881
21881 3143
3162 9566
9566 3162
3172 255
255 3172
3172 1996
1996 3172
3172 2387
2387 3172
3172 3172
3172 3172
3172 3452
3452 3172
3172 3673
3673 3172
3172 6302
6302 3172
3172 6937
6937 3172
3172 7209
7209 3172
3172 8452
8452 3172
3172 9762
9762 3172
3172 13969
13969 3172
3172 20355
20355 3172
3172 22513
22513 3172
3172 23320
23320 3172
3172 24226
24226 3172
3192 3192
3192 3192
3192 9679
9679 3192
3214 20381
20381 3214
3227 1899
1899 3227
3227 3227
3227 3227
3227 4154
4154 3227
3227 6177
6177 3227
3227 8232
8232 3227
3227 9480
9480 3227
3227 12198
12198 3227
3227 15688
15688 3227
3227 17472
17472 3227
3288 2629
2629 3288
3302 1899
1899 3302
3309 19915
19915 3309
3334 3334
3334 3334
3336 2819
2819 3336
3372 15116
15116 3372
3425 24518
24518 3425
3452 3452
3452 3452
3452 9690
9690 3452
3519 2591
2591 3519
3519 3674
3674 3519
3528 3528
3528 3528
3528 6139
6139 3528
3528 9100
9100 3528
3555 3555
3555 3555
3555 4158
4158 3555
3555 6917
6917 3555
3555 7905
7905 3555
3579 9556
9556 3579
3579 18919
18919 3579
3627 12135
12135 3627
3651 13141
13141 3651
3679 9450
9450 3679
3705 6688
6688 3705
3714 8421
8421 3714
3714 14805
14805 3714
3714 24393
24393 3714
3725 1312
1312 3725
3725 3725
3725 3725
3725 5447
5447 3725
3725 7843
7843 3725
3725 9763
9763 3725
3725 16998
16998 3725
3737 2713
2713 3737
3737 9769
9769 3737
3760 502
502 3760
3760 2373
2373 3760
3760 7957
7957 3760
3760 9765
9765 3760
3777 6124
6124 3777
3777 8577
8577 3777
3777 18919
18919 3777
3824 8005
8005 3824
3843 1018
1018 3843
3843 1822
1822 3843
3843 3843
3843 3843
3843 8773
8773 3843
3843 8996
8996 3843
3843 9753
9753 3843
3843 10259
10259 3843
3843 13019
13019 3843
3843 14295
14295 3843
3865 4920
4920 3865
3865 24518
24518 3865
3874 2866
2866 3874
3874 3874
3874 3874
3874 6124
6124 3874
3974 13323
13323 3974
3986 1312
1312 3986
3986 1951
1951 3986
3986 9548
9548 3986
3986 9781
9781 3986
3986 17639
17639 3986
3986 24707
24707 3986
3988 3988
3988 3988
4066 4066
4066 4066
4113 24133
24133 4113
4121 4439
4439 4121
4121 8369
8369 4121
4121 14583
14583 4121
4121 18574
18574 4121
4126 4126
4126 4126
4126 9784
9784 4126
4154 3227
3227 4154
4154 4154
4154 4154
4154 4719
4719 4154
4154 7022
7022 4154
4158 9792
9792 4158
4183 5311
5311 4183
4183 8295
8295 4183
4186 4849
4849 4186
4187 4187
4187 4187
4196 1076
1076 4196
4196 4196
4196 4196
4196 9803
9803 4196
4196 16900
16900 4196
4200 9608
9608 4200
4208 4208
4208 4208
4242 441
441 4242
4242 1221
1221 4242
4242 1846
1846 4242
4242 1934
1934 4242
4242 2629
2629 4242
4242 3777
3777 4242
4242 3988
3988 4242
4242 4242
4242 4242
4242 4343
4343 4242
4242 4830
4830 4242
4242 6522
6522 4242
4242 6547
6547 4242
4242 7176
7176 4242
4242 7676
7676 4242
4242 7921
7921 4242
4242 8321
8321 4242
4242 8996
8996 4242
4242 9398
9398 4242
4242 9622
9622 4242
4242 9637
9637 4242
4242 9659
9659 4242
4242 9665
9665 4242
4242 9668
9668 4242
4242 9797
9797 4242
4242 11722
11722 4242
4242 13518
13518 4242
4242 14295
14295 4242
4242 14920
14920 4242
4242 19946
19946 4242
4242 24033
24033 4242
4242 24313
24313 4242
4242 24451
24451 4242
4255 4255
4255 4255
4275 240
240 4275
4280 1971
1971 4280
4282 22598
22598 4282
4298 6557
6557 4298
4298 15714
15714 4298
4298 22505
22505 4298
4331 7186
7186 4331
4331 7410
7410 4331
4331 14224
14224 4331
4340 3227
3227 4340
4343 728
728 4343
4343 4242
4242 4343
4343 4343
4343 4343
4343 5152
5152 4343
4343 6634
6634 4343
4343 6986
6986 4343
4343 8346
8346 4343
4343 9790
9790 4343
4350 6010
6010 4350
4406 9057
9057 4406
4407 24568
24568 4407
4417 4417
4417 4417
4440 596
596 4440
4440 9191
9191 4440
4440 9594
9594 4440
4440 9843
9843 4440
4440 21786
21786 4440
4455 435
435 4455
4459 4459
4459 4459
4459 9588
9588 4459
4459 9625
9625 4459
4459 16601
16601 4459
4482 4242
4242 4482
4547 596
596 4547
4556 4556
4556 4556
4567 2794
2794 4567
4567 4567
4567 4567
4567 6547
6547 4567
4567 8815
8815 4567
4567 8889
8889 4567
4567 9643
9643 4567
4567 9701
9701 4567
4567 9810
9810 4567
4567 13441
13441 4567
4572 4572
4572 4572
4577 1951
1951 4577
4577 9736
9736 4577
4578 4578
4578 4578
4578 5567
5567 4578
4578 6999
6999 4578
4593 6049
6049 4593
4624 6514
6514 4624
4667 4667
4667 4667
4685 4685
4685 4685
4685 6124
6124 4685
4685 7759
7759 4685
4685 9540
9540 4685
4711 9754
9754 4711
4712 8321
8321 4712
4719 4154
4154 4719
4719 4719
4719 4719
4719 12198
12198 4719
4735 1403
1403 4735
4735 4735
4735 4735
4735 7751
7751 4735
4735 11819
11819 4735
4743 4307
4307 4743
4756 3143
3143 4756
4765 9764
9764 4765
4781 1865
1865 4781
4781 3101
3101 4781
4794 4794
4794 4794
4794 9743
9743 4794
4794 11861
11861 4794
4794 14853
14853 4794
4811 11868
11868 4811
4829 255
255 4829
4829 4829
4829 4829
4837 4837
4837 4837
4837 23707
23707 4837
4849 2134
2134 4849
4849 4849
4849 4849
4879 1740
1740 4879
4879 4879
4879 4879
4879 7176
7176 4879
4879 19301
19301 4879
4920 376
376 4920
4920 386
386 4920
4920 1013
1013 4920
4920 1430
1430 4920
4920 2349
2349 4920
4920 2628
2628 4920
4920 3101
3101 4920
4920 4920
4920 4920
4920 5178
5178 4920
4920 8314
8314 4920
4920 9046
9046 4920
4920 9191
9191 4920
4920 9530
9530 4920
4920 9581
9581 4920
4920 13786
13786 4920
4920 18602
18602 4920
4920 20817
20817 4920
4920 22598
22598 4920
4920 24365
24365 4920
4926 6511
6511 4926
4965 4965
4965 4965
4976 2194
2194 4976
5032 8525
8525 5032
5052 2387
2387 5052
5052 5052
5052 5052
5052 8886
8886 5052
5052 22771
22771 5052
5089 5089
5089 5089
5092 7186
7186 5092
5094 5094
5094 5094
5127 548
548 5127
5127 726
726 5127
5127 1403
1403 5127
5127 5127
5127 5127
5127 6124
6124 5127
5127 8935
8935 5127
5127 22276
22276 5127
5140 5140
5140 5140
5140 13196
13196 5140
5146 5127
5127 5146
5152 386
386 5152
5152 728
728 5152
5152 929
929 5152
5152 2655
2655 5152
5152 2997
2997 5152
5152 5152
5152 5152
5152 9341
9341 5152
5152 9532
9532 5152
5152 16018
16018 5152
5152 20907
20907 5152
5178 376
376 5178
5178 1430
1430 5178
5178 2629
2629 5178
5178 4920
4920 5178
5178 5178
5178 5178
5178 5447
5447 5178
5178 5485
5485 5178
5178 7981
7981 5178
5178 8346
8346 5178
5178 9349
9349 5178
5178 9395
9395 5178
5178 9519
9519 5178
5178 9785
9785 5178
5178 10997
10997 5178
5178 11872
11872 5178
5178 13786
13786 5178
5178 22598
22598 5178
5189 23389
23389 5189
5198 833
833 5198
5215 8829
8829 5215
5261 9772
9772 5261
5274 255
255 5274
5282 6049
6049 5282
5282 9746
9746 5282
5284 9566
9566 5284
5310 6666
6666 5310
5311 935
935 5311
5311 1584
1584 5311
5311 2134
2134 5311
5311 2361
2361 5311
5311 3528
3528 5311
5311 4183
4183 5311
5311 4849
4849 5311
5311 4937
4937 5311
5311 5311
5311 5311
5311 6047
6047 5311
5311 6139
6139 5311
5311 7680
7680 5311
5311 7747
7747 5311
5311 7960
7960 5311
5311 8930
8930 5311
5311 9092
9092 5311
5311 9103
9103 5311
5311 9568
9568 5311
5311 9605
9605 5311
5311 9634
9634 5311
5311 9728
9728 5311
5311 9782
9782 5311
5311 14691
14691 5311
5311 16213
16213 5311
5311 21434
21434 5311
5311 21954
21954 5311
5326 890
890 5326
5326 2134
2134 5326
5326 9809
9809 5326
5326 20512
20512 5326
5364 252
252 5364
5364 1312
1312 5364
5364 5364
5364 5364
5364 6547
6547 5364
5375 9499
9499 5375
5375 9540
9540 5375
5409 1865
1865 5409
5409 9754
9754 5409
5418 9380
9380 5418
5429 3049
3049 5429
5446 18602
18602 5446
5447 3130
3130 5447
5447 5447
5447 5447
5448 2197
2197 5448
5477 4242
4242 5477
5477 7921
7921 5477
5485 554
554 5485
5485 929
929 5485
5485 1430
1430 5485
5485 2629
2629 5485
5485 5485
5485 5485
5485 8346
8346 5485
5485 9785
9785 5485
5485 17157
17157 5485
5517 5517
5517 5517
5519 1430
1430 5519
5519 2794
2794 5519
5519 3101
3101 5519
5519 3192
3192 5519
5519 5519
5519 5519
5519 5946
5946 5519
5519 7759
7759 5519
5519 7811
7811 5519
5519 9722
9722 5519
5519 9727
9727 5519
5519 13141
13141 5519
5519 13969
13969 5519
5519 18917
18917 5519
5519 19149
19149 5519
5519 19438
19438 5519
5519 20355
20355 5519
5519 24675
24675 5519
5544 5544
5544 5544
5544 21240
21240 5544
5567 4578
4578 5567
5567 19736
19736 5567
5583 5583
5583 5583
5599 12959
12959 5599
5599 14920
14920 5599
5615 5615
5615 5615
5615 21910
21910 5615
5625 9521
9521 5625
5639 4965
4965 5639
5639 5072
5072 5639
5639 7957
7957 5639
5639 9596
9596 5639
5639 9608
9608 5639
5639 9662
9662 5639
5639 9736
9736 5639
5639 9755
9755 5639
5639 9761
9761 5639
5639 18396
18396 5639
5639 24250
24250 5639
5639 24568
24568 5639
5644 5644
5644 5644
5645 9800
9800 5645
5658 13905
13905 5658
5658 23360
23360 5658
5660 5660
5660 5660
5660 5757
5757 5660
5660 19730
19730 5660
5677 2134
2134 5677
5677 2361
2361 5677
5677 4849
4849 5677
5677 5677
5677 5677
5677 7209
7209 5677
5677 9616
9616 5677
5677 9634
9634 5677
5754 255
255 5754
5757 1846
1846 5757
5757 5660
5660 5757
5762 213
213 5762
5793 5793
5793 5793
5793 9566
9566 5793
5795 23707
23707 5795
5801 1333
1333 5801
5801 2361
2361 5801
5801 2424
2424 5801
5801 3227
3227 5801
5801 3725
3725 5801
5801 5345
5345 5801
5801 5485
5485 5801
5801 5801
5801 5801
5801 5993
5993 5801
5801 8346
8346 5801
5801 8444
8444 5801
5801 9508
9508 5801
5801 9540
9540 5801
5801 9744
9744 5801
5801 9795
9795 5801
5801 15369
15369 5801
5801 22452
22452 5801
5801 23389
23389 5801
5801 24393
24393 5801
5808 9356
9356 5808
5808 9579
9579 5808
5892 2134
2134 5892
5892 5892
5892 5892
5892 8421
8421 5892
5938 5938
5938 5938
5938 9531
9531 5938
5946 40
40 5946
5946 502
502 5946
5946 601
601 5946
5946 1133
1133 5946
5946 1846
1846 5946
5946 2361
2361 5946
5946 2794
2794 5946
5946 3101
3101 5946
5946 3943
3943 5946
5946 4735
4735 5946
5946 5946
5946 5946
5946 6283
6283 5946
5946 6417
6417 5946
5946 6762
6762 5946
5946 7680
7680 5946
5946 7811
7811 5946
5946 9488
9488 5946
5946 9532
9532 5946
5946 9561
9561 5946
5946 9581
9581 5946
5946 9784
9784 5946
5946 12025
12025 5946
5946 13141
13141 5946
5946 13518
13518 5946
5946 13969
13969 5946
5946 14471
14471 5946
5946 14691
14691 5946
5946 15382
15382 5946
5946 15447
15447 5946
5946 17801
17801 5946
5946 18005
18005 5946
5946 18919
18919 5946
5946 20893
20893 5946
5946 23912
23912 5946
5993 2872
2872 5993
5993 5993
5993 5993
5993 9829
9829 5993
6002 21509
21509 6002
6033 6033
6033 6033
6033 6666
6666 6033
6033 9405
9405 6033
6047 4849
4849 6047
6047 6047
6047 6047
6047 7078
7078 6047
6047 9805
9805 6047
6047 9806
9806 6047
6049 5282
5282 6049
6049 6049
6049 6049
6049 7921
7921 6049
6049 9431
9431 6049
6049 9544
9544 6049
6049 15688
15688 6049
6058 23707
23707 6058
6095 6095
6095 6095
6095 9092
9092 6095
6095 9542
9542 6095
6095 13181
13181 6095
6095 16282
16282 6095
6095 18056
18056 6095
6098 2416
2416 6098
6098 5360
5360 6098
6098 6098
6098 6098
6098 9057
9057 6098
6098 18619
18619 6098
6098 19868
19868 6098
6104 9842
9842 6104
6121 6121
6121 6121
6121 8872
8872 6121
6121 9217
9217 6121
6124 471
471 6124
6124 1403
1403 6124
6124 2901
2901 6124
6124 4685
4685 6124
6124 6124
6124 6124
6124 8743
8743 6124
6124 8813
8813 6124
6124 9177
9177 6124
6124 9644
9644 6124
6124 9674
9674 6124
6124 9783
9783 6124
6124 12135
12135 6124
6124 18619
18619 6124
6124 22276
22276 6124
6124 24657
24657 6124
6139 6139
6139 6139
6157 2687
2687 6157
6157 6157
6157 6157
6167 6167
6167 6167
6192 6192
6192 6192
6236 9469
9469 6236
6247 1013
1013 6247
6247 2837
2837 6247
6247 3101
3101 6247
6247 4439
4439 6247
6247 6247
6247 6247
6247 8843
8843 6247
6247 9100
9100 6247
6247 9488
9488 6247
6247 9554
9554 6247
6247 9719
9719 6247
6247 9791
9791 6247
6247 14583
14583 6247
6247 19901
19901 6247
6247 24127
24127 6247
6247 24365
24365 6247
6258 44
44 6258
6258 1842
1842 6258
6285 9555
9555 6285
6302 3172
3172 6302
6310 6124
6124 6310
6417 1105
1105 6417
6417 6417
6417 6417
6437 24226
24226 6437
6442 11353
11353 6442
6497 929
929 6497
6511 4926
4926 6511
6512 9631
9631 6512
6528 6124
6124 6528
6545 2361
2361 6545
6545 16608
16608 6545
6547 5127
5127 6547
6547 5364
5364 6547
6547 6547
6547 6547
6547 6917
6917 6547
6547 9557
9557 6547
6549 8321
8321 6549
6549 9239
9239 6549
6549 17338
17338 6549
6557 255
255 6557
6557 642
642 6557
6557 1842
1842 6557
6557 1935
1935 6557
6557 2046
2046 6557
6557 2416
2416 6557
6557 3843
3843 6557
6557 4242
4242 6557
6557 4298
4298 6557
6557 6124
6124 6557
6557 6547
6547 6557
6557 7176
7176 6557
6557 9363
9363 6557
6557 9557
9557 6557
6557 9566
9566 6557
6557 9701
9701 6557
6557 9827
9827 6557
6557 10259
10259 6557
6589 10259
10259 6589
6598 7185
7185 6598
6598 9538
9538 6598
6599 2819
2819 6599
6629 6629
6629 6629
6638 1158
1158 6638
6638 6638
6638 6638
6660 1148
1148 6660
6660 21402
21402 6660
6666 596
596 6666
6666 1859
1859 6666
6666 2312
2312 6666
6666 2413
2413 6666
6666 4183
4183 6666
6666 5310
5310 6666
6666 6033
6033 6666
6666 6666
6666 6666
6666 7082
7082 6666
6666 8369
8369 6666
6666 8452
8452 6666
6666 9100
9100 6666
6666 9132
9132 6666
6666 9405
9405 6666
6666 9582
9582 6666
6666 9596
9596 6666
6666 9662
9662 6666
6666 9761
9761 6666
6666 20381
20381 6666
6666 22718
22718 6666
6681 2416
2416 6681
6688 6688
6688 6688
6688 24167
24167 6688
6688 24492
24492 6688
6735 255
255 6735
6735 597
597 6735
6735 1658
1658 6735
6735 2790
2790 6735
6735 4281
4281 6735
6735 4829
4829 6735
6735 4830
4830 6735
6735 5203
5203 6735
6735 6735
6735 6735
6735 8415
8415 6735
6735 9093
9093 6735
6735 9627
9627 6735
6735 9643
9643 6735
6735 9754
9754 6735
6735 11926
11926 6735
6735 13684
13684 6735
6735 19915
19915 6735
6735 23320
23320 6735
6735 24580
24580 6735
6762 14387
14387 6762
6769 4242
4242 6769
6769 9644
9644 6769
6769 23921
23921 6769
6773 3874
3874 6773
6773 6773
6773 6773
6811 1240
1240 6811
6811 9558
9558 6811
6845 1384
1384 6845
6845 6845
6845 6845
6845 9152
9152 6845
6845 15617
15617 6845
6874 1934
1934 6874
6874 6961
6961 6874
6879 2329
2329 6879
6879 6960
6960 6879
6879 22598
22598 6879
6892 6892
6892 6892
6917 1740
1740 6917
6917 3555
3555 6917
6917 6917
6917 6917
6937 8996
8996 6937
6937 23707
23707 6937
6961 642
642 6961
6961 8321
8321 6961
6961 8921
8921 6961
6961 9591
9591 6961
6961 9715
9715 6961
6961 9807
9807 6961
6961 16880
16880 6961
6975 231
231 6975
6975 255
255 6975
6975 6666
6666 6975
6975 6975
6975 6975
6975 9563
9563 6975
6975 9671
9671 6975
6975 13191
13191 6975
6975 17801
17801 6975
6986 6986
6986 6986
6999 1749
1749 6999
6999 1865
1865 6999
6999 4578
4578 6999
6999 6999
6999 6999
6999 13969
13969 6999
7006 9521
9521 7006
7006 9694
9694 7006
7006 15940
15940 7006
7022 1309
1309 7022
7022 4154
4154 7022
7037 7037
7037 7037
7055 1403
1403 7055
7055 7055
7055 7055
7078 6047
6047 7078
7097 7097
7097 7097
7097 13969
13969 7097
7107 5345
5345 7107
7107 9177
9177 7107
7116 1951
1951 7116
7116 2388
2388 7116
7116 2748
2748 7116
7116 7116
7116 7116
7116 7338
7338 7116
7116 8369
8369 7116
7116 9447
9447 7116
7116 13905
13905 7116
7116 14361
14361 7116
7116 22283
22283 7116
7176 4242
4242 7176
7176 4879
4879 7176
7176 6557
6557 7176
7185 6598
6598 7185
7185 7185
7185 7185
7186 2361
2361 7186
7186 5092
5092 7186
7186 5517
5517 7186
7186 7186
7186 7186
7186 7811
7811 7186
7186 9679
9679 7186
7186 9758
9758 7186
7186 10121
10121 7186
7186 12025
12025 7186
7186 18602
18602 7186
7193 7193
7193 7193
7315 7315
7315 7315
7338 7338
7338 7338
7356 8321
8321 7356
7367 9754
9754 7367
7399 287
287 7399
7399 1430
1430 7399
7399 7399
7399 7399
7410 934
934 7410
7410 5308
5308 7410
7410 7410
7410 7410
7410 9753
9753 7410
7410 13019
13019 7410
7410 19946
19946 7410
7442 9732
9732 7442
7476 7476
7476 7476
7476 10811
10811 7476
7476 22276
22276 7476
7499 1137
1137 7499
7499 8743
8743 7499
7499 9842
9842 7499
7514 252
252 7514
7514 386
386 7514
7514 2819
2819 7514
7514 5127
5127 7514
7514 6124
6124 7514
7514 6198
6198 7514
7514 8297
8297 7514
7514 9703
9703 7514
7514 24226
24226 7514
7516 7516
7516 7516
7516 21881
21881 7516
7596 7596
7596 7596
7617 13141
13141 7617
7617 14387
14387 7617
7635 320
320 7635
7635 7635
7635 7635
7648 1240
1240 7648
7648 1976
1976 7648
7648 3334
3334 7648
7648 7648
7648 7648
7648 9543
9543 7648
7648 9629
9629 7648
7648 9686
9686 7648
7648 9743
9743 7648
7656 533
533 7656
7664 9766
9766 7664
7676 4242
4242 7676
7676 7676
7676 7676
7680 7680
7680 7680
7680 9689
9689 7680
7683 16018
16018 7683
7720 833
833 7720
7720 4340
4340 7720
7720 4459
4459 7720
7720 18689
18689 7720
7743 441
441 7743
7743 4242
4242 7743
7743 7743
7743 7743
7743 8321
8321 7743
7743 9696
9696 7743
7747 7747
7747 7747
7751 7751
7751 7751
7751 11819
11819 7751
7751 24675
24675 7751
7759 753
753 7759
7759 1333
1333 7759
7759 1585
1585 7759
7759 2104
2104 7759
7759 4870
4870 7759
7759 5092
5092 7759
7759 5250
5250 7759
7759 5519
5519 7759
7759 6762
6762 7759
7759 7759
7759 7759
7759 9503
9503 7759
7759 9533
9533 7759
7759 9543
9543 7759
7759 9547
9547 7759
7759 9555
9555 7759
7759 9618
9618 7759
7759 9637
9637 7759
7759 9705
9705 7759
7759 9727
9727 7759
7759 14691
14691 7759
7759 16186
16186 7759
7759 19149
19149 7759
7778 7778
7778 7778
7778 9132
9132 7778
7778 9565
9565 7778
7778 9596
9596 7778
7778 9651
9651 7778
7811 7811
7811 7811
7888 7888
7888 7888
7888 21336
21336 7888
7893 2819
2819 7893
7893 7893
7893 7893
7893 19946
19946 7893
7894 390
390 7894
7894 1676
1676 7894
7894 1740
1740 7894
7894 1899
1899 7894
7894 3372
3372 7894
7894 5963
5963 7894
7894 7894
7894 7894
7894 8773
8773 7894
7894 9431
9431 7894
7894 10259
10259 7894
7894 12725
12725 7894
7894 15688
15688 7894
7894 16900
16900 7894
7905 7905
7905 7905
7905 12670
12670 7905
7905 14595
14595 7905
7921 1137
1137 7921
7921 1658
1658 7921
7921 1740
1740 7921
7921 1842
1842 7921
7921 2811
2811 7921
7921 7921
7921 7921
7921 9587
9587 7921
7921 13684
13684 7921
7957 2387
2387 7957
7957 7957
7957 7957
7981 7981
7981 7981
7981 19901
19901 7981
7985 395
395 7985
7985 7985
7985 7985
7990 7990
7990 7990
7990 8550
8550 7990
7990 24568
24568 7990
8005 1403
1403 8005
8005 1538
1538 8005
8005 1971
1971 8005
8005 2312
2312 8005
8005 3824
3824 8005
8005 4417
4417 8005
8005 6629
6629 8005
8005 7778
7778 8005
8005 8005
8005 8005
8005 9806
9806 8005
8005 9815
9815 8005
8009 8009
8009 8009
8009 16581
16581 8009
8022 14471
14471 8022
8067 2134
2134 8067
8067 13694
13694 8067
8067 13969
13969 8067
8075 7759
7759 8075
8102 255
255 8102
8102 5120
5120 8102
8102 6098
6098 8102
8102 6975
6975 8102
8102 8102
8102 8102
8102 9356
9356 8102
8102 9561
9561 8102
8102 9709
9709 8102
8102 9841
9841 8102
8102 12646
12646 8102
8102 21702
21702 8102
8102 22452
22452 8102
8127 19946
19946 8127
8155 5345
5345 8155
8155 6547
6547 8155
8155 9177
9177 8155
8155 9566
9566 8155
8197 9744
9744 8197
8205 8205
8205 8205
8205 15057
15057 8205
8208 9711
9711 8208
8208 24568
24568 8208
8209 0
0 8209
8209 1658
1658 8209
8209 8209
8209 8209
8225 8225
8225 8225
8225 24518
24518 8225
8232 8232
8232 8232
8239 1951
1951 8239
8248 4920
4920 8248
8257 6124
6124 8257
8288 596
596 8288
8295 9662
9662 8295
8295 17066
17066 8295
8295 22882
22882 8295
8297 2304
2304 8297
8297 4121
4121 8297
8297 5052
5052 8297
8297 5310
5310 8297
8297 6010
6010 8297
8297 7514
7514 8297
8297 8297
8297 8297
8305 8049
8049 8305
8314 376
376 8314
8314 4920
4920 8314
8314 18574
18574 8314
8321 2831
2831 8321
8321 4242
4242 8321
8321 4712
4712 8321
8321 7356
7356 8321
8321 7743
7743 8321
8321 8321
8321 8321
8321 9499
9499 8321
8321 18602
18602 8321
8321 24226
24226 8321
8330 6247
6247 8330
8342 8342
8342 8342
8342 9774
9774 8342
8342 12242
12242 8342
8346 1430
1430 8346
8346 5485
5485 8346
8346 5801
5801 8346
8346 8346
8346 8346
8346 15369
15369 8346
8363 9591
9591 8363
8369 3078
3078 8369
8369 4121
4121 8369
8369 6666
6666 8369
8369 8369
8369 8369
8369 9745
9745 8369
8369 9763
9763 8369
8369 9765
9765 8369
8392 8392
8392 8392
8403 8346
8346 8403
8415 8415
8415 8415
8421 1584
1584 8421
8421 1784
1784 8421
8421 5892
5892 8421
8421 8930
8930 8421
8421 9152
9152 8421
8421 9569
9569 8421
8421 9578
9578 8421
8421 9647
9647 8421
8421 13969
13969 8421
8452 596
596 8452
8452 1996
1996 8452
8452 2194
2194 8452
8452 5993
5993 8452
8452 8452
8452 8452
8513 9816
9816 8513
8513 15617
15617 8513
8513 21434
21434 8513
8525 5032
5032 8525
8525 9736
9736 8525
8564 5345
5345 8564
8572 44
44 8572
8572 8572
8572 8572
8577 287
287 8577
8577 441
441 8577
8577 2048
2048 8577
8577 8577
8577 8577
8625 18619
18619 8625
8633 7664
7664 8633
8655 8655
8655 8655
8672 1013
1013 8672
8722 8722
8722 8722
8743 6124
6124 8743
8743 8743
8743 8743
8743 9681
9681 8743
8743 9783
9783 8743
8743 19730
19730 8743
8757 9607
9607 8757
8770 252
252 8770
8770 309
309 8770
8770 1907
1907 8770
8773 252
252 8773
8773 8773
8773 8773
8788 394
394 8788
8788 9800
9800 8788
8793 21434
21434 8793
8803 8803
8803 8803
8808 8808
8808 8808
8808 8871
8871 8808
8808 9527
9527 8808
8808 9561
9561 8808
8808 9688
9688 8808
8808 9723
9723 8808
8808 9800
9800 8808
8808 14691
14691 8808
8808 21634
21634 8808
8813 255
255 8813
8813 6124
6124 8813
8813 8813
8813 8813
8813 9092
9092 8813
8813 9547
9547 8813
8813 9563
9563 8813
8813 11522
11522 8813
8813 14361
14361 8813
8815 623
623 8815
8815 2387
2387 8815
8815 4567
4567 8815
8815 8872
8872 8815
8842 22513
22513 8842
8843 9158
9158 8843
8843 18619
18619 8843
8852 8852
8852 8852
8852 8895
8895 8852
8863 1407
1407 8863
8872 2387
2387 8872
8872 6121
6121 8872
8872 8872
8872 8872
8872 8935
8935 8872
8872 10325
10325 8872
8872 22283
22283 8872
8877 8877
8877 8877
8877 24392
24392 8877
8885 16163
16163 8885
8886 8886
8886 8886
8895 252
252 8895
8895 2281
2281 8895
8895 2592
2592 8895
8895 8852
8852 8895
8895 9595
9595 8895
8895 9720
9720 8895
8895 9755
9755 8895
8895 13969
13969 8895
8897 701
701 8897
8897 8897
8897 8897
8907 701
701 8907
8907 1013
1013 8907
8907 8907
8907 8907
8907 14920
14920 8907
8907 20424
20424 8907
8907 24568
24568 8907
8921 252
252 8921
8921 548
548 8921
8921 6198
6198 8921
8921 8297
8297 8921
8921 8921
8921 8921
8930 2730
2730 8930
8930 8005
8005 8930
8930 8930
8930 8930
8930 9111
9111 8930
8930 9702
9702 8930
8930 9805
9805 8930
8930 9806
9806 8930
8935 2005
2005 8935
8935 2104
2104 8935
8935 2261
2261 8935
8935 3168
3168 8935
8935 5127
5127 8935
8935 6773
6773 8935
8935 7751
7751 8935
8935 8872
8872 8935
8935 8935
8935 8935
8935 9542
9542 8935
8935 9643
9643 8935
8935 9842
9842 8935
8935 20355
20355 8935
8935 23320
23320 8935
8939 1861
1861 8939
8941 24568
24568 8941
8966 572
572 8966
8966 4719
4719 8966
8966 8773
8773 8966
8966 18919
18919 8966
8966 24393
24393 8966
8983 10702
10702 8983
8984 5308
5308 8984
8984 7209
7209 8984
8984 8005
8005 8984
8984 8984
8984 8984
8984 9497
9497 8984
8984 9757
9757 8984
8984 13574
13574 8984
8984 19087
19087 8984
8996 255
255 8996
8996 386
386 8996
8996 830
830 8996
8996 876
876 8996
8996 1996
1996 8996
8996 2158
2158 8996
8996 2184
2184 8996
8996 2194
2194 8996
8996 2583
2583 8996
8996 2819
2819 8996
8996 3168
3168 8996
8996 4066
4066 8996
8996 4242
4242 8996
8996 4719
4719 8996
8996 5364
5364 8996
8996 6599
6599 8996
8996 6937
6937 8996
8996 7292
7292 8996
8996 7514
7514 8996
8996 7516
7516 8996
8996 7893
7893 8996
8996 8664
8664 8996
8996 8935
8935 8996
8996 8996
8996 8996
8996 9022
9022 8996
8996 9057
9057 8996
8996 9398
9398 8996
8996 9488
9488 8996
8996 9538
9538 8996
8996 9578
9578 8996
8996 9580
9580 8996
8996 9588
9588 8996
8996 9653
9653 8996
8996 9688
9688 8996
8996 9755
9755 8996
8996 12298
12298 8996
8996 13141
13141 8996
8996 13786
13786 8996
8996 14241
14241 8996
8996 16867
16867 8996
8996 16998
16998 8996
8996 19328
19328 8996
8996 20904
20904 8996
8996 21881
21881 8996
8996 24250
24250 8996
9005 19301
19301 9005
9011 309
309 9011
9011 1842
1842 9011
9011 6589
6589 9011
9011 7921
7921 9011
9011 9405
9405 9011
9011 14888
14888 9011
9022 9842
9842 9022
9022 13786
13786 9022
9022 21702
21702 9022
9025 252
252 9025
9025 548
548 9025
9025 876
876 9025
9025 1859
1859 9025
9025 6547
6547 9025
9025 6557
6557 9025
9025 7514
7514 9025
9025 9025
9025 9025
9025 23921
23921 9025
9025 24250
24250 9025
9043 9043
9043 9043
9043 9540
9540 9043
9046 9046
9046 9046
9057 287
287 9057
9057 386
386 9057
9057 434
434 9057
9057 830
830 9057
9057 1240
1240 9057
9057 1899
1899 9057
9057 2628
2628 9057
9057 2730
2730 9057
9057 3101
3101 9057
9057 3172
3172 9057
9057 4870
4870 9057
9057 5178
5178 9057
9057 6247
6247 9057
9057 8852
8852 9057
9057 8996
8996 9057
9057 9022
9022 9057
9057 9057
9057 9057
9057 9092
9092 9057
9057 9100
9100 9057
9057 9380
9380 9057
9057 9488
9488 9057
9057 9497
9497 9057
9057 9540
9540 9057
9057 9558
9558 9057
9057 9566
9566 9057
9057 9571
9571 9057
9057 9665
9665 9057
9057 9676
9676 9057
9057 9699
9699 9057
9057 9731
9731 9057
9057 9842
9842 9057
9057 13518
13518 9057
9057 15450
15450 9057
9057 16282
16282 9057
9057 19149
19149 9057
9057 21336
21336 9057
9057 22513
22513 9057
9061 1013
1013 9061
9074 15447
15447 9074
9087 7627
7627 9087
9092 9750
9750 9092
9093 2997
2997 9093
9093 9093
9093 9093
9100 2939
2939 9100
9100 6666
6666 9100
9100 6747
6747 9100
9100 8550
8550 9100
9100 9100
9100 9100
9100 9398
9398 9100
9100 9499
9499 9100
9100 18293
18293 9100
9103 5311
5311 9103
9132 6247
6247 9132
9132 7778
7778 9132
9132 8550
8550 9132
9132 9618
9618 9132
9140 9493
9493 9140
9152 8421
8421 9152
9152 9152
9152 9152
9152 14010
14010 9152
9175 9175
9175 9175
9177 9177
9177 9177
9177 9552
9552 9177
9177 9644
9644 9177
9177 9748
9748 9177
9185 728
728 9185
9185 5639
5639 9185
9185 6033
6033 9185
9185 8843
8843 9185
9185 9565
9565 9185
9185 9791
9791 9185
9185 18574
18574 9185
9191 737
737 9191
9191 9191
9191 9191
9217 6121
6121 9217
9217 9217
9217 9217
9217 9465
9465 9217
9239 1312
1312 9239
9239 6124
6124 9239
9239 9239
9239 9239
9239 9488
9488 9239
9239 9587
9587 9239
9239 21910
21910 9239
9251 2134
2134 9251
9251 2197
2197 9251
9251 6192
6192 9251
9251 7097
7097 9251
9251 7921
7921 9251
9251 9539
9539 9251
9251 9592
9592 9251
9251 9671
9671 9251
9251 9680
9680 9251
9251 19901
19901 9251
9275 9275
9275 9275
9275 19266
19266 9275
9278 8815
8815 9278
9280 22276
22276 9280
9326 9447
9447 9326
9326 9778
9778 9326
9328 22276
22276 9328
9331 9331
9331 9331
9331 9558
9558 9331
9336 15332
15332 9336
9338 320
320 9338
9341 7
7 9341
9341 2819
2819 9341
9341 9341
9341 9341
9346 701
701 9346
9346 8102
8102 9346
9349 9349
9349 9349
9357 1951
1951 9357
9363 309
309 9363
9363 753
753 9363
9363 2583
2583 9363
9363 2811
2811 9363
9363 4242
4242 9363
9363 8572
8572 9363
9363 9152
9152 9363
9363 9363
9363 9363
9363 9529
9529 9363
9363 9555
9555 9363
9363 9668
9668 9363
9363 9707
9707 9363
9363 9727
9727 9363
9363 9832
9832 9363
9363 11077
11077 9363
9363 12198
12198 9363
9363 14691
14691 9363
9363 19736
19736 9363
9363 23927
23927 9363
9365 6986
6986 9365
9384 4208
4208 9384
9384 7410
7410 9384
9384 8984
8984 9384
9384 9061
9061 9384
9384 9093
9093 9384
9384 9644
9644 9384
9384 9721
9721 9384
9384 14920
14920 9384
9384 19871
19871 9384
9392 11929
11929 9392
9398 252
252 9398
9398 269
269 9398
9398 2790
2790 9398
9398 3988
3988 9398
9398 5345
5345 9398
9398 9100
9100 9398
9398 13604
13604 9398
9404 662
662 9404
9405 2392
2392 9405
9405 9405
9405 9405
9431 44
44 9431
9431 9431
9431 9431
9434 6688
6688 9434
9434 7921
7921 9434
9434 9559
9559 9434
9447 1692
1692 9447
9447 9326
9326 9447
9447 9447
9447 9447
9447 9829
9829 9447
9450 287
287 9450
9450 934
934 9450
9450 2094
2094 9450
9450 3101
3101 9450
9450 8209
8209 9450
9450 8342
8342 9450
9450 8803
8803 9450
9450 9100
9100 9450
9450 9450
9450 9450
9450 9555
9555 9450
9450 9774
9774 9450
9450 11313
11313 9450
9450 12670
12670 9450
9450 12725
12725 9450
9450 16900
16900 9450
9454 1221
1221 9454
9465 9217
9217 9465
9465 22283
22283 9465
9467 9467
9467 9467
9467 13604
13604 9467
9469 6236
6236 9469
9469 9469
9469 9469
9470 8857
8857 9470
9470 9592
9592 9470
9470 9699
9699 9470
9480 9480
9480 9480
9486 22283
22283 9486
9487 9487
9487 9487
9488 1846
1846 9488
9488 5519
5519 9488
9488 5946
5946 9488
9488 6247
6247 9488
9488 7759
7759 9488
9488 9239
9239 9488
9488 9488
9488 9488
9488 9539
9539 9488
9492 2197
2197 9492
9493 9493
9493 9493
9494 9801
9801 9494
9494 23348
23348 9494
9497 9057
9057 9497
9497 9450
9450 9497
9497 9497
9497 9497
9497 11751
11751 9497
9499 2819
2819 9499
9499 7264
7264 9499
9499 8321
8321 9499
9499 8813
8813 9499
9499 9399
9399 9499
9499 9499
9499 9499
9499 9542
9542 9499
9499 9842
9842 9499
9499 14361
14361 9499
9499 14583
14583 9499
9503 2592
2592 9503
9503 7759
7759 9503
9503 9503
9503 9503
9507 9507
9507 9507
9516 9177
9177 9516
9519 255
255 9519
9519 2819
2819 9519
9519 9395
9395 9519
9519 9519
9519 9519
9521 2134
2134 9521
9521 9521
9521 9521
9523 22276
22276 9523
9525 9525
9525 9525
9525 17097
17097 9525
9525 19622
19622 9525
9526 11929
11929 9526
9527 1633
1633 9527
9527 9671
9671 9527
9528 3188
3188 9528
9529 9363
9363 9529
9531 5938
5938 9531
9532 9532
9532 9532
9534 11929
11929 9534
9539 252
252 9539
9539 9488
9488 9539
9539 16909
16909 9539
9540 533
533 9540
9540 4667
4667 9540
9540 8415
8415 9540
9540 9043
9043 9540
9540 9092
9092 9540
9540 9396
9396 9540
9540 9405
9405 9540
9540 9540
9540 9540
9540 9543
9543 9540
9540 9640
9640 9540
9540 9744
9744 9540
9540 12900
12900 9540
9540 13406
13406 9540
9540 13574
13574 9540
9540 13969
13969 9540
9540 20140
20140 9540
9540 21927
21927 9540
9540 23389
23389 9540
9540 24393
24393 9540
9543 9543
9543 9543
9544 285
285 9544
9544 1899
1899 9544
9544 2790
2790 9544
9544 3843
3843 9544
9544 4196
4196 9544
9544 4242
4242 9544
9544 4459
4459 9544
9544 5215
5215 9544
9544 6049
6049 9544
9544 6735
6735 9544
9544 7410
7410 9544
9544 7759
7759 9544
9544 7921
7921 9544
9544 8996
8996 9544
9544 9431
9431 9544
9544 9527
9527 9544
9544 9538
9538 9544
9544 9544
9544 9544
9544 9556
9556 9544
9544 9557
9557 9544
9544 9559
9559 9544
9544 9570
9570 9544
9544 11076
11076 9544
9544 11722
11722 9544
9544 13019
13019 9544
9544 13969
13969 9544
9544 16900
16900 9544
9544 19915
19915 9544
9544 24037
24037 9544
9546 364
364 9546
9547 5345
5345 9547
9548 3986
3986 9548
9549 20817
20817 9549
9552 3113
3113 9552
9552 9552
9552 9552
9553 6027
6027 9553
9553 8297
8297 9553
9553 22513
22513 9553
9555 1740
1740 9555
9555 1842
1842 9555
9555 7759
7759 9555
9555 9175
9175 9555
9555 9217
9217 9555
9555 9555
9555 9555
9556 9556
9556 9556
9558 9331
9331 9558
9558 9558
9558 9558
9558 21336
21336 9558
9559 9557
9557 9559
9559 9559
9559 9559
9559 9563
9563 9559
9562 2997
2997 9562
9562 9562
9562 9562
9563 9563
9563 9563
9563 17290
17290 9563
9566 3162
3162 9566
9566 5793
5793 9566
9566 7695
7695 9566
9566 9566
9566 9566
9566 13673
13673 9566
9566 22276
22276 9566
9568 9568
9568 9568
9569 8421
8421 9569
9569 19730
19730 9569
9571 9551
9551 9571
9571 9571
9571 9571
9575 24282
24282 9575
9577 9577
9577 9577
9577 24282
24282 9577
9579 9635
9635 9579
9580 8996
8996 9580
9581 9581
9581 9581
9583 23707
23707 9583
9586 9586
9586 9586
9586 13969
13969 9586
9588 2134
2134 9588
9589 9589
9589 9589
9589 22276
22276 9589
9590 18449
18449 9590
9591 6961
6961 9591
9591 9591
9591 9591
9592 9592
9592 9592
9593 11948
11948 9593
9595 9595
9595 9595
9599 18619
18619 9599
9600 1584
1584 9600
9600 2837
2837 9600
9600 9600
9600 9600
9600 12242
12242 9600
9602 20424
20424 9602
9604 21786
21786 9604
9607 9607
9607 9607
9608 4200
4200 9608
9610 9363
9363 9610
9610 9610
9610 9610
9610 19421
19421 9610
9613 2134
2134 9613
9615 9614
9614 9615
9616 5677
5677 9616
9616 18438
18438 9616
9617 2266
2266 9617
9618 9618
9618 9618
9621 18619
18619 9621
9622 4242
4242 9622
9629 9629
9629 9629
9630 5364
5364 9630
9631 6512
6512 9631
9633 9543
9543 9633
9633 9633
9633 9633
9634 5677
5677 9634
9634 9634
9634 9634
9635 9579
9579 9635
9635 20892
20892 9635
9637 4242
4242 9637
9637 9637
9637 9637
9638 7981
7981 9638
9640 9540
9540 9640
9640 9640
9640 9640
9641 1971
1971 9641
9643 4567
4567 9643
9643 9643
9643 9643
9643 9644
9644 9643
9644 9177
9177 9644
9644 9644
9644 9644
9645 23707
23707 9645
9647 2014
2014 9647
9647 6735
6735 9647
9649 9644
9644 9649
9651 7778
7778 9651
9652 9652
9652 9652
9652 15483
15483 9652
9654 6139
6139 9654
9657 1403
1403 9657
9658 231
231 9658
9659 9670
9670 9659
9661 596
596 9661
9661 9661
9661 9661
9662 9662
9662 9662
9663 2197
2197 9663
9663 9663
9663 9663
9665 441
441 9665
9665 1215
1215 9665
9665 9665
9665 9665
9665 24518
24518 9665
9666 4638
4638 9666
9667 9667
9667 9667
9668 1740
1740 9668
9670 9659
9659 9670
9670 9670
9670 9670
9672 496
496 9672
9672 5544
5544 9672
9672 8921
8921 9672
9674 9674
9674 9674
9674 11751
11751 9674
9675 24169
24169 9675
9677 23039
23039 9677
9678 9678
9678 9678
9679 7186
7186 9679
9679 9679
9679 9679
9680 9680
9680 9680
9682 9645
9645 9682
9686 7648
7648 9686
9688 438
438 9688
9688 9688
9688 9688
9689 9689
9689 9689
9689 12900
12900 9689
9690 21823
21823 9690
9695 9308
9308 9695
9695 9405
9405 9695
9698 9698
9698 9698
9701 1013
1013 9701
9701 9701
9701 9701
9701 24252
24252 9701
9703 9703
9703 9703
9703 24448
24448 9703
9705 7759
7759 9705
9706 9706
9706 9706
9706 11819
11819 9706
9707 9707
9707 9707
9711 8208
8208 9711
9712 9712
9712 9712
9712 9717
9717 9712
9714 25
25 9714
9715 9715
9715 9715
9717 9712
9712 9717
9720 9720
9720 9720
9724 13181
13181 9724
9725 9725
9725 9725
9727 3101
3101 9727
9727 5519
5519 9727
9727 9727
9727 9727
9727 16186
16186 9727
9728 19736
19736 9728
9730 9730
9730 9730
9730 13969
13969 9730
9731 9057
9057 9731
9732 7442
7442 9732
9732 9732
9732 9732
9734 23235
23235 9734
9735 16892
16892 9735
9736 2467
2467 9736
9736 4577
4577 9736
9736 8525
8525 9736
9736 9736
9736 9736
9736 14232
14232 9736
9736 18602
18602 9736
9736 24147
24147 9736
9736 24282
24282 9736
9738 9647
9647 9738
9739 1312
1312 9739
9741 9741
9741 9741
9743 4794
4794 9743
9743 21954
21954 9743
9744 8197
8197 9744
9745 9745
9745 9745
9748 9748
9748 9748
9749 9749
9749 9749
9749 24226
24226 9749
9750 9092
9092 9750
9752 9752
9752 9752
9754 269
269 9754
9754 9754
9754 9754
9754 11469
11469 9754
9754 15360
15360 9754
9754 19087
19087 9754
9755 876
876 9755
9757 9753
9753 9757
9758 9758
9758 9758
9761 9761
9761 9761
9763 3725
3725 9763
9764 4765
4765 9764
9764 6986
6986 9764
9764 9764
9764 9764
9765 3760
3760 9765
9767 6986
6986 9767
9769 3737
3737 9769
9773 20355
20355 9773
9775 9775
9775 9775
9779 1951
1951 9779
9779 4150
4150 9779
9779 7670
7670 9779
9780 9353
9353 9780
9781 1951
1951 9781
9781 3986
3986 9781
9782 5311
5311 9782
9784 9784
9784 9784
9785 5485
5485 9785
9787 9783
9783 9787
9790 4343
4343 9790
9790 24226
24226 9790
9793 17675
17675 9793
9794 11469
11469 9794
9797 9797
9797 9797
9800 5645
5645 9800
9800 8808
8808 9800
9801 18619
18619 9801
9803 9803
9803 9803
9804 1899
1899 9804
9805 280
280 9805
9805 866
866 9805
9805 6047
6047 9805
9805 8930
8930 9805
9807 9807
9807 9807
9809 13181
13181 9809
9810 24252
24252 9810
9813 9813
9813 9813
9816 8513
8513 9816
9817 9333
9333 9817
9818 9177
9177 9818
9819 9177
9177 9819
9824 9810
9810 9824
9824 9824
9824 9824
9825 9825
9825 9825
9826 9826
9826 9826
9831 24286
24286 9831
9832 9832
9832 9832
9835 22283
22283 9835
9836 934
934 9836
9841 9841
9841 9841
9842 252
252 9842
9842 554
554 9842
9842 701
701 9842
9842 929
929 9842
9842 2819
2819 9842
9842 3113
3113 9842
9842 3725
3725 9842
9842 6124
6124 9842
9842 8813
8813 9842
9842 8935
8935 9842
9842 9022
9022 9842
9842 9842
9842 9842
9842 12242
12242 9842
9842 19901
19901 9842
9842 24518
24518 9842
9842 24550
24550 9842
9960 2046
2046 9960
9960 7193
7193 9960
10121 1318
1318 10121
10121 2361
2361 10121
10121 9663
9663 10121
10121 10121
10121 10121
10121 19901
19901 10121
10121 21881
21881 10121
10168 1221
1221 10168
10168 22513
22513 10168
10227 9690
9690 10227
10259 11955
11955 10259
10307 13518
13518 10307
10307 15237
15237 10307
10325 623
623 10325
10566 9760
9760 10566
10566 19946
19946 10566
10811 252
252 10811
10811 7476
7476 10811
10811 10811
10811 10811
10900 14920
14920 10900
10997 40
40 10997
10997 2886
2886 10997
10997 10997
10997 10997
11076 2794
2794 11076
11076 8773
8773 11076
11076 11076
11076 11076
11077 11077
11077 11077
11077 19730
19730 11077
11077 24682
24682 11077
11148 9704
9704 11148
11152 22276
22276 11152
11163 19149
19149 11163
11313 833
833 11313
11313 2384
2384 11313
11313 6049
6049 11313
11313 10259
10259 11313
11313 11313
11313 11313
11313 15229
15229 11313
11313 17675
17675 11313
11313 19730
19730 11313
11313 21884
21884 11313
11361 11361
11361 11361
11406 19149
19149 11406
11460 20285
20285 11460
11503 7921
7921 11503
11503 9431
9431 11503
11536 471
471 11536
11536 548
548 11536
11536 701
701 11536
11536 1013
1013 11536
11536 1907
1907 11536
11536 2819
2819 11536
11536 3874
3874 11536
11536 5499
5499 11536
11536 5519
5519 11536
11536 6124
6124 11536
11536 7107
7107 11536
11536 7476
7476 11536
11536 7942
7942 11536
11536 7981
7981 11536
11536 8009
8009 11536
11536 8288
8288 11536
11536 8773
8773 11536
11536 9092
9092 11536
11536 9398
9398 11536
11536 9548
9548 11536
11536 9607
9607 11536
11536 9665
9665 11536
11536 9704
9704 11536
11536 9783
9783 11536
11536 9843
9843 11536
11536 11536
11536 11536
11536 13141
13141 11536
11536 14361
14361 11536
11536 18602
18602 11536
11536 20992
20992 11536
11536 21881
21881 11536
11536 22276
22276 11536
11536 23921
23921 11536
11577 5152
5152 11577
11579 255
255 11579
11579 309
309 11579
11579 15896
15896 11579
11657 9587
9587 11657
11684 21702
21702 11684
11698 6010
6010 11698
11698 9592
9592 11698
11698 14691
14691 11698
11700 642
642 11700
11700 935
935 11700
11700 2416
2416 11700
11700 6098
6098 11700
11700 7743
7743 11700
11700 10900
10900 11700
11700 11700
11700 11700
11700 14387
14387 11700
11700 23921
23921 11700
11706 11706
11706 11706
11715 8857
8857 11715
11722 4242
4242 11722
11751 4242
4242 11751
11751 9497
9497 11751
11751 9674
9674 11751
11756 19871
19871 11756
11817 14713
14713 11817
11819 2794
2794 11819
11819 3168
3168 11819
11819 4735
4735 11819
11819 7751
7751 11819
11819 8935
8935 11819
11819 9586
9586 11819
11819 9607
9607 11819
11819 9706
9706 11819
11819 11819
11819 11819
11819 22283
22283 11819
11840 7921
7921 11840
11861 4794
4794 11861
11861 6049
6049 11861
11861 11313
11313 11861
11861 15229
15229 11861
11861 19736
19736 11861
11861 22341
22341 11861
11868 11868
11868 11868
11872 11872
11872 11872
11872 13786
13786 11872
11899 6489
6489 11899
12025 662
662 12025
12025 6283
6283 12025
12025 7186
7186 12025
12025 8513
8513 12025
12025 12025
12025 12025
12025 13518
13518 12025
12053 13141
13141 12053
12135 1934
1934 12135
12135 2209
2209 12135
12135 3627
3627 12135
12135 6124
6124 12135
12135 9275
9275 12135
12135 9488
9488 12135
12135 9698
9698 12135
12135 9703
9703 12135
12135 9715
9715 12135
12135 9826
9826 12135
12135 9841
9841 12135
12135 11536
11536 12135
12135 13441
13441 12135
12135 16581
16581 12135
12135 18574
18574 12135
12135 18919
18919 12135
12135 22283
22283 12135
12135 22745
22745 12135
12242 287
287 12242
12242 728
728 12242
12242 929
929 12242
12242 2416
2416 12242
12242 2629
2629 12242
12242 2730
2730 12242
12242 4407
4407 12242
12242 8342
8342 12242
12242 8550
8550 12242
12242 8577
8577 12242
12242 8996
8996 12242
12242 9025
9025 12242
12242 9395
9395 12242
12242 9650
9650 12242
12242 9842
9842 12242
12242 11700
11700 12242
12242 12242
12242 12242
12242 24365
24365 12242
12375 12725
12725 12375
12510 1384
1384 12510
12519 231
231 12519
12539 833
833 12539
12539 12539
12539 12539
12539 13786
13786 12539
12646 8102
8102 12646
12670 1842
1842 12670
12670 5140
5140 12670
12670 7905
7905 12670
12670 9431
9431 12670
12670 9625
9625 12670
12670 9652
9652 12670
12670 12670
12670 12670
12670 13518
13518 12670
12670 19105
19105 12670
12670 21240
21240 12670
12670 24313
24313 12670
12720 12242
12242 12720
12720 12720
12720 12720
12725 12725
12725 12725
12774 6489
6489 12774
12789 8392
8392 12789
12870 7888
7888 12870
12870 22513
22513 12870
12894 5311
5311 12894
12900 320
320 12900
12900 2583
2583 12900
12900 2811
2811 12900
12900 3192
3192 12900
12900 3227
3227 12900
12900 5892
5892 12900
12900 6314
6314 12900
12900 6522
6522 12900
12900 6975
6975 12900
12900 7514
7514 12900
12900 7921
7921 12900
12900 8067
8067 12900
12900 8632
8632 12900
12900 9338
9338 12900
12900 9384
9384 12900
12900 9540
9540 12900
12900 9653
9653 12900
12900 9728
9728 12900
12977 8996
8996 12977
13019 7410
7410 13019
13027 21817
21817 13027
13065 24252
24252 13065
13099 13099
13099 13099
13103 8935
8935 13103
13141 2134
2134 13141
13141 13141
13141 13141
13181 285
285 13181
13181 814
814 13181
13181 2416
2416 13181
13181 4756
4756 13181
13181 5892
5892 13181
13181 6314
6314 13181
13181 6735
6735 13181
13181 8067
8067 13181
13181 8577
8577 13181
13181 9092
9092 13181
13181 9809
9809 13181
13181 13181
13181 13181
13181 13786
13786 13181
13181 13969
13969 13181
13191 6666
6666 13191
13191 6975
6975 13191
13191 13191
13191 13191
13196 2811
2811 13196
13270 21434
21434 13270
13336 9380
9380 13336
13337 9777
9777 13337
13343 14142
14142 13343
13370 155
155 13370
13370 2005
2005 13370
13370 5499
5499 13370
13370 8743
8743 13370
13370 18202
18202 13370
13370 22276
22276 13370
13370 24128
24128 13370
13383 3528
3528 13383
13383 4925
4925 13383
13383 18689
18689 13383
13383 24451
24451 13383
13406 9540
9540 13406
13441 4567
4567 13441
13466 935
935 13466
13466 13466
13466 13466
13466 24518
24518 13466
13518 364
364 13518
13518 3943
3943 13518
13518 4242
4242 13518
13518 9685
9685 13518
13518 9803
9803 13518
13518 13518
13518 13518
13518 15237
15237 13518
13518 16613
16613 13518
13518 24657
24657 13518
13535 9539
9539 13535
13604 7759
7759 13604
13604 9540
9540 13604
13604 9543
9543 13604
13604 13604
13604 13604
13604 21058
21058 13604
13673 1312
1312 13673
13673 9566
9566 13673
13673 13673
13673 13673
13684 1137
1137 13684
13684 5938
5938 13684
13684 7759
7759 13684
13684 7921
7921 13684
13684 9544
9544 13684
13684 9557
9557 13684
13684 13518
13518 13684
13684 13684
13684 13684
13694 2134
2134 13694
13694 2194
2194 13694
13694 4242
4242 13694
13694 8632
8632 13694
13694 13694
13694 13694
13694 13969
13969 13694
13786 309
309 13786
13786 386
386 13786
13786 554
554 13786
13786 2014
2014 13786
13786 2819
2819 13786
13786 4920
4920 13786
13786 4976
4976 13786
13786 5178
5178 13786
13786 6638
6638 13786
13786 6937
6937 13786
13786 8577
8577 13786
13786 8996
8996 13786
13786 9257
9257 13786
13786 9341
9341 13786
13786 9692
9692 13786
13786 11872
11872 13786
13786 12242
12242 13786
13786 13786
13786 13786
13786 14888
14888 13786
13786 16867
16867 13786
13786 20285
20285 13786
13786 20817
20817 13786
13969 533
533 13969
13969 2197
2197 13969
13969 2794
2794 13969
13969 4567
4567 13969
13969 5892
5892 13969
13969 6027
6027 13969
13969 6192
6192 13969
13969 6999
6999 13969
13969 7097
7097 13969
13969 7751
7751 13969
13969 8632
8632 13969
13969 8808
8808 13969
13969 8857
8857 13969
13969 8872
8872 13969
13969 8895
8895 13969
13969 9465
9465 13969
13969 9488
9488 13969
13969 9540
9540 13969
13969 9586
9586 13969
13969 9686
9686 13969
13969 9721
9721 13969
13969 9730
9730 13969
13969 11722
11722 13969
13969 13141
13141 13969
13969 13181
13181 13969
13969 13694
13694 13969
13969 13969
13969 13969
13969 14034
14034 13969
13969 15688
15688 13969
13969 21927
21927 13969
13969 24301
24301 13969
14010 8421
8421 14010
14010 9152
9152 14010
14010 9633
9633 14010
14016 14016
14016 14016
14034 525
525 14034
14034 14034
14034 14034
14147 18689
18689 14147
14221 9177
9177 14221
14224 1740
1740 14224
14224 1899
1899 14224
14224 2819
2819 14224
14224 5757
5757 14224
14224 8813
8813 14224
14224 9092
9092 14224
14224 14224
14224 14224
14224 19946
19946 14224
14241 8996
8996 14241
14295 44
44 14295
14295 9555
9555 14295
14295 14295
14295 14295
14295 24722
24722 14295
14333 9744
9744 14333
14361 1133
1133 14361
14361 3698
3698 14361
14361 7116
7116 14361
14361 8321
8321 14361
14361 9581
9581 14361
14361 14361
14361 14361
14361 16186
16186 14361
14361 22276
22276 14361
14371 7514
7514 14371
14371 11715
11715 14371
14387 255
255 14387
14387 1585
1585 14387
14387 6666
6666 14387
14387 6762
6762 14387
14414 11313
11313 14414
14414 21881
21881 14414
14471 8022
8022 14471
14583 4121
4121 14583
14583 14583
14583 14583
14595 1842
1842 14595
14595 4242
4242 14595
14595 5892
5892 14595
14595 6522
6522 14595
14595 7905
7905 14595
14595 8507
8507 14595
14595 9570
9570 14595
14595 9578
9578 14595
14595 9653
9653 14595
14595 24313
24313 14595
14691 5311
5311 14691
14691 5946
5946 14691
14691 7759
7759 14691
14691 9363
9363 14691
14691 14691
14691 14691
14713 9057
9057 14713
14805 9057
9057 14805
14805 14805
14805 14805
14806 2104
2104 14806
14835 14835
14835 14835
14888 4976
4976 14888
14888 6098
6098 14888
14888 6167
6167 14888
14888 7680
7680 14888
14888 14888
14888 14888
14888 16018
16018 14888
14888 16867
16867 14888
14920 701
701 14920
14920 737
737 14920
14920 1013
1013 14920
14920 1333
1333 14920
14920 2361
2361 14920
14920 2628
2628 14920
14920 2837
2837 14920
14920 3777
3777 14920
14920 5092
5092 14920
14920 7116
7116 14920
14920 7627
7627 14920
14920 8281
8281 14920
14920 8550
8550 14920
14920 8907
8907 14920
14920 9239
9239 14920
14920 9405
9405 14920
14920 9540
9540 14920
14920 9542
9542 14920
14920 9543
9543 14920
14920 9551
9551 14920
14920 9556
9556 14920
14920 9574
9574 14920
14920 9703
9703 14920
14920 9842
9842 14920
14920 10900
10900 14920
14920 14920
14920 14920
14920 17262
17262 14920
14920 18602
18602 14920
15057 6124
6124 15057
15057 7840
7840 15057
15057 8205
8205 15057
15057 15057
15057 15057
15229 6049
6049 15229
15229 11313
11313 15229
15229 15229
15229 15229
15237 13518
13518 15237
15251 1658
1658 15251
15251 9532
9532 15251
15251 15251
15251 15251
15251 21336
21336 15251
15282 6010
6010 15282
15332 5633
5633 15332
15332 8996
8996 15332
15332 9336
9336 15332
15332 15332
15332 15332
15360 9754
9754 15360
15360 15360
15360 15360
15361 726
726 15361
15382 3101
3101 15382
15382 7338
7338 15382
15382 18619
18619 15382
15382 24313
24313 15382
15406 9777
9777 15406
15447 9074
9074 15447
15447 15447
15447 15447
15450 929
929 15450
15450 1899
1899 15450
15450 1951
1951 15450
15450 3988
3988 15450
15450 9341
9341 15450
15450 11077
11077 15450
15450 22513
22513 15450
15472 24675
24675 15472
15483 9652
9652 15483
15483 15483
15483 15483
15614 9689
9689 15614
15617 8513
8513 15617
15688 1658
1658 15688
15688 1676
1676 15688
15688 1899
1899 15688
15688 6522
6522 15688
15688 7894
7894 15688
15688 7905
7905 15688
15688 8209
8209 15688
15688 9092
9092 15688
15688 9774
9774 15688
15688 13969
13969 15688
15688 15602
15602 15688
15688 15688
15688 15688
15688 16892
16892 15688
15688 16900
16900 15688
15688 18547
18547 15688
15688 21699
21699 15688
15688 24722
24722 15688
15755 20355
20355 15755
15755 21881
21881 15755
15841 6124
6124 15841
15940 7006
7006 15940
15940 7759
7759 15940
15940 8690
8690 15940
16018 3271
3271 16018
16018 5178
5178 16018
16018 7683
7683 16018
16018 8852
8852 16018
16018 8939
8939 16018
16018 8996
8996 16018
16018 9057
9057 16018
16018 9395
9395 16018
16018 12539
12539 16018
16018 13118
13118 16018
16018 13786
13786 16018
16018 16018
16018 16018
16018 16867
16867 16018
16018 21884
21884 16018
16057 9676
9676 16057
16186 9488
9488 16186
16186 9727
9727 16186
16186 9781
9781 16186
16186 16186
16186 16186
16213 5311
5311 16213
16213 16213
16213 16213
16282 16282
16282 16282
16323 1633
1633 16323
16336 6557
6557 16336
16513 16513
16513 16513
16513 21872
21872 16513
16581 8009
8009 16581
16581 9239
9239 16581
16581 13141
13141 16581
16581 16581
16581 16581
16601 4459
4459 16601
16609 14034
14034 16609
16613 5140
5140 16613
16613 16613
16613 16613
16613 24313
24313 16613
16742 804
804 16742
16759 9807
9807 16759
16843 16843
16843 16843
16859 7905
7905 16859
16867 13786
13786 16867
16867 16867
16867 16867
16880 6961
6961 16880
16880 9557
9557 16880
16880 9574
9574 16880
16892 15688
15688 16892
16892 16892
16892 16892
16892 19140
19140 16892
16892 22265
22265 16892
16900 16900
16900 16900
16904 9587
9587 16904
16904 22075
22075 16904
16909 16909
16909 16909
16998 16998
16998 16998
16998 24393
24393 16998
17058 441
441 17058
17058 5345
5345 17058
17058 6124
6124 17058
17058 9373
9373 17058
17058 9574
9574 17058
17058 9644
9644 17058
17058 14361
14361 17058
17058 23039
23039 17058
17066 6634
6634 17066
17066 9662
9662 17066
17097 21089
21089 17097
17157 554
554 17157
17157 2629
2629 17157
17157 5485
5485 17157
17157 8346
8346 17157
17157 9395
9395 17157
17157 9785
9785 17157
17157 16018
16018 17157
17157 17157
17157 17157
17157 20817
20817 17157
17262 14920
14920 17262
17283 17066
17066 17283
17290 2700
2700 17290
17290 9563
9563 17290
17292 2083
2083 17292
17292 2497
2497 17292
17292 11747
11747 17292
17292 17292
17292 17292
17292 18431
18431 17292
17292 23630
23630 17292
17292 23914
23914 17292
17293 8803
8803 17293
17299 17299
17299 17299
17338 3725
3725 17338
17338 17472
17472 17338
17338 24250
24250 17338
17576 7905
7905 17576
17576 17576
17576 17576
17675 9092
9092 17675
17675 11313
11313 17675
17675 15229
15229 17675
17675 17675
17675 17675
17675 20285
20285 17675
17706 662
662 17706
17801 17801
17801 17801
17809 5345
5345 17809
17830 7759
7759 17830
17830 14034
14034 17830
17830 21699
21699 17830
17830 24675
24675 17830
17880 24393
24393 17880
17950 9177
9177 17950
17950 9696
9696 17950
18005 18005
18005 18005
18056 1749
1749 18056
18056 2831
2831 18056
18056 6489
6489 18056
18056 7516
7516 18056
18056 11313
11313 18056
18056 18056
18056 18056
18056 20285
20285 18056
18056 23927
23927 18056
18169 434
434 18169
18169 876
876 18169
18169 1215
1215 18169
18169 8773
8773 18169
18169 8996
8996 18169
18169 9395
9395 18169
18169 9543
9543 18169
18169 9571
9571 18169
18169 9578
9578 18169
18169 9687
9687 18169
18169 16282
16282 18169
18169 24127
24127 18169
18202 13370
13370 18202
18293 9100
9100 18293
18323 554
554 18323
18323 7843
7843 18323
18323 18323
18323 18323
18396 4965
4965 18396
18401 9467
9467 18401
18401 24169
24169 18401
18438 1384
1384 18438
18438 9616
9616 18438
18449 11700
11700 18449
18449 18449
18449 18449
18547 8342
8342 18547
18547 18547
18547 18547
18568 24128
24128 18568
18574 554
554 18574
18574 2886
2886 18574
18574 3130
3130 18574
18574 4664
4664 18574
18574 4920
4920 18574
18574 5092
5092 18574
18574 6879
6879 18574
18574 8225
8225 18574
18574 8314
8314 18574
18574 9022
9022 18574
18574 9349
9349 18574
18574 9488
9488 18574
18574 12242
12242 18574
18574 18574
18574 18574
18574 20817
20817 18574
18574 22598
22598 18574
18574 24365
24365 18574
18602 857
857 18602
18602 2361
2361 18602
18602 2819
2819 18602
18602 4920
4920 18602
18602 8321
8321 18602
18602 8722
8722 18602
18602 9092
9092 18602
18602 9727
9727 18602
18602 9736
9736 18602
18602 9758
9758 18602
18602 14361
14361 18602
18602 18602
18602 18602
18602 23254
23254 18602
18619 1215
1215 18619
18619 2091
2091 18619
18619 2158
2158 18619
18619 2388
2388 18619
18619 3457
3457 18619
18619 4965
4965 18619
18619 5311
5311 18619
18619 6098
6098 18619
18619 7116
7116 18619
18619 8577
8577 18619
18619 8897
8897 18619
18619 9540
9540 18619
18619 9543
9543 18619
18619 9599
9599 18619
18619 9621
9621 18619
18619 9699
9699 18619
18619 9741
9741 18619
18619 9801
9801 18619
18619 9826
9826 18619
18619 14920
14920 18619
18619 18396
18396 18619
18619 18619
18619 18619
18619 18917
18917 18619
18619 18919
18919 18619
18619 19149
19149 18619
18619 21954
21954 18619
18619 22718
22718 18619
18619 23956
23956 18619
18619 24568
24568 18619
18689 2361
2361 18689
18689 2388
2388 18689
18689 2416
2416 18689
18689 2872
2872 18689
18689 5993
5993 18689
18689 6629
6629 18689
18689 6986
6986 18689
18689 7747
7747 18689
18689 9100
9100 18689
18689 9356
9356 18689
18689 9487
9487 18689
18689 9493
9493 18689
18689 9543
9543 18689
18689 9568
9568 18689
18689 9702
9702 18689
18689 11700
11700 18689
18689 13604
13604 18689
18689 18689
18689 18689
18689 19149
19149 18689
18689 23389
23389 18689
18689 24150
24150 18689
18689 24393
24393 18689
18764 1899
1899 18764
18764 7209
7209 18764
18764 8342
8342 18764
18764 9566
9566 18764
18764 9740
9740 18764
18764 10259
10259 18764
18764 19087
19087 18764
18917 530
530 18917
18917 8577
8577 18917
18917 9784
9784 18917
18919 18919
18919 18919
18940 1740
1740 18940
18940 9275
9275 18940
18940 10259
10259 18940
18940 11313
11313 18940
19059 8996
8996 19059
19059 9057
9057 19059
19059 16282
16282 19059
19059 19028
19028 19059
19059 19059
19059 19059
19087 1013
1013 19087
19087 9754
9754 19087
19087 19087
19087 19087
19087 19871
19871 19087
19105 12670
12670 19105
19149 11163
11163 19149
19149 19149
19149 19149
19266 9275
9275 19266
19293 13969
13969 19293
19301 4879
4879 19301
19301 9005
9005 19301
19355 5892
5892 19355
19406 6483
6483 19406
19421 1865
1865 19421
19421 9610
9610 19421
19421 19421
19421 19421
19426 3733
3733 19426
19426 9683
9683 19426
19426 12572
12572 19426
19426 22807
22807 19426
19438 285
285 19438
19438 2794
2794 19438
19438 9574
9574 19438
19438 9753
9753 19438
19438 18574
18574 19438
19438 19438
19438 19438
19439 24033
24033 19439
19446 6811
6811 19446
19454 2497
2497 19454
19454 11469
11469 19454
19480 1221
1221 19480
19498 2413
2413 19498
19554 1749
1749 19554
19554 3172
3172 19554
19554 9586
9586 19554
19554 20892
20892 19554
19685 929
929 19685
19730 533
533 19730
19730 1221
1221 19730
19730 1633
1633 19730
19730 2384
2384 19730
19730 4066
4066 19730
19730 5660
5660 19730
19730 8743
8743 19730
19730 9569
9569 19730
19730 9647
9647 19730
19730 9745
9745 19730
19730 9759
9759 19730
19730 11077
11077 19730
19730 11313
11313 19730
19730 13694
13694 19730
19730 19149
19149 19730
19730 19730
19730 19730
19730 22513
22513 19730
19730 23389
23389 19730
19730 24710
24710 19730
19736 753
753 19736
19736 1551
1551 19736
19736 5567
5567 19736
19736 5660
5660 19736
19736 5757
5757 19736
19736 9728
9728 19736
19736 13604
13604 19736
19736 19736
19736 19736
19736 20904
20904 19736
19736 22341
22341 19736
19736 22513
22513 19736
19736 24313
24313 19736
19742 9356
9356 19742
19802 1907
1907 19802
19868 6098
6098 19868
19868 19868
19868 19868
19870 9093
9093 19870
19870 14034
14034 19870
19871 986
986 19871
19871 1312
1312 19871
19871 7893
7893 19871
19871 9074
9074 19871
19871 10259
10259 19871
19871 19087
19087 19871
19871 19871
19871 19871
19871 24518
24518 19871
19901 376
376 19901
19901 1585
1585 19901
19901 1859
1859 19901
19901 1935
1935 19901
19901 2361
2361 19901
19901 2424
2424 19901
19901 4439
4439 19901
19901 5447
5447 19901
19901 5517
5517 19901
19901 6033
6033 19901
19901 7055
7055 19901
19901 7957
7957 19901
19901 7981
7981 19901
19901 9092
9092 19901
19901 9093
9093 19901
19901 9365
9365 19901
19901 9497
9497 19901
19901 9538
9538 19901
19901 9542
9542 19901
19901 9700
9700 19901
19901 9725
9725 19901
19901 9758
9758 19901
19901 9842
9842 19901
19901 12242
12242 19901
19901 12789
12789 19901
19901 13786
13786 19901
19901 14467
14467 19901
19901 14583
14583 19901
19901 16742
16742 19901
19901 17290
17290 19901
19901 18323
18323 19901
19901 18574
18574 19901
19901 19901
19901 19901
19901 20817
20817 19901
19901 22598
22598 19901
19901 24365
24365 19901
19915 533
533 19915
19915 6735
6735 19915
19915 11725
11725 19915
19915 19870
19870 19915
19915 19915
19915 19915
19946 7893
7893 19946
19946 14224
14224 19946
19946 19087
19087 19946
19946 19871
19871 19946
19946 19946
19946 19946
19999 2197
2197 19999
20058 9152
9152 20058
20242 8102
8102 20242
20242 9692
9692 20242
20285 548
548 20285
20285 2094
2094 20285
20285 2194
2194 20285
20285 2361
2361 20285
20285 6522
6522 20285
20285 6589
6589 20285
20285 6773
6773 20285
20285 7209
7209 20285
20285 9431
9431 20285
20285 10259
10259 20285
20285 11313
11313 20285
20285 12670
12670 20285
20285 15688
15688 20285
20285 20285
20285 20285
20285 21634
21634 20285
20355 3172
3172 20355
20355 5519
5519 20355
20355 8935
8935 20355
20355 9773
9773 20355
20355 15755
15755 20355
20355 17801
17801 20355
20355 20355
20355 20355
20355 20893
20893 20355
20355 23912
23912 20355
20355 24226
24226 20355
20381 6666
6666 20381
20387 5140
5140 20387
20387 9527
9527 20387
20387 9560
9560 20387
20387 9689
9689 20387
20387 9694
9694 20387
20424 4849
4849 20424
20424 5311
5311 20424
20424 8102
8102 20424
20424 8907
8907 20424
20424 9092
9092 20424
20424 9602
9602 20424
20424 13270
13270 20424
20429 5544
5544 20429
20512 193
193 20512
20512 5326
5326 20512
20512 8342
8342 20512
20512 9592
9592 20512
20512 9637
9637 20512
20512 9680
9680 20512
20512 16282
16282 20512
20512 20512
20512 20512
20517 255
255 20517
20517 20517
20517 20517
20798 14920
14920 20798
20817 255
255 20817
20817 287
287 20817
20817 386
386 20817
20817 395
395 20817
20817 434
434 20817
20817 644
644 20817
20817 929
929 20817
20817 2349
2349 20817
20817 2628
2628 20817
20817 2629
2629 20817
20817 3098
3098 20817
20817 4920
4920 20817
20817 5178
5178 20817
20817 5485
5485 20817
20817 5615
5615 20817
20817 6879
6879 20817
20817 9395
9395 20817
20817 9519
9519 20817
20817 9549
9549 20817
20817 9731
9731 20817
20817 9842
9842 20817
20817 12242
12242 20817
20817 17892
17892 20817
20817 18034
18034 20817
20817 20817
20817 20817
20817 22598
22598 20817
20884 6198
6198 20884
20884 11929
11929 20884
20886 7193
7193 20886
20892 9635
9635 20892
20892 20892
20892 20892
20893 20893
20893 20893
20904 20904
20904 20904
20992 20992
20992 20992
20992 22276
22276 20992
21079 22718
22718 21079
21089 1318
1318 21089
21089 9275
9275 21089
21089 17097
17097 21089
21110 1899
1899 21110
21110 2819
2819 21110
21110 9547
9547 21110
21110 9744
9744 21110
21233 929
929 21233
21233 7759
7759 21233
21240 1740
1740 21240
21240 1842
1842 21240
21240 2102
2102 21240
21240 3555
3555 21240
21240 5544
5544 21240
21240 7921
7921 21240
21240 8572
8572 21240
21240 9813
9813 21240
21240 12670
12670 21240
21240 21240
21240 21240
21336 255
255 21336
21336 424
424 21336
21336 830
830 21336
21336 1137
1137 21336
21336 1346
1346 21336
21336 1633
1633 21336
21336 1899
1899 21336
21336 2629
2629 21336
21336 2794
2794 21336
21336 3172
3172 21336
21336 4578
4578 21336
21336 5485
5485 21336
21336 5801
5801 21336
21336 7888
7888 21336
21336 8346
8346 21336
21336 8996
8996 21336
21336 9558
9558 21336
21336 9731
9731 21336
21336 9755
9755 21336
21336 15251
15251 21336
21336 19730
19730 21336
21336 19736
19736 21336
21336 21336
21336 21336
21336 21434
21434 21336
21336 23320
23320 21336
21356 503
503 21356
21402 5485
5485 21402
21434 1633
1633 21434
21434 5311
5311 21434
21434 5677
5677 21434
21434 7680
7680 21434
21434 8793
8793 21434
21434 21434
21434 21434
21699 231
231 21699
21699 255
255 21699
21699 1899
1899 21699
21699 2197
2197 21699
21699 2413
2413 21699
21699 3172
3172 21699
21699 3452
3452 21699
21699 3777
3777 21699
21699 3988
3988 21699
21699 4870
4870 21699
21699 5072
5072 21699
21699 5092
5092 21699
21699 5418
5418 21699
21699 6124
6124 21699
21699 6666
6666 21699
21699 6975
6975 21699
21699 7759
7759 21699
21699 7957
7957 21699
21699 8577
8577 21699
21699 9092
9092 21699
21699 9357
9357 21699
21699 9405
9405 21699
21699 9497
9497 21699
21699 9519
9519 21699
21699 9540
9540 21699
21699 9565
9565 21699
21699 9618
9618 21699
21699 9662
9662 21699
21699 9680
9680 21699
21699 9687
9687 21699
21699 9791
9791 21699
21699 9805
9805 21699
21699 9826
9826 21699
21699 9842
9842 21699
21699 13191
13191 21699
21699 17262
17262 21699
21699 19554
19554 21699
21699 21699
21699 21699
21702 9022
9022 21702
21702 21702
21702 21702
21739 2197
2197 21739
21786 596
596 21786
21786 3101
3101 21786
21786 3227
3227 21786
21786 9111
9111 21786
21786 9604
9604 21786
21786 21786
21786 21786
21786 21881
21881 21786
21786 22283
22283 21786
21817 22882
22882 21817
21823 9690
9690 21823
21872 16513
16513 21872
21872 21872
21872 21872
21876 9629
9629 21876
21881 7516
7516 21881
21884 11313
11313 21884
21884 16018
16018 21884
21884 21884
21884 21884
21911 9623
9623 21911
21954 255
255 21954
21954 1313
1313 21954
21954 2416
2416 21954
21954 3101
3101 21954
21954 4242
4242 21954
21954 8415
8415 21954
21954 9341
9341 21954
21954 9635
9635 21954
21954 9680
9680 21954
21954 9743
9743 21954
21954 9748
9748 21954
21954 21881
21881 21954
21954 24393
24393 21954
22075 8342
8342 22075
22075 8935
8935 22075
22075 9676
9676 22075
22075 22075
22075 22075
22075 24393
24393 22075
22134 934
934 22134
22134 7921
7921 22134
22134 8829
8829 22134
22276 2467
2467 22276
22276 2819
2819 22276
22276 3452
3452 22276
22276 4242
4242 22276
22276 5127
5127 22276
22276 6124
6124 22276
22276 6773
6773 22276
22276 7055
7055 22276
22276 7476
7476 22276
22276 7743
7743 22276
22276 8321
8321 22276
22276 9177
9177 22276
22276 9523
9523 22276
22276 9566
9566 22276
22276 9589
9589 22276
22276 9712
9712 22276
22276 10811
10811 22276
22276 11579
11579 22276
22276 12572
12572 22276
22276 18919
18919 22276
22276 20992
20992 22276
22276 22276
22276 22276
22276 24238
24238 22276
22276 24518
24518 22276
22283 87
87 22283
22283 2819
2819 22283
22283 2831
2831 22283
22283 7116
7116 22283
22283 7751
7751 22283
22283 9465
9465 22283
22283 9486
9486 22283
22283 9607
9607 22283
22283 9643
9643 22283
22283 9672
9672 22283
22283 9835
9835 22283
22283 22283
22283 22283
22283 24293
24293 22283
22315 9132
9132 22315
22341 1221
1221 22341
22341 8808
8808 22341
22341 9561
9561 22341
22341 21434
21434 22341
22341 22341
22341 22341
22341 24710
24710 22341
22452 3528
3528 22452
22452 5887
5887 22452
22452 6638
6638 22452
22452 22452
22452 22452
22452 24393
24393 22452
22505 4298
4298 22505
22513 1221
1221 22513
22513 1971
1971 22513
22513 4794
4794 22513
22513 5311
5311 22513
22513 9683
9683 22513
22513 9723
9723 22513
22513 10168
10168 22513
22513 14109
14109 22513
22513 21434
21434 22513
22513 21881
21881 22513
22513 22513
22513 22513
22521 2361
2361 22521
22587 21919
21919 22587
22592 737
737 22592
22592 9712
9712 22592
22592 23707
23707 22592
22598 4282
4282 22598
22598 6879
6879 22598
22598 9785
9785 22598
22598 16018
16018 22598
22598 17892
17892 22598
22598 18919
18919 22598
22598 22598
22598 22598
22708 17801
17801 22708
22718 22718
22718 22718
22745 1403
1403 22745
22745 22745
22745 22745
22882 8969
8969 22882
22882 9568
9568 22882
22882 21817
21817 22882
22962 9616
9616 22962
23163 24282
24282 23163
23235 6817
6817 23235
23235 9734
9734 23235
23235 23235
23235 23235
23320 7209
7209 23320
23348 255
255 23348
23348 1971
1971 23348
23348 2583
2583 23348
23348 2819
2819 23348
23348 3172
3172 23348
23348 6124
6124 23348
23348 8816
8816 23348
23348 9494
9494 23348
23348 9540
9540 23348
23348 9640
9640 23348
23348 9650
9650 23348
23348 12242
12242 23348
23348 23348
23348 23348
23348 24033
24033 23348
23360 5345
5345 23360
23360 8207
8207 23360
23389 2424
2424 23389
23389 23389
23389 23389
23424 2416
2416 23424
23455 2266
2266 23455
23473 7778
7778 23473
23535 386
386 23535
23535 434
434 23535
23535 996
996 23535
23535 1887
1887 23535
23535 2629
2629 23535
23535 2730
2730 23535
23535 8277
8277 23535
23535 9022
9022 23535
23535 9025
9025 23535
23535 14656
14656 23535
23535 21899
21899 23535
23535 24460
24460 23535
23630 17292
17292 23630
23707 4837
4837 23707
23707 6058
6058 23707
23707 6937
6937 23707
23707 9583
9583 23707
23707 9636
9636 23707
23707 9645
9645 23707
23707 22592
22592 23707
23707 23320
23320 23707
23707 23707
23707 23707
23707 24568
24568 23707
23896 662
662 23896
23912 20355
20355 23912
23912 23912
23912 23912
23914 386
386 23914
23914 644
644 23914
23921 9683
9683 23921
23921 23921
23921 23921
23927 9363
9363 23927
23933 255
255 23933
23935 8921
8921 23935
23935 23935
23935 23935
23946 1842
1842 23946
23946 9092
9092 23946
23946 24313
24313 23946
23956 4444
4444 23956
23956 9636
9636 23956
23956 23707
23707 23956
23956 23956
23956 23956
24033 155
155 24033
24033 2104
2104 24033
24033 4242
4242 24033
24033 7116
7116 24033
24033 9043
9043 24033
24033 18449
18449 24033
24033 24033
24033 24033
24037 8773
8773 24037
24108 2061
2061 24108
24108 3336
3336 24108
24127 6247
6247 24127
24132 5120
5120 24132
24133 9469
9469 24133
24150 1133
1133 24150
24150 2134
2134 24150
24150 5993
5993 24150
24150 24150
24150 24150
24167 6688
6688 24167
24206 7981
7981 24206
24226 1403
1403 24226
24226 2261
2261 24226
24226 3023
3023 24226
24226 3172
3172 24226
24226 3192
3192 24226
24226 3874
3874 24226
24226 8288
8288 24226
24226 8321
8321 24226
24226 9022
9022 24226
24226 9342
9342 24226
24226 9637
9637 24226
24226 9696
9696 24226
24226 9736
9736 24226
24226 9749
9749 24226
24226 9752
9752 24226
24226 9790
9790 24226
24226 20355
20355 24226
24226 24033
24033 24226
24226 24169
24169 24226
24226 24226
24226 24226
24238 623
623 24238
24250 13786
13786 24250
24250 24150
24150 24250
24252 255
255 24252
24252 1013
1013 24252
24252 1907
1907 24252
24252 1935
1935 24252
24252 2416
2416 24252
24252 2819
2819 24252
24252 5308
5308 24252
24252 5409
5409 24252
24252 5418
5418 24252
24252 6098
6098 24252
24252 7410
7410 24252
24252 7476
7476 24252
24252 8005
8005 24252
24252 8155
8155 24252
24252 8813
8813 24252
24252 8921
8921 24252
24252 9092
9092 24252
24252 9100
9100 24252
24252 9191
9191 24252
24252 9538
9538 24252
24252 9540
9540 24252
24252 9542
9542 24252
24252 9563
9563 24252
24252 9701
9701 24252
24252 9810
9810 24252
24252 9824
9824 24252
24252 9827
9827 24252
24252 13518
13518 24252
24252 13574
13574 24252
24252 19999
19999 24252
24252 22075
22075 24252
24252 24252
24252 24252
24252 24518
24518 24252
24259 5677
5677 24259
24282 9577
9577 24282
24282 9736
9736 24282
24282 24282
24282 24282
24301 6027
6027 24301
24313 24313
24313 24313
24313 24492
24492 24313
24322 1749
1749 24322
24365 376
376 24365
24365 554
554 24365
24365 1013
1013 24365
24365 4920
4920 24365
24365 19901
19901 24365
24365 22598
22598 24365
24365 24365
24365 24365
24368 24451
24451 24368
24386 9132
9132 24386
24392 8877
8877 24392
24392 24392
24392 24392
24393 6986
6986 24393
24393 9540
9540 24393
24393 9562
9562 24393
24393 16998
16998 24393
24393 22075
22075 24393
24393 22452
22452 24393
24393 24393
24393 24393
24409 24409
24409 24409
24448 9703
9703 24448
24451 2048
2048 24451
24451 4556
4556 24451
24451 13383
13383 24451
24451 16892
16892 24451
24451 24368
24368 24451
24451 24451
24451 24451
24460 1842
1842 24460
24460 2361
2361 24460
24460 4208
4208 24460
24460 7656
7656 24460
24460 9797
9797 24460
24460 12670
12670 24460
24460 24313
24313 24460
24474 9288
9288 24474
24492 6688
6688 24492
24492 8773
8773 24492
24492 9175
9175 24492
24492 24313
24313 24492
24492 24492
24492 24492
24518 441
441 24518
24518 1013
1013 24518
24518 8225
8225 24518
24518 9665
9665 24518
24518 9842
9842 24518
24518 13466
13466 24518
24518 14361
14361 24518
24518 20992
20992 24518
24518 22276
22276 24518
24518 24518
24518 24518
24518 24707
24707 24518
24555 1676
1676 24555
24555 5140
5140 24555
24555 24555
24555 24555
24568 2819
2819 24568
24568 4685
4685 24568
24568 7627
7627 24568
24568 8907
8907 24568
24568 8941
8941 24568
24568 9111
9111 24568
24568 9671
9671 24568
24568 9712
9712 24568
24568 24568
24568 24568
24570 6557
6557 24570
24579 11488
11488 24579
24579 14034
14034 24579
24591 7751
7751 24591
24591 9643
9643 24591
24657 6124
6124 24657
24657 15181
15181 24657
24657 24657
24657 24657
24682 44
44 24682
24682 4879
4879 24682
24682 7905
7905 24682
24682 8572
8572 24682
24682 11077
11077 24682
24682 17576
17576 24682
24682 24682
24682 24682
24707 1013
1013 24707
24707 9835
9835 24707
24707 22283
22283 24707
24707 24707
24707 24707
24710 866
866 24710
24710 1221
1221 24710
24710 6314
6314 24710
24710 10168
10168 24710
24710 14109
14109 24710
24710 22513
22513 24710
24710 24710
24710 24710
24722 44
44 24722
24722 14295
14295 24722
24722 15688
15688 24722
24734 5345
5345 24734
