0 34
34 0
0 4712
4712 0
1 1784
1784 1
1 6049
6049 1
20 20
20 20
20 8921
8921 20
20 11767
11767 20
20 17333
17333 20
21 3463
3463 21
21 4121
4121 21
34 34
34 34
34 6047
6047 34
44 11456
11456 44
44 11515
11515 44
44 11603
11603 44
51 11350
11350 51
54 11393
11393 54
88 876
876 88
97 17880
17880 97
115 115
115 115
115 6285
6285 115
116 116
116 116
116 4685
4685 116
155 155
155 155
155 11746
11746 155
213 213
213 213
213 1426
1426 213
213 1861
1861 213
213 2197
2197 213
213 2939
2939 213
213 4343
4343 213
213 4406
4406 213
213 5363
5363 213
213 5660
5660 213
213 6017
6017 213
213 6549
6549 213
213 6937
6937 213
213 8310
8310 213
213 9025
9025 213
213 9551
9551 213
213 10168
10168 213
213 10331
10331 213
213 10620
10620 213
213 11495
11495 213
213 11529
11529 213
213 11609
11609 213
213 11615
11615 213
213 11683
11683 213
213 14691
14691 213
213 15406
15406 213
213 16256
16256 213
213 18440
18440 213
213 24501
24501 213
213 24684
24684 213
215 215
215 215
215 1382
1382 215
215 15814
15814 215
231 231
231 231
231 993
993 231
231 1312
1312 231
231 2036
2036 231
231 2442
2442 231
231 6735
6735 231
231 9022
9022 231
231 9088
9088 231
231 11254
11254 231
231 11636
11636 231
231 11798
11798 231
231 19999
19999 231
231 23472
23472 231
242 11445
11445 242
252 252
252 252
252 1788
1788 252
252 8005
8005 252
252 11758
11758 252
252 23912
23912 252
255 255
255 255
255 287
287 255
255 503
503 255
255 726
726 255
255 935
935 255
255 2592
2592 255
255 5485
5485 255
255 9177
9177 255
255 11167
11167 255
255 11636
11636 255
255 14920
14920 255
255 18602
18602 255
271 11078
11078 271
280 5892
5892 280
280 19871
19871 280
285 285
285 285
285 11457
11457 285
285 20892
20892 285
287 287
287 287
287 726
726 287
287 4150
4150 287
287 4583
4583 287
287 4928
4928 287
287 5540
5540 287
287 6010
6010 287
287 6598
6598 287
287 6662
6662 287
287 7074
7074 287
287 7898
7898 287
287 8005
8005 287
287 8104
8104 287
287 8935
8935 287
287 10047
10047 287
287 11217
11217 287
287 11430
11430 287
287 11480
11480 287
287 11506
11506 287
287 11507
11507 287
287 11635
11635 287
287 11638
11638 287
287 15116
15116 287
287 16884
16884 287
287 17880
17880 287
287 17935
17935 287
320 320
320 320
320 1411
1411 320
320 5325
5325 320
320 8921
8921 320
320 11439
11439 320
320 11440
11440 320
320 11638
11638 320
320 11674
11674 320
320 14976
14976 320
335 5539
5539 335
335 21954
21954 335
337 5178
5178 337
337 8709
8709 337
344 215
215 344
344 3172
3172 344
344 22513
22513 344
348 11534
11534 348
348 18602
18602 348
349 349
349 349
349 2713
2713 349
349 7175
7175 349
349 11425
11425 349
349 11590
11590 349
386 830
830 386
386 4158
4158 386
386 4440
4440 386
386 4447
4447 386
386 6815
6815 386
386 9067
9067 386
386 9082
9082 386
386 9109
9109 386
386 10412
10412 386
386 10555
10555 386
386 13684
13684 386
401 11378
11378 401
401 11438
11438 401
412 9524
9524 412
412 11121
11121 412
451 451
451 451
451 1013
1013 451
451 1140
1140 451
451 1312
1312 451
451 2592
2592 451
451 3620
3620 451
451 6773
6773 451
451 9354
9354 451
451 10634
10634 451
451 11498
11498 451
451 11500
11500 451
451 11552
11552 451
451 11634
11634 451
451 11767
11767 451
451 22283
22283 451
460 9207
9207 460
462 11752
11752 462
465 5346
5346 465
491 7895
7895 491
491 17342
17342 491
524 524
524 524
524 20242
20242 524
525 525
525 525
525 11456
11456 525
540 11634
11634 540
560 4331
4331 560
560 6836
6836 560
570 570
570 570
570 831
831 570
572 7759
7759 572
572 11578
11578 572
574 662
662 574
596 1140
1140 596
596 11562
11562 596
596 11853
11853 596
601 11507
11507 601
601 23535
23535 601
608 3921
3921 608
630 18574
18574 630
640 4274
4274 640
640 10331
10331 640
642 6735
6735 642
644 1952
1952 644
644 6017
6017 644
648 648
648 648
648 11829
11829 648
674 1221
1221 674
684 4928
4928 684
701 335
335 701
701 814
814 701
701 2036
2036 701
701 4331
4331 701
701 5409
5409 701
701 6149
6149 701
701 9312
9312 701
701 9398
9398 701
701 10398
10398 701
701 11043
11043 701
701 11048
11048 701
701 11114
11114 701
701 11271
11271 701
701 11378
11378 701
701 11532
11532 701
701 11564
11564 701
701 11611
11611 701
701 11635
11635 701
701 11808
11808 701
701 11929
11929 701
701 19435
19435 701
701 21699
21699 701
709 709
709 709
709 10410
10410 709
709 24265
24265 709
726 287
287 726
726 2831
2831 726
726 7244
7244 726
726 11392
11392 726
726 11395
11395 726
726 11409
11409 726
726 11464
11464 726
726 11588
11588 726
728 12774
12774 728
728 13684
13684 728
737 17066
17066 737
763 763
763 763
804 804
804 804
804 1403
1403 804
804 2197
2197 804
804 3262
3262 804
804 4242
4242 804
804 5238
5238 804
804 9025
9025 804
804 19149
19149 804
814 814
814 814
830 524
524 830
830 830
830 830
830 1137
1137 830
830 3271
3271 830
830 4712
4712 830
830 11346
11346 830
830 11462
11462 830
830 11626
11626 830
830 11644
11644 830
830 11683
11683 830
830 15117
15117 830
830 21954
21954 830
830 23272
23272 830
831 570
570 831
833 833
833 833
833 20242
20242 833
833 20917
20917 833
833 21336
21336 833
833 21899
21899 833
834 834
834 834
834 9022
9022 834
865 6937
6937 865
866 866
866 866
866 934
934 866
866 12025
12025 866
866 24463
24463 866
876 88
88 876
876 876
876 876
876 1382
1382 876
876 2655
2655 876
876 2713
2713 876
876 4187
4187 876
876 6098
6098 876
876 6167
6167 876
876 7987
7987 876
876 8852
8852 876
876 9025
9025 876
876 9909
9909 876
878 878
878 878
890 6017
6017 890
890 11378
11378 890
890 12539
12539 890
902 16892
16892 902
906 24518
24518 906
917 1013
1013 917
929 929
929 929
929 4920
4920 929
929 5409
5409 929
929 6098
6098 929
929 6666
6666 929
929 10742
10742 929
929 11167
11167 929
929 15161
15161 929
929 16018
16018 929
934 934
934 934
935 255
255 935
935 935
935 935
935 23223
23223 935
993 993
993 993
993 8421
8421 993
1001 7338
7338 1001
1013 451
451 1013
1013 917
917 1013
1013 1013
1013 1013
1013 1430
1430 1013
1013 2592
2592 1013
1013 3452
3452 1013
1013 5658
5658 1013
1013 6192
6192 1013
1013 8319
8319 1013
1013 10574
10574 1013
1013 11464
11464 1013
1018 11584
11584 1018
1018 11634
11634 1018
1048 10356
10356 1048
1063 3506
3506 1063
1079 11557
11557 1079
1105 1105
1105 1105
1105 1740
1740 1105
1105 1913
1913 1105
1105 1921
1921 1105
1105 2349
2349 1105
1105 2352
2352 1105
1105 4447
4447 1105
1105 5112
5112 1105
1105 5140
5140 1105
1105 6149
6149 1105
1105 6247
6247 1105
1105 8076
8076 1105
1105 8632
8632 1105
1105 8996
8996 1105
1105 9025
9025 1105
1105 9359
9359 1105
1105 11117
11117 1105
1105 11121
11121 1105
1105 11400
11400 1105
1105 11402
11402 1105
1105 11413
11413 1105
1105 11474
11474 1105
1105 11552
11552 1105
1105 11610
11610 1105
1105 11677
11677 1105
1105 11890
11890 1105
1105 12531
12531 1105
1105 12900
12900 1105
1105 17880
17880 1105
1105 19730
19730 1105
1105 21913
21913 1105
1105 23535
23535 1105
1105 24721
24721 1105
1109 878
878 1109
1116 5363
5363 1116
1116 6036
6036 1116
1116 10326
10326 1116
1116 10952
10952 1116
1116 11114
11114 1116
1116 11756
11756 1116
1116 11929
11929 1116
1116 19435
19435 1116
1117 1117
1117 1117
1137 215
215 1137
1137 830
830 1137
1137 1137
1137 1137
1137 1547
1547 1137
1137 2024
2024 1137
1137 2956
2956 1137
1137 4217
4217 1137
1137 4343
4343 1137
1137 4459
4459 1137
1137 4928
4928 1137
1137 7338
7338 1137
1137 7759
7759 1137
1137 8996
8996 1137
1137 9909
9909 1137
1137 9936
9936 1137
1137 10092
10092 1137
1137 10121
10121 1137
1137 10207
10207 1137
1137 10661
10661 1137
1137 11171
11171 1137
1137 11416
11416 1137
1137 11496
11496 1137
1137 11533
11533 1137
1137 11595
11595 1137
1137 11610
11610 1137
1137 11683
11683 1137
1137 11749
11749 1137
1137 11881
11881 1137
1137 12870
12870 1137
1137 14647
14647 1137
1137 16884
16884 1137
1137 19999
19999 1137
1137 20242
20242 1137
1137 20917
20917 1137
1137 21954
21954 1137
1137 23085
23085 1137
1140 1140
1140 1140
1140 2592
2592 1140
1165 7759
7759 1165
1165 22135
22135 1165
1168 2352
2352 1168
1173 11204
11204 1173
1215 1215
1215 1215
1215 11149
11149 1215
1215 11567
11567 1215
1221 1221
1221 1221
1221 2959
2959 1221
1221 7682
7682 1221
1221 8104
8104 1221
1221 10027
10027 1221
1221 11533
11533 1221
1221 11598
11598 1221
1221 16186
16186 1221
1221 24442
24442 1221
1235 1235
1235 1235
1235 24404
24404 1235
1244 2158
2158 1244
1244 2591
2591 1244
1244 11628
11628 1244
1244 11725
11725 1244
1244 15450
15450 1244
1312 451
451 1312
1312 1312
1312 1312
1312 1318
1318 1312
1312 2592
2592 1312
1312 3874
3874 1312
1312 8935
8935 1312
1312 9239
9239 1312
1312 11550
11550 1312
1312 12053
12053 1312
1312 21089
21089 1312
1313 24609
24609 1313
1318 1312
1312 1318
1346 2384
2384 1346
1364 929
929 1364
1364 6017
6017 1364
1364 11378
11378 1364
1382 215
215 1382
1382 1382
1382 1382
1382 9057
9057 1382
1383 12236
12236 1383
1383 18602
18602 1383
1384 14835
14835 1384
1393 1221
1221 1393
1393 1393
1393 1393
1393 5808
5808 1393
1393 6937
6937 1393
1393 8421
8421 1393
1403 709
709 1403
1403 1403
1403 1403
1403 9853
9853 1403
1403 11430
11430 1403
1403 11561
11561 1403
1403 11848
11848 1403
1403 20861
20861 1403
1403 24518
24518 1403
1407 1407
1407 1407
1407 11496
11496 1407
1411 320
320 1411
1422 16900
16900 1422
1430 929
929 1430
1430 1140
1140 1430
1430 1312
1312 1430
1430 1430
1430 1430
1430 3452
3452 1430
1430 5178
5178 1430
1430 6098
6098 1430
1430 6666
6666 1430
1430 11848
11848 1430
1430 13485
13485 1430
1430 23235
23235 1430
1462 11640
11640 1462
1475 21884
21884 1475
1475 21954
21954 1475
1500 1500
1500 1500
1500 11078
11078 1500
1500 11577
11577 1500
1517 7398
7398 1517
1520 116
116 1520
1532 1532
1532 1532
1538 7074
7074 1538
1538 8005
8005 1538
1538 8421
8421 1538
1538 9924
9924 1538
1538 10496
10496 1538
1538 11604
11604 1538
1538 11795
11795 1538
1538 11807
11807 1538
1538 15814
15814 1538
1542 1542
1542 1542
1542 24682
24682 1542
1547 1137
1137 1547
1547 1547
1547 1547
1547 5112
5112 1547
1551 6049
6049 1551
1573 11819
11819 1573
1578 3506
3506 1578
1578 11082
11082 1578
1581 8005
8005 1581
1582 1582
1582 1582
1582 6247
6247 1582
1582 6937
6937 1582
1582 6960
6960 1582
1582 9312
9312 1582
1582 11418
11418 1582
1582 11480
11480 1582
1609 1609
1609 1609
1632 7074
7074 1632
1632 7398
7398 1632
1632 11885
11885 1632
1632 13518
13518 1632
1653 1653
1653 1653
1658 1532
1532 1658
1658 1658
1658 1658
1658 2599
2599 1658
1658 4308
4308 1658
1658 7682
7682 1658
1658 8993
8993 1658
1658 10307
10307 1658
1658 10331
10331 1658
1658 10412
10412 1658
1658 11313
11313 1658
1658 11345
11345 1658
1658 11578
11578 1658
1658 13066
13066 1658
1658 13786
13786 1658
1658 20242
20242 1658
1667 11428
11428 1667
1667 12894
12894 1667
1692 1692
1692 1692
1692 2936
2936 1692
1692 7338
7338 1692
1727 4094
4094 1727
1740 1740
1740 1740
1740 1822
1822 1740
1740 4158
4158 1740
1740 4196
4196 1740
1740 4447
4447 1740
1740 4559
4559 1740
1740 5369
5369 1740
1740 8160
8160 1740
1740 8632
8632 1740
1740 11056
11056 1740
1740 11313
11313 1740
1740 11623
11623 1740
1740 11774
11774 1740
1740 11801
11801 1740
1740 13518
13518 1740
1740 16892
16892 1740
1740 19883
19883 1740
1740 20242
20242 1740
1741 1116
1116 1741
1741 2134
2134 1741
1741 7338
7338 1741
1741 11598
11598 1741
1741 11679
11679 1741
1784 10305
10305 1784
1788 252
252 1788
1788 1788
1788 1788
1788 4339
4339 1788
1788 9213
9213 1788
1788 11435
11435 1788
1788 11822
11822 1788
1816 11544
11544 1816
1822 1740
1740 1822
1822 1822
1822 1822
1822 11600
11600 1822
1822 21800
21800 1822
1842 13684
13684 1842
1846 1846
1846 1846
1846 2349
2349 1846
1846 2733
2733 1846
1846 4462
4462 1846
1846 4724
4724 1846
1846 5112
5112 1846
1846 7682
7682 1846
1846 9936
9936 1846
1846 11698
11698 1846
1846 22513
22513 1846
1861 1861
1861 1861
1861 6098
6098 1861
1861 8657
8657 1861
1861 11845
11845 1861
1861 24266
24266 1861
1887 11769
11769 1887
1913 1913
1913 1913
1921 1921
1921 1921
1921 11430
11430 1921
1934 1312
1312 1934
1934 1934
1934 1934
1934 9239
9239 1934
1934 24393
24393 1934
1949 4217
4217 1949
1949 11749
11749 1949
1949 11862
11862 1949
1951 3814
3814 1951
1951 3924
3924 1951
1951 7266
7266 1951
1951 11622
11622 1951
1971 4920
4920 1971
2014 11430
11430 2014
2024 2024
2024 2024
2024 4217
4217 2024
2036 2036
2036 2036
2036 6010
6010 2036
2048 2048
2048 2048
2063 10287
10287 2063
2091 2091
2091 2091
2091 3924
3924 2091
2091 6638
6638 2091
2104 2104
2104 2104
2104 6851
6851 2104
2134 2091
2091 2134
2134 2134
2134 2134
2134 2388
2388 2134
2134 4829
4829 2134
2134 5518
5518 2134
2134 7764
7764 2134
2134 8421
8421 2134
2134 11393
11393 2134
2134 11539
11539 2134
2134 11562
11562 2134
2134 11592
11592 2134
2134 11601
11601 2134
2134 11659
11659 2134
2134 16892
16892 2134
2151 14142
14142 2151
2158 2091
2091 2158
2158 2158
2158 2158
2158 11665
11665 2158
2158 19901
19901 2158
2158 22598
22598 2158
2166 10331
10331 2166
2194 2956
2956 2194
2194 4447
4447 2194
2194 5892
5892 2194
2194 6049
6049 2194
2194 6098
6098 2194
2194 7510
7510 2194
2194 7682
7682 2194
2194 7987
7987 2194
2194 8104
8104 2194
2194 8705
8705 2194
2194 9025
9025 2194
2194 9351
9351 2194
2194 10092
10092 2194
2194 11451
11451 2194
2194 11547
11547 2194
2194 11668
11668 2194
2194 11725
11725 2194
2194 11866
11866 2194
2194 11881
11881 2194
2194 11929
11929 2194
2194 12211
12211 2194
2194 12848
12848 2194
2194 14691
14691 2194
2194 17892
17892 2194
2194 19901
19901 2194
2194 24393
24393 2194
2197 804
804 2197
2197 1846
1846 2197
2197 2197
2197 2197
2197 4567
4567 2197
2197 6457
6457 2197
2197 6887
6887 2197
2197 6975
6975 2197
2197 7499
7499 2197
2197 8935
8935 2197
2197 9833
9833 2197
2197 10207
10207 2197
2197 10410
10410 2197
2197 10935
10935 2197
2197 11078
11078 2197
2197 11526
11526 2197
2197 11623
11623 2197
2197 11676
11676 2197
2197 11761
11761 2197
2197 19437
19437 2197
2197 20355
20355 2197
2197 22513
22513 2197
2239 9842
9842 2239
2274 9011
9011 2274
2274 16877
16877 2274
2274 19166
19166 2274
2281 9789
9789 2281
2281 11617
11617 2281
2281 20512
20512 2281
2307 2307
2307 2307
2307 6773
6773 2307
2307 8271
8271 2307
2307 11829
11829 2307
2307 18602
18602 2307
2349 287
287 2349
2349 2349
2349 2349
2349 9025
9025 2349
2349 17801
17801 2349
2349 20892
20892 2349
2349 24734
24734 2349
2352 2352
2352 2352
2361 2361
2361 2361
2361 4331
4331 2361
2361 5345
5345 2361
2361 7338
7338 2361
2361 8239
8239 2361
2361 8984
8984 2361
2361 9082
9082 2361
2361 9820
9820 2361
2361 11562
11562 2361
2361 11622
11622 2361
2361 14304
14304 2361
2361 14361
14361 2361
2361 14691
14691 2361
2373 2373
2373 2373
2373 8252
8252 2373
2384 2024
2024 2384
2384 2384
2384 2384
2384 4217
4217 2384
2384 11644
11644 2384
2384 23922
23922 2384
2387 2387
2387 2387
2387 6887
6887 2387
2387 7213
7213 2387
2387 11482
11482 2387
2387 11586
11586 2387
2387 15187
15187 2387
2388 2134
2134 2388
2388 2388
2388 2388
2388 8421
8421 2388
2411 701
701 2411
2411 2104
2104 2411
2411 3130
3130 2411
2411 11866
11866 2411
2411 12025
12025 2411
2413 6887
6887 2413
2438 11394
11394 2438
2442 2442
2442 2442
2442 3528
3528 2442
2442 10326
10326 2442
2442 11604
11604 2442
2442 11713
11713 2442
2442 11828
11828 2442
2467 843
843 2467
2467 2467
2467 2467
2467 11117
11117 2467
2487 1913
1913 2487
2487 2104
2104 2487
2487 2349
2349 2487
2487 2733
2733 2487
2487 7338
7338 2487
2487 7760
7760 2487
2487 8650
8650 2487
2487 9936
9936 2487
2487 10097
10097 2487
2487 11495
11495 2487
2487 11598
11598 2487
2487 17801
17801 2487
2487 19437
19437 2487
2487 19915
19915 2487
2497 1913
1913 2497
2497 3425
3425 2497
2497 4724
4724 2497
2497 6851
6851 2497
2497 11393
11393 2497
2497 11609
11609 2497
2497 18602
18602 2497
2499 11646
11646 2499
2508 4242
4242 2508
2508 11462
11462 2508
2508 11610
11610 2508
2581 1913
1913 2581
2583 11642
11642 2583
2591 285
285 2591
2591 2158
2158 2591
2591 2194
2194 2591
2592 1013
1013 2592
2592 1312
1312 2592
2592 2592
2592 2592
2592 4271
4271 2592
2592 4920
4920 2592
2592 5325
5325 2592
2592 5658
5658 2592
2592 6815
6815 2592
2592 7410
7410 2592
2592 8935
8935 2592
2592 9351
9351 2592
2592 9853
9853 2592
2592 10760
10760 2592
2592 11383
11383 2592
2592 11411
11411 2592
2592 11415
11415 2592
2592 11445
11445 2592
2592 11448
11448 2592
2592 11464
11464 2592
2592 11482
11482 2592
2592 11506
11506 2592
2592 11537
11537 2592
2592 11552
11552 2592
2592 11619
11619 2592
2592 11634
11634 2592
2592 11635
11635 2592
2592 11676
11676 2592
2592 11756
11756 2592
2592 11929
11929 2592
2592 12135
12135 2592
2592 14224
14224 2592
2592 19328
19328 2592
2592 19438
19438 2592
2592 19498
19498 2592
2592 19685
19685 2592
2592 21699
21699 2592
2592 22283
22283 2592
2592 23235
23235 2592
2592 23320
23320 2592
2592 24393
24393 2592
2599 16892
16892 2599
2629 11480
11480 2629
2633 3874
3874 2633
2633 8005
8005 2633
2713 349
349 2713
2713 2713
2713 2713
2713 6790
6790 2713
2713 7175
7175 2713
2713 11345
11345 2713
2713 11578
11578 2713
2713 13211
13211 2713
2713 13684
13684 2713
2713 19866
19866 2713
2733 2733
2733 2733
2736 3921
3921 2736
2736 9213
9213 2736
2736 9398
9398 2736
2736 11653
11653 2736
2771 993
993 2771
2794 2794
2794 2794
2831 14976
14976 2831
2872 705
705 2872
2872 1578
1578 2872
2872 2872
2872 2872
2872 3055
3055 2872
2872 3528
3528 2872
2872 5542
5542 2872
2872 10496
10496 2872
2872 11078
11078 2872
2872 11542
11542 2872
2872 11554
11554 2872
2872 19023
19023 2872
2931 2931
2931 2931
2931 8561
8561 2931
2936 2936
2936 2936
2948 10273
10273 2948
2953 5409
5409 2953
2956 2956
2956 2956
2997 1013
1013 2997
2997 1895
1895 2997
2997 1921
1921 2997
2997 2442
2442 2997
2997 2997
2997 2997
2997 4769
4769 2997
2997 4920
4920 2997
2997 6036
6036 2997
2997 9239
9239 2997
2997 10384
10384 2997
2997 10574
10574 2997
2997 11114
11114 2997
2997 11619
11619 2997
2997 17675
17675 2997
3047 13065
13065 3047
3049 1913
1913 3049
3049 4121
4121 3049
3049 4343
4343 3049
3049 5946
5946 3049
3049 7760
7760 3049
3049 9936
9936 3049
3049 11378
11378 3049
3049 11568
11568 3049
3049 12855
12855 3049
3055 7338
7338 3055
3078 11431
11431 3078
3101 4920
4920 3101
3113 763
763 3113
3113 1312
1312 3113
3113 2592
2592 3113
3113 3113
3113 3113
3113 5363
5363 3113
3113 6761
6761 3113
3113 7244
7244 3113
3113 8659
8659 3113
3113 9239
9239 3113
3113 11089
11089 3113
3113 11217
11217 3113
3113 11506
11506 3113
3113 11535
11535 3113
3113 18602
18602 3113
3113 20783
20783 3113
3113 24518
24518 3113
3130 18602
18602 3130
3139 3139
3139 3139
3143 3522
3522 3143
3143 4194
4194 3143
3143 4267
4267 3143
3143 4583
4583 3143
3143 7442
7442 3143
3143 9430
9430 3143
3143 11501
11501 3143
3143 11541
11541 3143
3143 24498
24498 3143
3152 3152
3152 3152
3153 5539
5539 3153
3168 1140
1140 3168
3168 1173
1173 3168
3168 11078
11078 3168
3168 11204
11204 3168
3168 18574
18574 3168
3172 3172
3172 3172
3172 3452
3452 3172
3172 8852
8852 3172
3172 11078
11078 3172
3172 11508
11508 3172
3172 11752
11752 3172
3203 7682
7682 3203
3227 5409
5409 3227
3255 9185
9185 3255
3262 3262
3262 3262
3262 4242
4242 3262
3337 10593
10593 3337
3348 3348
3348 3348
3372 6917
6917 3372
3425 1846
1846 3425
3425 2438
2438 3425
3425 2497
2497 3425
3425 11393
11393 3425
3425 11428
11428 3425
3425 15638
15638 3425
3425 22513
22513 3425
3433 23320
23320 3433
3452 554
554 3452
3452 1430
1430 3452
3452 3452
3452 3452
3452 10121
10121 3452
3452 11680
11680 3452
3452 11752
11752 3452
3463 3463
3463 3463
3506 1063
1063 3506
3506 1578
1578 3506
3519 10047
10047 3519
3519 11832
11832 3519
3523 24734
24734 3523
3528 2872
2872 3528
3528 3528
3528 3528
3528 3760
3760 3528
3528 3770
3770 3528
3528 9842
9842 3528
3555 11425
11425 3555
3555 11426
11426 3555
3591 22220
22220 3591
3620 4769
4769 3620
3620 10410
10410 3620
3620 11606
11606 3620
3620 11609
11609 3620
3620 17262
17262 3620
3620 24393
24393 3620
3627 833
833 3627
3627 1914
1914 3627
3627 10331
10331 3627
3627 10999
10999 3627
3627 11532
11532 3627
3702 3702
3702 3702
3704 934
934 3704
3704 3704
3704 3704
3714 1221
1221 3714
3729 3729
3729 3729
3733 3733
3733 3733
3757 5472
5472 3757
3757 19149
19149 3757
3757 24224
24224 3757
3760 1609
1609 3760
3760 3528
3528 3760
3760 3760
3760 3760
3760 11271
11271 3760
3760 19863
19863 3760
3814 3814
3814 3814
3814 19806
19806 3814
3814 24224
24224 3814
3824 1649
1649 3824
3824 6033
6033 3824
3843 11417
11417 3843
3843 11649
11649 3843
3843 21634
21634 3843
3843 24385
24385 3843
3874 1312
1312 3874
3874 3874
3874 3874
3874 11832
11832 3874
3924 1951
1951 3924
3924 3924
3924 3924
3935 24518
24518 3935
3943 3943
3943 3943
3950 8723
8723 3950
3950 20638
20638 3950
3986 3986
3986 3986
3986 8935
8935 3986
3986 14969
14969 3986
3986 19498
19498 3986
4079 1426
1426 4079
4079 4685
4685 4079
4087 6049
6049 4087
4121 4121
4121 4121
4121 6069
6069 4121
4121 7888
7888 4121
4121 8321
8321 4121
4121 8858
8858 4121
4137 4137
4137 4137
4154 4154
4154 4154
4154 6090
6090 4154
4158 20
20 4158
4158 4158
4158 4158
4158 8436
8436 4158
4186 5542
5542 4186
4186 10356
10356 4186
4187 876
876 4187
4187 4187
4187 4187
4187 8632
8632 4187
4187 11749
11749 4187
4196 4196
4196 4196
4196 4242
4242 4196
4196 8632
8632 4196
4196 17276
17276 4196
4217 2384
2384 4217
4217 4217
4217 4217
4242 1658
1658 4242
4242 2096
2096 4242
4242 2373
2373 4242
4242 2713
2713 4242
4242 3262
3262 4242
4242 3372
3372 4242
4242 4196
4196 4242
4242 4242
4242 4242
4242 4308
4308 4242
4242 4343
4343 4242
4242 7935
7935 4242
4242 8104
8104 4242
4242 8857
8857 4242
4242 9256
9256 4242
4242 9312
9312 4242
4242 9539
9539 4242
4242 10862
10862 4242
4242 11235
11235 4242
4242 11490
11490 4242
4242 11561
11561 4242
4242 11597
11597 4242
4242 11703
11703 4242
4242 11907
11907 4242
4242 13019
13019 4242
4242 13518
13518 4242
4242 13736
13736 4242
4242 15406
15406 4242
4242 16213
16213 4242
4242 16601
16601 4242
4242 20638
20638 4242
4242 21878
21878 4242
4242 22513
22513 4242
4242 24692
24692 4242
4242 24707
24707 4242
4255 10526
10526 4255
4270 6124
6124 4270
4271 2592
2592 4271
4271 4271
4271 4271
4271 5369
5369 4271
4280 4920
4920 4280
4280 10986
10986 4280
4280 11850
11850 4280
4306 9370
9370 4306
4308 1658
1658 4308
4308 4242
4242 4308
4308 4308
4308 4308
4331 285
285 4331
4331 2104
2104 4331
4331 2361
2361 4331
4331 4331
4331 4331
4331 4685
4685 4331
4331 6278
6278 4331
4331 11494
11494 4331
4331 11517
11517 4331
4331 11879
11879 4331
4331 12679
12679 4331
4331 19454
19454 4331
4331 22283
22283 4331
4331 24393
24393 4331
4339 1788
1788 4339
4339 4339
4339 4339
4343 1137
1137 4343
4343 4242
4242 4343
4343 4343
4343 4343
4343 5660
5660 4343
4343 7759
7759 4343
4343 7778
7778 4343
4343 8858
8858 4343
4343 11913
11913 4343
4343 14835
14835 4343
4355 4355
4355 4355
4355 10410
10410 4355
4370 19870
19870 4370
4406 213
213 4406
4406 4406
4406 4406
4406 5660
5660 4406
4406 10168
10168 4406
4406 13786
13786 4406
4406 21954
21954 4406
4406 22513
22513 4406
4407 4973
4973 4407
4407 8005
8005 4407
4408 4242
4242 4408
4408 11480
11480 4408
4408 11578
11578 4408
4440 8705
8705 4440
4440 9398
9398 4440
4441 4441
4441 4441
4447 23535
23535 4447
4459 11452
11452 4459
4459 14647
14647 4459
4462 4462
4462 4462
4462 6687
6687 4462
4462 11393
11393 4462
4462 11430
11430 4462
4533 6549
6549 4533
4533 11378
11378 4533
4552 2467
2467 4552
4552 4552
4552 4552
4552 17392
17392 4552
4552 24252
24252 4552
4559 1740
1740 4559
4567 9586
9586 4567
4578 24498
24498 4578
4583 4583
4583 4583
4607 4607
4607 4607
4607 10097
10097 4607
4607 10410
10410 4607
4616 4616
4616 4616
4642 19915
19915 4642
4660 4660
4660 4660
4667 10047
10047 4667
4667 24033
24033 4667
4685 116
116 4685
4685 1426
1426 4685
4685 4685
4685 4685
4685 8921
8921 4685
4685 11502
11502 4685
4685 11616
11616 4685
4685 16256
16256 4685
4685 24265
24265 4685
4712 4712
4712 4712
4712 8444
8444 4712
4719 7673
7673 4719
4724 1846
1846 4724
4724 2497
2497 4724
4735 8076
8076 4735
4735 11676
11676 4735
4769 4769
4769 4769
4769 8421
8421 4769
4781 10097
10097 4781
4781 11622
11622 4781
4781 17298
17298 4781
4816 4816
4816 4816
4829 213
213 4829
4829 2134
2134 4829
4829 6074
6074 4829
4829 6851
6851 4829
4829 7478
7478 4829
4829 8421
8421 4829
4829 10620
10620 4829
4829 10935
10935 4829
4829 11885
11885 4829
4829 22466
22466 4829
4917 11593
11593 4917
4920 287
287 4920
4920 570
570 4920
4920 1971
1971 4920
4920 2036
2036 4920
4920 2592
2592 4920
4920 2831
2831 4920
4920 4920
4920 4920
4920 5178
5178 4920
4920 5447
5447 4920
4920 6010
6010 4920
4920 6529
6529 4920
4920 7987
7987 4920
4920 8151
8151 4920
4920 8321
8321 4920
4920 10343
10343 4920
4920 11078
11078 4920
4920 11149
11149 4920
4920 11280
11280 4920
4920 11430
11430 4920
4920 11441
11441 4920
4920 11507
11507 4920
4920 11582
11582 4920
4920 11600
11600 4920
4920 11668
11668 4920
4920 11680
11680 4920
4920 11725
11725 4920
4920 11769
11769 4920
4920 11850
11850 4920
4920 13786
13786 4920
4920 14500
14500 4920
4920 14583
14583 4920
4920 15117
15117 4920
4920 18323
18323 4920
4920 19149
19149 4920
4920 19901
19901 4920
4920 20817
20817 4920
4920 21192
21192 4920
4920 21954
21954 4920
4928 287
287 4928
4928 4928
4928 4928
4928 11402
11402 4928
4928 11609
11609 4928
4928 12358
12358 4928
4952 4952
4952 4952
4952 11564
11564 4952
4952 14920
14920 4952
5010 5261
5261 5010
5010 10864
10864 5010
5010 18401
18401 5010
5052 20771
20771 5052
5087 4121
4121 5087
5107 5409
5409 5107
5112 9025
9025 5112
5152 1137
1137 5152
5152 1887
1887 5152
5152 2467
2467 5152
5152 2939
2939 5152
5152 4343
4343 5152
5152 5660
5660 5152
5152 5776
5776 5152
5152 9057
9057 5152
5152 13066
13066 5152
5152 14224
14224 5152
5152 21954
21954 5152
5176 14224
14224 5176
5178 287
287 5178
5178 929
929 5178
5178 5178
5178 5178
5178 5447
5447 5178
5178 6098
6098 5178
5178 6247
6247 5178
5178 7778
7778 5178
5178 9312
9312 5178
5178 11668
11668 5178
5178 11670
11670 5178
5178 11769
11769 5178
5178 11807
11807 5178
5178 11929
11929 5178
5178 13786
13786 5178
5178 15404
15404 5178
5178 16018
16018 5178
5178 16256
16256 5178
5178 19901
19901 5178
5178 19915
19915 5178
5178 22598
22598 5178
5178 23223
23223 5178
5189 22221
22221 5189
5193 1971
1971 5193
5198 929
929 5198
5198 6666
6666 5198
5231 24641
24641 5231
5261 320
320 5261
5261 2592
2592 5261
5261 5010
5010 5261
5261 5261
5261 5261
5261 5539
5539 5261
5261 6124
6124 5261
5261 6432
6432 5261
5261 8927
8927 5261
5261 8935
8935 5261
5261 11461
11461 5261
5261 11639
11639 5261
5261 12135
12135 5261
5261 23235
23235 5261
5261 24224
24224 5261
5274 4928
4928 5274
5274 6601
6601 5274
5274 10699
10699 5274
5274 11369
11369 5274
5274 17157
17157 5274
5282 5282
5282 5282
5282 14888
14888 5282
5284 12519
12519 5284
5307 5946
5946 5307
5310 5310
5310 5310
5311 2438
2438 5311
5311 10326
10326 5311
5311 11430
11430 5311
5325 5325
5325 5325
5328 11430
11430 5328
5345 2438
2438 5345
5345 9398
9398 5345
5345 11659
11659 5345
5345 12546
12546 5345
5369 4271
4271 5369
5369 10566
10566 5369
5369 11907
11907 5369
5409 5409
5409 5409
5409 8996
8996 5409
5409 15117
15117 5409
5409 18602
18602 5409
5411 6124
6124 5411
5411 24393
24393 5411
5446 13969
13969 5446
5447 4920
4920 5447
5447 5447
5447 5447
5485 255
255 5485
5485 5485
5485 5485
5519 834
834 5519
5519 1913
1913 5519
5519 2794
2794 5519
5519 5519
5519 5519
5519 5946
5946 5519
5519 6975
6975 5519
5519 7760
7760 5519
5519 8271
8271 5519
5519 11545
11545 5519
5519 11562
11562 5519
5519 11633
11633 5519
5519 14267
14267 5519
5519 14920
14920 5519
5519 15161
15161 5519
5519 16186
16186 5519
5519 19999
19999 5519
5544 10052
10052 5544
5544 10307
10307 5544
5583 14691
14691 5583
5625 4242
4242 5625
5625 11388
11388 5625
5625 24720
24720 5625
5639 6937
6937 5639
5639 7778
7778 5639
5639 10121
10121 5639
5639 11494
11494 5639
5639 11619
11619 5639
5643 5643
5643 5643
5644 5644
5644 5644
5644 6247
6247 5644
5644 6575
6575 5644
5644 11480
11480 5644
5644 11489
11489 5644
5644 23223
23223 5644
5645 6049
6049 5645
5658 451
451 5658
5658 5658
5658 5658
5658 8436
8436 5658
5658 9370
9370 5658
5658 20638
20638 5658
5660 213
213 5660
5660 833
833 5660
5660 1221
1221 5660
5660 2467
2467 5660
5660 4343
4343 5660
5660 4406
4406 5660
5660 5660
5660 5660
5660 7338
7338 5660
5660 9909
9909 5660
5660 9936
9936 5660
5660 11048
11048 5660
5660 11171
11171 5660
5660 11602
11602 5660
5660 11798
11798 5660
5660 14691
14691 5660
5660 22513
22513 5660
5660 23535
23535 5660
5677 252
252 5677
5677 1105
1105 5677
5677 5677
5677 5677
5677 8116
8116 5677
5677 11378
11378 5677
5677 11393
11393 5677
5677 14361
14361 5677
5677 20892
20892 5677
5692 287
287 5692
5692 726
726 5692
5703 5703
5703 5703
5703 12900
12900 5703
5761 5761
5761 5761
5769 11674
11674 5769
5769 19882
19882 5769
5776 20242
20242 5776
5793 6149
6149 5793
5795 5795
5795 5795
5795 11534
11534 5795
5801 24033
24033 5801
5808 1221
1221 5808
5852 1426
1426 5852
5887 0
0 5887
5887 5866
5866 5887
5887 24682
24682 5887
5892 1312
1312 5892
5892 4967
4967 5892
5892 5892
5892 5892
5892 8421
8421 5892
5892 10109
10109 5892
5892 11662
11662 5892
5892 12369
12369 5892
5946 1165
1165 5946
5946 1846
1846 5946
5946 1913
1913 5946
5946 2733
2733 5946
5946 2794
2794 5946
5946 3049
3049 5946
5946 3528
3528 5946
5946 3576
3576 5946
5946 3943
3943 5946
5946 4331
4331 5946
5946 5307
5307 5946
5946 5946
5946 5946
5946 7338
7338 5946
5946 7760
7760 5946
5946 8076
8076 5946
5946 11423
11423 5946
5946 11507
11507 5946
5946 11545
11545 5946
5946 11598
11598 5946
5946 11633
11633 5946
5946 11652
11652 5946
5946 11762
11762 5946
5946 11795
11795 5946
5946 12834
12834 5946
5946 14691
14691 5946
5946 15450
15450 5946
5946 15638
15638 5946
5946 17801
17801 5946
5946 18602
18602 5946
5946 18917
18917 5946
5946 19023
19023 5946
5946 19437
19437 5946
5946 19440
19440 5946
5946 20242
20242 5946
5946 22513
22513 5946
5946 24692
24692 5946
5947 5947
5947 5947
5954 11878
11878 5954
5957 6790
6790 5957
5969 18619
18619 5969
6009 1532
1532 6009
6009 21634
21634 6009
6010 6010
6010 6010
6017 6017
6017 6017
6017 11378
11378 6017
6017 14835
14835 6017
6036 1116
1116 6036
6036 2997
2997 6036
6047 11887
11887 6047
6049 6049
6049 6049
6069 6069
6069 6069
6069 21899
21899 6069
6090 4154
4154 6090
6090 6090
6090 6090
6095 6095
6095 6095
6095 11378
11378 6095
6095 19442
19442 6095
6095 21954
21954 6095
6098 929
929 6098
6098 5178
5178 6098
6098 6098
6098 6098
6098 15542
15542 6098
6104 11369
11369 6104
6117 11467
11467 6117
6124 6124
6124 6124
6124 11434
11434 6124
6124 11541
11541 6124
6124 11832
11832 6124
6167 6098
6098 6167
6167 6167
6167 6167
6167 9025
9025 6167
6167 11494
11494 6167
6234 213
213 6234
6247 570
570 6247
6247 1403
1403 6247
6247 2104
2104 6247
6247 5243
5243 6247
6247 6069
6069 6247
6247 6247
6247 6247
6247 6937
6937 6247
6247 10047
10047 6247
6247 10956
10956 6247
6247 11078
11078 6247
6247 11483
11483 6247
6247 11537
11537 6247
6247 11572
11572 6247
6247 11722
11722 6247
6247 11769
11769 6247
6247 11807
11807 6247
6247 11850
11850 6247
6247 13485
13485 6247
6247 21899
21899 6247
6264 894
894 6264
6264 13191
13191 6264
6264 19498
19498 6264
6278 280
280 6278
6278 1913
1913 6278
6285 115
115 6285
6318 10052
10052 6318
6369 2053
2053 6369
6369 5105
5105 6369
6369 6049
6049 6369
6432 14361
14361 6432
6437 6437
6437 6437
6437 11776
11776 6437
6457 11676
11676 6457
6476 6476
6476 6476
6488 6488
6488 6488
6488 7778
7778 6488
6528 7410
7410 6528
6531 24393
24393 6531
6547 6547
6547 6547
6547 7510
7510 6547
6547 8436
8436 6547
6547 12135
12135 6547
6549 6549
6549 6549
6549 7347
7347 6549
6549 11532
11532 6549
6549 24519
24519 6549
6557 4242
4242 6557
6557 6557
6557 6557
6557 9853
9853 6557
6557 11114
11114 6557
6557 11575
11575 6557
6557 11767
11767 6557
6557 11907
11907 6557
6557 23360
23360 6557
6557 24385
24385 6557
6575 11196
11196 6575
6589 4973
4973 6589
6589 7244
7244 6589
6589 9082
9082 6589
6598 287
287 6598
6598 10273
10273 6598
6598 11581
11581 6598
6598 11673
11673 6598
6598 16884
16884 6598
6598 19871
19871 6598
6633 14595
14595 6633
6638 6638
6638 6638
6662 287
287 6662
6666 6666
6666 6666
6666 10801
10801 6666
6666 11472
11472 6666
6666 11554
11554 6666
6666 11655
11655 6666
6666 13184
13184 6666
6666 15814
15814 6666
6666 19087
19087 6666
6666 19901
19901 6666
6677 2831
2831 6677
6687 4462
4462 6687
6687 14691
14691 6687
6712 4158
4158 6712
6712 20892
20892 6712
6712 24442
24442 6712
6735 8921
8921 6735
6735 11254
11254 6735
6735 11498
11498 6735
6736 22221
22221 6736
6790 6790
6790 6790
6790 11406
11406 6790
6815 5449
5449 6815
6815 6815
6815 6815
6815 10864
10864 6815
6815 11812
11812 6815
6836 560
560 6836
6836 11318
11318 6836
6836 15450
15450 6836
6850 1846
1846 6850
6850 8104
8104 6850
6850 11517
11517 6850
6850 18602
18602 6850
6852 11480
11480 6852
6874 9853
9853 6874
6887 2197
2197 6887
6887 6887
6887 6887
6917 3372
3372 6917
6917 4158
4158 6917
6917 6917
6917 6917
6917 11515
11515 6917
6917 11563
11563 6917
6917 11574
11574 6917
6917 11576
11576 6917
6917 16591
16591 6917
6937 1582
1582 6937
6937 6937
6937 6937
6944 9067
9067 6944
6960 6960
6960 6960
6960 15117
15117 6960
6961 6961
6961 6961
6961 8271
8271 6961
6961 9239
9239 6961
6961 9821
9821 6961
6961 11567
11567 6961
6961 11767
11767 6961
6961 11924
11924 6961
6975 6975
6975 6975
6975 11078
11078 6975
6999 6999
6999 6999
6999 7682
7682 6999
6999 8993
8993 6999
7006 7006
7006 7006
7006 11598
11598 7006
7006 11645
11645 7006
7022 11667
11667 7022
7074 7074
7074 7074
7107 929
929 7107
7107 6601
6601 7107
7107 10742
10742 7107
7107 23171
23171 7107
7152 701
701 7152
7175 349
349 7175
7175 7175
7175 7175
7186 11495
11495 7186
7186 11638
11638 7186
7186 22217
22217 7186
7209 9312
9312 7209
7209 24518
24518 7209
7213 2387
2387 7213
7244 7244
7244 7244
7266 1951
1951 7266
7338 1692
1692 7338
7338 7338
7338 7338
7347 11378
11378 7347
7392 22730
22730 7392
7410 6192
6192 7410
7410 7410
7410 7410
7410 11411
11411 7410
7425 7425
7425 7425
7470 213
213 7470
7470 11106
11106 7470
7478 4829
4829 7478
7499 11492
11492 7499
7499 15406
15406 7499
7510 3921
3921 7510
7510 5371
5371 7510
7514 1913
1913 7514
7514 4920
4920 7514
7514 8271
8271 7514
7514 11480
11480 7514
7514 18602
18602 7514
7514 19138
19138 7514
7565 5178
5178 7565
7566 6937
6937 7566
7601 1913
1913 7601
7601 7601
7601 7601
7601 8247
8247 7601
7601 11507
11507 7601
7601 11589
11589 7601
7601 16186
16186 7601
7601 19138
19138 7601
7601 24265
24265 7601
7617 11552
11552 7617
7630 5677
5677 7630
7648 287
287 7648
7648 1173
1173 7648
7648 6549
6549 7648
7648 8436
8436 7648
7648 9239
9239 7648
7648 10410
10410 7648
7648 10566
10566 7648
7648 11043
11043 7648
7648 24692
24692 7648
7673 7673
7673 7673
7682 7682
7682 7682
7682 11474
11474 7682
7696 8944
8944 7696
7720 7720
7720 7720
7720 8996
8996 7720
7759 4343
4343 7759
7759 4928
4928 7759
7759 5345
5345 7759
7759 6851
6851 7759
7759 7759
7759 7759
7759 8238
8238 7759
7759 9082
9082 7759
7759 11562
11562 7759
7759 11619
11619 7759
7759 11672
11672 7759
7759 11887
11887 7759
7759 14835
14835 7759
7759 15161
15161 7759
7759 18602
18602 7759
7760 7760
7760 7760
7764 2134
2134 7764
7764 7764
7764 7764
7764 8421
8421 7764
7778 1117
1117 7778
7778 4343
4343 7778
7778 5310
5310 7778
7778 5639
5639 7778
7778 6488
6488 7778
7778 7778
7778 7778
7778 8297
8297 7778
7778 8463
8463 7778
7778 9082
9082 7778
7778 9312
9312 7778
7778 10062
10062 7778
7778 11572
11572 7778
7778 13606
13606 7778
7778 21699
21699 7778
7778 23912
23912 7778
7798 763
763 7798
7798 3528
3528 7798
7798 10467
10467 7798
7816 7347
7347 7816
7888 4121
4121 7888
7888 5449
5449 7888
7888 7888
7888 7888
7888 14232
14232 7888
7888 19901
19901 7888
7894 1105
1105 7894
7894 1822
1822 7894
7895 10307
10307 7895
7935 4242
4242 7935
7987 4920
4920 7987
7987 7987
7987 7987
7990 6247
6247 7990
7990 6937
6937 7990
7990 10246
10246 7990
7990 14920
14920 7990
8005 252
252 8005
8005 2633
2633 8005
8005 9924
9924 8005
8032 1422
1422 8032
8076 8076
8076 8076
8102 3528
3528 8102
8102 4660
4660 8102
8102 5808
5808 8102
8102 7347
7347 8102
8102 8102
8102 8102
8102 8352
8352 8102
8102 8421
8421 8102
8102 10467
10467 8102
8102 11078
11078 8102
8102 11587
11587 8102
8102 19355
19355 8102
8104 4242
4242 8104
8104 6850
6850 8104
8104 8104
8104 8104
8104 11861
11861 8104
8107 14595
14595 8107
8116 8116
8116 8116
8127 11672
11672 8127
8151 8151
8151 8151
8160 8160
8160 8160
8160 8996
8996 8160
8160 11576
11576 8160
8160 11623
11623 8160
8167 6270
6270 8167
8211 5282
5282 8211
8211 14888
14888 8211
8238 601
601 8238
8238 11043
11043 8238
8239 2361
2361 8239
8239 8239
8239 8239
8239 14361
14361 8239
8247 7601
7601 8247
8247 15229
15229 8247
8252 2373
2373 8252
8252 8252
8252 8252
8271 5519
5519 8271
8271 7514
7514 8271
8271 11508
11508 8271
8271 11920
11920 8271
8295 3506
3506 8295
8295 4660
4660 8295
8295 11554
11554 8295
8297 287
287 8297
8297 6010
6010 8297
8297 7778
7778 8297
8297 11653
11653 8297
8297 19901
19901 8297
8305 3152
3152 8305
8305 9933
9933 8305
8305 13181
13181 8305
8305 20817
20817 8305
8305 21954
21954 8305
8305 24250
24250 8305
8309 6247
6247 8309
8309 8309
8309 8309
8319 1013
1013 8319
8321 8321
8321 8321
8352 8352
8352 8352
8363 8363
8363 8363
8403 11795
11795 8403
8421 709
709 8421
8421 993
993 8421
8421 1221
1221 8421
8421 1913
1913 8421
8421 2134
2134 8421
8421 2388
2388 8421
8421 2748
2748 8421
8421 3528
3528 8421
8421 4150
4150 8421
8421 4769
4769 8421
8421 4829
4829 8421
8421 5892
5892 8421
8421 6074
6074 8421
8421 7764
7764 8421
8421 8352
8352 8421
8421 8421
8421 8421
8421 8463
8463 8421
8421 9295
9295 8421
8421 10062
10062 8421
8421 11423
11423 8421
8421 11494
11494 8421
8421 11509
11509 8421
8421 11606
11606 8421
8421 11738
11738 8421
8421 11837
11837 8421
8421 11881
11881 8421
8421 12848
12848 8421
8421 14304
14304 8421
8421 14691
14691 8421
8421 18440
18440 8421
8421 20917
20917 8421
8421 21954
21954 8421
8421 24670
24670 8421
8421 24734
24734 8421
8436 5325
5325 8436
8436 6547
6547 8436
8436 8436
8436 8436
8436 9239
9239 8436
8436 10148
10148 8436
8436 10410
10410 8436
8436 10509
10509 8436
8436 11400
11400 8436
8436 11407
11407 8436
8436 11415
11415 8436
8436 11426
11426 8436
8436 11561
11561 8436
8436 11574
11574 8436
8436 11801
11801 8436
8436 18602
18602 8436
8436 20638
20638 8436
8456 1887
1887 8456
8477 8477
8477 8477
8520 11378
11378 8520
8632 1740
1740 8632
8632 8632
8632 8632
8632 13969
13969 8632
8650 18917
18917 8650
8657 1861
1861 8657
8659 8659
8659 8659
8659 10410
10410 8659
8664 16884
16884 8664
8705 320
320 8705
8705 11149
11149 8705
8735 11448
11448 8735
8787 11447
11447 8787
8813 1140
1140 8813
8813 3874
3874 8813
8820 2592
2592 8820
8846 8846
8846 8846
8846 11625
11625 8846
8846 11627
11627 8846
8852 3172
3172 8852
8852 8852
8852 8852
8921 20
20 8921
8921 8921
8921 8921
8921 9082
9082 8921
8921 11479
11479 8921
8921 11791
11791 8921
8921 11929
11929 8921
8935 1934
1934 8935
8935 3986
3986 8935
8935 4928
4928 8935
8935 6247
6247 8935
8935 6270
6270 8935
8935 8076
8076 8935
8935 8659
8659 8935
8935 8935
8935 8935
8935 9239
9239 8935
8935 10410
10410 8935
8935 11280
11280 8935
8935 11881
11881 8935
8935 12135
12135 8935
8935 13969
13969 8935
8935 14500
14500 8935
8935 14969
14969 8935
8935 19438
19438 8935
8935 23235
23235 8935
8944 7696
7696 8944
8944 8944
8944 8944
8944 11614
11614 8944
8966 2352
2352 8966
8966 13969
13969 8966
8975 11542
11542 8975
8984 2361
2361 8984
8984 6149
6149 8984
8984 18602
18602 8984
8993 6999
6999 8993
8995 1846
1846 8995
8996 2349
2349 8996
8996 3620
3620 8996
8996 3705
3705 8996
8996 5409
5409 8996
8996 8996
8996 8996
8996 10331
10331 8996
8996 11583
11583 8996
8996 14888
14888 8996
8996 17675
17675 8996
8996 21786
21786 8996
8996 23235
23235 8996
9005 16213
16213 9005
9005 18381
18381 9005
9011 4196
4196 9011
9011 4928
4928 9011
9011 6975
6975 9011
9011 9011
9011 9011
9011 10566
10566 9011
9011 11210
11210 9011
9011 11430
11430 9011
9011 11632
11632 9011
9011 11636
11636 9011
9011 11649
11649 9011
9011 11880
11880 9011
9011 14740
14740 9011
9011 16909
16909 9011
9011 22160
22160 9011
9011 22466
22466 9011
9011 24393
24393 9011
9018 215
215 9018
9022 231
231 9022
9022 834
834 9022
9022 11530
11530 9022
9025 213
213 9025
9025 804
804 9025
9025 876
876 9025
9025 2158
2158 9025
9025 2349
2349 9025
9025 2592
2592 9025
9025 4331
4331 9025
9025 5112
5112 9025
9025 6937
6937 9025
9025 9025
9025 9025
9025 11601
11601 9025
9025 11619
11619 9025
9025 11929
11929 9025
9025 16213
16213 9025
9057 642
642 9057
9057 876
876 9057
9057 890
890 9057
9057 1382
1382 9057
9057 1861
1861 9057
9057 1887
1887 9057
9057 2194
2194 9057
9057 2655
2655 9057
9057 3168
3168 9057
9057 3172
3172 9057
9057 4928
4928 9057
9057 6098
6098 9057
9057 6589
6589 9057
9057 7347
7347 9057
9057 8540
8540 9057
9057 8935
8935 9057
9057 8944
8944 9057
9057 9057
9057 9057
9057 9082
9082 9057
9057 11078
11078 9057
9057 11217
11217 9057
9057 11329
11329 9057
9057 11382
11382 9057
9057 11406
11406 9057
9057 11475
11475 9057
9057 11504
11504 9057
9057 11511
11511 9057
9057 11537
11537 9057
9057 11614
11614 9057
9057 11646
11646 9057
9057 11652
11652 9057
9057 11769
11769 9057
9057 19866
19866 9057
9057 20904
20904 9057
9057 21786
21786 9057
9067 1740
1740 9067
9067 4187
4187 9067
9067 6712
6712 9067
9067 6944
6944 9067
9067 8632
8632 9067
9067 9067
9067 9067
9067 11372
11372 9067
9082 570
570 9082
9082 3130
3130 9082
9082 6589
6589 9082
9082 7425
7425 9082
9082 9082
9082 9082
9082 17058
17058 9082
9082 18602
18602 9082
9082 19901
19901 9082
9098 13684
13684 9098
9140 9140
9140 9140
9177 255
255 9177
9177 9177
9177 9177
9177 10027
10027 9177
9177 10864
10864 9177
9177 11534
11534 9177
9177 11548
11548 9177
9177 11662
11662 9177
9177 11929
11929 9177
9177 20517
20517 9177
9185 3255
3255 9185
9185 5540
5540 9185
9185 8005
8005 9185
9185 9082
9082 9185
9185 9185
9185 9185
9185 9312
9312 9185
9213 1788
1788 9213
9213 9213
9213 9213
9238 4920
4920 9238
9238 6010
6010 9238
9238 6247
6247 9238
9238 10285
10285 9238
9238 11929
11929 9238
9238 16256
16256 9238
9239 213
213 9239
9239 1312
1312 9239
9239 1913
1913 9239
9239 2592
2592 9239
9239 6247
6247 9239
9239 7499
7499 9239
9239 8935
8935 9239
9239 9239
9239 9239
9239 9370
9370 9239
9239 10864
10864 9239
9239 11464
11464 9239
9239 11565
11565 9239
9239 11632
11632 9239
9239 12211
12211 9239
9239 13969
13969 9239
9239 19438
19438 9239
9239 19882
19882 9239
9251 309
309 9251
9251 3348
3348 9251
9251 4187
4187 9251
9251 7720
7720 9251
9251 8632
8632 9251
9251 9251
9251 9251
9251 9363
9363 9251
9251 10148
10148 9251
9251 11553
11553 9251
9251 16998
16998 9251
9251 17298
17298 9251
9251 21240
21240 9251
9256 9256
9256 9256
9256 11657
11657 9256
9295 8421
8421 9295
9312 5489
5489 9312
9312 9312
9312 9312
9325 2164
2164 9325
9351 9351
9351 9351
9354 451
451 9354
9359 1410
1410 9359
9363 11801
11801 9363
9363 21240
21240 9363
9365 7619
7619 9365
9365 10523
10523 9365
9365 17333
17333 9365
9365 19138
19138 9365
9365 19915
19915 9365
9370 5658
5658 9370
9398 8436
8436 9398
9398 11374
11374 9398
9405 6945
6945 9405
9450 1822
1822 9450
9450 4158
4158 9450
9450 9474
9474 9450
9450 9891
9891 9450
9450 11374
11374 9450
9450 11574
11574 9450
9450 18381
18381 9450
9450 22134
22134 9450
9474 9474
9474 9474
9524 18764
18764 9524
9540 255
255 9540
9540 3702
3702 9540
9551 213
213 9551
9553 814
814 9553
9553 3152
3152 9553
9555 10410
10410 9555
9584 4406
4406 9584
9585 11378
11378 9585
9600 2361
2361 9600
9600 4448
4448 9600
9600 6638
6638 9600
9600 9600
9600 9600
9600 11078
11078 9600
9600 11507
11507 9600
9603 1921
1921 9603
9660 11861
11861 9660
9677 9677
9677 9677
9677 11543
11543 9677
9679 1140
1140 9679
9679 6589
6589 9679
9679 9109
9109 9679
9679 11217
11217 9679
9724 4928
4928 9724
9724 5325
5325 9724
9764 4816
4816 9764
9764 9063
9063 9764
9789 9789
9789 9789
9798 9798
9798 9798
9820 9820
9820 9820
9821 6961
6961 9821
9821 9821
9821 9821
9827 9827
9827 9827
9833 9833
9833 9833
9833 20355
20355 9833
9834 9834
9834 9834
9834 10935
10935 9834
9834 12135
12135 9834
9834 22283
22283 9834
9842 726
726 9842
9842 1140
1140 9842
9842 1913
1913 9842
9842 2467
2467 9842
9842 3168
3168 9842
9842 3874
3874 9842
9842 8271
8271 9842
9842 11769
11769 9842
9842 11841
11841 9842
9842 15161
15161 9842
9853 1426
1426 9853
9853 5105
5105 9853
9853 9853
9853 9853
9891 9450
9450 9891
9891 9891
9891 9891
9909 5660
5660 9909
9909 9909
9909 9909
9933 9933
9933 9933
9933 10410
10410 9933
9936 9936
9936 9936
9966 16047
16047 9966
10001 11642
11642 10001
10006 5105
5105 10006
10027 12894
12894 10027
10047 10047
10047 10047
10052 10052
10052 10052
10057 16983
16983 10057
10057 18051
18051 10057
10062 10062
10062 10062
10092 1137
1137 10092
10092 4572
4572 10092
10092 10092
10092 10092
10097 4607
4607 10097
10121 3576
3576 10121
10121 7499
7499 10121
10121 10121
10121 10121
10121 11483
11483 10121
10121 11638
11638 10121
10121 11769
11769 10121
10148 7946
7946 10148
10148 8436
8436 10148
10148 10148
10148 10148
10168 213
213 10168
10168 4406
4406 10168
10168 10168
10168 10168
10168 11659
11659 10168
10183 14805
14805 10183
10197 4121
4121 10197
10207 3069
3069 10207
10207 10207
10207 10207
10242 10573
10573 10242
10273 10273
10273 10273
10307 2592
2592 10307
10307 7499
7499 10307
10307 7895
7895 10307
10307 10331
10331 10307
10307 11444
11444 10307
10307 11676
11676 10307
10323 9365
9365 10323
10326 2442
2442 10326
10326 10326
10326 10326
10326 22882
22882 10326
10331 10331
10331 10331
10343 4920
4920 10343
10343 6960
6960 10343
10343 10343
10343 10343
10343 11293
11293 10343
10343 11468
11468 10343
10356 4186
4186 10356
10356 10356
10356 10356
10356 17801
17801 10356
10384 5140
5140 10384
10384 5643
5643 10384
10384 8271
8271 10384
10384 11271
11271 10384
10384 11464
11464 10384
10398 10398
10398 10398
10398 16591
16591 10398
10410 709
709 10410
10410 2978
2978 10410
10410 3620
3620 10410
10410 4355
4355 10410
10410 4607
4607 10410
10410 7198
7198 10410
10410 7759
7759 10410
10410 7895
7895 10410
10410 8076
8076 10410
10410 8310
8310 10410
10410 8659
8659 10410
10410 8857
8857 10410
10410 9109
9109 10410
10410 9555
9555 10410
10410 9933
9933 10410
10410 10410
10410 10410
10410 10509
10509 10410
10410 10760
10760 10410
10410 11114
11114 10410
10410 11361
11361 10410
10410 11423
11423 10410
10410 11434
11434 10410
10410 11457
11457 10410
10410 11500
11500 10410
10410 11506
11506 10410
10410 11535
11535 10410
10410 11563
11563 10410
10410 11615
11615 10410
10410 11646
11646 10410
10410 11756
11756 10410
10410 11767
11767 10410
10410 11879
11879 10410
10410 11907
11907 10410
10410 11924
11924 10410
10410 12211
12211 10410
10410 15161
15161 10410
10410 17801
17801 10410
10410 20638
20638 10410
10410 22513
22513 10410
10410 24198
24198 10410
10410 24265
24265 10410
10412 1658
1658 10412
10412 10412
10412 10412
10412 11657
11657 10412
10467 10467
10467 10467
10467 13027
13027 10467
10526 10526
10526 10526
10558 8076
8076 10558
10558 24464
24464 10558
10566 1913
1913 10566
10566 2592
2592 10566
10566 4355
4355 10566
10566 6815
6815 10566
10566 6943
6943 10566
10566 7648
7648 10566
10566 8436
8436 10566
10566 9025
9025 10566
10566 9853
9853 10566
10566 10242
10242 10566
10566 10566
10566 10566
10566 11217
11217 10566
10566 11482
11482 10566
10566 11632
11632 10566
10566 16909
16909 10566
10566 21786
21786 10566
10566 24393
24393 10566
10573 9936
9936 10573
10573 10242
10242 10573
10573 10573
10573 10573
10574 10574
10574 10574
10598 11507
11507 10598
10599 10599
10599 10599
10620 213
213 10620
10634 451
451 10634
10661 10661
10661 10661
10664 11430
11430 10664
10676 11345
11345 10676
10676 19861
19861 10676
10677 1312
1312 10677
10677 2592
2592 10677
10677 10445
10445 10677
10677 10677
10677 10677
10677 10760
10760 10677
10677 11671
11671 10677
10677 11756
11756 10677
10677 16613
16613 10677
10677 19915
19915 10677
10677 20771
20771 10677
10677 24393
24393 10677
10681 10681
10681 10681
10681 11738
11738 10681
10681 11792
11792 10681
10742 929
929 10742
10742 11167
11167 10742
10760 10410
10410 10760
10760 10760
10760 10760
10801 6666
6666 10801
10801 10801
10801 10801
10811 10811
10811 10811
10811 11517
11517 10811
10811 11598
11598 10811
10811 11661
11661 10811
10811 11666
11666 10811
10811 11675
11675 10811
10811 24033
24033 10811
10862 4242
4242 10862
10862 11657
11657 10862
10862 13066
13066 10862
10864 9239
9239 10864
10864 10864
10864 10864
10864 11767
11767 10864
10885 3733
3733 10885
10891 18574
18574 10891
10905 11580
11580 10905
10935 9834
9834 10935
10935 10935
10935 10935
10935 22283
22283 10935
10952 1116
1116 10952
10956 6247
6247 10956
10956 15814
15814 10956
10986 19685
19685 10986
11026 11596
11596 11026
11033 11033
11033 11033
11040 11572
11572 11040
11043 11043
11043 11043
11048 701
701 11048
11056 11609
11609 11056
11056 11844
11844 11056
11076 285
285 11076
11076 4242
4242 11076
11076 10259
10259 11076
11076 11378
11378 11076
11076 11457
11457 11076
11076 11638
11638 11076
11076 14920
14920 11076
11076 23472
23472 11076
11078 231
231 11078
11078 503
503 11078
11078 834
834 11078
11078 929
929 11078
11078 1426
1426 11078
11078 1582
1582 11078
11078 2384
2384 11078
11078 3172
3172 11078
11078 3528
3528 11078
11078 4210
4210 11078
11078 4685
4685 11078
11078 4920
4920 11078
11078 5447
5447 11078
11078 6247
6247 11078
11078 6975
6975 11078
11078 7987
7987 11078
11078 8102
8102 11078
11078 9842
9842 11078
11078 9924
9924 11078
11078 10197
10197 11078
11078 10891
10891 11078
11078 11078
11078 11078
11078 11217
11217 11078
11078 11267
11267 11078
11078 11378
11378 11078
11078 11457
11457 11078
11078 11462
11462 11078
11078 11464
11464 11078
11078 11483
11483 11078
11078 11507
11507 11078
11078 11548
11548 11078
11078 11582
11582 11078
11078 11636
11636 11078
11078 11638
11638 11078
11078 11700
11700 11078
11078 11723
11723 11078
11078 11864
11864 11078
11078 11872
11872 11078
11078 12067
12067 11078
11078 12539
12539 11078
11078 12921
12921 11078
11078 13184
13184 11078
11078 13485
13485 11078
11078 14920
14920 11078
11078 17262
17262 11078
11078 17892
17892 11078
11078 19901
19901 11078
11078 20817
20817 11078
11078 22276
22276 11078
11078 22559
22559 11078
11078 22598
22598 11078
11078 23163
23163 11078
11078 23223
23223 11078
11082 1578
1578 11082
11087 2352
2352 11087
11087 8049
8049 11087
11106 11106
11106 11106
11114 1861
1861 11114
11114 11114
11114 11114
11114 24266
24266 11114
11124 11124
11124 11124
11144 11144
11144 11144
11149 1215
1215 11149
11149 11149
11149 11149
11156 11156
11156 11156
11167 255
255 11167
11167 4920
4920 11167
11167 6098
6098 11167
11167 10742
10742 11167
11167 11167
11167 11167
11167 11280
11280 11167
11167 11440
11440 11167
11167 11507
11507 11167
11167 11529
11529 11167
11167 15450
15450 11167
11167 23235
23235 11167
11171 11171
11171 11171
11180 18440
18440 11180
11196 1578
1578 11196
11196 2048
2048 11196
11196 4583
4583 11196
11196 10580
10580 11196
11196 11449
11449 11196
11196 11457
11457 11196
11196 13211
13211 11196
11204 1173
1173 11204
11204 11204
11204 11204
11210 18547
18547 11210
11217 11217
11217 11217
11243 20061
20061 11243
11254 11254
11254 11254
11254 11433
11433 11254
11271 11271
11271 11271
11280 2831
2831 11280
11280 4920
4920 11280
11280 10942
10942 11280
11280 11280
11280 11280
11280 11440
11440 11280
11280 11544
11544 11280
11293 11293
11293 11293
11313 1658
1658 11313
11313 1740
1740 11313
11313 11313
11313 11313
11313 13786
13786 11313
11313 21240
21240 11313
11318 6836
6836 11318
11343 11114
11114 11343
11345 11345
11345 11345
11350 51
51 11350
11361 11361
11361 11361
11361 22513
22513 11361
11371 11371
11371 11371
11371 14361
14361 11371
11374 11374
11374 11374
11378 6095
6095 11378
11378 11378
11378 11378
11378 17066
17066 11378
11378 24252
24252 11378
11380 6666
6666 11380
11380 19901
19901 11380
11382 11382
11382 11382
11383 2592
2592 11383
11392 11392
11392 11392
11393 2134
2134 11393
11393 8116
8116 11393
11393 8927
8927 11393
11393 11393
11393 11393
11394 2438
2438 11394
11394 11394
11394 11394
11395 11395
11395 11395
11399 451
451 11399
11400 8436
8436 11400
11401 3877
3877 11401
11402 1105
1105 11402
11402 4928
4928 11402
11403 12900
12900 11403
11404 11388
11388 11404
11405 11378
11378 11405
11406 1221
1221 11406
11406 1913
1913 11406
11406 6790
6790 11406
11406 10168
10168 11406
11409 18602
18602 11409
11411 5176
5176 11411
11411 7410
7410 11411
11411 8594
8594 11411
11411 11411
11411 11411
11413 1105
1105 11413
11413 11413
11413 11413
11413 12900
12900 11413
11416 16336
16336 11416
11419 11398
11398 11419
11420 1015
1015 11420
11424 14835
14835 11424
11424 20783
20783 11424
11425 349
349 11425
11426 11426
11426 11426
11428 3425
3425 11428
11429 269
269 11429
11429 2831
2831 11429
11429 11936
11936 11429
11430 11430
11430 11430
11430 19901
19901 11430
11431 11431
11431 11431
11431 12135
12135 11431
11433 11254
11254 11433
11435 11435
11435 11435
11436 11391
11391 11436
11438 401
401 11438
11441 2831
2831 11441
11444 10307
10307 11444
11445 242
242 11445
11445 11445
11445 11445
11446 11293
11293 11446
11447 8787
8787 11447
11448 15447
15447 11448
11449 11196
11196 11449
11450 710
710 11450
11451 10811
10811 11451
11451 11048
11048 11451
11452 4459
4459 11452
11454 19438
19438 11454
11455 11440
11440 11455
11456 525
525 11456
11457 285
285 11457
11457 11457
11457 11457
11457 24393
24393 11457
11458 9082
9082 11458
11458 11458
11458 11458
11459 10410
10410 11459
11461 11461
11461 11461
11464 2592
2592 11464
11464 9239
9239 11464
11464 11464
11464 11464
11465 11366
11366 11465
11466 11462
11462 11466
11467 6117
6117 11467
11470 5363
5363 11470
11471 830
830 11471
11471 11462
11462 11471
11472 6666
6666 11472
11473 18727
18727 11473
11476 3153
3153 11476
11479 11479
11479 11479
11480 5644
5644 11480
11480 11480
11480 11480
11480 11513
11513 11480
11480 11929
11929 11480
11480 24575
24575 11480
11483 11483
11483 11483
11484 503
503 11484
11487 19138
19138 11487
11489 5644
5644 11489
11490 11490
11490 11490
11493 11378
11378 11493
11493 11457
11457 11493
11493 11489
11489 11493
11493 11493
11493 11493
11494 6167
6167 11494
11494 8421
8421 11494
11494 11494
11494 11494
11496 11496
11496 11496
11497 9821
9821 11497
11501 21240
21240 11501
11502 11502
11502 11502
11503 11503
11503 11503
11504 9025
9025 11504
11505 8921
8921 11505
11506 11506
11506 11506
11507 4441
4441 11507
11507 9600
9600 11507
11507 11078
11078 11507
11507 11529
11529 11507
11508 11508
11508 11508
11508 11860
11860 11508
11511 11475
11475 11511
11511 11511
11511 11511
11513 11480
11480 11513
11513 11513
11513 11513
11514 11514
11514 11514
11515 11515
11515 11515
11516 3620
3620 11516
11516 6247
6247 11516
11517 6850
6850 11517
11519 804
804 11519
11520 24695
24695 11520
11521 11521
11521 11521
11527 11814
11814 11527
11527 12135
12135 11527
11529 11529
11529 11529
11530 9022
9022 11530
11530 11530
11530 11530
11532 11532
11532 11532
11535 3113
3113 11535
11535 11535
11535 11535
11538 12685
12685 11538
11539 2134
2134 11539
11543 9677
9677 11543
11544 1816
1816 11544
11544 5947
5947 11544
11544 11280
11280 11544
11544 11544
11544 11544
11545 11545
11545 11545
11546 11345
11345 11546
11546 14691
14691 11546
11547 24250
24250 11547
11548 11078
11078 11548
11552 11552
11552 11552
11552 18764
18764 11552
11554 2872
2872 11554
11554 11554
11554 11554
11557 1079
1079 11557
11558 11506
11506 11558
11559 6933
6933 11559
11561 4242
4242 11561
11562 2134
2134 11562
11562 2361
2361 11562
11562 5519
5519 11562
11562 11562
11562 11562
11562 16186
16186 11562
11563 10410
10410 11563
11563 11563
11563 11563
11564 11564
11564 11564
11568 11568
11568 11568
11573 11929
11929 11573
11575 11575
11575 11575
11576 6917
6917 11576
11577 4343
4343 11577
11577 11577
11577 11577
11577 11841
11841 11577
11578 11578
11578 11578
11580 11580
11580 11580
11581 11581
11581 11581
11582 4920
4920 11582
11582 19901
19901 11582
11584 8659
8659 11584
11585 11585
11585 11585
11587 11587
11587 11587
11587 11591
11591 11587
11588 11588
11588 11588
11589 24191
24191 11589
11591 11587
11587 11591
11592 11592
11592 11592
11596 11596
11596 11596
11596 21699
21699 11596
11598 11598
11598 11598
11600 1822
1822 11600
11600 11600
11600 11600
11602 5660
5660 11602
11602 20355
20355 11602
11603 11603
11603 11603
11604 11604
11604 11604
11605 11713
11713 11605
11606 11606
11606 11606
11609 213
213 11609
11609 11609
11609 11609
11611 701
701 11611
11612 11831
11831 11612
11613 21884
21884 11613
11614 11614
11614 11614
11614 11667
11667 11614
11615 11615
11615 11615
11616 11616
11616 11616
11616 20422
20422 11616
11619 11619
11619 11619
11626 11626
11626 11626
11627 8846
8846 11627
11628 12135
12135 11628
11631 11631
11631 11631
11632 11632
11632 11632
11633 11633
11633 11633
11633 14361
14361 11633
11634 11634
11634 11634
11636 11636
11636 11636
11638 11638
11638 11638
11638 24252
24252 11638
11639 11639
11639 11639
11642 11642
11642 11642
11643 7003
7003 11643
11644 11644
11644 11644
11645 7006
7006 11645
11649 11649
11649 11649
11650 18602
18602 11650
11653 11653
11653 11653
11654 11654
11654 11654
11654 15117
15117 11654
11655 6666
6666 11655
11657 1740
1740 11657
11657 6090
6090 11657
11657 9256
9256 11657
11657 10047
10047 11657
11657 10412
10412 11657
11657 10862
10862 11657
11657 11433
11433 11657
11657 11657
11657 11657
11657 13066
13066 11657
11657 19172
19172 11657
11658 5795
5795 11658
11659 11659
11659 11659
11660 11660
11660 11660
11661 11661
11661 11661
11662 11662
11662 11662
11663 11663
11663 11663
11664 11819
11819 11664
11664 20355
20355 11664
11665 2158
2158 11665
11667 11614
11614 11667
11667 11646
11646 11667
11667 11667
11667 11667
11667 12298
12298 11667
11670 5178
5178 11670
11675 11675
11675 11675
11676 11676
11676 11676
11677 11677
11677 11677
11680 451
451 11680
11680 570
570 11680
11680 1403
1403 11680
11680 3452
3452 11680
11680 4920
4920 11680
11680 5105
5105 11680
11680 5363
5363 11680
11680 6098
6098 11680
11680 6149
6149 11680
11680 6278
6278 11680
11680 6547
6547 11680
11680 8548
8548 11680
11680 8935
8935 11680
11680 8944
8944 11680
11680 9370
9370 11680
11680 9827
9827 11680
11680 9834
9834 11680
11680 11004
11004 11680
11680 11483
11483 11680
11680 11487
11487 11680
11680 11500
11500 11680
11680 11508
11508 11680
11680 11552
11552 11680
11680 11584
11584 11680
11680 11614
11614 11680
11680 11667
11667 11680
11680 11680
11680 11680
11680 18449
18449 11680
11680 18764
18764 11680
11680 19138
19138 11680
11680 20861
20861 11680
11680 24033
24033 11680
11680 24393
24393 11680
11680 24707
24707 11680
11683 11683
11683 11683
11684 4094
4094 11684
11684 5677
5677 11684
11684 11506
11506 11684
11684 11684
11684 11684
11684 18602
18602 11684
11684 20285
20285 11684
11688 709
709 11688
11688 5489
5489 11688
11688 11614
11614 11688
11691 11663
11663 11691
11693 11693
11693 11693
11698 11615
11615 11698
11698 11698
11698 11698
11700 2104
2104 11700
11700 5795
5795 11700
11700 11933
11933 11700
11700 21699
21699 11700
11701 16186
16186 11701
11703 231
231 11703
11703 4242
4242 11703
11703 4447
4447 11703
11703 8632
8632 11703
11703 11774
11774 11703
11703 11801
11801 11703
11707 23711
23711 11707
11713 2442
2442 11713
11715 7759
7759 11715
11715 9853
9853 11715
11715 10207
10207 11715
11715 11715
11715 11715
11715 16998
16998 11715
11715 19871
19871 11715
11723 11078
11078 11723
11725 6247
6247 11725
11725 7759
7759 11725
11725 9312
9312 11725
11725 18602
18602 11725
11733 3826
3826 11733
11740 11693
11693 11740
11743 5120
5120 11743
11743 9165
9165 11743
11743 14691
14691 11743
11746 155
155 11746
11749 11749
11749 11749
11750 17291
17291 11750
11752 11752
11752 11752
11756 10410
10410 11756
11756 11756
11756 11756
11757 11674
11674 11757
11757 11757
11757 11757
11758 252
252 11758
11758 23912
23912 11758
11761 2197
2197 11761
11762 11762
11762 11762
11762 19328
19328 11762
11762 19440
19440 11762
11762 24223
24223 11762
11764 11764
11764 11764
11765 11765
11765 11765
11767 20
20 11767
11767 6961
6961 11767
11767 10864
10864 11767
11767 11767
11767 11767
11767 11891
11891 11767
11767 14835
14835 11767
11767 23235
23235 11767
11776 11776
11776 11776
11783 11861
11861 11783
11792 20021
20021 11792
11797 18602
18602 11797
11798 231
231 11798
11798 21699
21699 11798
11801 11801
11801 11801
11807 6247
6247 11807
11808 701
701 11808
11814 8659
8659 11814
11814 11527
11527 11814
11817 6074
6074 11817
11819 1573
1573 11819
11819 8076
8076 11819
11819 8935
8935 11819
11819 11664
11664 11819
11819 11819
11819 11819
11819 21699
21699 11819
11822 1788
1788 11822
11828 11828
11828 11828
11829 648
648 11829
11829 11829
11829 11829
11837 11837
11837 11837
11840 20242
20242 11840
11841 11577
11577 11841
11841 11841
11841 11841
11841 11886
11886 11841
11844 11844
11844 11844
11848 1430
1430 11848
11850 11850
11850 11850
11860 11508
11508 11860
11861 833
833 11861
11861 8104
8104 11861
11861 20242
20242 11861
11862 1949
1949 11862
11863 7392
7392 11863
11864 11078
11078 11864
11864 22276
22276 11864
11866 11369
11369 11866
11866 11866
11866 11866
11869 11869
11869 11869
11870 7940
7940 11870
11871 21917
21917 11871
11872 6098
6098 11872
11872 11078
11078 11872
11872 11872
11872 11872
11872 21356
21356 11872
11876 13684
13684 11876
11878 5954
5954 11878
11878 9555
9555 11878
11879 11893
11893 11879
11880 11880
11880 11880
11881 11881
11881 11881
11883 24351
24351 11883
11884 11884
11884 11884
11885 11885
11885 11885
11886 11841
11841 11886
11887 7759
7759 11887
11887 11887
11887 11887
11888 8857
8857 11888
11890 9540
9540 11890
11890 11733
11733 11890
11893 11879
11879 11893
11899 22513
22513 11899
11903 6961
6961 11903
11905 11905
11905 11905
11905 14595
14595 11905
11907 5369
5369 11907
11907 11907
11907 11907
11913 11913
11913 11913
11913 19901
19901 11913
11919 1382
1382 11919
11924 11924
11924 11924
11929 9177
9177 11929
11929 11573
11573 11929
11929 11929
11929 11929
11930 7266
7266 11930
11931 11931
11931 11931
11933 11933
11933 11933
11935 18602
18602 11935
11937 357
357 11937
12025 866
866 12025
12025 11507
11507 12025
12053 1312
1312 12053
12053 12053
12053 12053
12067 12067
12067 12067
12135 20
20 12135
12135 1244
1244 12135
12135 1934
1934 12135
12135 4242
4242 12135
12135 4552
4552 12135
12135 5105
5105 12135
12135 5369
5369 12135
12135 5506
5506 12135
12135 6547
6547 12135
12135 6961
6961 12135
12135 7074
7074 12135
12135 8858
8858 12135
12135 8935
8935 12135
12135 9082
9082 12135
12135 9834
9834 12135
12135 9853
9853 12135
12135 10526
10526 12135
12135 10864
10864 12135
12135 11431
11431 12135
12135 11445
11445 12135
12135 11448
11448 12135
12135 11506
11506 12135
12135 11507
11507 12135
12135 11527
11527 12135
12135 11532
11532 12135
12135 11535
11535 12135
12135 11628
11628 12135
12135 11661
11661 12135
12135 11767
11767 12135
12135 11832
11832 12135
12135 12135
12135 12135
12135 12572
12572 12135
12135 12679
12679 12135
12135 15161
15161 12135
12135 23235
23235 12135
12198 11931
11931 12198
12211 4137
4137 12211
12211 7682
7682 12211
12211 11345
11345 12211
12211 12211
12211 12211
12236 804
804 12236
12298 255
255 12298
12320 866
866 12320
12320 934
934 12320
12358 12358
12358 12358
12365 9022
9022 12365
12375 11928
11928 12375
12519 9312
9312 12519
12519 10410
10410 12519
12539 876
876 12539
12539 890
890 12539
12539 4217
4217 12539
12539 5892
5892 12539
12539 6017
6017 12539
12539 6167
6167 12539
12539 9057
9057 12539
12539 11078
11078 12539
12539 11378
11378 12539
12539 11493
11493 12539
12539 11598
11598 12539
12539 12539
12539 12539
12539 13786
13786 12539
12539 20917
20917 12539
12539 24508
24508 12539
12546 12546
12546 12546
12546 22598
22598 12546
12618 934
934 12618
12670 10331
10331 12670
12670 11656
11656 12670
12670 13343
13343 12670
12679 12679
12679 12679
12685 4552
4552 12685
12685 6124
6124 12685
12685 11538
11538 12685
12685 12685
12685 12685
12774 8104
8104 12774
12834 8632
8632 12834
12834 12900
12900 12834
12848 12848
12848 12848
12855 11596
11596 12855
12855 12855
12855 12855
12870 524
524 12870
12870 8107
8107 12870
12870 20242
20242 12870
12870 24584
24584 12870
12894 10027
10027 12894
12894 11652
11652 12894
12894 17801
17801 12894
12900 1658
1658 12900
12900 1822
1822 12900
12900 3309
3309 12900
12900 4242
4242 12900
12900 5703
5703 12900
12900 7682
7682 12900
12900 8104
8104 12900
12900 10047
10047 12900
12900 10168
10168 12900
12900 10307
10307 12900
12900 10412
10412 12900
12900 10681
10681 12900
12900 11403
11403 12900
12900 11413
11413 12900
12900 11531
11531 12900
12900 11601
11601 12900
12900 11603
11603 12900
12900 11660
11660 12900
12900 11677
11677 12900
12900 11698
11698 12900
12900 12834
12834 12900
12900 12900
12900 12900
12900 13211
13211 12900
12900 14691
14691 12900
12900 16909
16909 12900
12900 17675
17675 12900
12921 11078
11078 12921
12964 8421
8421 12964
13003 2388
2388 13003
13003 11765
11765 13003
13019 4242
4242 13019
13027 6437
6437 13027
13027 6937
6937 13027
13027 8102
8102 13027
13027 10467
10467 13027
13027 11078
11078 13027
13027 11450
11450 13027
13027 11693
11693 13027
13027 11799
11799 13027
13027 11837
11837 13027
13027 13027
13027 13027
13027 24518
24518 13027
13065 13065
13065 13065
13065 24198
24198 13065
13066 10862
10862 13066
13099 11393
11393 13099
13155 21878
21878 13155
13184 6666
6666 13184
13184 11078
11078 13184
13184 19901
19901 13184
13191 1784
1784 13191
13191 4406
4406 13191
13191 7478
7478 13191
13191 11033
11033 13191
13191 13191
13191 13191
13191 15117
15117 13191
13196 3372
3372 13196
13196 4308
4308 13196
13196 11609
11609 13196
13196 14691
14691 13196
13196 16909
16909 13196
13211 13211
13211 13211
13211 21786
21786 13211
13214 13214
13214 13214
13214 24393
24393 13214
13270 215
215 13270
13337 24404
24404 13337
13343 213
213 13343
13343 10047
10047 13343
13343 12670
12670 13343
13343 13343
13343 13343
13383 10331
10331 13383
13518 1740
1740 13518
13518 2102
2102 13518
13518 2713
2713 13518
13518 17291
17291 13518
13518 24720
24720 13518
13606 7778
7778 13606
13684 1842
1842 13684
13684 2713
2713 13684
13684 10331
10331 13684
13684 10412
10412 13684
13684 11491
11491 13684
13684 11649
11649 13684
13684 11801
11801 13684
13684 11876
11876 13684
13684 11905
11905 13684
13684 13684
13684 13684
13694 13694
13694 13694
13717 11378
11378 13717
13717 21954
21954 13717
13786 451
451 13786
13786 929
929 13786
13786 1221
1221 13786
13786 1846
1846 13786
13786 4406
4406 13786
13786 5363
5363 13786
13786 6098
6098 13786
13786 6167
6167 13786
13786 6826
6826 13786
13786 8632
8632 13786
13786 11464
11464 13786
13786 11683
11683 13786
13786 11866
11866 13786
13786 11899
11899 13786
13786 13786
13786 13786
13786 14805
14805 13786
13786 17675
17675 13786
13969 3309
3309 13969
13969 4769
4769 13969
13969 5446
5446 13969
13969 6633
6633 13969
13969 7682
7682 13969
13969 8421
8421 13969
13969 8632
8632 13969
13969 8935
8935 13969
13969 8966
8966 13969
13969 10153
10153 13969
13969 10681
10681 13969
13969 11403
11403 13969
13969 11586
11586 13969
13969 11885
11885 13969
13969 13969
13969 13969
13969 17801
17801 13969
13969 24393
24393 13969
13969 24734
24734 13969
14010 14010
14010 14010
14010 16892
16892 14010
14094 701
701 14094
14142 2151
2151 14142
14142 15406
15406 14142
14211 7338
7338 14211
14221 1426
1426 14221
14221 10801
10801 14221
14224 5176
5176 14224
14267 5519
5519 14267
14295 8846
8846 14295
14295 20242
20242 14295
14295 24385
24385 14295
14304 2361
2361 14304
14355 8996
8996 14355
14355 17675
17675 14355
14361 1514
1514 14361
14361 3528
3528 14361
14361 3924
3924 14361
14361 5677
5677 14361
14361 6124
6124 14361
14361 6432
6432 14361
14361 8239
8239 14361
14361 9820
9820 14361
14361 11371
11371 14361
14361 11581
11581 14361
14361 11633
11633 14361
14361 14361
14361 14361
14361 14583
14583 14361
14387 4769
4769 14387
14387 7478
7478 14387
14387 11345
11345 14387
14387 11371
11371 14387
14387 11435
11435 14387
14414 12605
12605 14414
14414 14414
14414 14414
14414 20917
20917 14414
14414 21954
21954 14414
14500 2831
2831 14500
14500 14500
14500 14500
14500 17675
17675 14500
14583 14361
14361 14583
14583 14583
14583 14583
14595 2599
2599 14595
14595 6049
6049 14595
14595 6633
6633 14595
14595 8107
8107 14595
14595 11656
11656 14595
14595 11905
11905 14595
14595 14595
14595 14595
14595 15082
15082 14595
14647 4459
4459 14647
14691 2361
2361 14691
14691 8421
8421 14691
14691 14691
14691 14691
14691 19355
19355 14691
14713 11378
11378 14713
14740 14740
14740 14740
14805 1221
1221 14805
14805 2831
2831 14805
14805 11899
11899 14805
14805 13786
13786 14805
14806 4583
4583 14806
14806 16884
16884 14806
14807 5346
5346 14807
14807 11698
11698 14807
14888 14888
14888 14888
14920 255
255 14920
14920 1312
1312 14920
14920 1393
1393 14920
14920 4331
4331 14920
14920 7759
7759 14920
14920 11490
11490 14920
14920 11498
11498 14920
14920 11537
11537 14920
14920 11572
11572 14920
14920 18602
18602 14920
14927 12834
12834 14927
14969 14969
14969 14969
14976 14976
14976 14976
15116 10044
10044 15116
15116 10047
10047 15116
15116 15116
15116 15116
15116 17935
17935 15116
15117 830
830 15117
15117 4343
4343 15117
15117 5409
5409 15117
15117 11654
11654 15117
15117 11929
11929 15117
15117 15117
15117 15117
15117 22598
22598 15117
15117 23535
23535 15117
15161 15161
15161 15161
15187 15187
15187 15187
15187 24250
24250 15187
15229 4928
4928 15229
15229 8247
8247 15229
15229 12670
12670 15229
15229 13343
13343 15229
15229 15229
15229 15229
15309 4407
4407 15309
15309 8155
8155 15309
15309 18602
18602 15309
15332 9203
9203 15332
15360 19915
19915 15360
15382 11651
11651 15382
15404 15404
15404 15404
15406 7682
7682 15406
15406 10566
10566 15406
15406 15406
15406 15406
15406 21913
21913 15406
15447 4920
4920 15447
15447 11448
11448 15447
15447 11808
11808 15447
15447 18602
18602 15447
15450 2713
2713 15450
15450 4331
4331 15450
15450 6851
6851 15450
15450 7987
7987 15450
15450 8996
8996 15450
15450 9256
9256 15450
15450 11378
11378 15450
15450 11578
11578 15450
15450 11583
11583 15450
15450 15450
15450 15450
15450 18602
18602 15450
15542 6098
6098 15542
15638 15638
15638 15638
15688 4187
4187 15688
15688 4242
4242 15688
15688 8632
8632 15688
15688 11415
11415 15688
15688 11526
11526 15688
15688 11531
11531 15688
15688 11578
11578 15688
15688 15187
15187 15688
15688 19883
19883 15688
15698 287
287 15698
15814 255
255 15814
15814 1538
1538 15814
15814 2872
2872 15814
15814 5795
5795 15814
15814 6247
6247 15814
15814 6937
6937 15814
15814 8005
8005 15814
15814 8787
8787 15814
15814 10956
10956 15814
15814 11447
11447 15814
15814 11631
11631 15814
15814 23235
23235 15814
15888 8189
8189 15888
15935 11416
11416 15935
16018 5178
5178 16018
16018 16018
16018 16018
16186 1221
1221 16186
16186 1235
1235 16186
16186 5946
5946 16186
16186 6124
6124 16186
16186 7338
7338 16186
16186 7760
7760 16186
16186 8239
8239 16186
16186 8363
8363 16186
16186 9821
9821 16186
16186 10027
10027 16186
16186 10593
10593 16186
16186 11464
11464 16186
16186 11562
11562 16186
16186 11662
11662 16186
16186 11701
11701 16186
16186 14361
14361 16186
16186 16186
16186 16186
16186 19498
19498 16186
16186 22276
22276 16186
16213 16213
16213 16213
16256 5178
5178 16256
16256 10410
10410 16256
16256 16256
16256 16256
16282 6549
6549 16282
16282 16282
16282 16282
16323 11507
11507 16323
16336 1407
1407 16336
16336 6149
6149 16336
16336 6557
6557 16336
16336 11416
11416 16336
16581 1934
1934 16581
16581 6961
6961 16581
16581 7601
7601 16581
16581 8247
8247 16581
16581 23235
23235 16581
16581 24393
24393 16581
16591 16591
16591 16591
16591 16892
16892 16591
16591 16909
16909 16591
16601 16601
16601 16601
16601 19172
19172 16601
16601 21240
21240 16601
16609 1740
1740 16609
16609 11406
11406 16609
16613 6270
6270 16613
16613 9370
9370 16613
16613 9853
9853 16613
16613 24393
24393 16613
16859 17276
17276 16859
16884 287
287 16884
16884 6598
6598 16884
16884 16884
16884 16884
16892 2134
2134 16892
16892 2599
2599 16892
16892 2936
2936 16892
16892 14010
14010 16892
16909 16909
16909 16909
16998 16998
16998 16998
17058 3130
3130 17058
17058 3551
3551 17058
17058 4241
4241 17058
17058 9030
9030 17058
17058 10566
10566 17058
17058 11663
11663 17058
17157 6098
6098 17157
17157 17157
17157 17157
17276 17276
17276 17276
17291 11313
11313 17291
17291 11750
11750 17291
17291 11844
11844 17291
17298 9251
9251 17298
17298 17298
17298 17298
17299 804
804 17299
17299 1547
1547 17299
17299 3620
3620 17299
17299 11411
11411 17299
17299 18088
18088 17299
17333 701
701 17333
17333 10677
10677 17333
17342 17342
17342 17342
17675 1426
1426 17675
17675 2831
2831 17675
17675 5409
5409 17675
17675 8996
8996 17675
17675 9109
9109 17675
17675 10121
10121 17675
17675 11280
11280 17675
17675 11378
11378 17675
17675 11438
11438 17675
17675 11659
11659 17675
17675 11663
11663 17675
17675 14500
14500 17675
17675 17675
17675 17675
17706 662
662 17706
17801 2036
2036 17801
17801 5409
5409 17801
17801 11398
11398 17801
17801 11596
11596 17801
17801 17801
17801 17801
17801 19087
19087 17801
17830 6247
6247 17830
17830 6633
6633 17830
17830 11601
11601 17830
17830 17830
17830 17830
17830 21899
21899 17830
17830 24734
24734 17830
17840 11457
11457 17840
17840 15161
15161 17840
17880 17880
17880 17880
17935 287
287 17935
17935 15116
15116 17935
17935 17935
17935 17935
17950 11631
11631 17950
18034 11149
11149 18034
18056 11598
11598 18056
18088 18088
18088 18088
18169 5112
5112 18169
18169 11807
11807 18169
18323 11418
11418 18323
18323 18323
18323 18323
18381 2352
2352 18381
18381 9256
9256 18381
18381 18381
18381 18381
18401 116
116 18401
18401 287
287 18401
18401 5010
5010 18401
18401 11541
11541 18401
18401 19427
19427 18401
18436 6735
6735 18436
18449 1934
1934 18449
18449 5105
5105 18449
18449 18449
18449 18449
18449 24252
24252 18449
18547 11210
11210 18547
18568 503
503 18568
18574 1085
1085 18574
18574 1140
1140 18574
18574 2392
2392 18574
18574 2467
2467 18574
18574 3038
3038 18574
18574 3130
3130 18574
18574 4920
4920 18574
18574 5892
5892 18574
18574 6264
6264 18574
18574 10891
10891 18574
18574 11378
11378 18574
18574 11458
11458 18574
18574 11464
11464 18574
18574 11619
11619 18574
18574 11661
11661 18574
18574 11668
11668 18574
18574 11769
11769 18574
18574 11850
11850 18574
18574 15404
15404 18574
18574 18574
18574 18574
18602 1514
1514 18602
18602 2307
2307 18602
18602 2831
2831 18602
18602 4712
4712 18602
18602 5409
5409 18602
18602 6278
6278 18602
18602 7759
7759 18602
18602 7760
7760 18602
18602 8705
8705 18602
18602 9022
9022 18602
18602 9082
9082 18602
18602 11409
11409 18602
18602 11507
11507 18602
18602 11562
11562 18602
18602 11650
11650 18602
18602 11684
11684 18602
18602 11818
11818 18602
18602 14976
14976 18602
18602 15450
15450 18602
18602 18602
18602 18602
18602 22276
22276 18602
18619 701
701 18619
18619 5969
5969 18619
18619 18619
18619 18619
18689 116
116 18689
18689 1403
1403 18689
18689 1921
1921 18689
18689 2592
2592 18689
18689 4660
4660 18689
18689 4928
4928 18689
18689 4952
4952 18689
18689 11217
11217 18689
18689 11430
11430 18689
18689 11837
11837 18689
18689 16282
16282 18689
18764 6549
6549 18764
18764 11552
11552 18764
18764 18764
18764 18764
18917 5946
5946 18917
18917 8650
8650 18917
18917 11636
11636 18917
18917 18917
18917 18917
19059 1382
1382 19059
19087 6666
6666 19087
19087 17801
17801 19087
19087 19087
19087 19087
19105 5892
5892 19105
19138 2592
2592 19138
19138 11575
11575 19138
19138 19138
19138 19138
19149 213
213 19149
19149 231
231 19149
19149 3760
3760 19149
19149 11822
11822 19149
19149 19149
19149 19149
19156 19156
19156 19156
19156 23130
23130 19156
19165 10207
10207 19165
19166 19166
19166 19166
19172 16601
16601 19172
19172 19172
19172 19172
19172 21954
21954 19172
19328 830
830 19328
19328 1270
1270 19328
19328 1411
1411 19328
19328 2384
2384 19328
19328 3172
3172 19328
19328 5409
5409 19328
19328 11762
11762 19328
19328 19328
19328 19328
19328 21954
21954 19328
19328 22341
22341 19328
19328 22513
22513 19328
19355 1221
1221 19355
19355 5808
5808 19355
19355 10356
10356 19355
19355 13196
13196 19355
19355 14691
14691 19355
19355 16213
16213 19355
19355 19355
19355 19355
19426 10573
10573 19426
19437 19437
19437 19437
19437 20355
20355 19437
19438 2592
2592 19438
19438 3348
3348 19438
19438 6247
6247 19438
19438 8659
8659 19438
19438 8935
8935 19438
19438 11378
11378 19438
19438 11454
11454 19438
19438 11535
11535 19438
19438 11671
11671 19438
19438 13211
13211 19438
19438 14224
14224 19438
19438 18088
18088 19438
19438 19438
19438 19438
19438 23320
23320 19438
19440 554
554 19440
19440 11762
11762 19440
19442 19442
19442 19442
19446 10992
10992 19446
19454 2352
2352 19454
19454 16884
16884 19454
19498 21
21 19498
19498 2467
2467 19498
19498 3986
3986 19498
19498 6264
6264 19498
19498 7495
7495 19498
19498 19498
19498 19498
19554 8107
8107 19554
19554 22364
22364 19554
19683 11394
11394 19683
19685 10986
10986 19685
19685 11552
11552 19685
19685 11907
11907 19685
19730 2024
2024 19730
19730 2384
2384 19730
19730 8104
8104 19730
19730 9909
9909 19730
19730 11171
11171 19730
19730 11345
11345 19730
19730 11581
11581 19730
19730 19730
19730 19730
19802 6017
6017 19802
19802 11378
11378 19802
19806 3814
3814 19806
19866 19866
19866 19866
19870 19870
19870 19870
19871 11500
11500 19871
19871 11715
11715 19871
19871 19871
19871 19871
19882 9239
9239 19882
19882 19882
19882 19882
19883 19883
19883 19883
19890 1578
1578 19890
19890 11832
11832 19890
19901 554
554 19901
19901 866
866 19901
19901 1430
1430 19901
19901 1971
1971 19901
19901 2036
2036 19901
19901 2158
2158 19901
19901 4920
4920 19901
19901 4928
4928 19901
19901 5644
5644 19901
19901 6098
6098 19901
19901 7759
7759 19901
19901 7987
7987 19901
19901 9082
9082 19901
19901 10047
10047 19901
19901 10331
10331 19901
19901 11167
11167 19901
19901 11177
11177 19901
19901 11430
11430 19901
19901 11458
11458 19901
19901 11480
11480 19901
19901 11483
11483 19901
19901 11507
11507 19901
19901 11514
11514 19901
19901 11582
11582 19901
19901 11668
11668 19901
19901 11913
11913 19901
19901 11929
11929 19901
19901 12921
12921 19901
19901 13066
13066 19901
19901 13184
13184 19901
19901 13786
13786 19901
19901 19685
19685 19901
19901 19901
19901 19901
19901 20817
20817 19901
19901 23223
23223 19901
19904 9524
9524 19904
19915 12848
12848 19915
19915 13003
13003 19915
19915 19915
19915 19915
19938 24386
24386 19938
19938 24734
24734 19938
19999 231
231 19999
19999 19999
19999 19999
20021 11792
11792 20021
20021 20021
20021 20021
20058 2134
2134 20058
20061 20061
20061 20061
20242 51
51 20242
20242 1105
1105 20242
20242 1887
1887 20242
20242 2384
2384 20242
20242 4308
4308 20242
20242 5776
5776 20242
20242 11523
11523 20242
20242 14888
14888 20242
20242 20242
20242 20242
20242 21240
21240 20242
20355 1861
1861 20355
20355 2592
2592 20355
20355 6247
6247 20355
20355 8076
8076 20355
20355 8935
8935 20355
20355 9833
9833 20355
20355 10935
10935 20355
20355 11602
11602 20355
20355 11614
11614 20355
20355 11615
11615 20355
20355 11664
11664 20355
20355 17801
17801 20355
20355 20355
20355 20355
20422 11616
11616 20422
20512 287
287 20512
20512 335
335 20512
20512 11462
11462 20512
20517 1426
1426 20517
20517 6662
6662 20517
20638 8436
8436 20638
20740 4340
4340 20740
20740 5345
5345 20740
20771 9132
9132 20771
20817 876
876 20817
20817 1921
1921 20817
20817 4920
4920 20817
20817 5178
5178 20817
20817 5193
5193 20817
20817 9909
9909 20817
20817 11668
11668 20817
20817 11850
11850 20817
20817 15117
15117 20817
20817 15404
15404 20817
20817 19901
19901 20817
20817 20817
20817 20817
20817 22598
22598 20817
20861 1403
1403 20861
20861 3874
3874 20861
20861 6432
6432 20861
20861 11439
11439 20861
20861 20861
20861 20861
20883 6761
6761 20883
20884 9239
9239 20884
20892 6549
6549 20892
20892 6851
6851 20892
20898 11508
11508 20898
20917 8421
8421 20917
20917 12539
12539 20917
20917 20917
20917 20917
20966 3172
3172 20966
21079 4928
4928 21079
21079 13518
13518 21079
21089 1312
1312 21089
21240 1426
1426 21240
21240 2423
2423 21240
21240 4137
4137 21240
21240 9363
9363 21240
21240 11313
11313 21240
21240 11501
11501 21240
21240 11649
11649 21240
21240 16601
16601 21240
21240 20242
20242 21240
21240 21240
21240 21240
21356 6432
6432 21356
21356 11861
11861 21356
21356 13184
13184 21356
21356 14835
14835 21356
21356 18323
18323 21356
21356 24288
24288 21356
21402 7748
7748 21402
21634 21634
21634 21634
21699 231
231 21699
21699 570
570 21699
21699 701
701 21699
21699 763
763 21699
21699 1117
1117 21699
21699 1708
1708 21699
21699 1788
1788 21699
21699 1861
1861 21699
21699 1913
1913 21699
21699 2373
2373 21699
21699 2736
2736 21699
21699 4339
4339 21699
21699 4651
4651 21699
21699 4920
4920 21699
21699 4928
4928 21699
21699 5643
5643 21699
21699 6761
6761 21699
21699 7284
7284 21699
21699 7778
7778 21699
21699 8076
8076 21699
21699 8477
8477 21699
21699 8984
8984 21699
21699 9025
9025 21699
21699 9057
9057 21699
21699 9213
9213 21699
21699 9351
9351 21699
21699 10062
10062 21699
21699 10935
10935 21699
21699 11033
11033 21699
21699 11177
11177 21699
21699 11329
11329 21699
21699 11398
11398 21699
21699 11462
11462 21699
21699 11464
11464 21699
21699 11475
11475 21699
21699 11554
11554 21699
21699 11596
11596 21699
21699 11616
11616 21699
21699 11619
11619 21699
21699 11635
11635 21699
21699 11646
11646 21699
21699 11653
11653 21699
21699 11675
11675 21699
21699 11723
11723 21699
21699 11733
11733 21699
21699 11769
11769 21699
21699 11798
11798 21699
21699 11819
11819 21699
21699 11837
11837 21699
21699 11869
11869 21699
21699 11887
11887 21699
21699 11938
11938 21699
21699 17126
17126 21699
21699 17830
17830 21699
21699 19087
19087 21699
21699 19901
19901 21699
21699 21699
21699 21699
21699 24393
24393 21699
21786 11767
11767 21786
21800 1822
1822 21800
21876 24404
24404 21876
21878 11318
11318 21878
21878 11614
11614 21878
21878 11667
11667 21878
21878 12135
12135 21878
21878 21878
21878 21878
21884 1475
1475 21884
21884 11613
11613 21884
21884 21884
21884 21884
21899 6069
6069 21899
21899 11668
11668 21899
21899 17262
17262 21899
21899 21899
21899 21899
21913 11491
11491 21913
21913 11856
11856 21913
21913 15406
15406 21913
21926 6666
6666 21926
21954 4406
4406 21954
21954 6098
6098 21954
21954 9239
9239 21954
21954 11149
11149 21954
21954 11382
11382 21954
21954 13969
13969 21954
21954 14414
14414 21954
21954 19023
19023 21954
21954 21954
21954 21954
22075 4928
4928 22075
22075 15161
15161 22075
22134 11410
11410 22134
22134 11574
11574 22134
22134 22134
22134 22134
22160 11416
11416 22160
22160 22160
22160 22160
22217 22217
22217 22217
22265 1846
1846 22265
22276 11508
11508 22276
22276 11864
11864 22276
22276 15117
15117 22276
22276 16186
16186 22276
22276 18602
18602 22276
22276 23235
23235 22276
22276 24518
24518 22276
22283 2592
2592 22283
22283 4331
4331 22283
22283 9834
9834 22283
22283 11586
11586 22283
22283 19876
19876 22283
22283 22283
22283 22283
22341 22341
22341 22341
22341 22513
22513 22341
22364 19554
19554 22364
22412 2307
2307 22412
22412 4920
4920 22412
22412 6247
6247 22412
22412 6432
6432 22412
22412 19915
19915 22412
22412 22412
22412 22412
22412 24393
24393 22412
22452 1221
1221 22452
22452 14647
14647 22452
22466 11801
11801 22466
22466 22466
22466 22466
22513 115
115 22513
22513 6017
6017 22513
22513 6790
6790 22513
22513 7499
7499 22513
22513 10111
10111 22513
22513 11361
11361 22513
22513 11492
11492 22513
22513 11523
11523 22513
22513 11595
11595 22513
22513 19328
19328 22513
22513 22513
22513 22513
22598 1312
1312 22598
22598 2158
2158 22598
22598 4920
4920 22598
22598 6010
6010 22598
22598 6098
6098 22598
22598 7987
7987 22598
22598 8321
8321 22598
22598 11464
11464 22598
22598 11480
11480 22598
22598 11507
11507 22598
22598 11548
11548 22598
22598 11572
11572 22598
22598 11654
11654 22598
22598 12546
12546 22598
22598 14583
14583 22598
22598 15117
15117 22598
22598 18568
18568 22598
22598 20817
20817 22598
22598 22598
22598 22598
22598 23223
23223 22598
22718 6437
6437 22718
22730 7392
7392 22730
22730 11863
11863 22730
22882 4952
4952 22882
22882 10326
10326 22882
22882 11764
11764 22882
22882 22882
22882 22882
23085 1137
1137 23085
23130 19156
19156 23130
23130 23130
23130 23130
23235 1913
1913 23235
23235 2036
2036 23235
23235 2307
2307 23235
23235 2592
2592 23235
23235 4343
4343 23235
23235 4712
4712 23235
23235 4920
4920 23235
23235 7539
7539 23235
23235 8935
8935 23235
23235 9025
9025 23235
23235 9842
9842 23235
23235 11167
11167 23235
23235 11646
11646 23235
23235 11795
11795 23235
23235 11907
11907 23235
23235 11929
11929 23235
23235 14835
14835 23235
23235 17338
17338 23235
23235 17892
17892 23235
23235 18602
18602 23235
23235 23235
23235 23235
23235 23535
23535 23235
23298 6547
6547 23298
23348 2592
2592 23348
23348 4928
4928 23348
23348 6549
6549 23348
23348 9275
9275 23348
23348 9312
9312 23348
23348 11464
11464 23348
23348 11490
11490 23348
23360 6557
6557 23360
23360 9842
9842 23360
23455 11887
11887 23455
23535 1105
1105 23535
23535 11378
11378 23535
23535 14888
14888 23535
23707 10593
10593 23707
23912 11758
11758 23912
23912 23912
23912 23912
23921 19149
19149 23921
23991 5409
5409 23991
24033 7074
7074 24033
24033 11666
11666 24033
24033 16256
16256 24033
24088 876
876 24088
24133 11575
11575 24133
24133 11933
11933 24133
24150 16186
16186 24150
24191 11496
11496 24191
24191 11589
11589 24191
24191 24191
24191 24191
24198 10410
10410 24198
24198 24198
24198 24198
24224 3814
3814 24224
24224 5472
5472 24224
24224 11486
11486 24224
24224 15117
15117 24224
24224 24224
24224 24224
24226 1312
1312 24226
24226 2633
2633 24226
24226 11177
11177 24226
24226 11534
11534 24226
24226 11617
11617 24226
24226 15161
15161 24226
24226 18602
18602 24226
24250 11547
11547 24250
24250 15187
15187 24250
24250 24404
24404 24250
24252 726
726 24252
24252 1312
1312 24252
24252 3113
3113 24252
24252 3620
3620 24252
24252 4552
4552 24252
24252 4920
4920 24252
24252 5257
5257 24252
24252 5639
5639 24252
24252 6098
6098 24252
24252 6149
6149 24252
24252 6547
6547 24252
24252 8238
8238 24252
24252 9853
9853 24252
24252 10207
10207 24252
24252 11043
11043 24252
24252 11378
11378 24252
24252 11584
11584 24252
24252 11623
11623 24252
24252 11638
11638 24252
24252 11652
11652 24252
24252 11920
11920 24252
24252 14805
14805 24252
24252 19915
19915 24252
24252 19999
19999 24252
24252 24252
24252 24252
24259 1913
1913 24259
24265 709
709 24265
24265 9657
9657 24265
24265 24265
24265 24265
24266 1861
1861 24266
24266 3729
3729 24266
24266 11114
11114 24266
24266 24266
24266 24266
24322 11574
11574 24322
24354 11542
11542 24354
24368 4928
4928 24368
24368 9109
9109 24368
24368 11474
11474 24368
24368 17880
17880 24368
24385 3843
3843 24385
24385 6557
6557 24385
24385 24385
24385 24385
24386 24386
24386 24386
24393 701
701 24393
24393 2592
2592 24393
24393 3262
3262 24393
24393 3348
3348 24393
24393 3620
3620 24393
24393 4331
4331 24393
24393 5409
5409 24393
24393 6531
6531 24393
24393 7410
7410 24393
24393 9025
9025 24393
24393 11457
11457 24393
24393 11507
11507 24393
24393 13214
13214 24393
24393 13969
13969 24393
24393 14740
14740 24393
24393 16613
16613 24393
24393 24393
24393 24393
24404 21876
21876 24404
24404 24404
24404 24404
24442 24442
24442 24442
24452 2831
2831 24452
24452 11280
11280 24452
24460 1658
1658 24460
24460 4583
4583 24460
24460 6070
6070 24460
24460 10412
10412 24460
24460 14691
14691 24460
24460 16909
16909 24460
24460 20242
20242 24460
24460 20800
20800 24460
24463 866
866 24463
24463 934
934 24463
24463 6975
6975 24463
24463 17801
17801 24463
24472 11378
11378 24472
24472 11621
11621 24472
24479 11462
11462 24479
24492 11585
11585 24492
24501 11045
11045 24501
24501 24501
24501 24501
24518 906
906 24518
24518 3935
3935 24518
24518 5761
5761 24518
24518 10864
10864 24518
24518 11464
11464 24518
24518 11929
11929 24518
24518 13027
13027 24518
24518 19901
19901 24518
24518 24518
24518 24518
24526 11931
11931 24526
24568 18602
18602 24568
24584 12870
12870 24584
24591 2197
2197 24591
24601 14835
14835 24601
24668 7074
7074 24668
24682 1542
1542 24682
24682 4137
4137 24682
24682 5887
5887 24682
24682 7175
7175 24682
24682 11578
11578 24682
24682 24682
24682 24682
24684 24684
24684 24684
24692 20292
20292 24692
24692 24692
24692 24692
24707 4242
4242 24707
24707 11575
11575 24707
24707 24707
24707 24707
24710 4343
4343 24710
24710 7338
7338 24710
24710 9539
9539 24710
24710 9942
9942 24710
24710 16018
16018 24710
24721 1105
1105 24721
24734 2349
2349 24734
24734 3523
3523 24734
24734 8421
8421 24734
24734 17830
17830 24734
24734 19938
19938 24734
24734 24734
24734 24734
