0 14744
14744 0
20 20
20 20
20 2592
2592 20
20 14370
14370 20
20 18602
18602 20
20 20673
20673 20
20 22276
22276 20
44 44
44 44
44 3372
3372 44
44 12930
12930 44
44 14255
14255 44
44 14329
14329 44
44 14638
14638 44
44 14744
14744 44
44 14757
14757 44
54 54
54 54
54 18602
18602 54
69 14512
14512 69
90 4730
4730 90
149 149
149 149
162 11698
11698 162
162 13319
13319 162
194 9082
9082 194
216 24518
24518 216
223 16345
16345 223
231 231
231 231
231 1407
1407 231
231 1934
1934 231
231 4903
4903 231
231 7470
7470 231
231 11599
11599 231
231 12093
12093 231
231 12519
12519 231
231 13141
13141 231
231 13846
13846 231
231 14037
14037 231
231 14318
14318 231
231 14364
14364 231
231 14373
14373 231
231 14421
14421 231
231 14524
14524 231
231 14557
14557 231
231 14752
14752 231
231 21954
21954 231
252 14018
14018 252
252 14406
14406 252
255 255
255 255
255 7682
7682 255
255 13238
13238 255
255 17675
17675 255
260 18602
18602 260
260 19888
19888 260
260 22990
22990 260
271 19888
19888 271
287 287
287 287
287 503
503 287
287 6937
6937 287
287 8921
8921 287
287 9275
9275 287
287 14485
14485 287
320 9082
9082 320
320 11421
11421 320
335 335
335 335
335 3292
3292 335
344 287
287 344
344 344
344 344
344 6937
6937 344
344 9025
9025 344
344 13137
13137 344
349 496
496 349
386 386
386 386
386 2423
2423 386
386 9025
9025 386
386 24349
24349 386
386 24393
24393 386
386 24722
24722 386
395 14335
14335 395
401 255
255 401
401 401
401 401
401 2018
2018 401
401 8353
8353 401
401 9365
9365 401
401 11378
11378 401
401 12322
12322 401
401 13491
13491 401
401 13786
13786 401
401 17675
17675 401
401 23085
23085 401
412 14479
14479 412
412 14547
14547 412
412 14720
14720 412
417 2467
2467 417
417 2974
2974 417
417 4150
4150 417
417 4966
4966 417
417 5866
5866 417
417 10785
10785 417
417 14369
14369 417
417 23935
23935 417
451 546
546 451
491 12171
12171 491
496 496
496 496
496 1018
1018 496
496 2831
2831 496
496 4885
4885 496
496 9312
9312 496
496 10410
10410 496
496 14332
14332 496
503 9461
9461 503
525 525
525 525
525 4230
4230 525
525 5892
5892 525
525 9256
9256 525
525 13533
13533 525
525 14612
14612 525
540 540
540 540
546 546
546 546
546 19871
19871 546
556 20242
20242 556
574 5411
5411 574
596 596
596 596
596 2750
2750 596
596 8155
8155 596
596 14406
14406 596
596 14416
14416 596
596 14653
14653 596
596 14672
14672 596
597 597
597 597
597 10410
10410 597
601 4340
4340 601
601 7566
7566 601
601 8988
8988 601
622 8935
8935 622
623 623
623 623
623 5311
5311 623
630 644
644 630
630 13851
13851 630
630 18574
18574 630
630 20817
20817 630
638 13049
13049 638
640 14744
14744 640
642 642
642 642
642 1043
1043 642
642 3691
3691 642
642 9312
9312 642
642 11393
11393 642
642 11902
11902 642
642 12079
12079 642
642 12245
12245 642
642 12734
12734 642
642 14447
14447 642
642 14478
14478 642
642 14540
14540 642
642 14600
14600 642
642 17742
17742 642
644 630
630 644
644 644
644 644
644 9025
9025 644
644 14387
14387 644
644 14406
14406 644
662 12079
12079 662
687 3559
3559 687
687 14540
14540 687
687 14673
14673 687
687 18602
18602 687
687 23348
23348 687
701 701
701 701
701 1092
1092 701
701 5304
5304 701
701 7505
7505 701
701 7858
7858 701
701 8858
8858 701
701 11357
11357 701
701 11362
11362 701
701 11848
11848 701
701 11881
11881 701
701 13664
13664 701
701 14128
14128 701
701 14456
14456 701
701 14637
14637 701
701 14649
14649 701
701 14681
14681 701
701 14683
14683 701
701 14737
14737 701
701 16213
16213 701
701 17742
17742 701
701 18602
18602 701
701 19435
19435 701
701 24393
24393 701
726 11785
11785 726
726 14406
14406 726
737 12960
12960 737
737 14406
14406 737
763 763
763 763
763 21882
21882 763
776 776
776 776
776 7759
7759 776
776 9555
9555 776
776 14318
14318 776
776 14584
14584 776
782 996
996 782
782 5892
5892 782
782 12987
12987 782
792 18574
18574 792
804 804
804 804
804 2194
2194 804
804 2423
2423 804
804 3705
3705 804
804 3921
3921 804
804 4242
4242 804
804 5523
5523 804
804 9256
9256 804
804 11929
11929 804
804 13796
13796 804
804 14195
14195 804
804 14406
14406 804
804 14659
14659 804
804 18602
18602 804
804 24722
24722 804
810 25
25 810
810 4255
4255 810
814 814
814 814
830 830
830 830
830 833
833 830
830 876
876 830
830 6049
6049 830
830 8277
8277 830
830 14630
14630 830
830 24710
24710 830
833 830
830 833
833 833
833 833
833 2271
2271 833
833 2361
2361 833
833 3677
3677 833
833 13533
13533 833
833 14213
14213 833
833 21913
21913 833
834 14374
14374 834
876 714
714 876
876 833
833 876
876 876
876 876
876 2411
2411 876
876 8277
8277 876
876 9025
9025 876
876 21954
21954 876
876 22217
22217 876
895 14226
14226 895
895 14744
14744 895
929 929
929 929
929 6098
6098 929
929 9573
9573 929
929 14466
14466 929
929 14720
14720 929
929 14755
14755 929
929 15024
15024 929
934 4242
4242 934
934 9239
9239 934
935 935
935 935
935 14920
14920 935
993 993
993 993
993 4607
4607 993
996 335
335 996
996 996
996 996
996 1741
1741 996
996 1934
1934 996
996 5892
5892 996
996 6129
6129 996
996 6437
6437 996
996 6832
6832 996
996 9025
9025 996
996 9069
9069 996
996 11050
11050 996
996 11348
11348 996
996 11725
11725 996
996 12812
12812 996
996 12935
12935 996
996 14010
14010 996
996 14356
14356 996
996 14428
14428 996
996 14563
14563 996
996 17675
17675 996
996 18602
18602 996
996 18917
18917 996
996 24393
24393 996
1001 1001
1001 1001
1013 496
496 1013
1013 546
546 1013
1013 4607
4607 1013
1013 12943
12943 1013
1013 14310
14310 1013
1013 14318
14318 1013
1013 14396
14396 1013
1013 14446
14446 1013
1013 14714
14714 1013
1018 496
496 1018
1018 946
946 1018
1018 1018
1018 1018
1018 1312
1312 1018
1018 2423
2423 1018
1018 4928
4928 1018
1018 11077
11077 1018
1018 12135
12135 1018
1018 13000
13000 1018
1018 13544
13544 1018
1018 14127
14127 1018
1018 14295
14295 1018
1018 14503
14503 1018
1018 14513
14513 1018
1018 14541
14541 1018
1018 14584
14584 1018
1018 14593
14593 1018
1018 14603
14603 1018
1018 14741
14741 1018
1018 16880
16880 1018
1018 18602
18602 1018
1018 22536
22536 1018
1043 1043
1043 1043
1043 1741
1741 1043
1092 1092
1092 1092
1092 7759
7759 1092
1105 1105
1105 1105
1105 2443
2443 1105
1105 4196
4196 1105
1105 4913
4913 1105
1105 7082
7082 1105
1105 7106
7106 1105
1105 9573
9573 1105
1105 9707
9707 1105
1105 9811
9811 1105
1105 10331
10331 1105
1105 11101
11101 1105
1105 13372
13372 1105
1105 14088
14088 1105
1105 14169
14169 1105
1105 14356
14356 1105
1105 14357
14357 1105
1105 14451
14451 1105
1105 14483
14483 1105
1105 14673
14673 1105
1105 17675
17675 1105
1105 19888
19888 1105
1110 14255
14255 1110
1110 18568
18568 1110
1116 1116
1116 1116
1116 11785
11785 1116
1116 14322
14322 1116
1116 14406
14406 1116
1116 14543
14543 1116
1116 14623
14623 1116
1126 14310
14310 1126
1137 830
830 1137
1137 1105
1105 1137
1137 1137
1137 1137
1137 1725
1725 1137
1137 3803
3803 1137
1137 5112
5112 1137
1137 6049
6049 1137
1137 8277
8277 1137
1137 9256
9256 1137
1137 9811
9811 1137
1137 11722
11722 1137
1137 12506
12506 1137
1137 14318
14318 1137
1137 14714
14714 1137
1140 9180
9180 1140
1140 11357
11357 1140
1140 13141
13141 1140
1140 14095
14095 1140
1140 14699
14699 1140
1140 20647
20647 1140
1141 16601
16601 1141
1173 8858
8858 1173
1173 11522
11522 1173
1221 13628
13628 1221
1230 1230
1230 1230
1230 9275
9275 1230
1230 24601
24601 1230
1242 12081
12081 1242
1244 54
54 1244
1244 6002
6002 1244
1244 12665
12665 1244
1244 14406
14406 1244
1270 7682
7682 1270
1270 9707
9707 1270
1312 496
496 1312
1312 1018
1018 1312
1312 1312
1312 1312
1312 2442
2442 1312
1312 6953
6953 1312
1312 6966
6966 1312
1312 9239
9239 1312
1312 9275
9275 1312
1312 13544
13544 1312
1312 13673
13673 1312
1312 14187
14187 1312
1312 14271
14271 1312
1312 14364
14364 1312
1312 14509
14509 1312
1312 14525
14525 1312
1312 14543
14543 1312
1312 14605
14605 1312
1312 14739
14739 1312
1312 14765
14765 1312
1312 16880
16880 1312
1312 18602
18602 1312
1312 19138
19138 1312
1312 19871
19871 1312
1313 14463
14463 1313
1346 10573
10573 1346
1393 1393
1393 1393
1393 17675
17675 1393
1403 1403
1403 1403
1403 4735
4735 1403
1403 14380
14380 1403
1403 23360
23360 1403
1407 1407
1407 1407
1407 12093
12093 1407
1407 13846
13846 1407
1430 360
360 1430
1430 1430
1430 1430
1430 1861
1861 1430
1430 4920
4920 1430
1430 7567
7567 1430
1430 8346
8346 1430
1430 9057
9057 1430
1430 12309
12309 1430
1430 12371
12371 1430
1430 12573
12573 1430
1430 12587
12587 1430
1430 12664
12664 1430
1430 12665
12665 1430
1430 14328
14328 1430
1430 14370
14370 1430
1430 14385
14385 1430
1430 14415
14415 1430
1430 14490
14490 1430
1430 14560
14560 1430
1430 14583
14583 1430
1430 14596
14596 1430
1430 14615
14615 1430
1430 16345
16345 1430
1430 18574
18574 1430
1430 19901
19901 1430
1430 20817
20817 1430
1441 13775
13775 1441
1520 6124
6124 1520
1520 14396
14396 1520
1538 4913
4913 1538
1538 8644
8644 1538
1538 11929
11929 1538
1538 13276
13276 1538
1538 14293
14293 1538
1538 14322
14322 1538
1538 14405
14405 1538
1538 14406
14406 1538
1538 14417
14417 1538
1538 14491
14491 1538
1538 14731
14731 1538
1543 1543
1543 1543
1543 2592
2592 1543
1547 1547
1547 1547
1547 5152
5152 1547
1582 14370
14370 1582
1595 2487
2487 1595
1631 11050
11050 1631
1631 11687
11687 1631
1631 21336
21336 1631
1631 24379
24379 1631
1632 1632
1632 1632
1632 9275
9275 1632
1639 993
993 1639
1639 1639
1639 1639
1639 3921
3921 1639
1639 4607
4607 1639
1639 6598
6598 1639
1639 8935
8935 1639
1639 11929
11929 1639
1639 13000
13000 1639
1639 14332
14332 1639
1639 14364
14364 1639
1639 14699
14699 1639
1654 1654
1654 1654
1658 162
162 1658
1658 1658
1658 1658
1658 1741
1741 1658
1658 2361
2361 1658
1658 2423
2423 1658
1658 2594
2594 1658
1658 5112
5112 1658
1658 7682
7682 1658
1658 9275
9275 1658
1658 12719
12719 1658
1658 13684
13684 1658
1658 14486
14486 1658
1658 14505
14505 1658
1667 14393
14393 1667
1667 14555
14555 1667
1725 21336
21336 1725
1740 496
496 1740
1740 1312
1312 1740
1740 1740
1740 1740
1740 2453
2453 1740
1740 3372
3372 1740
1740 4196
4196 1740
1740 4966
4966 1740
1740 9363
9363 1740
1740 11099
11099 1740
1740 12045
12045 1740
1740 12900
12900 1740
1740 13712
13712 1740
1740 14380
14380 1740
1740 14618
14618 1740
1740 14620
14620 1740
1740 14676
14676 1740
1740 14711
14711 1740
1740 16551
16551 1740
1740 16613
16613 1740
1740 16892
16892 1740
1740 19023
19023 1740
1741 1043
1043 1741
1741 9275
9275 1741
1741 9392
9392 1741
1741 11786
11786 1741
1741 12322
12322 1741
1741 14406
14406 1741
1741 14633
14633 1741
1741 17639
17639 1741
1800 12190
12190 1800
1842 1842
1842 1842
1842 12116
12116 1842
1842 14595
14595 1842
1846 642
642 1846
1846 1846
1846 1846
1846 1913
1913 1846
1846 2361
2361 1846
1846 2497
2497 1846
1846 3049
3049 1846
1846 3825
3825 1846
1846 6811
6811 1846
1846 7014
7014 1846
1846 9016
9016 1846
1846 10410
10410 1846
1846 11357
11357 1846
1846 12245
12245 1846
1846 13814
13814 1846
1846 14224
14224 1846
1861 1861
1861 1861
1861 8277
8277 1861
1861 9239
9239 1861
1861 12135
12135 1861
1861 13504
13504 1861
1861 14023
14023 1861
1861 14328
14328 1861
1861 14466
14466 1861
1861 18602
18602 1861
1861 22217
22217 1861
1861 23991
23991 1861
1913 90
90 1913
1934 1318
1318 1934
1934 1934
1934 1934
1934 2831
2831 1934
1934 7557
7557 1934
1934 9082
9082 1934
1934 10410
10410 1934
1944 1944
1944 1944
1944 10292
10292 1944
1951 1951
1951 1951
1951 14706
14706 1951
2018 401
401 2018
2018 2134
2134 2018
2018 8995
8995 2018
2018 18438
18438 2018
2099 7579
7579 2099
2099 7858
7858 2099
2104 18602
18602 2104
2134 2018
2018 2134
2134 2134
2134 2134
2134 2361
2361 2134
2134 3835
3835 2134
2134 4966
4966 2134
2134 5892
5892 2134
2134 8102
8102 2134
2134 9957
9957 2134
2134 11902
11902 2134
2134 12079
12079 2134
2134 12348
12348 2134
2134 12665
12665 2134
2134 12983
12983 2134
2134 12987
12987 2134
2134 13750
13750 2134
2134 14399
14399 2134
2134 14575
14575 2134
2134 14602
14602 2134
2158 2158
2158 2158
2194 701
701 2194
2194 2194
2194 2194
2194 3874
3874 2194
2194 8808
8808 2194
2194 9239
9239 2194
2194 11329
11329 2194
2194 12079
12079 2194
2194 13533
13533 2194
2194 16892
16892 2194
2197 642
642 2197
2197 2158
2158 2197
2197 2197
2197 2197
2197 2487
2487 2197
2197 2906
2906 2197
2197 2920
2920 2197
2197 3704
3704 2197
2197 4242
4242 2197
2197 7123
7123 2197
2197 8664
8664 2197
2197 9555
9555 2197
2197 9696
9696 2197
2197 9811
9811 2197
2197 12254
12254 2197
2197 13255
13255 2197
2197 14120
14120 2197
2197 14659
14659 2197
2197 14714
14714 2197
2197 14728
14728 2197
2197 18438
18438 2197
2197 19379
19379 2197
2197 19915
19915 2197
2199 14483
14483 2199
2225 24483
24483 2225
2271 3677
3677 2271
2272 8097
8097 2272
2274 4885
4885 2274
2274 6835
6835 2274
2274 7268
7268 2274
2274 11929
11929 2274
2307 5644
5644 2307
2318 14406
14406 2318
2349 3803
3803 2349
2361 642
642 2361
2361 1001
1001 2361
2361 1043
1043 2361
2361 2361
2361 2361
2361 2831
2831 2361
2361 6589
6589 2361
2361 6937
6937 2361
2361 7549
7549 2361
2361 9025
9025 2361
2361 9082
9082 2361
2361 10121
10121 2361
2361 12079
12079 2361
2361 12987
12987 2361
2361 13066
13066 2361
2361 13095
13095 2361
2361 13247
13247 2361
2361 14361
14361 2361
2361 14387
14387 2361
2361 14406
14406 2361
2361 14512
14512 2361
2361 19901
19901 2361
2361 23935
23935 2361
2362 7575
7575 2362
2384 2384
2384 2384
2384 5112
5112 2384
2384 11722
11722 2384
2384 12870
12870 2384
2387 642
642 2387
2387 2387
2387 2387
2387 8105
8105 2387
2387 9551
9551 2387
2387 9834
9834 2387
2387 14544
14544 2387
2387 24385
24385 2387
2387 24722
24722 2387
2411 2411
2411 2411
2411 14385
14385 2411
2413 231
231 2413
2413 2413
2413 2413
2413 2736
2736 2413
2413 7082
7082 2413
2413 8447
8447 2413
2413 12079
12079 2413
2413 13191
13191 2413
2419 11579
11579 2419
2423 13305
13305 2423
2424 6002
6002 2424
2424 8116
8116 2424
2424 12949
12949 2424
2424 13303
13303 2424
2442 1312
1312 2442
2442 2442
2442 2442
2443 2443
2443 2443
2453 1740
1740 2453
2453 2453
2453 2453
2453 3874
3874 2453
2453 3882
3882 2453
2453 3986
3986 2453
2453 11357
11357 2453
2487 1595
1595 2487
2487 2487
2487 2487
2487 3825
3825 2487
2487 7760
7760 2487
2487 10410
10410 2487
2487 12983
12983 2487
2487 13099
13099 2487
2487 13814
13814 2487
2487 16388
16388 2487
2487 17675
17675 2487
2487 18917
18917 2487
2497 642
642 2497
2497 1846
1846 2497
2497 6832
6832 2497
2497 6850
6850 2497
2497 6937
6937 2497
2497 10121
10121 2497
2497 12079
12079 2497
2497 12949
12949 2497
2497 12983
12983 2497
2497 14555
14555 2497
2497 14563
14563 2497
2497 19915
19915 2497
2499 14751
14751 2499
2508 14620
14620 2508
2583 11910
11910 2583
2592 285
285 2592
2592 1543
1543 2592
2592 2592
2592 2592
2592 3705
3705 2592
2592 4829
4829 2592
2592 5574
5574 2592
2592 6002
6002 2592
2592 9089
9089 2592
2592 9275
9275 2592
2592 9312
9312 2592
2592 11357
11357 2592
2592 14310
14310 2592
2592 14759
14759 2592
2592 17880
17880 2592
2592 22412
22412 2592
2592 24385
24385 2592
2594 2594
2594 2594
2599 8491
8491 2599
2629 8935
8935 2629
2629 20817
20817 2629
2633 6124
6124 2633
2655 2655
2655 2655
2655 8858
8858 2655
2733 5946
5946 2733
2736 149
149 2736
2736 2736
2736 2736
2736 7082
7082 2736
2736 13276
13276 2736
2748 996
996 2748
2748 14597
14597 2748
2748 18917
18917 2748
2750 596
596 2750
2750 12079
12079 2750
2750 13954
13954 2750
2811 2811
2811 2811
2831 2015
2015 2831
2831 2361
2361 2831
2831 2760
2760 2831
2831 2831
2831 2831
2831 3658
3658 2831
2831 5409
5409 2831
2831 12186
12186 2831
2831 12900
12900 2831
2831 13584
13584 2831
2831 14406
14406 2831
2831 15117
15117 2831
2831 19915
19915 2831
2872 25
25 2872
2872 1654
1654 2872
2872 2872
2872 2872
2872 10603
10603 2872
2872 11902
11902 2872
2872 12668
12668 2872
2872 14406
14406 2872
2872 14697
14697 2872
2920 2920
2920 2920
2920 13969
13969 2920
2931 9555
9555 2931
2939 14017
14017 2939
2956 11782
11782 2956
2997 1407
1407 2997
2997 2997
2997 2997
2997 4370
4370 2997
2997 5677
5677 2997
2997 6437
6437 2997
2997 14377
14377 2997
2997 14406
14406 2997
2997 14491
14491 2997
2997 14761
14761 2997
2997 18602
18602 2997
2997 24393
24393 2997
2997 24722
24722 2997
3007 1312
1312 3007
3015 3015
3015 3015
3023 814
814 3023
3023 1312
1312 3023
3023 3023
3023 3023
3023 13237
13237 3023
3049 3049
3049 3049
3049 5660
5660 3049
3049 6598
6598 3049
3049 11938
11938 3049
3049 12079
12079 3049
3049 13598
13598 3049
3049 13795
13795 3049
3049 14350
14350 3049
3049 14425
14425 3049
3049 14610
14610 3049
3101 12570
12570 3101
3111 2997
2997 3111
3111 10136
10136 3111
3130 17830
17830 3130
3147 13758
13758 3147
3162 3162
3162 3162
3162 19138
19138 3162
3172 642
642 3172
3172 993
993 3172
3172 1173
1173 3172
3172 2158
2158 3172
3172 3172
3172 3172
3172 8858
8858 3172
3172 11929
11929 3172
3172 13255
13255 3172
3172 13750
13750 3172
3172 13814
13814 3172
3172 14406
14406 3172
3172 14591
14591 3172
3174 14428
14428 3174
3203 14367
14367 3203
3292 14489
14489 3292
3372 3372
3372 3372
3372 4196
4196 3372
3425 24480
24480 3425
3433 16613
16613 3433
3491 3491
3491 3491
3519 6598
6598 3519
3559 687
687 3559
3559 3559
3559 3559
3559 9312
9312 3559
3591 12570
12570 3591
3607 574
574 3607
3607 9776
9776 3607
3607 12418
12418 3607
3620 14568
14568 3620
3677 2271
2271 3677
3677 3677
3677 3677
3677 6049
6049 3677
3691 642
642 3691
3691 13337
13337 3691
3704 3704
3704 3704
3705 3705
3705 3705
3714 3714
3714 3714
3714 12964
12964 3714
3714 14486
14486 3714
3733 1842
1842 3733
3733 9125
9125 3733
3757 10544
10544 3757
3777 4920
4920 3777
3803 3803
3803 3803
3803 10862
10862 3803
3803 14735
14735 3803
3803 16895
16895 3803
3824 6575
6575 3824
3825 3825
3825 3825
3882 2453
2453 3882
3882 3882
3882 3882
3882 8858
8858 3882
3921 3921
3921 3921
3950 642
642 3950
3950 12734
12734 3950
3950 14739
14739 3950
3950 15888
15888 3950
3950 16613
16613 3950
3986 2453
2453 3986
3986 3986
3986 3986
3986 6693
6693 3986
3986 9239
9239 3986
3986 12734
12734 3986
3986 18719
18719 3986
3986 22592
22592 3986
4015 14255
14255 4015
4018 4018
4018 4018
4021 4021
4021 4021
4025 4025
4025 4025
4048 3705
3705 4048
4089 12668
12668 4089
4125 4458
4458 4125
4125 17742
17742 4125
4143 4143
4143 4143
4143 14322
14322 4143
4143 14406
14406 4143
4158 4158
4158 4158
4158 13305
13305 4158
4158 14584
14584 4158
4158 14612
14612 4158
4173 5892
5892 4173
4185 20259
20259 4185
4196 1740
1740 4196
4196 3372
3372 4196
4196 4196
4196 4196
4196 8664
8664 4196
4196 14530
14530 4196
4230 4230
4230 4230
4230 4928
4928 4230
4240 5887
5887 4240
4242 934
934 4242
4242 1842
1842 4242
4242 3704
3704 4242
4242 4242
4242 4242
4242 4411
4411 4242
4242 6049
6049 4242
4242 7759
7759 4242
4242 8491
8491 4242
4242 8996
8996 4242
4242 9025
9025 4242
4242 9256
9256 4242
4242 9811
9811 4242
4242 10862
10862 4242
4242 11753
11753 4242
4242 12668
12668 4242
4242 12789
12789 4242
4242 13800
13800 4242
4242 14255
14255 4242
4242 14266
14266 4242
4242 14318
14318 4242
4242 14406
14406 4242
4242 14436
14436 4242
4242 14755
14755 4242
4242 17880
17880 4242
4242 18169
18169 4242
4242 18438
18438 4242
4242 18568
18568 4242
4242 18574
18574 4242
4242 19888
19888 4242
4271 5311
5311 4271
4324 12322
12322 4324
4343 4021
4021 4343
4343 4343
4343 4343
4343 14425
14425 4343
4343 18602
18602 4343
4346 9239
9239 4346
4407 4407
4407 4407
4407 14406
14406 4407
4407 14604
14604 4407
4411 4411
4411 4411
4411 6247
6247 4411
4430 4920
4920 4430
4430 9082
9082 4430
4462 14638
14638 4462
4567 642
642 4567
4567 1741
1741 4567
4567 2920
2920 4567
4567 4567
4567 4567
4567 8935
8935 4567
4567 11230
11230 4567
4567 13431
13431 4567
4567 14035
14035 4567
4567 14348
14348 4567
4567 14366
14366 4567
4578 4578
4578 4578
4578 9239
9239 4578
4578 9762
9762 4578
4578 13889
13889 4578
4578 16895
16895 4578
4578 19915
19915 4578
4607 993
993 4607
4607 1639
1639 4607
4607 4607
4607 4607
4607 6124
6124 4607
4607 11929
11929 4607
4607 12943
12943 4607
4607 14572
14572 4607
4607 14631
14631 4607
4607 14725
14725 4607
4607 24385
24385 4607
4624 2497
2497 4624
4624 2997
2997 4624
4667 2831
2831 4667
4667 9025
9025 4667
4667 14406
14406 4667
4667 19901
19901 4667
4685 20
20 4685
4685 3882
3882 4685
4685 4685
4685 4685
4685 8858
8858 4685
4685 14218
14218 4685
4685 14748
14748 4685
4685 19901
19901 4685
4719 4719
4719 4719
4719 14400
14400 4719
4719 14744
14744 4719
4724 4724
4724 4724
4724 12079
12079 4724
4730 90
90 4730
4730 4730
4730 4730
4735 1403
1403 4735
4737 804
804 4737
4781 13533
13533 4781
4805 13747
13747 4805
4829 642
642 4829
4829 4829
4829 4829
4829 5892
5892 4829
4829 9025
9025 4829
4829 14359
14359 4829
4829 14400
14400 4829
4829 18917
18917 4829
4879 2831
2831 4879
4903 4903
4903 4903
4903 6666
6666 4903
4913 2467
2467 4913
4913 4913
4913 4913
4913 8421
8421 4913
4913 12190
12190 4913
4913 21786
21786 4913
4920 253
253 4920
4920 644
644 4920
4920 1209
1209 4920
4920 1430
1430 4920
4920 2655
2655 4920
4920 3460
3460 4920
4920 4920
4920 4920
4920 5178
5178 4920
4920 5615
5615 4920
4920 5644
5644 4920
4920 6278
6278 4920
4920 8321
8321 4920
4920 8346
8346 4920
4920 9874
9874 4920
4920 11767
11767 4920
4920 12135
12135 4920
4920 12570
12570 4920
4920 12573
12573 4920
4920 12665
12665 4920
4920 13504
13504 4920
4920 13750
13750 4920
4920 13877
13877 4920
4920 14370
14370 4920
4920 14459
14459 4920
4920 14536
14536 4920
4920 14583
14583 4920
4920 14754
14754 4920
4920 14755
14755 4920
4920 18602
18602 4920
4920 22283
22283 4920
4928 386
386 4928
4928 496
496 4928
4928 4230
4230 4928
4928 4928
4928 4928
4928 13705
13705 4928
4928 14318
14318 4928
4928 14503
14503 4928
4928 16613
16613 4928
4952 2274
2274 4952
4952 18619
18619 4952
5010 10139
10139 5010
5052 2453
2453 5052
5112 5112
5112 5112
5112 15773
15773 5112
5152 5152
5152 5152
5152 7478
7478 5152
5152 8277
8277 5152
5152 10573
10573 5152
5176 3152
3152 5176
5178 6966
6966 5178
5178 8659
8659 5178
5178 12135
12135 5178
5178 13598
13598 5178
5178 14385
14385 5178
5178 14747
14747 5178
5178 18619
18619 5178
5178 20817
20817 5178
5198 5198
5198 5198
5198 16345
16345 5198
5261 287
287 5261
5261 9232
9232 5261
5261 9275
9275 5261
5261 12803
12803 5261
5261 12949
12949 5261
5261 14449
14449 5261
5261 14477
14477 5261
5261 14493
14493 5261
5261 14599
14599 5261
5261 18602
18602 5261
5282 5282
5282 5282
5282 14298
14298 5282
5304 4343
4343 5304
5304 5304
5304 5304
5304 13911
13911 5304
5304 18602
18602 5304
5311 623
623 5311
5311 701
701 5311
5311 5892
5892 5311
5311 12079
12079 5311
5311 12465
12465 5311
5311 14031
14031 5311
5311 14406
14406 5311
5311 14486
14486 5311
5311 14505
14505 5311
5311 17066
17066 5311
5324 9275
9275 5324
5324 14498
14498 5324
5345 11488
11488 5345
5345 11861
11861 5345
5392 17706
17706 5392
5401 16892
16892 5401
5409 2594
2594 5409
5409 2831
2831 5409
5409 3921
3921 5409
5409 5409
5409 5409
5409 9677
9677 5409
5409 11899
11899 5409
5409 14576
14576 5409
5411 574
574 5411
5411 1784
1784 5411
5411 4724
4724 5411
5411 5411
5411 5411
5411 10121
10121 5411
5411 10811
10811 5411
5411 12079
12079 5411
5411 13750
13750 5411
5411 14369
14369 5411
5411 15450
15450 5411
5489 496
496 5489
5516 6485
6485 5516
5516 7565
7565 5516
5516 14406
14406 5516
5519 1913
1913 5519
5519 7014
7014 5519
5519 10410
10410 5519
5519 12983
12983 5519
5519 14562
14562 5519
5519 14635
14635 5519
5519 17675
17675 5519
5523 1861
1861 5523
5523 3921
3921 5523
5523 5523
5523 5523
5523 12242
12242 5523
5523 13504
13504 5523
5523 17880
17880 5523
5531 14600
14600 5531
5531 24707
24707 5531
5567 9851
9851 5567
5595 9239
9239 5595
5615 5615
5615 5615
5625 14620
14620 5625
5639 623
623 5639
5639 12465
12465 5639
5639 14365
14365 5639
5639 14405
14405 5639
5639 14406
14406 5639
5639 24568
24568 5639
5644 5644
5644 5644
5644 6278
6278 5644
5644 8364
8364 5644
5657 5866
5866 5657
5658 22276
22276 5658
5660 830
830 5660
5660 833
833 5660
5660 1543
1543 5660
5660 3049
3049 5660
5660 3491
3491 5660
5660 5304
5304 5660
5660 5660
5660 5660
5660 6598
6598 5660
5660 7268
7268 5660
5660 9762
9762 5660
5660 11743
11743 5660
5660 11938
11938 5660
5660 12079
12079 5660
5660 13121
13121 5660
5660 14419
14419 5660
5660 14729
14729 5660
5660 19427
19427 5660
5660 22072
22072 5660
5660 22730
22730 5660
5677 574
574 5677
5677 2997
2997 5677
5677 9082
9082 5677
5677 11357
11357 5677
5757 12101
12101 5757
5769 2453
2453 5769
5769 13255
13255 5769
5795 14018
14018 5795
5887 5887
5887 5887
5887 14751
14751 5887
5892 996
996 5892
5892 2134
2134 5892
5892 5892
5892 5892
5892 13305
13305 5892
5946 2733
2733 5946
5946 5946
5946 5946
5946 8858
8858 5946
5946 9082
9082 5946
5946 12045
12045 5946
5946 14350
14350 5946
5946 14361
14361 5946
5946 14495
14495 5946
5946 15404
15404 5946
6002 1244
1244 6002
6002 6002
6002 6002
6002 10473
10473 6002
6002 14361
14361 6002
6002 14406
14406 6002
6002 21786
21786 6002
6009 7754
7754 6009
6017 8814
8814 6017
6047 14756
14756 6047
6049 830
830 6049
6049 1137
1137 6049
6049 3677
3677 6049
6049 6049
6049 6049
6049 9398
9398 6049
6049 11577
11577 6049
6049 13951
13951 6049
6054 14120
14120 6054
6070 3733
3733 6070
6095 13889
13889 6095
6095 16895
16895 6095
6124 804
804 6124
6124 6124
6124 6124
6124 8813
8813 6124
6124 23360
23360 6124
6157 24706
24706 6157
6167 2361
2361 6167
6228 13247
13247 6228
6247 6247
6247 6247
6247 8858
8858 6247
6247 12573
12573 6247
6247 13598
13598 6247
6247 14400
14400 6247
6247 14413
14413 6247
6247 14441
14441 6247
6247 14563
14563 6247
6247 14752
14752 6247
6278 5644
5644 6278
6278 6966
6966 6278
6278 14478
14478 6278
6318 14318
14318 6318
6318 19915
19915 6318
6318 21079
21079 6318
6413 285
285 6413
6413 14396
14396 6413
6485 8939
8939 6485
6485 12573
12573 6485
6485 14385
14385 6485
6485 14466
14466 6485
6485 14730
14730 6485
6485 19355
19355 6485
6497 6497
6497 6497
6497 12465
12465 6497
6497 14748
14748 6497
6505 6505
6505 6505
6505 14622
14622 6505
6505 24568
24568 6505
6528 6528
6528 6528
6528 9082
9082 6528
6528 14318
14318 6528
6528 14584
14584 6528
6528 14603
14603 6528
6528 14606
14606 6528
6528 15450
15450 6528
6531 6531
6531 6531
6531 8097
8097 6531
6531 14689
14689 6531
6547 11847
11847 6547
6589 496
496 6589
6589 503
503 6589
6589 642
642 6589
6589 804
804 6589
6589 2361
2361 6589
6589 6589
6589 6589
6589 6961
6961 6589
6589 7342
7342 6589
6589 8262
8262 6589
6589 8447
8447 6589
6589 9025
9025 6589
6589 9082
9082 6589
6589 11357
11357 6589
6589 12315
12315 6589
6589 12670
12670 6589
6589 14406
14406 6589
6589 14514
14514 6589
6589 18602
18602 6589
6589 19149
19149 6589
6598 1639
1639 6598
6598 6598
6598 6598
6598 11101
11101 6598
6598 11254
11254 6598
6598 12943
12943 6598
6598 13533
13533 6598
6598 21336
21336 6598
6666 4903
4903 6666
6666 4920
4920 6666
6666 6666
6666 6666
6666 12079
12079 6666
6666 12190
12190 6666
6666 14463
14463 6666
6681 18689
18689 6681
6693 6693
6693 6693
6707 6707
6707 6707
6735 9696
9696 6735
6735 13305
13305 6735
6735 14711
14711 6735
6815 16613
16613 6815
6832 6832
6832 6832
6832 8421
8421 6832
6845 5892
5892 6845
6850 3049
3049 6850
6850 5411
5411 6850
6850 10121
10121 6850
6850 14469
14469 6850
6850 14521
14521 6850
6850 24480
24480 6850
6851 8858
8858 6851
6851 9082
9082 6851
6851 14406
14406 6851
6851 14425
14425 6851
6851 17830
17830 6851
6851 22385
22385 6851
6874 6874
6874 6874
6874 13544
13544 6874
6874 24707
24707 6874
6917 4150
4150 6917
6937 287
287 6937
6937 344
344 6937
6937 6140
6140 6937
6937 6937
6937 6937
6937 14358
14358 6937
6953 14765
14765 6953
6955 1741
1741 6955
6955 2201
2201 6955
6955 2392
2392 6955
6955 3921
3921 6955
6955 9551
9551 6955
6955 10307
10307 6955
6955 13003
13003 6955
6955 14386
14386 6955
6955 17283
17283 6955
6955 18276
18276 6955
6955 24301
24301 6955
6961 496
496 6961
6961 8232
8232 6961
6961 9026
9026 6961
6961 9874
9874 6961
6961 14625
14625 6961
6961 15447
15447 6961
6966 1312
1312 6966
6966 1403
1403 6966
6966 6966
6966 6966
6966 14354
14354 6966
6966 14500
14500 6966
6966 19138
19138 6966
6966 23360
23360 6966
7006 13915
13915 7006
7014 7014
7014 7014
7026 540
540 7026
7081 687
687 7081
7081 18602
18602 7081
7106 7106
7106 7106
7106 14332
14332 7106
7106 24722
24722 7106
7107 6937
6937 7107
7107 24342
24342 7107
7123 2197
2197 7123
7123 6707
6707 7123
7123 10566
10566 7123
7142 3921
3921 7142
7142 7142
7142 7142
7142 9405
9405 7142
7142 10767
10767 7142
7152 3491
3491 7152
7152 6832
6832 7152
7152 10681
10681 7152
7152 11406
11406 7152
7186 7186
7186 7186
7186 12079
12079 7186
7186 14525
14525 7186
7186 14628
14628 7186
7209 6598
6598 7209
7268 7268
7268 7268
7305 2831
2831 7305
7305 4500
4500 7305
7305 6049
6049 7305
7305 9573
9573 7305
7305 21954
21954 7305
7410 4242
4242 7410
7410 7410
7410 7410
7410 11101
11101 7410
7410 12789
12789 7410
7410 13673
13673 7410
7410 14117
14117 7410
7410 14318
14318 7410
7410 14503
14503 7410
7410 17840
17840 7410
7470 231
231 7470
7470 6666
6666 7470
7470 7470
7470 7470
7470 7778
7778 7470
7470 13276
13276 7470
7470 14524
14524 7470
7478 7478
7478 7478
7478 11577
11577 7478
7499 2487
2487 7499
7499 4242
4242 7499
7514 1312
1312 7514
7514 5409
5409 7514
7514 6124
6124 7514
7514 8921
8921 7514
7514 9025
9025 7514
7514 9275
9275 7514
7514 11929
11929 7514
7514 12322
12322 7514
7514 18602
18602 7514
7516 7516
7516 7516
7516 9256
9256 7516
7516 13533
13533 7516
7516 14318
14318 7516
7516 14387
14387 7516
7516 14406
14406 7516
7516 21337
21337 7516
7557 410
410 7557
7557 7557
7557 7557
7566 6497
6497 7566
7566 6937
6937 7566
7567 7567
7567 7567
7579 7579
7579 7579
7601 4607
4607 7601
7601 9082
9082 7601
7601 14421
14421 7601
7601 18602
18602 7601
7648 3803
3803 7648
7648 8935
8935 7648
7648 9025
9025 7648
7648 9275
9275 7648
7648 12322
12322 7648
7648 14367
14367 7648
7648 19901
19901 7648
7656 13258
13258 7656
7680 996
996 7680
7682 993
993 7682
7682 5892
5892 7682
7682 6832
6832 7682
7682 7682
7682 7682
7682 13305
13305 7682
7682 13750
13750 7682
7682 14367
14367 7682
7682 14667
14667 7682
7743 253
253 7743
7743 1312
1312 7743
7743 3874
3874 7743
7743 7743
7743 7743
7743 14095
14095 7743
7743 14335
14335 7743
7743 14541
14541 7743
7743 14594
14594 7743
7759 701
701 7759
7759 1001
1001 7759
7759 1092
1092 7759
7759 2831
2831 7759
7759 6400
6400 7759
7759 6505
6505 7759
7759 7759
7759 7759
7759 8262
8262 7759
7759 8935
8935 7759
7759 9082
9082 7759
7759 9716
9716 7759
7759 11362
11362 7759
7759 11929
11929 7759
7759 12079
12079 7759
7759 12090
12090 7759
7759 12315
12315 7759
7759 12665
12665 7759
7759 13730
13730 7759
7759 13896
13896 7759
7759 14359
14359 7759
7759 14406
14406 7759
7759 14597
14597 7759
7759 14652
14652 7759
7759 14674
14674 7759
7759 14733
14733 7759
7759 18602
18602 7759
7760 2467
2467 7760
7778 3559
3559 7778
7778 6047
6047 7778
7778 7470
7470 7778
7778 10121
10121 7778
7778 13011
13011 7778
7778 14406
14406 7778
7824 596
596 7824
7824 7082
7082 7824
7824 7824
7824 7824
7824 17675
17675 7824
7850 7850
7850 7850
7858 701
701 7858
7858 7858
7858 7858
8005 2361
2361 8005
8005 8005
8005 8005
8005 9025
9025 8005
8005 10603
10603 8005
8005 15161
15161 8005
8005 15512
15512 8005
8005 20892
20892 8005
8005 23360
23360 8005
8025 8025
8025 8025
8025 13969
13969 8025
8097 6531
6531 8097
8097 8097
8097 8097
8097 13969
13969 8097
8102 8102
8102 8102
8127 2592
2592 8127
8162 12982
12982 8162
8162 14406
14406 8162
8232 4928
4928 8232
8232 6961
6961 8232
8232 8232
8232 8232
8262 8262
8262 8262
8262 9716
9716 8262
8262 14491
14491 8262
8262 14597
14597 8262
8277 8277
8277 8277
8286 19901
19901 8286
8305 1741
1741 8305
8305 13099
13099 8305
8310 8813
8813 8310
8311 14086
14086 8311
8321 4920
4920 8321
8321 14394
14394 8321
8346 1430
1430 8346
8346 8346
8346 8346
8364 2197
2197 8364
8364 5644
5644 8364
8364 6278
6278 8364
8364 8364
8364 8364
8421 1784
1784 8421
8421 4913
4913 8421
8421 6832
6832 8421
8421 6937
6937 8421
8421 8421
8421 8421
8421 14489
14489 8421
8447 2197
2197 8447
8447 2413
2413 8447
8447 8447
8447 8447
8447 8935
8935 8447
8507 13305
13305 8507
8600 24259
24259 8600
8644 1538
1538 8644
8650 18917
18917 8650
8657 8944
8944 8657
8657 14447
14447 8657
8657 14588
14588 8657
8659 13504
13504 8659
8661 9275
9275 8661
8664 1632
1632 8664
8664 3021
3021 8664
8664 4196
4196 8664
8664 9811
9811 8664
8664 14725
14725 8664
8808 8808
8808 8808
8808 11019
11019 8808
8813 1944
1944 8813
8813 6124
6124 8813
8813 8310
8310 8813
8813 8813
8813 8813
8813 14332
14332 8813
8846 2997
2997 8846
8858 2655
2655 8858
8858 8858
8858 8858
8921 2453
2453 8921
8921 6002
6002 8921
8921 9275
9275 8921
8921 14354
14354 8921
8935 287
287 8935
8935 1092
1092 8935
8935 1312
1312 8935
8935 2158
2158 8935
8935 2387
2387 8935
8935 6693
6693 8935
8935 7858
7858 8935
8935 8935
8935 8935
8935 10410
10410 8935
8935 11357
11357 8935
8935 12086
12086 8935
8935 12322
12322 8935
8935 12665
12665 8935
8935 12734
12734 8935
8935 14370
14370 8935
8935 14373
14373 8935
8935 14376
14376 8935
8935 14474
14474 8935
8935 14485
14485 8935
8935 14511
14511 8935
8935 14524
14524 8935
8935 14539
14539 8935
8935 14585
14585 8935
8935 14594
14594 8935
8935 14660
14660 8935
8935 14744
14744 8935
8935 18202
18202 8935
8935 18602
18602 8935
8935 24400
24400 8935
8939 8939
8939 8939
8944 8657
8657 8944
8983 21336
21336 8983
8984 7410
7410 8984
8984 11101
11101 8984
8988 1384
1384 8988
8995 814
814 8995
8995 8995
8995 8995
8996 8996
8996 8996
9005 1658
1658 9005
9005 2423
2423 9005
9005 20285
20285 9005
9011 24460
24460 9011
9018 19901
19901 9018
9022 4642
4642 9022
9022 9022
9022 9022
9022 14583
14583 9022
9022 17066
17066 9022
9025 642
642 9025
9025 1658
1658 9025
9025 1913
1913 9025
9025 2423
2423 9025
9025 2594
2594 9025
9025 3491
3491 9025
9025 3705
3705 9025
9025 4196
4196 9025
9025 4829
4829 9025
9025 4920
4920 9025
9025 6247
6247 9025
9025 6937
6937 9025
9025 7478
7478 9025
9025 9025
9025 9025
9025 10331
10331 9025
9025 11722
11722 9025
9025 12190
12190 9025
9025 12371
12371 9025
9025 13255
13255 9025
9025 13372
13372 9025
9025 13573
13573 9025
9025 13684
13684 9025
9025 13750
13750 9025
9025 14310
14310 9025
9025 14366
14366 9025
9025 14400
14400 9025
9025 14406
14406 9025
9025 14413
14413 9025
9025 14432
14432 9025
9025 14451
14451 9025
9025 14466
14466 9025
9025 14477
14477 9025
9025 14540
14540 9025
9025 14659
14659 9025
9025 14697
14697 9025
9025 15714
15714 9025
9025 19901
19901 9025
9025 24722
24722 9025
9026 6961
6961 9026
9026 9026
9026 9026
9026 24518
24518 9026
9057 25
25 9057
9057 763
763 9057
9057 804
804 9057
9057 929
929 9057
9057 2158
2158 9057
9057 2194
2194 9057
9057 3123
3123 9057
9057 3172
3172 9057
9057 3803
3803 9057
9057 5152
5152 9057
9057 6728
6728 9057
9057 8935
8935 9057
9057 9025
9025 9057
9057 9082
9082 9057
9057 9573
9573 9057
9057 11725
11725 9057
9057 12135
12135 9057
9057 12322
12322 9057
9057 12531
12531 9057
9057 12670
12670 9057
9057 13796
13796 9057
9057 14348
14348 9057
9057 14387
14387 9057
9057 14406
14406 9057
9057 14543
14543 9057
9057 14563
14563 9057
9057 14613
14613 9057
9057 14670
14670 9057
9057 14715
14715 9057
9057 14732
14732 9057
9057 14744
14744 9057
9057 15814
15814 9057
9057 18138
18138 9057
9057 23360
23360 9057
9082 5946
5946 9082
9082 6002
6002 9082
9082 9082
9082 9082
9082 9842
9842 9082
9082 12135
12135 9082
9082 14406
14406 9082
9082 14483
14483 9082
9082 19866
19866 9082
9089 18602
18602 9089
9140 11785
11785 9140
9157 10121
10121 9157
9177 496
496 9177
9177 1944
1944 9177
9177 6874
6874 9177
9177 9089
9089 9177
9177 9177
9177 9177
9177 9275
9275 9177
9177 11767
11767 9177
9177 13255
13255 9177
9177 13499
13499 9177
9177 13504
13504 9177
9177 13730
13730 9177
9177 13954
13954 9177
9177 14376
14376 9177
9177 14406
14406 9177
9177 14539
14539 9177
9177 14720
14720 9177
9177 14739
14739 9177
9177 14761
14761 9177
9177 14765
14765 9177
9177 14768
14768 9177
9177 18602
18602 9177
9177 22592
22592 9177
9202 9202
9202 9202
9224 9224
9224 9224
9224 14806
14806 9224
9232 9232
9232 9232
9232 10544
10544 9232
9232 12803
12803 9232
9239 934
934 9239
9239 1312
1312 9239
9239 1658
1658 9239
9239 1842
1842 9239
9239 4346
4346 9239
9239 4578
4578 9239
9239 6095
6095 9239
9239 9239
9239 9239
9239 11929
11929 9239
9239 12020
12020 9239
9239 12171
12171 9239
9239 14370
14370 9239
9239 14406
14406 9239
9239 14464
14464 9239
9239 14670
14670 9239
9239 16892
16892 9239
9239 19915
19915 9239
9239 23991
23991 9239
9256 804
804 9256
9256 9256
9256 9256
9256 12169
12169 9256
9256 13305
13305 9256
9275 1312
1312 9275
9275 2592
2592 9275
9275 6966
6966 9275
9275 9275
9275 9275
9275 13889
13889 9275
9275 22592
22592 9275
9275 24707
24707 9275
9312 687
687 9312
9312 3559
3559 9312
9312 9312
9312 9312
9312 9842
9842 9312
9312 12812
12812 9312
9325 608
608 9325
9360 7516
7516 9360
9363 9363
9363 9363
9365 7478
7478 9365
9365 17675
17675 9365
9392 3172
3172 9392
9398 6049
6049 9398
9398 9398
9398 9398
9405 1708
1708 9405
9405 9405
9405 9405
9405 14117
14117 9405
9405 18689
18689 9405
9405 19138
19138 9405
9405 19698
19698 9405
9444 24703
24703 9444
9462 14406
14406 9462
9511 9511
9511 9511
9511 22592
22592 9511
9524 9275
9275 9524
9553 2736
2736 9553
9553 8935
8935 9553
9553 9025
9025 9553
9553 11687
11687 9553
9553 12322
12322 9553
9553 12531
12531 9553
9553 14367
14367 9553
9553 14751
14751 9553
9555 776
776 9555
9555 1018
1018 9555
9555 2592
2592 9555
9555 4158
4158 9555
9555 9555
9555 9555
9555 14548
14548 9555
9555 14584
14584 9555
9573 16018
16018 9573
9600 17768
17768 9600
9647 21336
21336 9647
9677 18602
18602 9677
9679 14311
14311 9679
9679 14349
14349 9679
9679 22221
22221 9679
9682 1038
1038 9682
9696 9696
9696 9696
9707 1270
1270 9707
9707 9707
9707 9707
9716 9716
9716 9716
9762 9762
9762 9762
9798 13775
13775 9798
9811 4242
4242 9811
9811 9811
9811 9811
9842 687
687 9842
9842 8858
8858 9842
9842 9312
9312 9842
9842 14332
14332 9842
9842 14406
14406 9842
9842 14425
14425 9842
9842 14670
14670 9842
9842 15117
15117 9842
9842 18574
18574 9842
9842 19149
19149 9842
9862 9082
9082 9862
9874 9874
9874 9874
9957 8858
8858 9957
9957 9957
9957 9957
9957 12348
12348 9957
9957 14760
14760 9957
9957 18602
18602 9957
9960 4158
4158 9960
9960 13673
13673 9960
9960 14603
14603 9960
9991 24710
24710 9991
10052 14436
14436 10052
10075 11167
11167 10075
10121 763
763 10121
10121 2158
2158 10121
10121 2487
2487 10121
10121 2497
2497 10121
10121 2594
2594 10121
10121 6850
6850 10121
10121 8858
8858 10121
10121 9696
9696 10121
10121 10121
10121 10121
10121 14328
14328 10121
10121 14406
14406 10121
10121 14505
14505 10121
10121 14715
14715 10121
10121 14729
14729 10121
10121 19888
19888 10121
10121 24480
24480 10121
10168 3049
3049 10168
10184 2361
2361 10184
10259 14481
14481 10259
10273 11104
11104 10273
10273 14728
14728 10273
10292 1944
1944 10292
10292 3162
3162 10292
10292 8858
8858 10292
10292 9082
9082 10292
10292 10292
10292 10292
10292 11357
11357 10292
10292 13889
13889 10292
10292 14406
14406 10292
10292 14512
14512 10292
10292 14759
14759 10292
10292 18602
18602 10292
10292 18771
18771 10292
10307 12900
12900 10307
10323 19495
19495 10323
10331 1105
1105 10331
10331 10331
10331 10331
10331 13305
13305 10331
10343 14660
14660 10343
10343 14699
14699 10343
10356 6735
6735 10356
10406 12935
12935 10406
10406 15814
15814 10406
10406 17639
17639 10406
10406 18863
18863 10406
10410 597
597 10410
10410 1934
1934 10410
10410 2831
2831 10410
10410 3328
3328 10410
10410 5118
5118 10410
10410 10410
10410 10410
10410 12925
12925 10410
10410 12943
12943 10410
10410 13223
13223 10410
10410 14350
14350 10410
10410 14659
14659 10410
10410 14728
14728 10410
10410 15450
15450 10410
10544 287
287 10544
10544 3757
3757 10544
10544 9177
9177 10544
10544 9232
9232 10544
10544 10544
10544 10544
10544 11743
11743 10544
10544 12712
12712 10544
10544 14558
14558 10544
10566 496
496 10566
10566 2134
2134 10566
10566 2194
2194 10566
10566 2592
2592 10566
10566 8858
8858 10566
10566 9275
9275 10566
10566 10566
10566 10566
10566 10811
10811 10566
10566 12777
12777 10566
10566 14035
14035 10566
10566 14625
14625 10566
10566 17742
17742 10566
10566 24707
24707 10566
10568 12960
12960 10568
10573 2831
2831 10573
10573 10573
10573 10573
10573 24519
24519 10573
10598 9025
9025 10598
10598 14387
14387 10598
10598 19901
19901 10598
10603 2872
2872 10603
10676 935
935 10676
10681 7682
7682 10681
10681 10681
10681 10681
10767 3814
3814 10767
10767 10767
10767 10767
10767 14491
14491 10767
10811 638
638 10811
10811 1043
1043 10811
10811 8858
8858 10811
10811 10292
10292 10811
10811 10811
10811 10811
10811 12755
12755 10811
10811 13049
13049 10811
10811 14425
14425 10811
10811 14670
14670 10811
10811 14714
14714 10811
10811 19961
19961 10811
10837 11688
11688 10837
10862 3803
3803 10862
10862 4242
4242 10862
10926 14023
14023 10926
10997 14415
14415 10997
11040 14491
14491 11040
11048 13969
13969 11048
11055 4920
4920 11055
11056 16892
16892 11056
11056 24710
24710 11056
11071 14506
14506 11071
11076 9082
9082 11076
11076 9811
9811 11076
11076 14603
14603 11076
11076 17742
17742 11076
11077 13305
13305 11077
11101 8984
8984 11101
11101 11101
11101 11101
11106 11106
11106 11106
11130 14154
14154 11130
11149 3921
3921 11149
11167 1312
1312 11167
11167 4018
4018 11167
11167 10075
10075 11167
11167 18719
18719 11167
11230 4567
4567 11230
11230 11230
11230 11230
11254 12719
12719 11254
11342 503
503 11342
11342 8935
8935 11342
11342 14750
14750 11342
11357 6589
6589 11357
11357 11357
11357 11357
11361 13144
13144 11361
11378 7082
7082 11378
11378 7516
7516 11378
11378 11378
11378 11378
11378 24588
24588 11378
11393 642
642 11393
11393 18602
18602 11393
11401 13574
13574 11401
11406 11406
11406 11406
11406 14520
14520 11406
11458 12573
12573 11458
11460 14451
14451 11460
11577 6049
6049 11577
11577 7478
7478 11577
11577 8858
8858 11577
11577 11577
11577 11577
11577 18917
18917 11577
11579 2419
2419 11579
11579 4158
4158 11579
11579 11579
11579 11579
11579 14117
14117 11579
11607 14636
14636 11607
11657 833
833 11657
11657 11657
11657 11657
11657 12169
12169 11657
11657 14255
14255 11657
11657 14318
14318 11657
11657 14484
14484 11657
11657 14530
14530 11657
11657 14630
14630 11657
11657 14716
14716 11657
11657 15450
15450 11657
11684 8858
8858 11684
11684 11684
11684 11684
11684 11929
11929 11684
11684 13556
13556 11684
11684 14474
14474 11684
11684 14543
14543 11684
11688 12190
12190 11688
11688 14421
14421 11688
11698 162
162 11698
11700 935
935 11700
11700 2831
2831 11700
11700 12418
12418 11700
11715 2594
2594 11715
11715 19901
19901 11715
11722 2384
2384 11722
11722 11722
11722 11722
11724 11848
11848 11724
11725 8447
8447 11725
11725 14370
14370 11725
11743 2274
2274 11743
11743 9202
9202 11743
11743 9232
9232 11743
11743 10544
10544 11743
11743 11393
11393 11743
11743 11743
11743 11743
11743 13766
13766 11743
11743 14541
14541 11743
11743 17639
17639 11743
11743 24695
24695 11743
11753 4242
4242 11753
11758 642
642 11758
11767 1312
1312 11767
11767 1430
1430 11767
11767 3162
3162 11767
11767 4343
4343 11767
11767 8364
8364 11767
11767 8858
8858 11767
11767 9089
9089 11767
11767 9177
9177 11767
11767 9312
9312 11767
11767 11357
11357 11767
11767 11767
11767 11767
11767 12734
12734 11767
11767 13255
13255 11767
11767 13448
13448 11767
11767 13504
13504 11767
11767 13954
13954 11767
11767 14362
14362 11767
11767 14525
14525 11767
11767 14570
14570 11767
11767 14681
14681 11767
11767 16581
16581 11767
11767 16880
16880 11767
11767 16892
16892 11767
11767 18602
18602 11767
11767 19138
19138 11767
11785 11785
11785 11785
11785 19138
19138 11785
11788 11788
11788 11788
11793 929
929 11793
11793 9069
9069 11793
11819 253
253 11819
11819 642
642 11819
11819 3705
3705 11819
11819 14370
14370 11819
11819 18169
18169 11819
11847 11847
11847 11847
11848 7858
7858 11848
11848 11724
11724 11848
11848 11848
11848 11848
11881 8421
8421 11881
11890 13499
13499 11890
11899 1842
1842 11899
11910 4025
4025 11910
11910 11881
11881 11910
11910 11910
11910 11910
11929 2274
2274 11929
11929 11684
11684 11929
11929 11929
11929 11929
11938 11938
11938 11938
11938 18602
18602 11938
11970 14631
14631 11970
12013 14425
14425 12013
12013 17880
17880 12013
12020 3874
3874 12020
12020 12020
12020 12020
12022 10681
10681 12022
12037 12037
12037 12037
12045 12045
12045 12045
12054 12116
12116 12054
12074 13372
13372 12074
12074 14530
14530 12074
12079 596
596 12079
12079 642
642 12079
12079 1899
1899 12079
12079 2134
2134 12079
12079 2361
2361 12079
12079 2750
2750 12079
12079 3049
3049 12079
12079 4724
4724 12079
12079 4829
4829 12079
12079 5411
5411 12079
12079 6666
6666 12079
12079 7186
7186 12079
12079 7759
7759 12079
12079 12079
12079 12079
12079 12983
12983 12079
12079 13305
13305 12079
12079 14010
14010 12079
12079 14220
14220 12079
12079 14406
14406 12079
12079 14563
14563 12079
12079 14667
14667 12079
12079 18169
18169 12079
12079 19901
19901 12079
12079 22708
22708 12079
12081 14298
14298 12081
12086 496
496 12086
12086 8935
8935 12086
12086 9275
9275 12086
12086 12086
12086 12086
12093 231
231 12093
12101 5757
5757 12101
12116 1842
1842 12116
12116 12116
12116 12116
12133 3301
3301 12133
12135 496
496 12135
12135 804
804 12135
12135 1018
1018 12135
12135 2443
2443 12135
12135 3162
3162 12135
12135 3705
3705 12135
12135 3825
3825 12135
12135 4920
4920 12135
12135 5304
5304 12135
12135 6002
6002 12135
12135 6966
6966 12135
12135 8321
8321 12135
12135 8935
8935 12135
12135 9022
9022 12135
12135 9405
9405 12135
12135 9957
9957 12135
12135 12135
12135 12135
12135 12777
12777 12135
12135 12925
12925 12135
12135 14278
14278 12135
12135 14406
14406 12135
12135 14477
14477 12135
12135 14539
14539 12135
12135 14541
14541 12135
12135 14545
14545 12135
12135 18602
18602 12135
12135 18771
18771 12135
12135 20673
20673 12135
12135 21878
21878 12135
12135 22276
22276 12135
12141 7481
7481 12141
12141 10121
10121 12141
12141 14388
14388 12141
12141 23500
23500 12141
12149 12314
12314 12149
12163 596
596 12163
12163 2831
2831 12163
12163 12163
12163 12163
12163 14189
14189 12163
12163 14406
14406 12163
12163 14493
14493 12163
12163 14539
14539 12163
12163 14562
14562 12163
12163 18602
18602 12163
12169 9256
9256 12169
12169 11728
11728 12169
12169 12169
12169 12169
12171 491
491 12171
12171 1707
1707 12171
12171 5892
5892 12171
12171 9025
9025 12171
12171 9239
9239 12171
12171 12668
12668 12171
12171 14332
14332 12171
12179 21
21 12179
12186 2831
2831 12186
12186 5409
5409 12186
12186 12186
12186 12186
12190 12190
12190 12190
12200 14406
14406 12200
12211 6738
6738 12211
12242 2831
2831 12242
12242 12186
12186 12242
12242 13810
13810 12242
12242 14394
14394 12242
12245 642
642 12245
12254 12254
12254 12254
12273 13518
13518 12273
12309 1430
1430 12309
12309 13662
13662 12309
12315 7759
7759 12315
12315 12315
12315 12315
12322 255
255 12322
12322 4756
4756 12322
12322 7648
7648 12322
12322 8935
8935 12322
12322 10089
10089 12322
12322 10121
10121 12322
12322 12322
12322 12322
12322 19554
19554 12322
12322 24381
24381 12322
12343 14614
14614 12343
12371 12371
12371 12371
12371 12587
12587 12371
12374 287
287 12374
12450 14127
14127 12450
12465 12465
12465 12465
12465 15814
15814 12465
12467 1973
1973 12467
12474 13753
13753 12474
12531 12531
12531 12531
12537 12537
12537 12537
12537 14271
14271 12537
12539 12539
12539 12539
12539 14613
14613 12539
12539 14806
14806 12539
12570 8346
8346 12570
12573 4920
4920 12573
12573 12573
12573 12573
12573 12720
12720 12573
12573 19901
19901 12573
12587 12371
12371 12587
12587 12587
12587 12587
12599 24707
24707 12599
12600 6966
6966 12600
12600 14332
14332 12600
12600 14625
14625 12600
12600 22592
22592 12600
12648 16900
16900 12648
12665 138
138 12665
12665 866
866 12665
12665 1394
1394 12665
12665 3049
3049 12665
12665 4920
4920 12665
12665 5313
5313 12665
12665 6627
6627 12665
12665 7682
7682 12665
12665 9082
9082 12665
12665 9275
9275 12665
12665 12079
12079 12665
12665 12665
12665 12665
12665 14332
14332 12665
12665 14370
14370 12665
12665 14406
14406 12665
12665 14423
14423 12665
12665 17111
17111 12665
12665 22927
22927 12665
12668 2416
2416 12668
12668 2872
2872 12668
12668 3372
3372 12668
12668 4242
4242 12668
12668 6385
6385 12668
12668 6961
6961 12668
12668 8892
8892 12668
12668 9275
9275 12668
12668 12668
12668 12668
12668 14332
14332 12668
12668 14493
14493 12668
12668 14632
14632 12668
12668 21079
21079 12668
12670 7106
7106 12670
12670 9256
9256 12670
12670 12027
12027 12670
12670 12670
12670 12670
12670 13137
13137 12670
12670 13305
13305 12670
12670 13684
13684 12670
12670 14481
14481 12670
12670 16892
16892 12670
12677 21800
21800 12677
12688 10603
10603 12688
12712 10544
10544 12712
12712 12712
12712 12712
12712 14565
14565 12712
12712 14634
14634 12712
12720 4920
4920 12720
12720 12573
12573 12720
12720 12720
12720 12720
12734 496
496 12734
12734 633
633 12734
12734 1140
1140 12734
12734 3328
3328 12734
12734 3986
3986 12734
12734 8935
8935 12734
12734 9082
9082 12734
12734 9275
9275 12734
12734 9312
9312 12734
12734 12734
12734 12734
12734 13846
13846 12734
12734 14095
14095 12734
12734 14432
14432 12734
12734 14706
14706 12734
12734 16581
16581 12734
12734 16613
16613 12734
12734 17706
17706 12734
12734 18602
18602 12734
12734 22276
22276 12734
12734 24226
24226 12734
12789 4242
4242 12789
12789 12789
12789 12789
12803 12803
12803 12803
12803 18602
18602 12803
12812 1921
1921 12812
12812 1934
1934 12812
12812 9082
9082 12812
12812 9312
9312 12812
12812 12812
12812 12812
12858 1951
1951 12858
12870 12870
12870 12870
12870 15394
15394 12870
12878 19027
19027 12878
12893 8364
8364 12893
12894 12079
12079 12894
12900 1842
1842 12900
12900 2831
2831 12900
12900 7106
7106 12900
12900 8025
8025 12900
12900 9256
9256 12900
12900 9275
9275 12900
12900 11847
11847 12900
12900 12900
12900 12900
12900 13795
13795 12900
12900 14666
14666 12900
12900 14708
14708 12900
12943 4607
4607 12943
12949 5261
5261 12949
12949 12949
12949 12949
12956 14543
14543 12956
12964 3714
3714 12964
12964 12964
12964 12964
12983 2134
2134 12983
12987 2134
2134 12987
12987 12987
12987 12987
12996 12996
12996 12996
13000 1018
1018 13000
13003 11881
11881 13003
13003 14170
14170 13003
13003 14575
14575 13003
13003 14728
14728 13003
13026 18602
18602 13026
13027 1158
1158 13027
13027 8421
8421 13027
13027 9026
9026 13027
13027 9082
9082 13027
13027 22730
22730 13027
13042 9275
9275 13042
13042 22990
22990 13042
13049 638
638 13049
13049 642
642 13049
13049 10681
10681 13049
13049 10811
10811 13049
13049 11725
11725 13049
13049 13049
13049 13049
13049 17742
17742 13049
13049 19961
19961 13049
13065 9834
9834 13065
13065 24386
24386 13065
13068 701
701 13068
13099 13099
13099 13099
13119 201
201 13119
13119 5409
5409 13119
13119 12519
12519 13119
13121 13121
13121 13121
13121 18385
18385 13121
13124 13124
13124 13124
13124 13410
13410 13124
13124 14332
14332 13124
13124 14336
14336 13124
13124 14376
14376 13124
13124 14719
14719 13124
13124 18602
18602 13124
13124 20673
20673 13124
13141 13141
13141 13141
13141 17333
17333 13141
13144 13144
13144 13144
13161 13161
13161 13161
13161 14704
14704 13161
13172 8858
8858 13172
13172 14487
14487 13172
13191 2413
2413 13191
13211 14757
14757 13211
13214 1140
1140 13214
13218 13218
13218 13218
13237 13237
13237 13237
13247 9082
9082 13247
13247 13247
13247 13247
13247 14491
14491 13247
13247 14511
14511 13247
13255 13255
13255 13255
13258 13305
13305 13258
13270 876
876 13270
13289 804
804 13289
13297 4407
4407 13297
13305 993
993 13305
13305 2423
2423 13305
13305 4026
4026 13305
13305 4230
4230 13305
13305 5892
5892 13305
13305 6953
6953 13305
13305 8232
8232 13305
13305 8507
8507 13305
13305 8935
8935 13305
13305 9256
9256 13305
13305 9811
9811 13305
13305 10052
10052 13305
13305 10133
10133 13305
13305 11077
11077 13305
13305 11406
11406 13305
13305 12079
12079 13305
13305 12254
12254 13305
13305 12925
12925 13305
13305 12949
12949 13305
13305 13258
13258 13305
13305 13305
13305 13305
13305 13319
13319 13305
13305 13533
13533 13305
13305 13598
13598 13305
13305 13786
13786 13305
13305 13814
13814 13305
13305 14149
14149 13305
13305 14318
14318 13305
13305 14399
14399 13305
13305 14400
14400 13305
13305 14433
14433 13305
13305 14460
14460 13305
13305 14522
14522 13305
13305 14544
14544 13305
13305 14612
14612 13305
13305 14618
14618 13305
13305 14676
14676 13305
13305 14684
14684 13305
13305 14720
14720 13305
13305 14727
14727 13305
13305 14735
14735 13305
13305 15714
15714 13305
13305 16377
16377 13305
13305 16892
16892 13305
13305 20429
20429 13305
13305 24313
24313 13305
13308 14485
14485 13308
13319 162
162 13319
13319 13319
13319 13319
13334 2134
2134 13334
13337 3691
3691 13337
13354 6966
6966 13354
13354 9275
9275 13354
13354 14328
14328 13354
13369 14719
14719 13369
13372 13372
13372 13372
13372 14226
14226 13372
13383 13383
13383 13383
13383 13502
13502 13383
13383 14657
14657 13383
13399 24342
24342 13399
13410 13410
13410 13410
13431 14154
14154 13431
13448 13448
13448 13448
13472 642
642 13472
13472 4928
4928 13472
13491 13491
13491 13491
13502 10410
10410 13502
13502 12987
12987 13502
13502 13502
13502 13502
13504 13504
13504 13504
13504 15117
15117 13504
13527 13527
13527 13527
13528 3947
3947 13528
13533 6598
6598 13533
13533 13305
13305 13533
13533 13533
13533 13533
13533 14595
14595 13533
13584 2831
2831 13584
13598 6247
6247 13598
13628 25
25 13628
13628 2872
2872 13628
13628 3405
3405 13628
13628 4966
4966 13628
13628 6937
6937 13628
13628 10603
10603 13628
13628 12668
12668 13628
13628 13628
13628 13628
13628 23389
23389 13628
13628 23943
23943 13628
13643 14377
14377 13643
13643 19999
19999 13643
13655 13655
13655 13655
13662 12309
12309 13662
13664 701
701 13664
13673 1312
1312 13673
13673 9612
9612 13673
13673 14310
14310 13673
13673 14741
14741 13673
13684 9025
9025 13684
13684 13684
13684 13684
13684 14318
14318 13684
13684 14697
14697 13684
13695 9082
9082 13695
13712 1740
1740 13712
13730 11743
11743 13730
13730 13730
13730 13730
13730 14500
14500 13730
13730 14649
14649 13730
13730 24695
24695 13730
13741 16581
16581 13741
13750 2134
2134 13750
13750 3172
3172 13750
13750 11767
11767 13750
13750 13504
13504 13750
13750 13750
13750 13750
13772 9256
9256 13772
13782 15117
15117 13782
13782 21813
21813 13782
13786 13305
13305 13786
13786 13786
13786 13786
13786 17768
17768 13786
13786 17830
17830 13786
13786 22412
22412 13786
13792 14648
14648 13792
13795 13795
13795 13795
13795 14433
14433 13795
13800 13800
13800 13800
13800 22412
22412 13800
13846 1407
1407 13846
13851 630
630 13851
13851 644
644 13851
13851 13851
13851 13851
13851 20817
20817 13851
13858 4719
4719 13858
13877 13877
13877 13877
13885 4317
4317 13885
13885 6638
6638 13885
13885 13885
13885 13885
13889 6095
6095 13889
13889 9275
9275 13889
13889 13889
13889 13889
13889 14745
14745 13889
13891 9082
9082 13891
13896 7759
7759 13896
13935 6385
6385 13935
13935 14388
14388 13935
13951 13951
13951 13951
13954 2750
2750 13954
13954 13954
13954 13954
13954 14473
14473 13954
13954 14720
14720 13954
13954 14739
14739 13954
13958 10767
10767 13958
13958 11841
11841 13958
13969 597
597 13969
13969 2920
2920 13969
13969 3172
3172 13969
13969 6598
6598 13969
13969 8025
8025 13969
13969 8097
8097 13969
13969 8105
8105 13969
13969 8273
8273 13969
13969 8447
8447 13969
13969 9551
9551 13969
13969 11048
11048 13969
13969 11847
11847 13969
13969 13103
13103 13969
13969 13223
13223 13969
13969 13533
13533 13969
13969 13969
13969 13969
13969 14367
14367 13969
13969 14398
14398 13969
13969 14689
14689 13969
13969 15361
15361 13969
13993 6319
6319 13993
14001 11779
11779 14001
14010 4829
4829 14010
14010 12079
12079 14010
14010 14010
14010 14010
14023 1861
1861 14023
14023 2384
2384 14023
14024 21336
21336 14024
14031 14031
14031 14031
14035 14035
14035 14035
14069 14535
14535 14069
14086 8311
8311 14086
14093 1089
1089 14093
14093 10675
10675 14093
14093 14576
14576 14093
14117 2592
2592 14117
14117 14117
14117 14117
14117 16581
16581 14117
14120 14120
14120 14120
14127 1018
1018 14127
14127 12450
12450 14127
14127 14295
14295 14127
14128 14128
14128 14128
14149 11077
11077 14149
14149 14149
14149 14149
14154 14154
14154 14154
14169 14169
14169 14169
14187 14271
14271 14187
14187 14357
14357 14187
14189 12163
12163 14189
14193 14193
14193 14193
14213 833
833 14213
14213 14213
14213 14213
14218 4685
4685 14218
14219 9025
9025 14219
14219 12789
12789 14219
14223 7385
7385 14223
14225 2134
2134 14225
14225 23348
23348 14225
14226 833
833 14226
14226 2811
2811 14226
14226 2920
2920 14226
14226 7682
7682 14226
14226 7921
7921 14226
14226 8491
8491 14226
14226 11698
11698 14226
14226 12074
12074 14226
14226 12789
12789 14226
14226 13103
13103 14226
14226 13305
13305 14226
14226 13372
13372 14226
14226 13969
13969 14226
14226 14226
14226 14226
14226 14293
14293 14226
14226 14330
14330 14226
14226 14666
14666 14226
14226 14701
14701 14226
14226 14745
14745 14226
14226 17675
17675 14226
14226 17830
17830 14226
14226 19961
19961 14226
14226 20285
20285 14226
14226 24393
24393 14226
14226 24722
24722 14226
14232 22412
22412 14232
14238 12465
12465 14238
14240 2134
2134 14240
14255 14255
14255 14255
14266 4242
4242 14266
14271 503
503 14271
14271 1312
1312 14271
14271 6966
6966 14271
14271 8996
8996 14271
14271 12135
12135 14271
14271 12537
12537 14271
14271 14271
14271 14271
14271 14335
14335 14271
14271 14354
14354 14271
14271 14396
14396 14271
14271 14458
14458 14271
14271 14703
14703 14271
14271 14752
14752 14271
14271 22598
22598 14271
14278 14278
14278 14278
14293 1725
1725 14293
14293 3803
3803 14293
14293 12178
12178 14293
14293 14293
14293 14293
14295 14127
14127 14295
14295 14295
14295 14295
14297 6218
6218 14297
14298 5282
5282 14298
14298 14298
14298 14298
14310 11357
11357 14310
14310 14310
14310 14310
14310 22276
22276 14310
14317 12719
12719 14317
14318 231
231 14318
14318 776
776 14318
14318 4928
4928 14318
14318 6528
6528 14318
14318 14318
14318 14318
14322 1538
1538 14322
14322 4143
4143 14322
14322 14322
14322 14322
14328 14328
14328 14328
14332 12668
12668 14332
14332 14332
14332 14332
14335 14335
14335 14335
14336 14336
14336 14336
14355 9811
9811 14355
14355 14355
14355 14355
14355 14606
14606 14355
14357 14187
14187 14357
14358 6937
6937 14358
14358 14358
14358 14358
14359 7759
7759 14359
14359 14359
14359 14359
14361 1043
1043 14361
14361 2361
2361 14361
14361 5010
5010 14361
14361 14361
14361 14361
14361 14456
14456 14361
14362 13574
13574 14362
14364 546
546 14364
14365 14374
14374 14365
14366 4567
4567 14366
14366 9025
9025 14366
14367 7682
7682 14367
14367 9553
9553 14367
14370 2467
2467 14370
14370 3825
3825 14370
14370 14195
14195 14370
14370 14370
14370 14370
14372 1639
1639 14372
14374 834
834 14374
14374 12465
12465 14374
14374 13046
13046 14374
14374 14365
14365 14374
14374 14374
14374 14374
14374 14421
14421 14374
14376 13124
13124 14376
14376 14376
14376 14376
14377 13643
13643 14377
14377 14377
14377 14377
14380 14380
14380 14380
14383 18034
18034 14383
14385 14385
14385 14385
14387 14387
14387 14387
14387 14406
14406 14387
14388 14388
14388 14388
14389 14389
14389 14389
14394 8321
8321 14394
14398 13969
13969 14398
14399 2134
2134 14399
14400 6247
6247 14400
14406 285
285 14406
14406 804
804 14406
14406 1393
1393 14406
14406 2318
2318 14406
14406 2361
2361 14406
14406 2997
2997 14406
14406 3123
3123 14406
14406 4242
4242 14406
14406 6002
6002 14406
14406 6400
6400 14406
14406 7759
7759 14406
14406 9025
9025 14406
14406 9082
9082 14406
14406 9219
9219 14406
14406 14387
14387 14406
14406 14406
14406 14406
14406 14491
14491 14406
14406 14674
14674 14406
14406 14679
14679 14406
14406 14748
14748 14406
14406 14761
14761 14406
14407 7785
7785 14407
14408 3936
3936 14408
14416 14416
14416 14416
14417 14417
14417 14417
14419 8311
8311 14419
14423 12665
12665 14423
14425 4343
4343 14425
14425 14428
14428 14425
14425 19554
19554 14425
14428 14425
14425 14428
14431 2043
2043 14431
14432 14432
14432 14432
14433 14433
14433 14433
14435 11488
11488 14435
14437 18323
18323 14437
14440 14440
14440 14440
14441 6047
6047 14441
14441 13598
13598 14441
14441 14441
14441 14441
14441 14486
14486 14441
14443 12239
12239 14443
14443 14406
14406 14443
14447 642
642 14447
14447 14447
14447 14447
14450 1312
1312 14450
14450 9573
9573 14450
14454 7664
7664 14454
14459 14459
14459 14459
14463 1313
1313 14463
14463 6047
6047 14463
14463 6188
6188 14463
14463 12190
12190 14463
14463 14463
14463 14463
14463 24189
24189 14463
14464 9239
9239 14464
14464 14464
14464 14464
14466 929
929 14466
14466 1861
1861 14466
14466 14466
14466 14466
14472 1392
1392 14472
14475 12983
12983 14475
14477 14477
14477 14477
14480 642
642 14480
14481 2004
2004 14481
14481 14481
14481 14481
14481 14744
14744 14481
14485 14485
14485 14485
14486 5311
5311 14486
14486 14441
14441 14486
14486 14486
14486 14486
14486 24568
24568 14486
14487 14487
14487 14487
14489 14489
14489 14489
14489 14920
14920 14489
14490 14425
14425 14490
14490 14490
14490 14490
14490 14493
14493 14490
14490 14531
14531 14490
14491 8262
8262 14491
14491 10767
10767 14491
14491 11040
11040 14491
14491 14491
14491 14491
14491 22882
22882 14491
14493 14493
14493 14493
14498 9082
9082 14498
14498 12665
12665 14498
14500 8561
8561 14500
14500 13730
13730 14500
14500 14500
14500 14500
14503 1018
1018 14503
14503 4928
4928 14503
14503 14503
14503 14503
14503 17293
17293 14503
14505 14505
14505 14505
14506 17801
17801 14506
14508 11507
11507 14508
14509 1312
1312 14509
14509 14509
14509 14509
14510 9082
9082 14510
14510 14510
14510 14510
14511 13247
13247 14511
14511 14511
14511 14511
14512 9082
9082 14512
14512 14512
14512 14512
14514 9082
9082 14514
14516 9082
9082 14516
14520 11406
11406 14520
14525 14525
14525 14525
14530 11657
11657 14530
14530 14530
14530 14530
14531 14490
14490 14531
14533 14512
14512 14533
14537 7060
7060 14537
14539 9177
9177 14539
14539 12163
12163 14539
14540 2194
2194 14540
14541 7743
7743 14541
14541 9180
9180 14541
14541 11743
11743 14541
14541 14541
14541 14541
14545 1318
1318 14545
14545 14545
14545 14545
14548 9555
9555 14548
14549 9082
9082 14549
14550 14550
14550 14550
14550 24519
24519 14550
14550 24568
24568 14550
14554 9275
9275 14554
14555 14555
14555 14555
14557 231
231 14557
14557 14557
14557 14557
14558 10544
10544 14558
14563 14563
14563 14563
14564 14564
14564 14564
14565 14565
14565 14565
14568 3620
3620 14568
14572 4607
4607 14572
14575 2134
2134 14575
14575 14575
14575 14575
14576 14093
14093 14576
14579 9402
9402 14579
14583 18574
18574 14583
14584 4158
4158 14584
14585 14585
14585 14585
14588 8858
8858 14588
14591 14591
14591 14591
14593 14593
14593 14593
14594 7743
7743 14594
14594 14594
14594 14594
14595 1740
1740 14595
14595 1842
1842 14595
14595 3882
3882 14595
14595 4230
4230 14595
14595 7516
7516 14595
14595 9707
9707 14595
14595 11722
11722 14595
14595 13533
13533 14595
14595 14595
14595 14595
14595 16892
16892 14595
14595 21079
21079 14595
14596 1430
1430 14596
14597 14597
14597 14597
14599 14599
14599 14599
14599 18602
18602 14599
14600 5531
5531 14600
14602 14602
14602 14602
14604 4407
4407 14604
14605 1312
1312 14605
14606 14355
14355 14606
14606 14606
14606 14606
14607 19199
19199 14607
14608 13126
13126 14608
14609 20435
20435 14609
14615 14615
14615 14615
14617 24183
24183 14617
14617 24568
24568 14617
14618 13305
13305 14618
14620 14620
14620 14620
14622 410
410 14622
14622 496
496 14622
14622 6505
6505 14622
14622 12465
12465 14622
14622 14615
14615 14622
14622 14622
14622 14622
14622 17830
17830 14622
14623 1116
1116 14623
14625 14625
14625 14625
14630 11657
11657 14630
14630 14630
14630 14630
14631 14631
14631 14631
14631 24224
24224 14631
14632 14632
14632 14632
14634 12712
12712 14634
14636 11607
11607 14636
14641 9082
9082 14641
14642 644
644 14642
14643 15319
15319 14643
14649 14649
14649 14649
14653 14653
14653 14653
14653 19379
19379 14653
14657 13383
13383 14657
14658 14658
14658 14658
14659 10410
10410 14659
14659 14659
14659 14659
14659 18438
18438 14659
14661 5409
5409 14661
14666 14666
14666 14666
14668 14648
14648 14668
14670 554
554 14670
14670 3921
3921 14670
14670 9239
9239 14670
14671 903
903 14671
14672 596
596 14672
14674 14674
14674 14674
14674 17639
17639 14674
14675 9256
9256 14675
14676 13305
13305 14676
14676 14676
14676 14676
14680 14679
14679 14680
14681 14681
14681 14681
14684 13305
13305 14684
14688 14683
14683 14688
14689 14689
14689 14689
14689 24579
24579 14689
14690 18931
18931 14690
14694 2185
2185 14694
14694 19178
19178 14694
14697 14697
14697 14697
14699 14699
14699 14699
14702 21926
21926 14702
14703 14703
14703 14703
14704 13161
13161 14704
14705 14703
14703 14705
14707 14707
14707 14707
14710 22209
22209 14710
14711 1740
1740 14711
14711 14711
14711 14711
14714 14714
14714 14714
14715 14715
14715 14715
14717 8935
8935 14717
14719 13369
13369 14719
14719 14719
14719 14719
14720 14720
14720 14720
14721 14706
14706 14721
14723 3444
3444 14723
14727 13305
13305 14727
14728 10410
10410 14728
14728 13003
13003 14728
14728 14728
14728 14728
14730 4343
4343 14730
14730 5152
5152 14730
14730 14303
14303 14730
14730 14730
14730 14730
14730 15450
15450 14730
14730 20917
20917 14730
14731 7111
7111 14731
14732 14727
14727 14732
14735 13305
13305 14735
14737 14737
14737 14737
14737 23933
23933 14737
14739 13954
13954 14739
14741 14741
14741 14741
14743 8935
8935 14743
14744 0
0 14744
14744 105
105 14744
14744 640
640 14744
14744 833
833 14744
14744 4719
4719 14744
14744 5633
5633 14744
14744 6738
6738 14744
14744 7894
7894 14744
14744 10331
10331 14744
14744 11648
11648 14744
14744 12059
12059 14744
14744 12273
12273 14744
14744 12670
12670 14744
14744 13431
13431 14744
14744 13654
13654 14744
14744 14320
14320 14744
14744 14481
14481 14744
14744 14757
14757 14744
14744 15450
15450 14744
14744 16377
16377 14744
14744 24037
24037 14744
14746 13504
13504 14746
14747 13504
13504 14747
14748 14748
14748 14748
14750 8935
8935 14750
14751 14751
14751 14751
14753 4885
4885 14753
14754 9312
9312 14754
14755 14755
14755 14755
14755 15117
15117 14755
14756 6047
6047 14756
14756 14756
14756 14756
14758 496
496 14758
14758 13043
13043 14758
14761 14406
14406 14761
14761 14761
14761 14761
14762 14556
14556 14762
14806 8262
8262 14806
14806 14806
14806 14806
14920 935
935 14920
14920 1116
1116 14920
14920 2592
2592 14920
14920 4500
4500 14920
14920 6836
6836 14920
14920 6937
6937 14920
14920 7759
7759 14920
14920 9380
9380 14920
14920 12254
12254 14920
14920 12465
12465 14920
14920 13598
13598 14920
14920 13655
13655 14920
14920 14365
14365 14920
14920 14406
14406 14920
14920 14489
14489 14920
14920 14628
14628 14920
14920 14658
14658 14920
14927 9275
9275 14927
15024 929
929 15024
15057 3986
3986 15057
15117 2831
2831 15117
15117 11767
11767 15117
15117 13504
13504 15117
15117 14417
14417 15117
15117 14653
14653 15117
15117 14755
14755 15117
15161 14035
14035 15161
15161 14591
14591 15161
15229 11049
11049 15229
15229 13889
13889 15229
15229 21954
21954 15229
15282 14417
14417 15282
15394 4331
4331 15394
15394 14355
14355 15394
15394 15394
15394 15394
15447 809
809 15447
15447 8858
8858 15447
15447 11929
11929 15447
15447 12186
12186 15447
15447 14625
14625 15447
15450 2304
2304 15450
15450 4920
4920 15450
15450 6937
6937 15450
15450 9022
9022 15450
15450 9239
9239 15450
15450 13628
13628 15450
15450 14045
14045 15450
15450 14563
14563 15450
15450 14600
14600 15450
15450 14673
14673 15450
15450 15450
15450 15450
15450 17675
17675 15450
15450 18917
18917 15450
15450 22513
22513 15450
15610 4370
4370 15610
15610 12093
12093 15610
15610 14377
14377 15610
15610 18568
18568 15610
15645 2184
2184 15645
15725 11393
11393 15725
15814 5304
5304 15814
15814 7505
7505 15814
15814 9232
9232 15814
15814 10406
10406 15814
15814 12465
12465 15814
15814 12573
12573 15814
15814 13574
13574 15814
15814 14031
14031 15814
15814 14358
14358 15814
15814 14389
14389 15814
15814 14406
14406 15814
15814 14425
14425 15814
15814 14428
14428 15814
15814 14440
14440 15814
15814 14565
14565 15814
15814 14673
14673 15814
15814 15814
15814 15814
15814 19554
19554 15814
16018 14023
14023 16018
16018 16018
16018 16018
16076 12734
12734 16076
16186 20
20 16186
16186 285
285 16186
16186 642
642 16186
16186 2467
2467 16186
16186 4343
4343 16186
16186 11348
11348 16186
16186 11929
11929 16186
16186 12079
12079 16186
16186 12983
12983 16186
16186 14413
14413 16186
16186 14563
14563 16186
16186 14615
14615 16186
16186 15117
15117 16186
16186 16345
16345 16186
16213 701
701 16213
16336 4158
4158 16336
16336 8935
8935 16336
16336 9811
9811 16336
16336 14503
14503 16336
16336 14603
14603 16336
16336 16336
16336 16336
16345 1639
1639 16345
16345 5198
5198 16345
16345 16345
16345 16345
16345 19901
19901 16345
16345 24206
24206 16345
16377 6247
6247 16377
16377 14744
14744 16377
16377 16377
16377 16377
16551 1740
1740 16551
16581 1140
1140 16581
16581 9312
9312 16581
16581 12086
12086 16581
16581 12734
12734 16581
16581 12812
12812 16581
16581 13741
13741 16581
16581 14117
14117 16581
16581 14541
14541 16581
16581 16581
16581 16581
16581 20673
20673 16581
16581 24342
24342 16581
16601 4242
4242 16601
16609 4230
4230 16609
16609 5232
5232 16609
16609 13372
13372 16609
16613 9256
9256 16613
16613 13533
13533 16613
16613 14593
14593 16613
16613 14756
14756 16613
16613 16613
16613 16613
16859 833
833 16859
16859 1658
1658 16859
16859 9025
9025 16859
16859 13951
13951 16859
16859 14522
14522 16859
16859 16613
16613 16859
16859 21079
21079 16859
16880 1018
1018 16880
16880 1312
1312 16880
16880 16880
16880 16880
16892 3372
3372 16892
16892 4829
4829 16892
16892 5025
5025 16892
16892 12045
12045 16892
16892 12615
12615 16892
16892 13305
13305 16892
16892 13533
13533 16892
16892 14595
14595 16892
16892 16892
16892 16892
16892 24226
24226 16892
16895 1018
1018 16895
16895 3803
3803 16895
16895 4158
4158 16895
16895 6095
6095 16895
16895 16895
16895 16895
16895 21954
21954 16895
17113 11927
11927 17113
17157 8346
8346 17157
17293 8491
8491 17293
17293 11101
11101 17293
17293 14503
14503 17293
17293 14666
14666 17293
17293 17293
17293 17293
17293 17880
17880 17293
17298 9025
9025 17298
17338 8921
8921 17338
17338 9275
9275 17338
17349 7305
7305 17349
17576 14633
14633 17576
17639 10406
10406 17639
17639 11743
11743 17639
17639 11929
11929 17639
17639 14674
14674 17639
17639 17639
17639 17639
17675 1105
1105 17675
17675 5409
5409 17675
17675 7824
7824 17675
17675 9365
9365 17675
17675 10121
10121 17675
17675 12665
12665 17675
17675 17675
17675 17675
17675 18917
18917 17675
17706 17706
17706 17706
17706 19693
19693 17706
17729 6874
6874 17729
17729 9239
9239 17729
17729 19888
19888 17729
17736 19876
19876 17736
17742 503
503 17742
17742 540
540 17742
17742 642
642 17742
17742 701
701 17742
17742 749
749 17742
17742 788
788 17742
17742 1921
1921 17742
17742 3374
3374 17742
17742 6124
6124 17742
17742 9239
9239 17742
17742 12543
12543 17742
17742 12732
12732 17742
17742 13741
13741 17742
17742 14756
14756 17742
17742 15447
15447 17742
17742 17742
17742 17742
17742 18449
18449 17742
17742 18602
18602 17742
17742 22072
22072 17742
17742 24252
24252 17742
17768 12900
12900 17768
17768 16388
16388 17768
17768 17768
17768 17768
17809 23313
23313 17809
17830 496
496 17830
17830 2361
2361 17830
17830 2831
2831 17830
17830 3921
3921 17830
17830 8097
8097 17830
17830 9025
9025 17830
17830 9082
9082 17830
17830 11348
11348 17830
17830 12135
12135 17830
17830 12315
12315 17830
17830 14387
14387 17830
17830 14406
14406 17830
17830 14703
14703 17830
17830 17830
17830 17830
17840 7410
7410 17840
17866 6505
6505 17866
17880 17880
17880 17880
17892 1209
1209 17892
18138 12573
12573 18138
18169 4242
4242 18169
18169 5112
5112 18169
18169 14485
14485 18169
18169 18169
18169 18169
18169 19328
19328 18169
18169 21954
21954 18169
18323 12806
12806 18323
18323 14328
14328 18323
18385 22513
22513 18385
18401 14485
14485 18401
18426 19888
19888 18426
18428 2416
2416 18428
18438 2018
2018 18438
18438 2134
2134 18438
18438 9842
9842 18438
18438 10410
10410 18438
18438 14659
14659 18438
18438 18438
18438 18438
18568 4242
4242 18568
18568 20673
20673 18568
18574 540
540 18574
18574 630
630 18574
18574 687
687 18574
18574 2361
2361 18574
18574 2831
2831 18574
18574 4913
4913 18574
18574 4920
4920 18574
18574 12573
12573 18574
18574 14271
14271 18574
18574 14583
14583 18574
18574 18574
18574 18574
18574 18602
18602 18574
18574 20355
20355 18574
18602 642
642 18602
18602 687
687 18602
18602 804
804 18602
18602 1018
1018 18602
18602 4440
4440 18602
18602 6002
6002 18602
18602 8935
8935 18602
18602 9089
9089 18602
18602 9177
9177 18602
18602 9957
9957 18602
18602 11393
11393 18602
18602 11938
11938 18602
18602 12135
12135 18602
18602 12200
12200 18602
18602 12803
12803 18602
18602 12983
12983 18602
18602 13124
13124 18602
18602 14681
14681 18602
18602 14709
14709 18602
18602 18602
18602 18602
18602 24226
24226 18602
18619 3874
3874 18619
18619 5178
5178 18619
18619 6953
6953 18619
18619 7760
7760 18619
18619 11724
11724 18619
18619 11929
11929 18619
18619 12956
12956 18619
18619 14406
14406 18619
18619 14706
14706 18619
18619 19915
19915 18619
18689 804
804 18689
18689 1741
1741 18689
18689 2134
2134 18689
18689 5411
5411 18689
18689 7759
7759 18689
18689 9082
9082 18689
18689 12079
12079 18689
18689 13750
13750 18689
18689 14425
14425 18689
18689 14674
14674 18689
18689 14707
14707 18689
18689 18689
18689 18689
18698 1921
1921 18698
18698 4600
4600 18698
18698 6125
6125 18698
18698 7082
7082 18698
18698 14008
14008 18698
18698 18698
18698 18698
18698 19199
19199 18698
18719 3986
3986 18719
18719 18719
18719 18719
18771 18771
18771 18771
18917 642
642 18917
18917 2748
2748 18917
18917 8650
8650 18917
18917 11577
11577 18917
18917 15450
15450 18917
18917 17675
17675 18917
18917 18917
18917 18917
18940 18940
18940 18940
19087 19087
19087 19087
19138 496
496 19138
19138 1140
1140 19138
19138 1934
1934 19138
19138 3162
3162 19138
19138 6966
6966 19138
19138 9405
9405 19138
19138 10566
10566 19138
19138 11785
11785 19138
19138 14218
14218 19138
19138 19138
19138 19138
19149 9551
9551 19149
19149 10811
10811 19149
19149 14487
14487 19149
19149 17283
17283 19149
19172 9082
9082 19172
19172 12670
12670 19172
19172 19172
19172 19172
19213 8935
8935 19213
19328 20517
20517 19328
19355 4462
4462 19355
19379 14653
14653 19379
19421 5118
5118 19421
19446 11099
11099 19446
19454 4928
4928 19454
19454 7106
7106 19454
19454 7648
7648 19454
19454 8858
8858 19454
19454 9082
9082 19454
19454 13305
13305 19454
19454 14255
14255 19454
19454 14448
14448 19454
19454 14512
14512 19454
19554 3172
3172 19554
19554 14425
14425 19554
19554 19554
19554 19554
19685 18602
18602 19685
19693 4920
4920 19693
19693 12371
12371 19693
19730 4343
4343 19730
19730 13057
13057 19730
19730 13305
13305 19730
19730 19730
19730 19730
19871 546
546 19871
19871 14720
14720 19871
19871 23360
23360 19871
19888 19888
19888 19888
19901 4920
4920 19901
19901 9275
9275 19901
19901 12079
12079 19901
19901 12573
12573 19901
19901 13573
13573 19901
19901 13655
13655 19901
19901 14328
14328 19901
19901 14406
14406 19901
19901 14653
14653 19901
19901 14755
14755 19901
19901 16345
16345 19901
19901 18602
18602 19901
19901 19901
19901 19901
19901 20817
20817 19901
19904 1543
1543 19904
19915 1846
1846 19915
19915 2592
2592 19915
19915 2831
2831 19915
19915 3882
3882 19915
19915 5409
5409 19915
19915 7268
7268 19915
19915 9275
9275 19915
19915 11357
11357 19915
19915 12539
12539 19915
19915 13969
13969 19915
19915 19730
19730 19915
19915 19915
19915 19915
19938 525
525 19938
19961 13049
13049 19961
19961 19961
19961 19961
20021 11698
11698 20021
20021 22075
22075 20021
20242 7516
7516 20242
20242 21954
21954 20242
20259 4185
4185 20259
20285 1842
1842 20285
20285 9005
9005 20285
20285 9025
9025 20285
20285 9842
9842 20285
20285 11101
11101 20285
20285 11698
11698 20285
20285 11722
11722 20285
20285 12665
12665 20285
20285 13684
13684 20285
20285 14481
14481 20285
20285 19023
19023 20285
20285 20285
20285 20285
20387 4829
4829 20387
20387 14406
14406 20387
20429 13305
13305 20429
20517 21954
21954 20517
20638 1312
1312 20638
20638 11357
11357 20638
20638 14527
14527 20638
20638 21878
21878 20638
20673 20673
20673 20673
20676 929
929 20676
20676 4920
4920 20676
20676 12163
12163 20676
20676 12755
12755 20676
20676 21876
21876 20676
20817 2361
2361 20817
20817 4920
4920 20817
20817 5178
5178 20817
20817 8321
8321 20817
20817 12573
12573 20817
20817 14332
14332 20817
20817 14415
14415 20817
20817 14483
14483 20817
20817 14536
14536 20817
20817 14699
14699 20817
20817 18602
18602 20817
20817 20817
20817 20817
20871 255
255 20871
20889 2197
2197 20889
20898 20898
20898 20898
20898 22592
22592 20898
21079 4230
4230 21079
21079 14593
14593 21079
21079 14595
14595 21079
21079 21079
21079 21079
21110 623
623 21110
21213 4242
4242 21213
21213 4411
4411 21213
21240 8808
8808 21240
21240 9256
9256 21240
21240 14757
14757 21240
21336 876
876 21336
21336 1725
1725 21336
21336 6598
6598 21336
21336 8858
8858 21336
21336 9647
9647 21336
21336 21336
21336 21336
21356 4920
4920 21356
21356 9957
9957 21356
21356 13504
13504 21356
21402 11788
11788 21402
21584 2736
2736 21584
21584 6666
6666 21584
21584 12079
12079 21584
21739 6707
6707 21739
21786 1658
1658 21786
21786 9275
9275 21786
21786 9312
9312 21786
21786 16880
16880 21786
21786 19915
19915 21786
21800 12789
12789 21800
21800 14460
14460 21800
21864 9275
9275 21864
21876 21954
21954 21876
21878 701
701 21878
21878 11532
11532 21878
21878 21878
21878 21878
21891 14510
14510 21891
21891 19172
19172 21891
21899 21899
21899 21899
21913 833
833 21913
21926 21926
21926 21926
21954 11101
11101 21954
21954 11786
11786 21954
21954 14697
14697 21954
21954 19435
19435 21954
21954 21876
21876 21954
21954 21954
21954 21954
22160 10573
10573 22160
22160 22675
22675 22160
22217 876
876 22217
22217 1861
1861 22217
22217 12537
12537 22217
22217 22217
22217 22217
22221 3714
3714 22221
22221 9392
9392 22221
22276 20
20 22276
22276 12135
12135 22276
22276 14354
14354 22276
22276 14406
14406 22276
22276 22276
22276 22276
22283 253
253 22283
22283 3705
3705 22283
22283 14591
14591 22283
22283 17830
17830 22283
22283 22283
22283 22283
22412 8858
8858 22412
22412 9312
9312 22412
22412 14380
14380 22412
22412 14612
14612 22412
22412 18602
18602 22412
22412 22412
22412 22412
22469 496
496 22469
22513 162
162 22513
22513 11938
11938 22513
22513 14483
14483 22513
22513 18385
18385 22513
22513 19355
19355 22513
22513 22513
22513 22513
22521 20817
20817 22521
22536 14513
14513 22536
22592 3986
3986 22592
22592 9177
9177 22592
22592 9275
9275 22592
22592 9511
9511 22592
22592 10121
10121 22592
22592 18602
18602 22592
22592 20898
20898 22592
22592 22592
22592 22592
22592 24518
24518 22592
22598 3460
3460 22598
22598 8346
8346 22598
22598 14271
14271 22598
22598 14328
14328 22598
22598 14536
14536 22598
22598 14699
14699 22598
22598 24206
24206 22598
22708 22708
22708 22708
22730 22730
22730 22730
22882 2318
2318 22882
22882 8005
8005 22882
22882 10734
10734 22882
22882 11724
11724 22882
22882 12665
12665 22882
22882 14491
14491 22882
22882 14920
14920 22882
22882 22882
22882 22882
22906 14406
14406 22906
22906 14720
14720 22906
23130 19915
19915 23130
23144 2361
2361 23144
23235 638
638 23235
23235 14045
14045 23235
23348 4920
4920 23348
23348 7850
7850 23348
23348 11106
11106 23348
23348 13046
13046 23348
23348 14359
14359 23348
23348 14406
14406 23348
23348 14706
14706 23348
23348 18602
18602 23348
23348 23348
23348 23348
23348 24568
24568 23348
23360 1403
1403 23360
23360 2467
2467 23360
23360 12037
12037 23360
23360 23360
23360 23360
23376 1312
1312 23376
23535 18276
18276 23535
23535 23535
23535 23535
23707 14474
14474 23707
23707 14564
14564 23707
23711 14510
14510 23711
23782 804
804 23782
23933 14737
14737 23933
23991 3023
3023 23991
23991 9239
9239 23991
24037 14744
14744 24037
24133 231
231 24133
24133 7142
7142 24133
24133 10410
10410 24133
24133 11785
11785 24133
24133 12900
12900 24133
24133 14406
14406 24133
24133 14557
14557 24133
24133 17706
17706 24133
24150 194
194 24150
24183 14617
14617 24183
24206 16345
16345 24206
24206 24206
24206 24206
24224 14631
14631 24224
24226 642
642 24226
24226 7111
7111 24226
24226 7268
7268 24226
24226 9180
9180 24226
24226 12734
12734 24226
24226 13410
13410 24226
24226 13504
13504 24226
24226 13730
13730 24226
24226 14470
14470 24226
24226 14500
14500 24226
24226 16892
16892 24226
24226 18602
18602 24226
24226 24226
24226 24226
24226 24695
24695 24226
24252 287
287 24252
24252 406
406 24252
24252 1921
1921 24252
24252 2831
2831 24252
24252 11048
11048 24252
24252 13726
13726 24252
24252 14406
14406 24252
24265 6548
6548 24265
24265 7850
7850 24265
24265 11639
11639 24265
24266 24266
24266 24266
24313 13305
13305 24313
24313 24313
24313 24313
24322 4242
4242 24322
24322 19222
19222 24322
24386 13065
13065 24386
24393 496
496 24393
24393 701
701 24393
24393 1312
1312 24393
24393 4242
4242 24393
24393 12519
12519 24393
24393 14278
14278 24393
24393 14406
14406 24393
24393 14425
14425 24393
24393 14428
14428 24393
24393 24393
24393 24393
24404 4125
4125 24404
24409 2592
2592 24409
24451 9224
9224 24451
24460 4230
4230 24460
24460 12322
12322 24460
24460 16613
16613 24460
24472 21954
21954 24472
24480 3425
3425 24480
24480 6850
6850 24480
24480 24480
24480 24480
24483 2225
2225 24483
24518 5644
5644 24518
24518 6278
6278 24518
24518 9026
9026 24518
24518 12996
12996 24518
24518 13237
13237 24518
24518 14459
14459 24518
24518 22592
22592 24518
24518 24518
24518 24518
24568 6505
6505 24568
24568 8262
8262 24568
24568 13141
13141 24568
24568 14486
14486 24568
24568 14550
14550 24568
24568 14617
14617 24568
24568 24568
24568 24568
24570 14127
14127 24570
24570 14522
14522 24570
24579 14689
14689 24579
24579 24579
24579 24579
24588 3620
3620 24588
24588 8105
8105 24588
24588 11378
11378 24588
24588 14091
14091 24588
24588 19027
19027 24588
24601 1230
1230 24601
24634 5304
5304 24634
24666 12090
12090 24666
24707 5531
5531 24707
24707 6874
6874 24707
24707 9275
9275 24707
24707 9405
9405 24707
24707 12812
12812 24707
24707 13141
13141 24707
24707 24707
24707 24707
24710 24710
24710 24710
24722 804
804 24722
24722 2997
2997 24722
24722 7106
7106 24722
24722 24722
24722 24722
