0 0
0 0
0 1
1 0
0 21
21 0
0 97
97 0
0 117
117 0
0 275
275 0
0 381
381 0
0 388
388 0
0 418
418 0
0 554
554 0
0 819
819 0
0 941
941 0
0 1105
1105 0
0 1376
1376 0
0 1707
1707 0
0 1921
1921 0
0 2304
2304 0
0 3090
3090 0
0 4406
4406 0
0 5176
5176 0
0 5215
5215 0
0 5618
5618 0
0 6095
6095 0
0 7498
7498 0
0 8255
8255 0
0 8444
8444 0
0 9025
9025 0
0 9239
9239 0
0 9365
9365 0
0 9685
9685 0
0 9812
9812 0
0 10259
10259 0
0 10791
10791 0
0 10973
10973 0
0 11313
11313 0
0 11442
11442 0
0 11522
11522 0
0 11569
11569 0
0 11684
11684 0
0 11894
11894 0
0 12197
12197 0
0 12198
12198 0
0 12415
12415 0
0 12572
12572 0
0 13204
13204 0
0 13336
13336 0
0 13726
13726 0
0 13867
13867 0
0 14171
14171 0
0 14444
14444 0
0 14499
14499 0
0 14538
14538 0
0 14805
14805 0
0 14806
14806 0
0 14835
14835 0
0 14920
14920 0
0 15178
15178 0
0 15483
15483 0
0 16099
16099 0
0 16859
16859 0
0 17087
17087 0
0 18869
18869 0
0 18955
18955 0
0 19027
19027 0
0 19432
19432 0
0 19554
19554 0
0 19866
19866 0
0 20108
20108 0
0 20429
20429 0
0 20674
20674 0
0 20695
20695 0
0 20877
20877 0
0 21337
21337 0
0 21954
21954 0
0 22167
22167 0
0 22222
22222 0
0 22559
22559 0
0 23039
23039 0
0 23511
23511 0
0 23540
23540 0
0 24288
24288 0
0 24370
24370 0
0 24432
24432 0
0 24445
24445 0
0 24518
24518 0
0 24557
24557 0
1 0
0 1
1 1
1 1
1 1105
1105 1
1 4406
4406 1
1 9025
9025 1
1 10121
10121 1
1 13270
13270 1
1 14835
14835 1
1 19432
19432 1
1 21336
21336 1
1 22167
22167 1
1 24676
24676 1
2 903
903 2
2 22559
22559 2
21 269
269 21
21 866
866 21
21 903
903 21
21 1134
1134 21
21 1365
1365 21
21 2304
2304 21
21 10719
10719 21
21 13726
13726 21
21 16696
16696 21
21 21896
21896 21
21 22559
22559 21
21 22612
22612 21
21 23511
23511 21
29 0
0 29
29 29
29 29
38 9516
9516 38
46 13726
13726 46
77 77
77 77
77 397
397 77
77 9203
9203 77
77 24184
24184 77
90 19254
19254 90
97 97
97 97
97 5176
5176 97
97 11522
11522 97
97 12539
12539 97
97 14414
14414 97
97 16018
16018 97
97 19432
19432 97
105 533
533 105
105 9365
9365 105
105 11926
11926 105
105 13726
13726 105
105 20429
20429 105
105 24685
24685 105
117 0
0 117
117 1921
1921 117
117 2304
2304 117
117 3090
3090 117
117 4406
4406 117
117 9025
9025 117
117 9365
9365 117
117 10307
10307 117
117 11313
11313 117
117 11522
11522 117
117 13726
13726 117
117 19554
19554 117
117 21336
21336 117
125 533
533 125
125 863
863 125
125 1105
1105 125
125 5176
5176 125
125 9025
9025 125
125 11926
11926 125
125 16099
16099 125
125 18472
18472 125
125 19432
19432 125
125 19946
19946 125
138 9025
9025 138
138 24288
24288 138
159 263
263 159
159 19498
19498 159
166 12572
12572 166
183 12572
12572 183
200 11861
11861 200
200 22990
22990 200
204 204
204 204
204 1105
1105 204
204 6095
6095 204
216 1762
1762 216
216 2467
2467 216
216 8995
8995 216
220 335
335 220
230 230
230 230
230 275
275 230
230 533
533 230
230 6095
6095 230
230 10121
10121 230
230 19554
19554 230
240 240
240 240
240 269
269 240
240 441
441 240
240 7498
7498 240
240 9025
9025 240
240 14538
14538 240
252 252
252 252
252 903
903 252
252 6937
6937 252
252 14805
14805 252
252 18169
18169 252
263 159
159 263
263 14414
14414 263
269 269
269 269
269 1105
1105 269
269 1495
1495 269
269 1701
1701 269
269 1921
1921 269
269 2304
2304 269
269 6995
6995 269
269 8581
8581 269
269 9239
9239 269
269 13726
13726 269
269 15178
15178 269
269 21786
21786 269
269 22437
22437 269
269 23039
23039 269
275 230
230 275
275 275
275 275
275 1382
1382 275
275 9461
9461 275
275 11569
11569 275
275 14054
14054 275
275 19554
19554 275
280 280
280 280
280 1064
1064 280
280 1209
1209 280
280 9025
9025 280
285 280
280 285
305 24601
24601 305
320 269
269 320
320 9365
9365 320
320 22559
22559 320
324 9025
9025 324
324 24274
24274 324
335 220
220 335
335 269
269 335
335 335
335 335
335 854
854 335
335 900
900 335
335 2304
2304 335
335 13003
13003 335
335 19432
19432 335
335 21954
21954 335
341 77
77 341
341 341
341 341
341 397
397 341
341 8091
8091 341
341 9025
9025 341
341 13203
13203 341
341 13726
13726 341
341 14538
14538 341
348 2304
2304 348
366 4314
4314 366
381 13726
13726 381
388 388
388 388
397 341
341 397
406 1296
1296 406
406 24483
24483 406
418 269
269 418
425 269
269 425
425 418
418 425
441 240
240 441
441 269
269 441
441 341
341 441
441 441
441 441
441 1054
1054 441
441 9025
9025 441
441 13726
13726 441
441 14538
14538 441
441 14805
14805 441
441 19432
19432 441
441 22559
22559 441
441 22587
22587 441
441 24550
24550 441
455 24445
24445 455
461 19254
19254 461
479 418
418 479
479 19432
19432 479
498 498
498 498
498 11569
11569 498
498 19432
19432 498
498 19554
19554 498
499 21337
21337 499
518 15178
15178 518
518 19631
19631 518
524 22167
22167 524
533 1105
1105 533
533 19554
19554 533
540 24288
24288 540
545 341
341 545
545 13726
13726 545
545 14538
14538 545
545 16018
16018 545
545 19138
19138 545
545 22559
22559 545
554 0
0 554
554 554
554 554
554 800
800 554
554 1301
1301 554
554 5176
5176 554
554 8091
8091 554
554 8581
8581 554
554 9025
9025 554
554 9203
9203 554
554 9239
9239 554
554 9812
9812 554
554 10791
10791 554
554 11276
11276 554
554 11569
11569 554
554 11894
11894 554
554 12572
12572 554
554 13141
13141 554
554 14469
14469 554
554 14538
14538 554
554 14969
14969 554
554 15773
15773 554
554 16099
16099 554
554 19432
19432 554
554 19889
19889 554
554 20108
20108 554
554 20674
20674 554
554 20904
20904 554
554 21336
21336 554
554 21337
21337 554
554 22167
22167 554
555 555
555 555
555 9365
9365 555
555 19432
19432 555
555 19554
19554 555
555 23039
23039 555
561 561
561 561
561 24451
24451 561
570 689
689 570
601 269
269 601
601 554
554 601
601 601
601 601
601 16018
16018 601
601 19432
19432 601
601 20877
20877 601
601 20904
20904 601
606 0
0 606
606 269
269 606
606 22222
22222 606
616 0
0 616
616 280
280 616
616 14142
14142 616
622 19432
19432 622
653 653
653 653
653 23634
23634 653
673 9025
9025 673
684 23634
23634 684
689 689
689 689
695 11861
11861 695
695 19946
19946 695
726 726
726 726
726 2472
2472 726
726 6937
6937 726
782 782
782 782
782 18689
18689 782
782 18955
18955 782
782 19432
19432 782
782 22167
22167 782
782 22222
22222 782
789 22222
22222 789
800 21337
21337 800
804 406
406 804
804 804
804 804
804 880
880 804
804 1237
1237 804
804 1296
1296 804
804 14538
14538 804
804 16099
16099 804
804 19946
19946 804
804 20695
20695 804
816 3202
3202 816
819 819
819 819
819 8444
8444 819
819 9365
9365 819
819 11926
11926 819
848 6937
6937 848
848 14713
14713 848
848 19138
19138 848
866 866
866 866
866 9461
9461 866
866 12572
12572 866
870 17296
17296 870
883 9025
9025 883
889 15841
15841 889
894 269
269 894
894 13608
13608 894
903 903
903 903
903 2467
2467 903
903 7498
7498 903
903 9239
9239 903
903 9516
9516 903
903 14171
14171 903
903 16241
16241 903
903 21699
21699 903
924 22559
22559 924
936 18955
18955 936
936 22222
22222 936
941 941
941 941
941 5440
5440 941
947 299
299 947
954 15178
15178 954
955 19432
19432 955
962 1921
1921 962
962 15178
15178 962
969 13726
13726 969
981 9365
9365 981
995 18689
18689 995
997 9025
9025 997
1007 19432
19432 1007
1014 24404
24404 1014
1021 1021
1021 1021
1021 9365
9365 1021
1021 21843
21843 1021
1021 23693
23693 1021
1045 9516
9516 1045
1045 24273
24273 1045
1105 0
0 1105
1105 269
269 1105
1105 533
533 1105
1105 863
863 1105
1105 1105
1105 1105
1105 1707
1707 1105
1105 1921
1921 1105
1105 3090
3090 1105
1105 3468
3468 1105
1105 4406
4406 1105
1105 5176
5176 1105
1105 5215
5215 1105
1105 5661
5661 1105
1105 6095
6095 1105
1105 6650
6650 1105
1105 6937
6937 1105
1105 7940
7940 1105
1105 8255
8255 1105
1105 8444
8444 1105
1105 9025
9025 1105
1105 9239
9239 1105
1105 9366
9366 1105
1105 9812
9812 1105
1105 10259
10259 1105
1105 11238
11238 1105
1105 11313
11313 1105
1105 11569
11569 1105
1105 11607
11607 1105
1105 11861
11861 1105
1105 11926
11926 1105
1105 12198
12198 1105
1105 13003
13003 1105
1105 13066
13066 1105
1105 14171
14171 1105
1105 14538
14538 1105
1105 14805
14805 1105
1105 14835
14835 1105
1105 16099
16099 1105
1105 16696
16696 1105
1105 18955
18955 1105
1105 19432
19432 1105
1105 19554
19554 1105
1105 19946
19946 1105
1105 20429
20429 1105
1105 20904
20904 1105
1105 21336
21336 1105
1105 21337
21337 1105
1105 21954
21954 1105
1105 22559
22559 1105
1105 23039
23039 1105
1105 23734
23734 1105
1105 24288
24288 1105
1105 24308
24308 1105
1105 24379
24379 1105
1105 24571
24571 1105
1153 1153
1153 1153
1153 9025
9025 1153
1153 9812
9812 1153
1153 13203
13203 1153
1153 23039
23039 1153
1160 20624
20624 1160
1173 1921
1921 1173
1173 7498
7498 1173
1197 1197
1197 1197
1197 1385
1385 1197
1197 9239
9239 1197
1197 14538
14538 1197
1209 13726
13726 1209
1209 15178
15178 1209
1220 24445
24445 1220
1230 9025
9025 1230
1230 11926
11926 1230
1230 22559
22559 1230
1237 9025
9025 1237
1296 406
406 1296
1296 1237
1237 1296
1296 1296
1296 1296
1296 14835
14835 1296
1301 554
554 1301
1301 1301
1301 1301
1301 4406
4406 1301
1301 11569
11569 1301
1301 12572
12572 1301
1301 15178
15178 1301
1301 20904
20904 1301
1319 11861
11861 1319
1319 13726
13726 1319
1319 15178
15178 1319
1319 22559
22559 1319
1324 9025
9025 1324
1358 22437
22437 1358
1365 1134
1134 1365
1365 1365
1365 1365
1376 1376
1376 1376
1382 11569
11569 1382
1382 13726
13726 1382
1385 1197
1197 1385
1397 1173
1173 1397
1397 21699
21699 1397
1403 19432
19432 1403
1415 20033
20033 1415
1439 12572
12572 1439
1465 1453
1453 1465
1495 269
269 1495
1553 1871
1871 1553
1572 2304
2304 1572
1590 9365
9365 1590
1603 1921
1921 1603
1620 2304
2304 1620
1623 2304
2304 1623
1623 13726
13726 1623
1632 9365
9365 1632
1632 23039
23039 1632
1671 14835
14835 1671
1707 0
0 1707
1707 1707
1707 1707
1707 8444
8444 1707
1707 9025
9025 1707
1707 19554
19554 1707
1712 15178
15178 1712
1719 21954
21954 1719
1738 2304
2304 1738
1738 9025
9025 1738
1740 0
0 1740
1758 2304
2304 1758
1871 0
0 1871
1871 466
466 1871
1871 1105
1105 1871
1871 1590
1590 1871
1871 1871
1871 1871
1871 7498
7498 1871
1871 7940
7940 1871
1871 8091
8091 1871
1871 9025
9025 1871
1871 9461
9461 1871
1871 9685
9685 1871
1871 10121
10121 1871
1871 11569
11569 1871
1871 11607
11607 1871
1871 12572
12572 1871
1871 13726
13726 1871
1871 15178
15178 1871
1871 16019
16019 1871
1871 16241
16241 1871
1871 16875
16875 1871
1871 17296
17296 1871
1871 18955
18955 1871
1871 19432
19432 1871
1871 19555
19555 1871
1871 20108
20108 1871
1871 21337
21337 1871
1871 23039
23039 1871
1871 24535
24535 1871
1871 24616
24616 1871
1921 0
0 1921
1921 269
269 1921
1921 441
441 1921
1921 903
903 1921
1921 1921
1921 1921
1921 3369
3369 1921
1921 5661
5661 1921
1921 9025
9025 1921
1921 12572
12572 1921
1921 16241
16241 1921
1921 17296
17296 1921
1921 19433
19433 1921
1921 19768
19768 1921
1921 20108
20108 1921
1921 21337
21337 1921
1921 21843
21843 1921
1921 22222
22222 1921
1921 23039
23039 1921
1921 23957
23957 1921
1921 24288
24288 1921
1921 24335
24335 1921
2255 1871
1871 2255
2255 8995
8995 2255
2255 9365
9365 2255
2255 19432
19432 2255
2255 23039
23039 2255
2304 0
0 2304
2304 117
117 2304
2304 252
252 2304
2304 341
341 2304
2304 903
903 2304
2304 1572
1572 2304
2304 1620
1620 2304
2304 1623
1623 2304
2304 1701
1701 2304
2304 1738
1738 2304
2304 1921
1921 2304
2304 2304
2304 2304
2304 3202
3202 2304
2304 3947
3947 2304
2304 4694
4694 2304
2304 5176
5176 2304
2304 7405
7405 2304
2304 7807
7807 2304
2304 9025
9025 2304
2304 9239
9239 2304
2304 9365
9365 2304
2304 10121
10121 2304
2304 10719
10719 2304
2304 11569
11569 2304
2304 11684
11684 2304
2304 11861
11861 2304
2304 12572
12572 2304
2304 13370
13370 2304
2304 13726
13726 2304
2304 14054
14054 2304
2304 14086
14086 2304
2304 14224
14224 2304
2304 14499
14499 2304
2304 14538
14538 2304
2304 14805
14805 2304
2304 14835
14835 2304
2304 14920
14920 2304
2304 15178
15178 2304
2304 15360
15360 2304
2304 15841
15841 2304
2304 16241
16241 2304
2304 17087
17087 2304
2304 18843
18843 2304
2304 18869
18869 2304
2304 19432
19432 2304
2304 19498
19498 2304
2304 19555
19555 2304
2304 19860
19860 2304
2304 21813
21813 2304
2304 21890
21890 2304
2304 21896
21896 2304
2304 22559
22559 2304
2304 23039
23039 2304
2304 23177
23177 2304
2304 23511
23511 2304
2304 23634
23634 2304
2304 23734
23734 2304
2304 24288
24288 2304
2304 24335
24335 2304
2416 6095
6095 2416
2467 0
0 2467
2467 726
726 2467
2467 903
903 2467
2467 2472
2472 2467
2467 8581
8581 2467
2467 13726
13726 2467
2467 22204
22204 2467
2467 24274
24274 2467
2472 726
726 2472
2472 21896
21896 2472
2491 16241
16241 2491
2491 19432
19432 2491
2491 19946
19946 2491
2491 22506
22506 2491
2719 3090
3090 2719
2719 19555
19555 2719
2795 21954
21954 2795
3049 18689
18689 3049
3090 2719
2719 3090
3090 3090
3090 3090
3090 10844
10844 3090
3090 12572
12572 3090
3090 17296
17296 3090
3090 20877
20877 3090
3090 22559
22559 3090
3202 3202
3202 3202
3202 19554
19554 3202
3202 22437
22437 3202
3202 23511
23511 3202
3202 24704
24704 3202
3369 5773
5773 3369
4100 19254
19254 4100
4206 18869
18869 4206
4314 2467
2467 4314
4314 15116
15116 4314
4314 23039
23039 4314
4340 9685
9685 4340
4340 20674
20674 4340
4406 0
0 4406
4406 117
117 4406
4406 616
616 4406
4406 1105
1105 4406
4406 4406
4406 4406
4406 6095
6095 4406
4406 9239
9239 4406
4406 11361
11361 4406
4406 11861
11861 4406
4406 12539
12539 4406
4406 13270
13270 4406
4406 18689
18689 4406
4406 19432
19432 4406
4406 20108
20108 4406
4406 21954
21954 4406
4406 22167
22167 4406
4406 23039
23039 4406
4694 418
418 4694
4694 3202
3202 4694
4694 4694
4694 4694
4694 13726
13726 4694
4694 14499
14499 4694
5176 0
0 5176
5176 125
125 5176
5176 466
466 5176
5176 554
554 5176
5176 1296
1296 5176
5176 4340
4340 5176
5176 4406
4406 5176
5176 5176
5176 5176
5176 6095
6095 5176
5176 7940
7940 5176
5176 9016
9016 5176
5176 9025
9025 5176
5176 9239
9239 5176
5176 9365
9365 5176
5176 10259
10259 5176
5176 10353
10353 5176
5176 10973
10973 5176
5176 11276
11276 5176
5176 11313
11313 5176
5176 11442
11442 5176
5176 11522
11522 5176
5176 11894
11894 5176
5176 12197
12197 5176
5176 12198
12198 5176
5176 13141
13141 5176
5176 13203
13203 5176
5176 13204
13204 5176
5176 13336
13336 5176
5176 13726
13726 5176
5176 14224
14224 5176
5176 14384
14384 5176
5176 14835
14835 5176
5176 15178
15178 5176
5176 15773
15773 5176
5176 16859
16859 5176
5176 17087
17087 5176
5176 19432
19432 5176
5176 19554
19554 5176
5176 20108
20108 5176
5176 20399
20399 5176
5176 20674
20674 5176
5176 20695
20695 5176
5176 21213
21213 5176
5176 21883
21883 5176
5176 23039
23039 5176
5176 24288
24288 5176
5176 24335
24335 5176
5177 3090
3090 5177
5177 3202
3202 5177
5177 5177
5177 5177
5177 19432
19432 5177
5177 19554
19554 5177
5215 5215
5215 5215
5215 9812
9812 5215
5350 3202
3202 5350
5350 3369
3369 5350
5440 941
941 5440
5440 8444
8444 5440
5440 14538
14538 5440
5618 0
0 5618
5773 3369
3369 5773
6095 0
0 6095
6095 204
204 6095
6095 269
269 6095
6095 554
554 6095
6095 1064
1064 6095
6095 1105
1105 6095
6095 2304
2304 6095
6095 2416
2416 6095
6095 4406
4406 6095
6095 6095
6095 6095
6095 8995
8995 6095
6095 9025
9025 6095
6095 9239
9239 6095
6095 9365
9365 6095
6095 9516
9516 6095
6095 10307
10307 6095
6095 11020
11020 6095
6095 11684
11684 6095
6095 12572
12572 6095
6095 14224
14224 6095
6095 14500
14500 6095
6095 19432
19432 6095
6095 19554
19554 6095
6095 19866
19866 6095
6095 21954
21954 6095
6095 22587
22587 6095
6403 6403
6403 6403
6650 6650
6650 6650
6650 19432
19432 6650
6937 726
726 6937
6937 848
848 6937
6937 6937
6937 6937
6937 9025
9025 6937
6937 14538
14538 6937
6937 24409
24409 6937
6995 13726
13726 6995
6995 15178
15178 6995
6995 18196
18196 6995
6995 22559
22559 6995
7352 0
0 7352
7352 9025
9025 7352
7498 0
0 7498
7498 240
240 7498
7498 554
554 7498
7498 726
726 7498
7498 731
731 7498
7498 1105
1105 7498
7498 1871
1871 7498
7498 2304
2304 7498
7498 6095
6095 7498
7498 7498
7498 7498
7498 7807
7807 7498
7498 9025
9025 7498
7498 9203
9203 7498
7498 9365
9365 7498
7498 9461
9461 7498
7498 9516
9516 7498
7498 11276
11276 7498
7498 11405
11405 7498
7498 11442
11442 7498
7498 11569
11569 7498
7498 11926
11926 7498
7498 12572
12572 7498
7498 12685
12685 7498
7498 13336
13336 7498
7498 13726
13726 7498
7498 14142
14142 7498
7498 14171
14171 7498
7498 14538
14538 7498
7498 14835
14835 7498
7498 15178
15178 7498
7498 17547
17547 7498
7498 19432
19432 7498
7498 19554
19554 7498
7498 19555
19555 7498
7498 20674
20674 7498
7498 20877
20877 7498
7498 21336
21336 7498
7498 22412
22412 7498
7498 22559
22559 7498
7498 23039
23039 7498
7498 24288
24288 7498
7498 24557
24557 7498
7499 752
752 7499
7499 1871
1871 7499
7499 6095
6095 7499
7499 9025
9025 7499
7499 9239
9239 7499
7499 9685
9685 7499
7499 10168
10168 7499
7499 11313
11313 7499
7499 11684
11684 7499
7499 11718
11718 7499
7499 13726
13726 7499
7499 14538
14538 7499
7499 15773
15773 7499
7499 18689
18689 7499
7499 19432
19432 7499
7499 21336
21336 7499
7499 24616
24616 7499
7940 0
0 7940
7940 269
269 7940
7940 554
554 7940
7940 2304
2304 7940
7940 11861
11861 7940
7940 13270
13270 7940
7940 14224
14224 7940
7940 16241
16241 7940
7940 19432
19432 7940
7940 23039
23039 7940
7940 24366
24366 7940
8041 11522
11522 8041
8041 14414
14414 8041
8041 19554
19554 8041
8041 22559
22559 8041
8041 23957
23957 8041
8041 24140
24140 8041
8091 240
240 8091
8091 341
341 8091
8091 554
554 8091
8091 8091
8091 8091
8091 9025
9025 8091
8091 14224
14224 8091
8091 15360
15360 8091
8091 21337
21337 8091
8091 22559
22559 8091
8091 24288
24288 8091
8444 0
0 8444
8444 269
269 8444
8444 554
554 8444
8444 601
601 8444
8444 819
819 8444
8444 941
941 8444
8444 1707
1707 8444
8444 2304
2304 8444
8444 2467
2467 8444
8444 8444
8444 8444
8444 9025
9025 8444
8444 13726
13726 8444
8444 14538
14538 8444
8444 14656
14656 8444
8444 16299
16299 8444
8444 18869
18869 8444
8444 19278
19278 8444
8444 20877
20877 8444
8444 21336
21336 8444
8444 22005
22005 8444
8444 24164
24164 8444
8444 24184
24184 8444
8444 24379
24379 8444
8491 19432
19432 8491
8491 19554
19554 8491
8539 19554
19554 8539
8845 0
0 8845
8995 418
418 8995
8995 479
479 8995
8995 2255
2255 8995
8995 4406
4406 8995
8995 6095
6095 8995
8995 8995
8995 8995
8995 9365
9365 8995
8995 10168
10168 8995
8995 16018
16018 8995
8995 19554
19554 8995
8995 23039
23039 8995
9016 1105
1105 9016
9016 9016
9016 9016
9016 16241
16241 9016
9025 0
0 9025
9025 1
1 9025
9025 117
117 9025
9025 138
138 9025
9025 240
240 9025
9025 269
269 9025
9025 280
280 9025
9025 341
341 9025
9025 441
441 9025
9025 554
554 9025
9025 800
800 9025
9025 854
854 9025
9025 997
997 9025
9025 1064
1064 9025
9025 1397
1397 9025
9025 1453
1453 9025
9025 1701
1701 9025
9025 1871
1871 9025
9025 1921
1921 9025
9025 2304
2304 9025
9025 4406
4406 9025
9025 5176
5176 9025
9025 6095
6095 9025
9025 7498
7498 9025
9025 8444
8444 9025
9025 9025
9025 9025
9025 9203
9203 9025
9025 9239
9239 9025
9025 9365
9365 9025
9025 9685
9685 9025
9025 10121
10121 9025
9025 10719
10719 9025
9025 10791
10791 9025
9025 11148
11148 9025
9025 11238
11238 9025
9025 11313
11313 9025
9025 11361
11361 9025
9025 11569
11569 9025
9025 11684
11684 9025
9025 11835
11835 9025
9025 12198
12198 9025
9025 12572
12572 9025
9025 13066
13066 9025
9025 13203
13203 9025
9025 13370
13370 9025
9025 13608
13608 9025
9025 13726
13726 9025
9025 14171
14171 9025
9025 14224
14224 9025
9025 14507
14507 9025
9025 14538
14538 9025
9025 14835
14835 9025
9025 15178
15178 9025
9025 15483
15483 9025
9025 15841
15841 9025
9025 16019
16019 9025
9025 16099
16099 9025
9025 16120
16120 9025
9025 16696
16696 9025
9025 17041
17041 9025
9025 17087
17087 9025
9025 17547
17547 9025
9025 17704
17704 9025
9025 17735
17735 9025
9025 18169
18169 9025
9025 18955
18955 9025
9025 19432
19432 9025
9025 19554
19554 9025
9025 19555
19555 9025
9025 19768
19768 9025
9025 19860
19860 9025
9025 19866
19866 9025
9025 20108
20108 9025
9025 20399
20399 9025
9025 20674
20674 9025
9025 20695
20695 9025
9025 20800
20800 9025
9025 21337
21337 9025
9025 21843
21843 9025
9025 21890
21890 9025
9025 21926
21926 9025
9025 21954
21954 9025
9025 22192
22192 9025
9025 22437
22437 9025
9025 22507
22507 9025
9025 22559
22559 9025
9025 22587
22587 9025
9025 22990
22990 9025
9025 24184
24184 9025
9025 24211
24211 9025
9025 24229
24229 9025
9025 24274
24274 9025
9025 24288
24288 9025
9025 24518
24518 9025
9025 24526
24526 9025
9025 24685
24685 9025
9057 8444
8444 9057
9057 9057
9057 9057
9057 10973
10973 9057
9203 77
77 9203
9203 518
518 9203
9203 9203
9203 9203
9203 9239
9239 9203
9203 10353
10353 9203
9203 11569
11569 9203
9203 13141
13141 9203
9203 14835
14835 9203
9203 18169
18169 9203
9203 18869
18869 9203
9203 21185
21185 9203
9203 21336
21336 9203
9203 24184
24184 9203
9239 105
105 9239
9239 269
269 9239
9239 441
441 9239
9239 533
533 9239
9239 554
554 9239
9239 731
731 9239
9239 900
900 9239
9239 903
903 9239
9239 1014
1014 9239
9239 1021
1021 9239
9239 1064
1064 9239
9239 1197
1197 9239
9239 1590
1590 9239
9239 2053
2053 9239
9239 2304
2304 9239
9239 2472
2472 9239
9239 3202
3202 9239
9239 3468
3468 9239
9239 5176
5176 9239
9239 6095
6095 9239
9239 7498
7498 9239
9239 7940
7940 9239
9239 9025
9025 9239
9239 9203
9203 9239
9239 9239
9239 9239
9239 9365
9365 9239
9239 9366
9366 9239
9239 9516
9516 9239
9239 9812
9812 9239
9239 10121
10121 9239
9239 10791
10791 9239
9239 11405
11405 9239
9239 11522
11522 9239
9239 11569
11569 9239
9239 11861
11861 9239
9239 11894
11894 9239
9239 11926
11926 9239
9239 12298
12298 9239
9239 12482
12482 9239
9239 12572
12572 9239
9239 13141
13141 9239
9239 13203
13203 9239
9239 13726
13726 9239
9239 14171
14171 9239
9239 14224
14224 9239
9239 14507
14507 9239
9239 14656
14656 9239
9239 14835
14835 9239
9239 14920
14920 9239
9239 14969
14969 9239
9239 15178
15178 9239
9239 15483
15483 9239
9239 16019
16019 9239
9239 16067
16067 9239
9239 16120
16120 9239
9239 16241
16241 9239
9239 17041
17041 9239
9239 18472
18472 9239
9239 19432
19432 9239
9239 19554
19554 9239
9239 20429
20429 9239
9239 20674
20674 9239
9239 21336
21336 9239
9239 21609
21609 9239
9239 21954
21954 9239
9239 22167
22167 9239
9239 22559
22559 9239
9239 22587
22587 9239
9239 23039
23039 9239
9239 23511
23511 9239
9239 24184
24184 9239
9239 24380
24380 9239
9239 24451
24451 9239
9239 24483
24483 9239
9239 24571
24571 9239
9325 5176
5176 9325
9365 0
0 9365
9365 240
240 9365
9365 388
388 9365
9365 518
518 9365
9365 555
555 9365
9365 1014
1014 9365
9365 1105
1105 9365
9365 1237
1237 9365
9365 1296
1296 9365
9365 1590
1590 9365
9365 1701
1701 9365
9365 2255
2255 9365
9365 2304
2304 9365
9365 3090
3090 9365
9365 4406
4406 9365
9365 5176
5176 9365
9365 5177
5177 9365
9365 6937
6937 9365
9365 7498
7498 9365
9365 8995
8995 9365
9365 9025
9025 9365
9365 9239
9239 9365
9365 9365
9365 9365
9365 9516
9516 9365
9365 9906
9906 9365
9365 10121
10121 9365
9365 10259
10259 9365
9365 10719
10719 9365
9365 11020
11020 9365
9365 11522
11522 9365
9365 11894
11894 9365
9365 12539
12539 9365
9365 13726
13726 9365
9365 14538
14538 9365
9365 14805
14805 9365
9365 14806
14806 9365
9365 14835
14835 9365
9365 16019
16019 9365
9365 16241
16241 9365
9365 16299
16299 9365
9365 16859
16859 9365
9365 17296
17296 9365
9365 17389
17389 9365
9365 18196
18196 9365
9365 18843
18843 9365
9365 18955
18955 9365
9365 19432
19432 9365
9365 19554
19554 9365
9365 19866
19866 9365
9365 20108
20108 9365
9365 21337
21337 9365
9365 21896
21896 9365
9365 21903
21903 9365
9365 21954
21954 9365
9365 22167
22167 9365
9365 22437
22437 9365
9365 22559
22559 9365
9365 22587
22587 9365
9365 22718
22718 9365
9365 22855
22855 9365
9365 23039
23039 9365
9365 23177
23177 9365
9365 23220
23220 9365
9365 23928
23928 9365
9365 23957
23957 9365
9365 24184
24184 9365
9365 24288
24288 9365
9365 24445
24445 9365
9365 24550
24550 9365
9365 24557
24557 9365
9366 2304
2304 9366
9366 3090
3090 9366
9366 9366
9366 9366
9366 11361
11361 9366
9366 11835
11835 9366
9366 14086
14086 9366
9366 15300
15300 9366
9366 19432
19432 9366
9366 19866
19866 9366
9366 21896
21896 9366
9366 24184
24184 9366
9461 0
0 9461
9461 269
269 9461
9461 275
275 9461
9461 441
441 9461
9461 554
554 9461
9461 1209
1209 9461
9461 2304
2304 9461
9461 3947
3947 9461
9461 6937
6937 9461
9461 9025
9025 9461
9461 9365
9365 9461
9461 9461
9461 9461
9461 10791
10791 9461
9461 11569
11569 9461
9461 11684
11684 9461
9461 12572
12572 9461
9461 13726
13726 9461
9461 15773
15773 9461
9461 17704
17704 9461
9461 18869
18869 9461
9461 18955
18955 9461
9461 19432
19432 9461
9461 19768
19768 9461
9461 21336
21336 9461
9461 21699
21699 9461
9461 22005
22005 9461
9461 22437
22437 9461
9461 22559
22559 9461
9461 23039
23039 9461
9461 23511
23511 9461
9461 23945
23945 9461
9461 24259
24259 9461
9461 24601
24601 9461
9516 38
38 9516
9516 341
341 9516
9516 1590
1590 9516
9516 7498
7498 9516
9516 9025
9025 9516
9516 9516
9516 9516
9516 11148
11148 9516
9516 11894
11894 9516
9516 13726
13726 9516
9516 14805
14805 9516
9516 15360
15360 9516
9516 16120
16120 9516
9516 17078
17078 9516
9516 21336
21336 9516
9516 22559
22559 9516
9516 23039
23039 9516
9685 0
0 9685
9685 269
269 9685
9685 1871
1871 9685
9685 9685
9685 9685
9685 11313
11313 9685
9685 13203
13203 9685
9685 14469
14469 9685
9685 14835
14835 9685
9685 19432
19432 9685
9685 21954
21954 9685
9812 0
0 9812
9812 263
263 9812
9812 554
554 9812
9812 1153
1153 9812
9812 1382
1382 9812
9812 5176
5176 9812
9812 5215
5215 9812
9812 8995
8995 9812
9812 9025
9025 9812
9812 9812
9812 9812
9812 10307
10307 9812
9812 11313
11313 9812
9812 11569
11569 9812
9812 11835
11835 9812
9812 11861
11861 9812
9812 12539
12539 9812
9812 12572
12572 9812
9812 13534
13534 9812
9812 13726
13726 9812
9812 14171
14171 9812
9812 14444
14444 9812
9812 14835
14835 9812
9812 16120
16120 9812
9812 18955
18955 9812
9812 19432
19432 9812
9812 20429
20429 9812
9812 20624
20624 9812
9812 20904
20904 9812
9812 21213
21213 9812
9812 21336
21336 9812
9812 21337
21337 9812
9812 21926
21926 9812
9812 22167
22167 9812
9906 3202
3202 9906
9906 9025
9025 9906
9906 9906
9906 9906
9906 13726
13726 9906
10089 12539
12539 10089
10089 21954
21954 10089
10121 0
0 10121
10121 554
554 10121
10121 1871
1871 10121
10121 1921
1921 10121
10121 3468
3468 10121
10121 7498
7498 10121
10121 7499
7499 10121
10121 9025
9025 10121
10121 9365
9365 10121
10121 9516
9516 10121
10121 10121
10121 10121
10121 11276
11276 10121
10121 11313
11313 10121
10121 11926
11926 10121
10121 12198
12198 10121
10121 13176
13176 10121
10121 13726
13726 10121
10121 14499
14499 10121
10121 15360
15360 10121
10121 16241
16241 10121
10121 18955
18955 10121
10121 19432
19432 10121
10121 19554
19554 10121
10121 19946
19946 10121
10121 20054
20054 10121
10121 21336
21336 10121
10121 21896
21896 10121
10121 23039
23039 10121
10121 23634
23634 10121
10168 8995
8995 10168
10168 9516
9516 10168
10168 14835
14835 10168
10168 21337
21337 10168
10259 0
0 10259
10259 863
863 10259
10259 8444
8444 10259
10259 10259
10259 10259
10259 10791
10791 10259
10259 20624
20624 10259
10307 5176
5176 10307
10307 9025
9025 10307
10307 9365
9365 10307
10307 9812
9812 10307
10307 10307
10307 10307
10307 11313
11313 10307
10307 13534
13534 10307
10307 18955
18955 10307
10307 19432
19432 10307
10307 19741
19741 10307
10307 22167
22167 10307
10307 23039
23039 10307
10307 24727
24727 10307
10353 9203
9203 10353
10353 10791
10791 10353
10353 11313
11313 10353
10353 11569
11569 10353
10353 13270
13270 10353
10353 14224
14224 10353
10353 14806
14806 10353
10353 15178
15178 10353
10353 21926
21926 10353
10397 10307
10307 10397
10434 22559
22559 10434
10521 9025
9025 10521
10521 10307
10307 10521
10558 6937
6937 10558
10558 19432
19432 10558
10719 9025
9025 10719
10719 9239
9239 10719
10719 9365
9365 10719
10719 10719
10719 10719
10719 12198
12198 10719
10719 13608
13608 10719
10719 13726
13726 10719
10719 18472
18472 10719
10719 19432
19432 10719
10719 19866
19866 10719
10719 19946
19946 10719
10719 20429
20429 10719
10719 23177
23177 10719
10719 24685
24685 10719
10719 24733
24733 10719
10791 0
0 10791
10791 466
466 10791
10791 10791
10791 10791
10791 14444
14444 10791
10791 21336
21336 10791
10791 23039
23039 10791
10844 269
269 10844
10844 17296
17296 10844
10973 331
331 10973
10973 9025
9025 10973
10973 9057
9057 10973
10973 11313
11313 10973
10973 19554
19554 10973
10973 21336
21336 10973
10973 22225
22225 10973
10973 22938
22938 10973
11148 9025
9025 11148
11148 11522
11522 11148
11148 13726
13726 11148
11148 14835
14835 11148
11148 15178
15178 11148
11148 18955
18955 11148
11148 19419
19419 11148
11238 479
479 11238
11238 9239
9239 11238
11238 14171
14171 11238
11238 19328
19328 11238
11238 22587
22587 11238
11276 554
554 11276
11276 1105
1105 11276
11276 7498
7498 11276
11276 8995
8995 11276
11276 11276
11276 11276
11276 11569
11569 11276
11276 20399
20399 11276
11276 22559
22559 11276
11276 24288
24288 11276
11313 0
0 11313
11313 7499
7499 11313
11313 9025
9025 11313
11313 10121
10121 11313
11313 10973
10973 11313
11313 11313
11313 11313
11313 11522
11522 11313
11313 13929
13929 11313
11313 15178
15178 11313
11313 18689
18689 11313
11313 18869
18869 11313
11313 18955
18955 11313
11313 19554
19554 11313
11313 20399
20399 11313
11313 20624
20624 11313
11313 20800
20800 11313
11313 21699
21699 11313
11313 21843
21843 11313
11313 21978
21978 11313
11313 22559
22559 11313
11361 4406
4406 11361
11361 9025
9025 11361
11361 11361
11361 11361
11361 12572
12572 11361
11361 18955
18955 11361
11361 21337
21337 11361
11361 22256
22256 11361
11361 22587
22587 11361
11361 24379
24379 11361
11405 0
0 11405
11405 418
418 11405
11405 601
601 11405
11405 689
689 11405
11405 2255
2255 11405
11405 9025
9025 11405
11405 9685
9685 11405
11405 10719
10719 11405
11405 11405
11405 11405
11405 13726
13726 11405
11405 13929
13929 11405
11405 14656
14656 11405
11405 18955
18955 11405
11405 19432
19432 11405
11405 19554
19554 11405
11405 23039
23039 11405
11442 10973
10973 11442
11442 11442
11442 11442
11488 0
0 11488
11522 97
97 11522
11522 269
269 11522
11522 320
320 11522
11522 1105
1105 11522
11522 3202
3202 11522
11522 4314
4314 11522
11522 7940
7940 11522
11522 9025
9025 11522
11522 9365
9365 11522
11522 11522
11522 11522
11522 15178
15178 11522
11522 16099
16099 11522
11522 18472
18472 11522
11522 19254
19254 11522
11522 19432
19432 11522
11522 19554
19554 11522
11522 20624
20624 11522
11522 22559
22559 11522
11522 23039
23039 11522
11522 24288
24288 11522
11569 0
0 11569
11569 1
1 11569
11569 105
105 11569
11569 275
275 11569
11569 441
441 11569
11569 479
479 11569
11569 554
554 11569
11569 731
731 11569
11569 1105
1105 11569
11569 1301
1301 11569
11569 1382
1382 11569
11569 2304
2304 11569
11569 6095
6095 11569
11569 7498
7498 11569
11569 8995
8995 11569
11569 9025
9025 11569
11569 9203
9203 11569
11569 9239
9239 11569
11569 9365
9365 11569
11569 9812
9812 11569
11569 10121
10121 11569
11569 10307
10307 11569
11569 10791
10791 11569
11569 11238
11238 11569
11569 11313
11313 11569
11569 11405
11405 11569
11569 11522
11522 11569
11569 11569
11569 11569
11569 11607
11607 11569
11569 11684
11684 11569
11569 11861
11861 11569
11569 12415
12415 11569
11569 12539
12539 11569
11569 12572
12572 11569
11569 13270
13270 11569
11569 13370
13370 11569
11569 14142
14142 11569
11569 14414
14414 11569
11569 14538
14538 11569
11569 14805
14805 11569
11569 14985
14985 11569
11569 15300
15300 11569
11569 15360
15360 11569
11569 15841
15841 11569
11569 16018
16018 11569
11569 16019
16019 11569
11569 17072
17072 11569
11569 17296
17296 11569
11569 18169
18169 11569
11569 18196
18196 11569
11569 18817
18817 11569
11569 18955
18955 11569
11569 19027
19027 11569
11569 19432
19432 11569
11569 19554
19554 11569
11569 19741
19741 11569
11569 19768
19768 11569
11569 20108
20108 11569
11569 20399
20399 11569
11569 20624
20624 11569
11569 20674
20674 11569
11569 20904
20904 11569
11569 21336
21336 11569
11569 21699
21699 11569
11569 21896
21896 11569
11569 21954
21954 11569
11569 22167
22167 11569
11569 22225
22225 11569
11569 22412
22412 11569
11569 22437
22437 11569
11569 22559
22559 11569
11569 22587
22587 11569
11569 22990
22990 11569
11569 24192
24192 11569
11569 24211
24211 11569
11569 24288
24288 11569
11569 24676
24676 11569
11607 1064
1064 11607
11607 1105
1105 11607
11607 1237
1237 11607
11607 1871
1871 11607
11607 9025
9025 11607
11607 11020
11020 11607
11607 11607
11607 11607
11607 13270
13270 11607
11607 14171
14171 11607
11607 21699
21699 11607
11607 23039
23039 11607
11684 0
0 11684
11684 269
269 11684
11684 995
995 11684
11684 6095
6095 11684
11684 7499
7499 11684
11684 8091
8091 11684
11684 11238
11238 11684
11684 11569
11569 11684
11684 11684
11684 11684
11684 12482
12482 11684
11684 14142
14142 11684
11684 14805
14805 11684
11684 18196
18196 11684
11684 18955
18955 11684
11684 20033
20033 11684
11684 22204
22204 11684
11684 22612
22612 11684
11684 23511
23511 11684
11684 24426
24426 11684
11684 24557
24557 11684
11684 24616
24616 11684
11718 9025
9025 11718
11718 13726
13726 11718
11718 24733
24733 11718
11835 1
1 11835
11835 1105
1105 11835
11835 9239
9239 11835
11835 11835
11835 11835
11835 15116
15116 11835
11835 19433
19433 11835
11835 21509
21509 11835
11835 22612
22612 11835
11835 22718
22718 11835
11835 24259
24259 11835
11861 0
0 11861
11861 200
200 11861
11861 863
863 11861
11861 1105
1105 11861
11861 1749
1749 11861
11861 4406
4406 11861
11861 8995
8995 11861
11861 9075
9075 11861
11861 9239
9239 11861
11861 9516
9516 11861
11861 9812
9812 11861
11861 10791
10791 11861
11861 11276
11276 11861
11861 11569
11569 11861
11861 11684
11684 11861
11861 11861
11861 11861
11861 11894
11894 11861
11861 11926
11926 11861
11861 14414
14414 11861
11861 14805
14805 11861
11861 14835
14835 11861
11861 16019
16019 11861
11861 16696
16696 11861
11861 18056
18056 11861
11861 19432
19432 11861
11861 19554
19554 11861
11861 19946
19946 11861
11861 20624
20624 11861
11861 20824
20824 11861
11861 20904
20904 11861
11861 21337
21337 11861
11861 21699
21699 11861
11861 22167
22167 11861
11861 22225
22225 11861
11861 23039
23039 11861
11861 24152
24152 11861
11894 0
0 11894
11894 1871
1871 11894
11894 11894
11894 11894
11899 2304
2304 11899
11899 9025
9025 11899
11899 9365
9365 11899
11899 13726
13726 11899
11899 19432
19432 11899
11899 22559
22559 11899
11926 0
0 11926
11926 1301
1301 11926
11926 7352
7352 11926
11926 7498
7498 11926
11926 8091
8091 11926
11926 9025
9025 11926
11926 9239
9239 11926
11926 10121
10121 11926
11926 11313
11313 11926
11926 11861
11861 11926
11926 13726
13726 11926
11926 14805
14805 11926
11926 22559
22559 11926
11926 23039
23039 11926
12084 10259
10259 12084
12197 0
0 12197
12197 12197
12197 12197
12197 19432
19432 12197
12197 19554
19554 12197
12198 0
0 12198
12198 3468
3468 12198
12198 5176
5176 12198
12198 7940
7940 12198
12198 9025
9025 12198
12198 10121
10121 12198
12198 12198
12198 12198
12198 16067
16067 12198
12198 19432
19432 12198
12198 22506
22506 12198
12198 23039
23039 12198
12198 23511
23511 12198
12235 0
0 12235
12298 4406
4406 12298
12298 9239
9239 12298
12298 14713
14713 12298
12352 269
269 12352
12352 11522
11522 12352
12352 15178
15178 12352
12352 23039
23039 12352
12379 23039
23039 12379
12415 0
0 12415
12415 12415
12415 12415
12415 12539
12539 12415
12415 19432
19432 12415
12446 8892
8892 12446
12482 105
105 12482
12482 695
695 12482
12482 1064
1064 12482
12482 1590
1590 12482
12482 9365
9365 12482
12482 12482
12482 12482
12482 16120
16120 12482
12482 19555
19555 12482
12482 24483
24483 12482
12510 9025
9025 12510
12510 10121
10121 12510
12510 15483
15483 12510
12510 18689
18689 12510
12510 19432
19432 12510
12539 97
97 12539
12539 441
441 12539
12539 533
533 12539
12539 1382
1382 12539
12539 2255
2255 12539
12539 4406
4406 12539
12539 8995
8995 12539
12539 9025
9025 12539
12539 10089
10089 12539
12539 11276
11276 12539
12539 11313
11313 12539
12539 11569
11569 12539
12539 11607
11607 12539
12539 11861
11861 12539
12539 11926
11926 12539
12539 12415
12415 12539
12539 12539
12539 12539
12539 15390
15390 12539
12539 16018
16018 12539
12539 19432
19432 12539
12539 19554
19554 12539
12539 20624
20624 12539
12539 21954
21954 12539
12539 22167
22167 12539
12539 23039
23039 12539
12572 0
0 12572
12572 240
240 12572
12572 341
341 12572
12572 441
441 12572
12572 545
545 12572
12572 554
554 12572
12572 903
903 12572
12572 2467
2467 12572
12572 2719
2719 12572
12572 5176
5176 12572
12572 9025
9025 12572
12572 9239
9239 12572
12572 9365
9365 12572
12572 9461
9461 12572
12572 11313
11313 12572
12572 12572
12572 12572
12572 13726
13726 12572
12572 14500
14500 12572
12572 14538
14538 12572
12572 15178
15178 12572
12572 16696
16696 12572
12572 18404
18404 12572
12572 19138
19138 12572
12572 19432
19432 12572
12572 19554
19554 12572
12572 19555
19555 12572
12572 20399
20399 12572
12572 20904
20904 12572
12572 21336
21336 12572
12572 21337
21337 12572
12572 21954
21954 12572
12572 22559
22559 12572
12572 22587
22587 12572
12572 23039
23039 12572
12572 24140
24140 12572
12572 24379
24379 12572
12572 24445
24445 12572
12939 0
0 12939
12939 10259
10259 12939
12972 0
0 12972
13003 335
335 13003
13003 2467
2467 13003
13003 9016
9016 13003
13003 9025
9025 13003
13003 11894
11894 13003
13003 13003
13003 13003
13003 13203
13203 13003
13003 19432
19432 13003
13003 21317
21317 13003
13003 24288
24288 13003
13003 24669
24669 13003
13066 12572
12572 13066
13066 13066
13066 13066
13066 14054
14054 13066
13066 14195
14195 13066
13066 18955
18955 13066
13066 20108
20108 13066
13066 20674
20674 13066
13102 21336
21336 13102
13102 23039
23039 13102
13141 117
117 13141
13141 9203
9203 13141
13141 9239
9239 13141
13141 13141
13141 13141
13141 14224
14224 13141
13141 15332
15332 13141
13141 19433
19433 13141
13141 21786
21786 13141
13176 0
0 13176
13203 0
0 13203
13203 5176
5176 13203
13203 9239
9239 13203
13203 13203
13203 13203
13203 18955
18955 13203
13203 19432
19432 13203
13203 23039
23039 13203
13204 0
0 13204
13204 5176
5176 13204
13204 9812
9812 13204
13204 13204
13204 13204
13204 13867
13867 13204
13204 19432
19432 13204
13204 19554
19554 13204
13204 20429
20429 13204
13204 24273
24273 13204
13238 6095
6095 13238
13270 4406
4406 13270
13270 8995
8995 13270
13270 11569
11569 13270
13270 11607
11607 13270
13270 13270
13270 13270
13270 15178
15178 13270
13270 18472
18472 13270
13270 18955
18955 13270
13270 21699
21699 13270
13336 0
0 13336
13336 554
554 13336
13336 689
689 13336
13336 863
863 13336
13336 3468
3468 13336
13336 5176
5176 13336
13336 6095
6095 13336
13336 7498
7498 13336
13336 9025
9025 13336
13336 9239
9239 13336
13336 10121
10121 13336
13336 11926
11926 13336
13336 13336
13336 13336
13336 13726
13726 13336
13336 15360
15360 13336
13336 15483
15483 13336
13336 16241
16241 13336
13336 18955
18955 13336
13336 19432
19432 13336
13336 19554
19554 13336
13336 19946
19946 13336
13336 21641
21641 13336
13336 21699
21699 13336
13336 24571
24571 13336
13370 0
0 13370
13370 320
320 13370
13370 2304
2304 13370
13370 7405
7405 13370
13370 7807
7807 13370
13370 9025
9025 13370
13370 9203
9203 13370
13370 9239
9239 13370
13370 11684
11684 13370
13370 12572
12572 13370
13370 13176
13176 13370
13370 13370
13370 13370
13370 13726
13726 13370
13370 14500
14500 13370
13370 14538
14538 13370
13370 15178
15178 13370
13370 19432
19432 13370
13370 19498
19498 13370
13370 21896
21896 13370
13370 24274
24274 13370
13406 1209
1209 13406
13406 11607
11607 13406
13406 22204
22204 13406
13608 13203
13203 13608
13608 13534
13534 13608
13608 19946
19946 13608
13726 117
117 13726
13726 545
545 13726
13726 9239
9239 13726
13726 11148
11148 13726
13726 13370
13370 13726
13726 13726
13726 13726
13726 15178
15178 13726
13726 20800
20800 13726
13762 19432
19432 13762
13867 0
0 13867
13867 5176
5176 13867
13867 11894
11894 13867
13867 13204
13204 13867
13929 554
554 13929
13929 8091
8091 13929
13929 9025
9025 13929
13929 11313
11313 13929
13929 12572
12572 13929
13929 13726
13726 13929
13929 13929
13929 13929
13929 14171
14171 13929
13929 19432
19432 13929
13929 24140
24140 13929
13929 24170
24170 13929
13964 2255
2255 13964
13964 12352
12352 13964
13964 16241
16241 13964
13964 19419
19419 13964
13964 22559
22559 13964
14010 11684
11684 14010
14010 14010
14010 14010
14010 16019
16019 14010
14010 21883
21883 14010
14010 22855
22855 14010
14010 23039
23039 14010
14010 24451
24451 14010
14054 9025
9025 14054
14054 13066
13066 14054
14054 18955
18955 14054
14054 19498
19498 14054
14054 19554
19554 14054
14054 24322
24322 14054
14086 2304
2304 14086
14086 9025
9025 14086
14086 19254
19254 14086
14086 19432
19432 14086
14142 280
280 14142
14142 7498
7498 14142
14142 9365
9365 14142
14142 10121
10121 14142
14142 10973
10973 14142
14142 11684
11684 14142
14142 14142
14142 14142
14142 14538
14538 14142
14142 16067
16067 14142
14142 19432
19432 14142
14142 22990
22990 14142
14171 269
269 14171
14171 7498
7498 14171
14171 9025
9025 14171
14171 9365
9365 14171
14171 14920
14920 14171
14171 15178
15178 14171
14171 18955
18955 14171
14171 19631
19631 14171
14171 20877
20877 14171
14171 20904
20904 14171
14171 22222
22222 14171
14171 22437
22437 14171
14171 22882
22882 14171
14171 23039
23039 14171
14171 24178
24178 14171
14195 125
125 14195
14195 9025
9025 14195
14195 10121
10121 14195
14195 13066
13066 14195
14195 14195
14195 14195
14195 22204
22204 14195
14224 0
0 14224
14224 240
240 14224
14224 441
441 14224
14224 880
880 14224
14224 3468
3468 14224
14224 5176
5176 14224
14224 6095
6095 14224
14224 7405
7405 14224
14224 9025
9025 14224
14224 9239
9239 14224
14224 10121
10121 14224
14224 11522
11522 14224
14224 11861
11861 14224
14224 11926
11926 14224
14224 12198
12198 14224
14224 13141
13141 14224
14224 14224
14224 14224
14224 15300
15300 14224
14224 15360
15360 14224
14224 19432
19432 14224
14224 19433
19433 14224
14224 19554
19554 14224
14224 19946
19946 14224
14224 20674
20674 14224
14224 24451
24451 14224
14314 0
0 14314
14314 14314
14314 14314
14314 18955
18955 14314
14384 5176
5176 14384
14384 12572
12572 14384
14384 23039
23039 14384
14414 97
97 14414
14414 263
263 14414
14414 275
275 14414
14414 554
554 14414
14414 4314
4314 14414
14414 4406
4406 14414
14414 9365
9365 14414
14414 9516
9516 14414
14414 11238
11238 14414
14414 11569
11569 14414
14414 11861
11861 14414
14414 14224
14224 14414
14414 14414
14414 14414
14414 14805
14805 14414
14414 16018
16018 14414
14414 18955
18955 14414
14414 19432
19432 14414
14414 19554
19554 14414
14414 20904
20904 14414
14414 21336
21336 14414
14414 22234
22234 14414
14414 22559
22559 14414
14414 23039
23039 14414
14414 24288
24288 14414
14444 9812
9812 14444
14444 22167
22167 14444
14444 22222
22222 14444
14444 24616
24616 14444
14469 554
554 14469
14469 9685
9685 14469
14469 14469
14469 14469
14469 18955
18955 14469
14469 19432
19432 14469
14469 23039
23039 14469
14500 240
240 14500
14500 731
731 14500
14500 1093
1093 14500
14500 1871
1871 14500
14500 1921
1921 14500
14500 5661
5661 14500
14500 7405
7405 14500
14500 10121
10121 14500
14500 12572
12572 14500
14500 14500
14500 14500
14500 14969
14969 14500
14500 15300
15300 14500
14500 18529
18529 14500
14500 18817
18817 14500
14500 19432
19432 14500
14500 19860
19860 14500
14500 22437
22437 14500
14500 24601
24601 14500
14538 0
0 14538
14538 341
341 14538
14538 388
388 14538
14538 441
441 14538
14538 1105
1105 14538
14538 2304
2304 14538
14538 12572
12572 14538
14538 14171
14171 14538
14538 14224
14224 14538
14538 14538
14538 14538
14538 14656
14656 14538
14538 14835
14835 14538
14538 14920
14920 14538
14538 16099
16099 14538
14538 16636
16636 14538
14538 17072
17072 14538
14538 18169
18169 14538
14538 19432
19432 14538
14538 21896
21896 14538
14538 22437
22437 14538
14656 0
0 14656
14656 554
554 14656
14656 11405
11405 14656
14656 14538
14538 14656
14656 15841
15841 14656
14656 17296
17296 14656
14656 19432
19432 14656
14656 19555
19555 14656
14656 21813
21813 14656
14656 23801
23801 14656
14682 22559
22559 14682
14682 24288
24288 14682
14713 11684
11684 14713
14713 14538
14538 14713
14713 14713
14713 14713
14713 14985
14985 14713
14713 21954
21954 14713
14805 0
0 14805
14805 252
252 14805
14805 1376
1376 14805
14805 1871
1871 14805
14805 2467
2467 14805
14805 4694
4694 14805
14805 5176
5176 14805
14805 9025
9025 14805
14805 9075
9075 14805
14805 9365
9365 14805
14805 9516
9516 14805
14805 10121
10121 14805
14805 10259
10259 14805
14805 11276
11276 14805
14805 11522
11522 14805
14805 11861
11861 14805
14805 13726
13726 14805
14805 14499
14499 14805
14805 14805
14805 14805
14805 14920
14920 14805
14805 16241
16241 14805
14805 18169
18169 14805
14805 18869
18869 14805
14805 19328
19328 14805
14805 19432
19432 14805
14805 19554
19554 14805
14805 20399
20399 14805
14805 20800
20800 14805
14805 20904
20904 14805
14805 21954
21954 14805
14805 22167
22167 14805
14805 22204
22204 14805
14805 22225
22225 14805
14805 22559
22559 14805
14805 22587
22587 14805
14805 23511
23511 14805
14805 23734
23734 14805
14805 24273
24273 14805
14805 24288
24288 14805
14805 24432
24432 14805
14806 1
1 14806
14806 804
804 14806
14806 6095
6095 14806
14806 9025
9025 14806
14806 10121
10121 14806
14806 10353
10353 14806
14806 12572
12572 14806
14806 14806
14806 14806
14806 19946
19946 14806
14806 20695
20695 14806
14806 23634
23634 14806
14835 0
0 14835
14835 1
1 14835
14835 466
466 14835
14835 1105
1105 14835
14835 7498
7498 14835
14835 9025
9025 14835
14835 9685
9685 14835
14835 10121
10121 14835
14835 11522
11522 14835
14835 11718
11718 14835
14835 13726
13726 14835
14835 14835
14835 14835
14835 19432
19432 14835
14835 19554
19554 14835
14835 19946
19946 14835
14835 22222
22222 14835
14835 22559
22559 14835
14835 23039
23039 14835
14835 24379
24379 14835
14835 24380
24380 14835
14920 0
0 14920
14920 269
269 14920
14920 8091
8091 14920
14920 9685
9685 14920
14920 10121
10121 14920
14920 11313
11313 14920
14920 11861
11861 14920
14920 13726
13726 14920
14920 14414
14414 14920
14920 14507
14507 14920
14920 14656
14656 14920
14920 14805
14805 14920
14920 14920
14920 14920
14920 15178
15178 14920
14920 19432
19432 14920
14920 20800
20800 14920
14920 20877
20877 14920
14920 21699
21699 14920
14920 22204
22204 14920
14920 22559
22559 14920
14969 14969
14969 14969
14985 14713
14713 14985
14985 14985
14985 14985
15056 418
418 15056
15056 13066
13066 15056
15082 15178
15178 15082
15116 1921
1921 15116
15116 4314
4314 15116
15116 9239
9239 15116
15116 11835
11835 15116
15116 15116
15116 15116
15116 19432
19432 15116
15116 20800
20800 15116
15116 21337
21337 15116
15116 21609
21609 15116
15178 269
269 15178
15178 15178
15178 15178
15207 9516
9516 15207
15280 0
0 15280
15300 15300
15300 15300
15332 4694
4694 15332
15332 9025
9025 15332
15332 11522
11522 15332
15332 13141
13141 15332
15332 19741
19741 15332
15332 20999
20999 15332
15332 21337
21337 15332
15332 22225
22225 15332
15332 22559
22559 15332
15332 24274
24274 15332
15360 1921
1921 15360
15360 9025
9025 15360
15360 9365
9365 15360
15360 10121
10121 15360
15360 11569
11569 15360
15360 13336
13336 15360
15360 14224
14224 15360
15360 15360
15360 15360
15360 17041
17041 15360
15360 18689
18689 15360
15360 21954
21954 15360
15360 22412
22412 15360
15360 24451
24451 15360
15390 12539
12539 15390
15483 9025
9025 15483
15483 13336
13336 15483
15483 19432
19432 15483
15483 20904
20904 15483
15483 23039
23039 15483
15713 0
0 15713
15841 889
889 15841
15841 2304
2304 15841
15841 8091
8091 15841
15841 11569
11569 15841
15841 14500
14500 15841
15841 14656
14656 15841
15841 15841
15841 15841
15841 18869
18869 15841
15841 24288
24288 15841
15841 24518
24518 15841
15961 19432
19432 15961
15961 23039
23039 15961
16018 0
0 16018
16018 105
105 16018
16018 601
601 16018
16018 8995
8995 16018
16018 11238
11238 16018
16018 11313
11313 16018
16018 11569
11569 16018
16018 11926
11926 16018
16018 12539
12539 16018
16018 16018
16018 16018
16018 21336
21336 16018
16018 22256
22256 16018
16018 23039
23039 16018
16018 23634
23634 16018
16019 14010
14010 16019
16019 16019
16019 16019
16099 554
554 16099
16099 804
804 16099
16099 9025
9025 16099
16099 16099
16099 16099
16099 16696
16696 16099
16099 19554
19554 16099
16099 20399
20399 16099
16099 20800
20800 16099
16099 23511
23511 16099
16099 24685
24685 16099
16120 9239
9239 16120
16120 9516
9516 16120
16120 16120
16120 16120
16120 16241
16241 16120
16120 21813
21813 16120
16241 2304
2304 16241
16241 9365
9365 16241
16241 15178
15178 16241
16241 16120
16120 16241
16241 21954
21954 16241
16241 24288
24288 16241
16241 24445
24445 16241
16299 3202
3202 16299
16299 8444
8444 16299
16636 13726
13726 16636
16636 14538
14538 16636
16696 1105
1105 16696
16696 6095
6095 16696
16696 9025
9025 16696
16696 9239
9239 16696
16696 13608
13608 16696
16696 16099
16099 16696
16696 16696
16696 16696
16696 19946
19946 16696
16859 0
0 16859
16859 5176
5176 16859
16859 9239
9239 16859
16859 10791
10791 16859
16859 11522
11522 16859
16859 11861
11861 16859
16859 12198
12198 16859
16859 14224
14224 16859
16859 16859
16859 16859
16859 18955
18955 16859
16859 19432
19432 16859
16859 22167
22167 16859
16859 24451
24451 16859
16875 15178
15178 16875
17041 418
418 17041
17041 9025
9025 17041
17041 11899
11899 17041
17041 15178
15178 17041
17041 15360
15360 17041
17041 17041
17041 17041
17041 18955
18955 17041
17041 20108
20108 17041
17078 19432
19432 17078
17086 14499
14499 17086
17087 9025
9025 17087
17087 17087
17087 17087
17296 0
0 17296
17326 17072
17072 17326
17326 17296
17296 17326
17452 17072
17072 17452
17547 9025
9025 17547
17547 17547
17547 17547
17704 9461
9461 17704
17735 10973
10973 17735
17735 11684
11684 17735
17764 269
269 17764
17764 19432
19432 17764
17922 2304
2304 17922
17922 3202
3202 17922
17927 9239
9239 17927
18001 10121
10121 18001
18001 23039
23039 18001
18056 0
0 18056
18056 8995
8995 18056
18056 9365
9365 18056
18056 11522
11522 18056
18056 15713
15713 18056
18056 18056
18056 18056
18056 19432
19432 18056
18056 19554
19554 18056
18056 22167
22167 18056
18056 23039
23039 18056
18115 13726
13726 18115
18169 252
252 18169
18169 381
381 18169
18169 441
441 18169
18169 848
848 18169
18169 6095
6095 18169
18169 7498
7498 18169
18169 9057
9057 18169
18169 9203
9203 18169
18169 9239
9239 18169
18169 11313
11313 18169
18169 11569
11569 18169
18169 11926
11926 18169
18169 12352
12352 18169
18169 13270
13270 18169
18169 13726
13726 18169
18169 14538
14538 18169
18169 16875
16875 18169
18169 18169
18169 18169
18169 18930
18930 18169
18169 19138
19138 18169
18169 19328
19328 18169
18169 20399
20399 18169
18169 20904
20904 18169
18169 21954
21954 18169
18169 22167
22167 18169
18169 22222
22222 18169
18169 22587
22587 18169
18196 6995
6995 18196
18196 9365
9365 18196
18196 11569
11569 18196
18279 15300
15300 18279
18412 22559
22559 18412
18412 24370
24370 18412
18412 24445
24445 18412
18422 10259
10259 18422
18435 11522
11522 18435
18472 6095
6095 18472
18472 10719
10719 18472
18472 13203
13203 18472
18472 14507
14507 18472
18472 18472
18472 18472
18472 18955
18955 18472
18472 19432
19432 18472
18472 21641
21641 18472
18472 24380
24380 18472
18689 252
252 18689
18689 269
269 18689
18689 299
299 18689
18689 782
782 18689
18689 894
894 18689
18689 947
947 18689
18689 995
995 18689
18689 1871
1871 18689
18689 3049
3049 18689
18689 4406
4406 18689
18689 9025
9025 18689
18689 9906
9906 18689
18689 11718
11718 18689
18689 13726
13726 18689
18689 14538
14538 18689
18689 15178
15178 18689
18689 15773
15773 18689
18689 18689
18689 18689
18689 19432
19432 18689
18689 24145
24145 18689
18869 0
0 18869
18869 1093
1093 18869
18869 2304
2304 18869
18869 4206
4206 18869
18869 9025
9025 18869
18869 9203
9203 18869
18869 9365
9365 18869
18869 11238
11238 18869
18869 13726
13726 18869
18869 14171
14171 18869
18869 15841
15841 18869
18869 18869
18869 18869
18869 19432
19432 18869
18869 19768
19768 18869
18869 22559
22559 18869
18930 24379
24379 18930
18955 0
0 18955
18955 1
1 18955
18955 479
479 18955
18955 533
533 18955
18955 752
752 18955
18955 782
782 18955
18955 936
936 18955
18955 1105
1105 18955
18955 4406
4406 18955
18955 6095
6095 18955
18955 9025
9025 18955
18955 9239
9239 18955
18955 9516
9516 18955
18955 9685
9685 18955
18955 9812
9812 18955
18955 10121
10121 18955
18955 10307
10307 18955
18955 10791
10791 18955
18955 11276
11276 18955
18955 11313
11313 18955
18955 11361
11361 18955
18955 11405
11405 18955
18955 12572
12572 18955
18955 13066
13066 18955
18955 13270
13270 18955
18955 13336
13336 18955
18955 13726
13726 18955
18955 14054
14054 18955
18955 14171
14171 18955
18955 14314
14314 18955
18955 17041
17041 18955
18955 18955
18955 18955
18955 19432
19432 18955
18955 19554
19554 18955
18955 19741
19741 18955
18955 20399
20399 18955
18955 20674
20674 18955
18955 20904
20904 18955
18955 21337
21337 18955
18955 22167
22167 18955
18955 22225
22225 18955
18955 23039
23039 18955
18955 24308
24308 18955
18955 24733
24733 18955
19027 0
0 19027
19027 10121
10121 19027
19027 11569
11569 19027
19138 545
545 19138
19138 848
848 19138
19138 18169
18169 19138
19138 19138
19138 19138
19278 14538
14538 19278
19300 11522
11522 19300
19328 14805
14805 19328
19432 0
0 19432
19432 1
1 19432
19432 97
97 19432
19432 105
105 19432
19432 125
125 19432
19432 220
220 19432
19432 240
240 19432
19432 252
252 19432
19432 269
269 19432
19432 275
275 19432
19432 320
320 19432
19432 341
341 19432
19432 441
441 19432
19432 479
479 19432
19432 554
554 19432
19432 601
601 19432
19432 616
616 19432
19432 782
782 19432
19432 955
955 19432
19432 1064
1064 19432
19432 1105
1105 19432
19432 1153
1153 19432
19432 1197
1197 19432
19432 1921
1921 19432
19432 2255
2255 19432
19432 2304
2304 19432
19432 3090
3090 19432
19432 3468
3468 19432
19432 4314
4314 19432
19432 4406
4406 19432
19432 5176
5176 19432
19432 5177
5177 19432
19432 6095
6095 19432
19432 6650
6650 19432
19432 7498
7498 19432
19432 8444
8444 19432
19432 9025
9025 19432
19432 9239
9239 19432
19432 9365
9365 19432
19432 9366
9366 19432
19432 9461
9461 19432
19432 9516
9516 19432
19432 10719
10719 19432
19432 11405
11405 19432
19432 11522
11522 19432
19432 11569
11569 19432
19432 11684
11684 19432
19432 11718
11718 19432
19432 11835
11835 19432
19432 11861
11861 19432
19432 11894
11894 19432
19432 11926
11926 19432
19432 12572
12572 19432
19432 13203
13203 19432
19432 13336
13336 19432
19432 13608
13608 19432
19432 13726
13726 19432
19432 13929
13929 19432
19432 14054
14054 19432
19432 14171
14171 19432
19432 14224
14224 19432
19432 14414
14414 19432
19432 14500
14500 19432
19432 14538
14538 19432
19432 14806
14806 19432
19432 14835
14835 19432
19432 14920
14920 19432
19432 15360
15360 19432
19432 16859
16859 19432
19432 18056
18056 19432
19432 18955
18955 19432
19432 19432
19432 19432
19432 19554
19554 19432
19432 19555
19555 19432
19432 19768
19768 19432
19432 19786
19786 19432
19432 19866
19866 19432
19432 19946
19946 19432
19432 20624
20624 19432
19432 20674
20674 19432
19432 20916
20916 19432
19432 21336
21336 19432
19432 21337
21337 19432
19432 21786
21786 19432
19432 21896
21896 19432
19432 21954
21954 19432
19432 22167
22167 19432
19432 22204
22204 19432
19432 22222
22222 19432
19432 22225
22225 19432
19432 22506
22506 19432
19432 22559
22559 19432
19432 22745
22745 19432
19432 23039
23039 19432
19432 24279
24279 19432
19432 24288
24288 19432
19432 24293
24293 19432
19432 24322
24322 19432
19432 24451
24451 19432
19432 24571
24571 19432
19432 24590
24590 19432
19432 24616
24616 19432
19432 24733
24733 19432
19433 9365
9365 19433
19433 11835
11835 19433
19433 12572
12572 19433
19433 14224
14224 19433
19433 19433
19433 19433
19470 19432
19432 19470
19498 159
159 19498
19520 418
418 19520
19554 0
0 19554
19554 1
1 19554
19554 117
117 19554
19554 125
125 19554
19554 230
230 19554
19554 275
275 19554
19554 533
533 19554
19554 752
752 19554
19554 1064
1064 19554
19554 1105
1105 19554
19554 1153
1153 19554
19554 1871
1871 19554
19554 3202
3202 19554
19554 5176
5176 19554
19554 6095
6095 19554
19554 8041
8041 19554
19554 8255
8255 19554
19554 8995
8995 19554
19554 9016
9016 19554
19554 9025
9025 19554
19554 9075
9075 19554
19554 9239
9239 19554
19554 9365
9365 19554
19554 10121
10121 19554
19554 10307
10307 19554
19554 10973
10973 19554
19554 11313
11313 19554
19554 11522
11522 19554
19554 11861
11861 19554
19554 11894
11894 19554
19554 12197
12197 19554
19554 12198
12198 19554
19554 12572
12572 19554
19554 13066
13066 19554
19554 13204
13204 19554
19554 13270
13270 19554
19554 14054
14054 19554
19554 14086
14086 19554
19554 14224
14224 19554
19554 14805
14805 19554
19554 14806
14806 19554
19554 15713
15713 19554
19554 17389
17389 19554
19554 18955
18955 19554
19554 19432
19432 19554
19554 19554
19554 19554
19554 20429
20429 19554
19554 21954
21954 19554
19554 22167
22167 19554
19554 22506
22506 19554
19554 22587
22587 19554
19554 23039
23039 19554
19554 23511
23511 19554
19554 24379
24379 19554
19555 1871
1871 19555
19555 12482
12482 19555
19555 19554
19554 19555
19555 19555
19555 19555
19631 518
518 19631
19631 14171
14171 19631
19786 19768
19768 19786
19860 2304
2304 19860
19860 9025
9025 19860
19860 9365
9365 19860
19860 19860
19860 19860
19860 20399
20399 19860
19860 21337
21337 19860
19860 22437
22437 19860
19860 22855
22855 19860
19866 9025
9025 19866
19866 19432
19432 19866
19866 19866
19866 19866
19875 19432
19432 19875
19897 23511
23511 19897
19946 804
804 19946
19946 13336
13336 19946
19946 15178
15178 19946
19946 16696
16696 19946
19946 19432
19432 19946
19946 19554
19554 19946
19946 19946
19946 19946
20108 12572
12572 20108
20108 14171
14171 20108
20313 13726
13726 20313
20340 13726
13726 20340
20399 11020
11020 20399
20399 12572
12572 20399
20399 14086
14086 20399
20399 16241
16241 20399
20399 21699
21699 20399
20429 1105
1105 20429
20429 8444
8444 20429
20429 9239
9239 20429
20429 19554
19554 20429
20430 19432
19432 20430
20489 13726
13726 20489
20489 18930
18930 20489
20546 19631
19631 20546
20573 19432
19432 20573
20624 10259
10259 20624
20624 11313
11313 20624
20624 11569
11569 20624
20624 20624
20624 20624
20624 21786
21786 20624
20674 554
554 20674
20674 7498
7498 20674
20674 9025
9025 20674
20674 9239
9239 20674
20674 11607
11607 20674
20674 12572
12572 20674
20674 13336
13336 20674
20674 20800
20800 20674
20674 20904
20904 20674
20695 9025
9025 20695
20695 13726
13726 20695
20695 14806
14806 20695
20695 20695
20695 20695
20779 12572
12572 20779
20800 11313
11313 20800
20800 11522
11522 20800
20800 13726
13726 20800
20800 14538
14538 20800
20800 16099
16099 20800
20800 18689
18689 20800
20800 20674
20674 20800
20800 20800
20800 20800
20877 0
0 20877
20877 159
159 20877
20877 10121
10121 20877
20877 19254
19254 20877
20877 19432
19432 20877
20877 22559
22559 20877
20897 9516
9516 20897
20904 554
554 20904
20904 601
601 20904
20904 819
819 20904
20904 4406
4406 20904
20904 9239
9239 20904
20904 9812
9812 20904
20904 11313
11313 20904
20904 11522
11522 20904
20904 11569
11569 20904
20904 11684
11684 20904
20904 11861
11861 20904
20904 11926
11926 20904
20904 12572
12572 20904
20904 13726
13726 20904
20904 14414
14414 20904
20904 14805
14805 20904
20904 14835
14835 20904
20904 15178
15178 20904
20904 18169
18169 20904
20904 19432
19432 20904
20904 20674
20674 20904
20904 20904
20904 20904
20904 21699
21699 20904
20904 22167
22167 20904
20904 22256
22256 20904
20904 23177
23177 20904
20904 24293
24293 20904
20916 19432
19432 20916
20999 13726
13726 20999
21029 13726
13726 21029
21185 269
269 21185
21185 9203
9203 21185
21185 11569
11569 21185
21185 19768
19768 21185
21185 21185
21185 21185
21185 24184
24184 21185
21185 24518
24518 21185
21213 9812
9812 21213
21213 21213
21213 21213
21317 11313
11313 21317
21317 13726
13726 21317
21336 0
0 21336
21336 1
1 21336
21336 105
105 21336
21336 293
293 21336
21336 324
324 21336
21336 554
554 21336
21336 1871
1871 21336
21336 2304
2304 21336
21336 2467
2467 21336
21336 4314
4314 21336
21336 4406
4406 21336
21336 7352
7352 21336
21336 7498
7498 21336
21336 9025
9025 21336
21336 9203
9203 21336
21336 9239
9239 21336
21336 9461
9461 21336
21336 9516
9516 21336
21336 10121
10121 21336
21336 10719
10719 21336
21336 10791
10791 21336
21336 10973
10973 21336
21336 11276
11276 21336
21336 11313
11313 21336
21336 11442
11442 21336
21336 11569
11569 21336
21336 11684
11684 21336
21336 12415
12415 21336
21336 13102
13102 21336
21336 13203
13203 21336
21336 13726
13726 21336
21336 14195
14195 21336
21336 14414
14414 21336
21336 14507
14507 21336
21336 14538
14538 21336
21336 14805
14805 21336
21336 18689
18689 21336
21336 18955
18955 21336
21336 19432
19432 21336
21336 20108
20108 21336
21336 20904
20904 21336
21336 21336
21336 21336
21336 21699
21699 21336
21336 21954
21954 21336
21336 22587
22587 21336
21336 22990
22990 21336
21336 23039
23039 21336
21336 23511
23511 21336
21336 23634
23634 21336
21336 24379
24379 21336
21337 466
466 21337
21337 1296
1296 21337
21337 9016
9016 21337
21337 9025
9025 21337
21337 9239
9239 21337
21337 11522
11522 21337
21337 13726
13726 21337
21337 18955
18955 21337
21337 19432
19432 21337
21337 19554
19554 21337
21337 19866
19866 21337
21337 19946
19946 21337
21337 20624
20624 21337
21337 21337
21337 21337
21337 22167
22167 21337
21337 22222
22222 21337
21337 22587
22587 21337
21337 24288
24288 21337
21337 24317
24317 21337
21367 10121
10121 21367
21397 13726
13726 21397
21509 13726
13726 21509
21699 305
305 21699
21699 388
388 21699
21699 673
673 21699
21699 848
848 21699
21699 866
866 21699
21699 903
903 21699
21699 1237
1237 21699
21699 1397
1397 21699
21699 1590
1590 21699
21699 1701
1701 21699
21699 4406
4406 21699
21699 6403
6403 21699
21699 9025
9025 21699
21699 10121
10121 21699
21699 11569
11569 21699
21699 11607
11607 21699
21699 12572
12572 21699
21699 13270
13270 21699
21699 13336
13336 21699
21699 14414
14414 21699
21699 14713
14713 21699
21699 14805
14805 21699
21699 14920
14920 21699
21699 19432
19432 21699
21699 20399
20399 21699
21699 20904
20904 21699
21699 21699
21699 21699
21699 21786
21786 21699
21699 21843
21843 21699
21699 22204
22204 21699
21699 23928
23928 21699
21699 24178
24178 21699
21699 24288
24288 21699
21756 1921
1921 21756
21786 117
117 21786
21786 269
269 21786
21786 335
335 21786
21786 880
880 21786
21786 900
900 21786
21786 903
903 21786
21786 1064
1064 21786
21786 9239
9239 21786
21786 9365
9365 21786
21786 12352
12352 21786
21786 13141
13141 21786
21786 14224
14224 21786
21786 18404
18404 21786
21786 21896
21896 21786
21813 11405
11405 21813
21813 16120
16120 21813
21813 19555
19555 21813
21813 21813
21813 21813
21813 22437
22437 21813
21813 24345
24345 21813
21813 24680
24680 21813
21896 21
21 21896
21896 159
159 21896
21896 2304
2304 21896
21896 5661
5661 21896
21896 14538
14538 21896
21896 14835
14835 21896
21896 21896
21896 21896
21926 0
0 21926
21926 800
800 21926
21926 1296
1296 21926
21926 2304
2304 21926
21926 9016
9016 21926
21926 9025
9025 21926
21926 10353
10353 21926
21926 10973
10973 21926
21926 13066
13066 21926
21926 13726
13726 21926
21931 21890
21890 21931
21954 0
0 21954
21954 554
554 21954
21954 903
903 21954
21954 941
941 21954
21954 2795
2795 21954
21954 4406
4406 21954
21954 9025
9025 21954
21954 9365
9365 21954
21954 11894
11894 21954
21954 11926
11926 21954
21954 12572
12572 21954
21954 14224
14224 21954
21954 14414
14414 21954
21954 14444
14444 21954
21954 14805
14805 21954
21954 16241
16241 21954
21954 17072
17072 21954
21954 18169
18169 21954
21954 18930
18930 21954
21954 18955
18955 21954
21954 19432
19432 21954
21954 19554
19554 21954
21954 21699
21699 21954
21954 21954
21954 21954
21954 22167
22167 21954
21954 22256
22256 21954
21954 22587
22587 21954
21954 23039
23039 21954
21954 23634
23634 21954
21954 24184
24184 21954
21978 11313
11313 21978
22005 9025
9025 22005
22005 22005
22005 22005
22030 19432
19432 22030
22062 8581
8581 22062
22167 1
1 22167
22167 466
466 22167
22167 9025
9025 22167
22167 9239
9239 22167
22167 11569
11569 22167
22167 13608
13608 22167
22167 14054
14054 22167
22167 14314
14314 22167
22167 14444
14444 22167
22167 14805
14805 22167
22167 18955
18955 22167
22167 19554
19554 22167
22167 22167
22167 22167
22167 22559
22559 22167
22167 23540
23540 22167
22167 24288
24288 22167
22167 24301
24301 22167
22167 24676
24676 22167
22192 0
0 22192
22192 22192
22192 22192
22197 11313
11313 22197
22204 11835
11835 22204
22204 22204
22204 22204
22204 22612
22612 22204
22215 1871
1871 22215
22215 23754
23754 22215
22222 13726
13726 22222
22225 7499
7499 22225
22225 9516
9516 22225
22225 18955
18955 22225
22225 22225
22225 22225
22234 4406
4406 22234
22234 10307
10307 22234
22234 22234
22234 22234
22256 9025
9025 22256
22256 9239
9239 22256
22256 12572
12572 22256
22256 20399
20399 22256
22256 20904
20904 22256
22256 21954
21954 22256
22256 22256
22256 22256
22283 21877
21877 22283
22315 269
269 22315
22315 726
726 22315
22315 778
778 22315
22315 1871
1871 22315
22315 22225
22225 22315
22315 22315
22315 22315
22315 24274
24274 22315
22412 240
240 22412
22412 9025
9025 22412
22412 15360
15360 22412
22412 19432
19432 22412
22437 9461
9461 22437
22437 11569
11569 22437
22437 14500
14500 22437
22437 21813
21813 22437
22437 22437
22437 22437
22437 24680
24680 22437
22465 0
0 22465
22465 7498
7498 22465
22482 15178
15178 22482
22506 24037
24037 22506
22507 19554
19554 22507
22559 269
269 22559
22559 9365
9365 22559
22559 12572
12572 22559
22559 15178
15178 22559
22559 19432
19432 22559
22559 22437
22437 22559
22559 22559
22559 22559
22559 24184
24184 22559
22587 441
441 22587
22587 9025
9025 22587
22587 11894
11894 22587
22587 13203
13203 22587
22587 14224
14224 22587
22587 21954
21954 22587
22587 22559
22559 22587
22587 22587
22587 22587
22587 22718
22718 22587
22587 24264
24264 22587
22718 11835
11835 22718
22718 24293
24293 22718
22745 19432
19432 22745
22745 22745
22745 22745
22748 10121
10121 22748
22855 22855
22855 22855
22855 24557
24557 22855
22882 0
0 22882
22882 9516
9516 22882
22905 13726
13726 22905
22938 11405
11405 22938
22990 200
200 22990
22990 9025
9025 22990
22990 18472
18472 22990
22990 22990
22990 22990
23039 0
0 23039
23039 1
1 23039
23039 554
554 23039
23039 555
555 23039
23039 1153
1153 23039
23039 1871
1871 23039
23039 2255
2255 23039
23039 4406
4406 23039
23039 5176
5176 23039
23039 6095
6095 23039
23039 9025
9025 23039
23039 9365
9365 23039
23039 9685
9685 23039
23039 10307
10307 23039
23039 11313
11313 23039
23039 11405
11405 23039
23039 11894
11894 23039
23039 12197
12197 23039
23039 12352
12352 23039
23039 12539
12539 23039
23039 12572
12572 23039
23039 13203
13203 23039
23039 13726
13726 23039
23039 14384
14384 23039
23039 14805
14805 23039
23039 14835
14835 23039
23039 15483
15483 23039
23039 16018
16018 23039
23039 18056
18056 23039
23039 18955
18955 23039
23039 19432
19432 23039
23039 19554
19554 23039
23039 19946
19946 23039
23039 20108
20108 23039
23039 20399
20399 23039
23039 20904
20904 23039
23039 21954
21954 23039
23039 22222
22222 23039
23039 22559
22559 23039
23039 23039
23039 23039
23039 24037
24037 23039
23177 13726
13726 23177
23177 15178
15178 23177
23205 3202
3202 23205
23220 9025
9025 23220
23220 9365
9365 23220
23220 16241
16241 23220
23220 22559
22559 23220
23220 23220
23220 23220
23272 24445
24445 23272
23433 13726
13726 23433
23433 19254
19254 23433
23473 22204
22204 23473
23540 13726
13726 23540
23540 23153
23153 23540
23634 653
653 23634
23634 1021
1021 23634
23634 11926
11926 23634
23634 16018
16018 23634
23634 19432
19432 23634
23634 21336
21336 23634
23634 23634
23634 23634
23693 269
269 23693
23693 1021
1021 23693
23693 9365
9365 23693
23733 9516
9516 23733
23733 18955
18955 23733
23733 21336
21336 23733
23733 23733
23733 23733
23734 14805
14805 23734
23734 23177
23177 23734
23754 22559
22559 23754
23801 3947
3947 23801
23854 418
418 23854
23854 9025
9025 23854
23854 19432
19432 23854
23928 15178
15178 23928
23945 22612
22612 23945
23982 23928
23928 23982
24037 606
606 24037
24037 22506
22506 24037
24038 9025
9025 24038
24038 21954
21954 24038
24038 22612
22612 24038
24130 22559
22559 24130
24145 18689
18689 24145
24152 11861
11861 24152
24152 22225
22225 24152
24164 13726
13726 24164
24170 13726
13726 24170
24170 19432
19432 24170
24178 15178
15178 24178
24184 77
77 24184
24184 9203
9203 24184
24184 21185
21185 24184
24184 24518
24518 24184
24192 22225
22225 24192
24259 9461
9461 24259
24259 22612
22612 24259
24259 24259
24259 24259
24274 324
324 24274
24274 2467
2467 24274
24274 9025
9025 24274
24274 15332
15332 24274
24274 23039
23039 24274
24274 24274
24274 24274
24279 19432
19432 24279
24279 24445
24445 24279
24288 1237
1237 24288
24288 2304
2304 24288
24288 8091
8091 24288
24288 12572
12572 24288
24288 13726
13726 24288
24288 14171
14171 24288
24288 14224
14224 24288
24288 15841
15841 24288
24288 22559
22559 24288
24288 24288
24288 24288
24288 24293
24293 24288
24293 1
1 24293
24293 533
533 24293
24293 13726
13726 24293
24293 19432
19432 24293
24293 20399
20399 24293
24293 22718
22718 24293
24293 24288
24288 24293
24293 24293
24293 24293
24301 14054
14054 24301
24301 22167
22167 24301
24301 24301
24301 24301
24308 0
0 24308
24308 1105
1105 24308
24308 18955
18955 24308
24308 19432
19432 24308
24308 22167
22167 24308
24308 23039
23039 24308
24322 11894
11894 24322
24322 14054
14054 24322
24322 22167
22167 24322
24335 418
418 24335
24341 13726
13726 24341
24345 21813
21813 24345
24366 863
863 24366
24366 13203
13203 24366
24379 29
29 24379
24379 216
216 24379
24379 554
554 24379
24379 1105
1105 24379
24379 1762
1762 24379
24379 7498
7498 24379
24379 8255
8255 24379
24379 9203
9203 24379
24379 9239
9239 24379
24379 11361
11361 24379
24379 11405
11405 24379
24379 11926
11926 24379
24379 12572
12572 24379
24379 13203
13203 24379
24379 13726
13726 24379
24379 14538
14538 24379
24379 14656
14656 24379
24379 14835
14835 24379
24379 14920
14920 24379
24379 18930
18930 24379
24379 19432
19432 24379
24379 21336
21336 24379
24379 22256
22256 24379
24379 24379
24379 24379
24380 0
0 24380
24380 9239
9239 24380
24380 14835
14835 24380
24380 19554
19554 24380
24389 24370
24370 24389
24404 269
269 24404
24404 1014
1014 24404
24409 6937
6937 24409
24409 12685
12685 24409
24426 11684
11684 24426
24432 5176
5176 24432
24433 19554
19554 24433
24445 455
455 24445
24445 1220
1220 24445
24445 12572
12572 24445
24445 14538
14538 24445
24445 24279
24279 24445
24451 561
561 24451
24451 9239
9239 24451
24451 14010
14010 24451
24451 15300
15300 24451
24451 15360
15360 24451
24451 16859
16859 24451
24451 19432
19432 24451
24451 24380
24380 24451
24456 9057
9057 24456
24456 14054
14054 24456
24456 14805
14805 24456
24456 24456
24456 24456
24472 19554
19554 24472
24490 13726
13726 24490
24497 11276
11276 24497
24518 0
0 24518
24518 9239
9239 24518
24518 15841
15841 24518
24518 21185
21185 24518
24518 24184
24184 24518
24518 24518
24518 24518
24526 863
863 24526
24526 8444
8444 24526
24526 13726
13726 24526
24526 22559
22559 24526
24535 22559
22559 24535
24550 441
441 24550
24550 9025
9025 24550
24550 9365
9365 24550
24550 13726
13726 24550
24550 24550
24550 24550
24557 7498
7498 24557
24557 24557
24557 24557
24567 24288
24288 24567
24571 1105
1105 24571
24571 9239
9239 24571
24582 16120
16120 24582
24590 19432
19432 24590
24625 9025
9025 24625
24625 9057
9057 24625
24639 2304
2304 24639
24639 10121
10121 24639
24655 13726
13726 24655
24663 22559
22559 24663
24669 13003
13003 24669
24676 0
0 24676
24676 1
1 24676
24676 4406
4406 24676
24676 5176
5176 24676
24676 9239
9239 24676
24676 10791
10791 24676
24676 11861
11861 24676
24676 11926
11926 24676
24676 14224
14224 24676
24676 19432
19432 24676
24676 21609
21609 24676
24676 22167
22167 24676
24676 24676
24676 24676
24680 21337
21337 24680
24680 22437
22437 24680
24704 3202
3202 24704
