20 20
20 20
20 642
642 20
20 1403
1403 20
20 2041
2041 20
20 13059
13059 20
21 21
21 21
21 2118
2118 21
21 2880
2880 21
21 6492
6492 21
21 14232
14232 21
21 15447
15447 21
21 22905
22905 21
21 24568
24568 21
25 5946
5946 25
34 34
34 34
34 14920
14920 34
44 5974
5974 44
44 6202
6202 44
44 11669
11669 44
44 24492
24492 44
97 97
97 97
97 8996
8996 97
97 13118
13118 97
97 16018
16018 97
115 115
115 115
115 117
117 115
115 285
285 115
115 613
613 115
115 3072
3072 115
115 3865
3865 115
115 5086
5086 115
115 5338
5338 115
115 5658
5658 115
115 6049
6049 115
115 6240
6240 115
115 6299
6299 115
115 6352
6352 115
115 6536
6536 115
115 6569
6569 115
115 6572
6572 115
115 6602
6602 115
115 6658
6658 115
115 8996
8996 115
115 14595
14595 115
115 18434
18434 115
115 19421
19421 115
115 20893
20893 115
115 22513
22513 115
115 24393
24393 115
117 117
117 117
117 17290
17290 117
125 2194
2194 125
125 4158
4158 125
125 14224
14224 125
130 6658
6658 130
130 9893
9893 130
130 16018
16018 130
148 12209
12209 148
155 155
155 155
155 2939
2939 155
155 5311
5311 155
155 5639
5639 155
156 5684
5684 156
162 6633
6633 162
172 4920
4920 172
194 194
194 194
194 988
988 194
194 5850
5850 194
194 18602
18602 194
213 213
213 213
213 1145
1145 213
213 2352
2352 213
213 3072
3072 213
213 3172
3172 213
213 3468
3468 213
213 4248
4248 213
213 5600
5600 213
213 5703
5703 213
213 5953
5953 213
213 6074
6074 213
213 6334
6334 213
213 6514
6514 213
213 6534
6534 213
213 6722
6722 213
213 11967
11967 213
213 18323
18323 213
213 19426
19426 213
213 22513
22513 213
230 6621
6621 230
231 34
34 231
231 231
231 231
231 642
642 231
231 764
764 231
231 820
820 231
231 1183
1183 231
231 1318
1318 231
231 1409
1409 231
231 2053
2053 231
231 2059
2059 231
231 2184
2184 231
231 3337
3337 231
231 4339
4339 231
231 4612
4612 231
231 4885
4885 231
231 5338
5338 231
231 5409
5409 231
231 5519
5519 231
231 6002
6002 231
231 6060
6060 231
231 6483
6483 231
231 6506
6506 231
231 6509
6509 231
231 6511
6511 231
231 6679
6679 231
231 6708
6708 231
231 6722
6722 231
231 7410
7410 231
231 8289
8289 231
231 8820
8820 231
231 12834
12834 231
231 14029
14029 231
231 22252
22252 231
231 24671
24671 231
252 252
252 252
252 1807
1807 252
252 5804
5804 252
252 6125
6125 252
255 255
255 255
255 477
477 255
255 820
820 255
255 1486
1486 255
255 4150
4150 255
255 4160
4160 255
255 4459
4459 255
255 5115
5115 255
255 5855
5855 255
255 6060
6060 255
255 6124
6124 255
255 6144
6144 255
255 6509
6509 255
255 6524
6524 255
255 6557
6557 255
255 6577
6577 255
255 6675
6675 255
255 9239
9239 255
255 14029
14029 255
255 15024
15024 255
255 16076
16076 255
255 18434
18434 255
255 18438
18438 255
255 19426
19426 255
255 19554
19554 255
255 20517
20517 255
255 21954
21954 255
255 23933
23933 255
255 23943
23943 255
262 262
262 262
269 269
269 269
285 115
115 285
285 285
285 285
285 2126
2126 285
285 5572
5572 285
285 9002
9002 285
287 287
287 287
287 1116
1116 287
287 1312
1312 287
287 1543
1543 287
287 4154
4154 287
287 5755
5755 287
287 6151
6151 287
287 6202
6202 287
287 6562
6562 287
287 6582
6582 287
287 11967
11967 287
287 12135
12135 287
312 20435
20435 312
320 320
320 320
320 3528
3528 320
320 22221
22221 320
333 642
642 333
333 18602
18602 333
343 18619
18619 343
344 124
124 344
344 6009
6009 344
344 6732
6732 344
344 21058
21058 344
348 348
348 348
348 3153
3153 348
348 5075
5075 348
348 6468
6468 348
348 24452
24452 348
348 24695
24695 348
349 6522
6522 349
349 24313
24313 349
386 6722
6722 386
395 6435
6435 395
395 6676
6676 395
402 6456
6456 402
410 4546
4546 410
410 6426
6426 410
410 19426
19426 410
438 438
438 438
438 6098
6098 438
438 13181
13181 438
438 14920
14920 438
451 9002
9002 451
454 5677
5677 454
454 6334
6334 454
454 6484
6484 454
454 7888
7888 454
460 6658
6658 460
460 14713
14713 460
462 6577
6577 462
465 642
642 465
465 5611
5611 465
465 6732
6732 465
465 15617
15617 465
492 5600
5600 492
492 11967
11967 492
496 496
496 496
496 5829
5829 496
501 10069
10069 501
503 503
503 503
503 642
642 503
503 4664
4664 503
503 4920
4920 503
503 6453
6453 503
503 6557
6557 503
503 9239
9239 503
503 9842
9842 503
503 11607
11607 503
510 510
510 510
510 19802
19802 510
525 19172
19172 525
525 22675
22675 525
540 406
406 540
540 1899
1899 540
540 4920
4920 540
540 6247
6247 540
540 6627
6627 540
540 12123
12123 540
540 13684
13684 540
540 15814
15814 540
540 17041
17041 540
540 21786
21786 540
540 22990
22990 540
545 9239
9239 545
546 546
546 546
546 5086
5086 546
546 6438
6438 546
557 16018
16018 557
557 24537
24537 557
572 8996
8996 572
572 20435
20435 572
574 6604
6604 574
596 1116
1116 596
596 4242
4242 596
596 6448
6448 596
596 6587
6587 596
596 6656
6656 596
596 11929
11929 596
596 17742
17742 596
596 18619
18619 596
596 24206
24206 596
596 24404
24404 596
601 2126
2126 601
601 3825
3825 601
601 4869
4869 601
601 14806
14806 601
601 19926
19926 601
606 606
606 606
606 23782
23782 606
610 5310
5310 610
610 6484
6484 610
610 6694
6694 610
610 12394
12394 610
610 17055
17055 610
610 18619
18619 610
610 21899
21899 610
613 613
613 613
613 1221
1221 613
613 2134
2134 613
613 7499
7499 613
613 22513
22513 613
616 115
115 616
623 285
285 623
623 623
623 623
623 671
671 623
623 1789
1789 623
623 4546
4546 623
623 5079
5079 623
623 6415
6415 623
623 6476
6476 623
623 6668
6668 623
623 9239
9239 623
623 14189
14189 623
623 18602
18602 623
623 19827
19827 623
623 24224
24224 623
642 20
20 642
642 231
231 642
642 262
262 642
642 333
333 642
642 477
477 642
642 496
496 642
642 503
503 642
642 642
642 642
642 946
946 642
642 1543
1543 642
642 1692
1692 642
642 1842
1842 642
642 1904
1904 642
642 2416
2416 642
642 2815
2815 642
642 3072
3072 642
642 3113
3113 642
642 3168
3168 642
642 3229
3229 642
642 3335
3335 642
642 3425
3425 642
642 4215
4215 642
642 4712
4712 642
642 4785
4785 642
642 4903
4903 642
642 4947
4947 642
642 4967
4967 642
642 5155
5155 642
642 5236
5236 642
642 5311
5311 642
642 5338
5338 642
642 6010
6010 642
642 6027
6027 642
642 6030
6030 642
642 6195
6195 642
642 6363
6363 642
642 6411
6411 642
642 6415
6415 642
642 6451
6451 642
642 6476
6476 642
642 6478
6478 642
642 6483
6483 642
642 6559
6559 642
642 6582
6582 642
642 6595
6595 642
642 6634
6634 642
642 6642
6642 642
642 6665
6665 642
642 6668
6668 642
642 6673
6673 642
642 6685
6685 642
642 6696
6696 642
642 6703
6703 642
642 6707
6707 642
642 6708
6708 642
642 6719
6719 642
642 6724
6724 642
642 6961
6961 642
642 7499
7499 642
642 7778
7778 642
642 8321
8321 642
642 12988
12988 642
642 13969
13969 642
642 14806
14806 642
642 15361
15361 642
642 15404
15404 642
642 17088
17088 642
642 19426
19426 642
642 19730
19730 642
642 19901
19901 642
642 20355
20355 642
642 21337
21337 642
642 21699
21699 642
642 22603
22603 642
642 23605
23605 642
642 24155
24155 642
642 24250
24250 642
642 24393
24393 642
642 24409
24409 642
671 671
671 671
671 2194
2194 671
679 6714
6714 679
692 3757
3757 692
726 642
642 726
726 6559
6559 726
726 6689
6689 726
726 6709
6709 726
726 14232
14232 726
726 17742
17742 726
726 18602
18602 726
726 21542
21542 726
726 22276
22276 726
726 24707
24707 726
753 753
753 753
753 20512
20512 753
753 21699
21699 753
766 2497
2497 766
776 642
642 776
804 804
804 804
804 8444
8444 804
814 13181
13181 814
820 820
820 820
820 17830
17830 820
830 115
115 830
830 830
830 830
830 1108
1108 830
830 2384
2384 830
830 6536
6536 830
830 6747
6747 830
830 6752
6752 830
830 8996
8996 830
830 11313
11313 830
830 12870
12870 830
830 14414
14414 830
830 17055
17055 830
830 18293
18293 830
830 19440
19440 830
830 20917
20917 830
830 23039
23039 830
830 24452
24452 830
830 24621
24621 830
833 833
833 833
876 876
876 876
876 6658
6658 876
884 1707
1707 884
884 6046
6046 884
929 929
929 929
929 1430
1430 929
929 3452
3452 929
929 4920
4920 929
929 6167
6167 929
929 6601
6601 929
929 6658
6658 929
929 13786
13786 929
929 16018
16018 929
929 20907
20907 929
934 934
934 934
934 5544
5544 934
934 6259
6259 934
934 6547
6547 934
934 6657
6657 934
934 12774
12774 934
934 13684
13684 934
935 804
804 935
935 4225
4225 935
935 18518
18518 935
946 642
642 946
946 946
946 946
946 3468
3468 946
946 8984
8984 946
946 12977
12977 946
946 14029
14029 946
946 18396
18396 946
987 6113
6113 987
988 988
988 988
988 2134
2134 988
992 992
992 992
992 1079
1079 992
993 22208
22208 993
1007 3072
3072 1007
1013 1013
1013 1013
1013 1105
1105 1013
1013 4086
4086 1013
1013 6638
6638 1013
1013 6745
6745 1013
1013 8289
8289 1013
1013 9002
9002 1013
1013 14232
14232 1013
1013 18449
18449 1013
1013 24707
24707 1013
1018 496
496 1018
1018 1018
1018 1018
1018 3172
3172 1018
1018 5969
5969 1018
1018 6151
6151 1018
1018 6175
6175 1018
1045 19730
19730 1045
1072 13181
13181 1072
1079 992
992 1079
1079 1079
1079 1079
1079 2096
2096 1079
1079 2939
2939 1079
1079 24568
24568 1079
1097 1097
1097 1097
1105 34
34 1105
1105 115
115 1105
1105 503
503 1105
1105 606
606 1105
1105 671
671 1105
1105 1105
1105 1105
1105 3777
3777 1105
1105 4242
4242 1105
1105 4884
4884 1105
1105 5745
5745 1105
1105 6027
6027 1105
1105 6046
6046 1105
1105 6201
6201 1105
1105 6334
6334 1105
1105 6445
6445 1105
1105 6458
6458 1105
1105 6668
6668 1105
1105 6688
6688 1105
1105 6711
6711 1105
1105 8491
8491 1105
1105 8993
8993 1105
1105 19554
19554 1105
1108 830
830 1108
1108 1108
1108 1108
1108 20856
20856 1108
1109 1109
1109 1109
1109 20817
20817 1109
1110 4920
4920 1110
1110 6440
6440 1110
1116 596
596 1116
1116 1116
1116 1116
1116 1312
1312 1116
1116 2569
2569 1116
1116 4055
4055 1116
1116 4121
4121 1116
1116 4903
4903 1116
1116 6478
6478 1116
1116 6506
6506 1116
1116 6619
6619 1116
1116 6665
6665 1116
1116 6679
6679 1116
1116 6732
6732 1116
1116 9239
9239 1116
1116 18927
18927 1116
1137 97
97 1137
1137 613
613 1137
1137 1137
1137 1137
1137 1221
1221 1137
1137 1551
1551 1137
1137 1904
1904 1137
1137 2239
2239 1137
1137 3072
3072 1137
1137 3609
3609 1137
1137 5862
5862 1137
1137 6202
6202 1137
1137 6383
6383 1137
1137 6543
6543 1137
1137 6552
6552 1137
1137 8996
8996 1137
1137 10253
10253 1137
1137 13383
13383 1137
1137 18434
18434 1137
1137 19432
19432 1137
1140 12053
12053 1140
1140 18449
18449 1140
1140 24393
24393 1140
1141 19870
19870 1141
1158 2872
2872 1158
1158 3335
3335 1158
1158 5489
5489 1158
1158 6098
6098 1158
1158 6638
6638 1158
1158 20038
20038 1158
1173 1173
1173 1173
1173 2194
2194 1173
1173 3212
3212 1173
1173 5864
5864 1173
1173 11881
11881 1173
1173 16388
16388 1173
1183 1183
1183 1183
1183 6511
6511 1183
1183 20817
20817 1183
1188 4154
4154 1188
1190 1190
1190 1190
1190 6452
6452 1190
1190 16223
16223 1190
1215 5489
5489 1215
1215 16843
16843 1215
1221 613
613 1221
1221 642
642 1221
1221 1221
1221 1221
1221 2497
2497 1221
1221 6583
6583 1221
1221 6649
6649 1221
1221 9025
9025 1221
1221 15617
15617 1221
1230 1230
1230 1230
1230 2126
2126 1230
1234 11313
11313 1234
1234 11955
11955 1234
1235 1235
1235 1235
1235 1951
1951 1235
1235 4967
4967 1235
1235 10253
10253 1235
1235 16223
16223 1235
1244 4234
4234 1244
1244 6549
6549 1244
1244 24366
24366 1244
1264 1264
1264 1264
1264 11657
11657 1264
1269 1269
1269 1269
1312 287
287 1312
1312 1312
1312 1312
1312 1318
1318 1312
1312 4086
4086 1312
1312 5865
5865 1312
1312 9177
9177 1312
1312 13726
13726 1312
1312 21089
21089 1312
1312 22276
22276 1312
1316 213
213 1316
1316 613
613 1316
1316 1316
1316 1316
1316 2134
2134 1316
1316 2384
2384 1316
1317 5595
5595 1317
1317 6404
6404 1317
1318 1312
1312 1318
1318 1318
1318 1318
1330 6047
6047 1330
1346 2239
2239 1346
1354 23219
23219 1354
1383 3336
3336 1383
1383 4612
4612 1383
1384 1116
1116 1384
1384 6284
6284 1384
1384 18919
18919 1384
1398 9842
9842 1398
1403 20
20 1403
1403 1403
1403 1403
1403 1789
1789 1403
1403 2194
2194 1403
1403 4018
4018 1403
1403 6363
6363 1403
1403 6471
6471 1403
1403 6586
6586 1403
1403 6961
6961 1403
1407 5544
5544 1407
1409 1409
1409 1409
1411 1411
1411 1411
1411 6491
6491 1411
1423 1423
1423 1423
1430 503
503 1430
1430 642
642 1430
1430 726
726 1430
1430 1173
1173 1430
1430 1430
1430 1430
1430 2736
2736 1430
1430 3051
3051 1430
1430 3098
3098 1430
1430 3336
3336 1430
1430 4920
4920 1430
1430 5257
5257 1430
1430 5498
5498 1430
1430 5611
5611 1430
1430 6010
6010 1430
1430 6167
6167 1430
1430 6373
6373 1430
1430 6418
6418 1430
1430 6435
6435 1430
1430 6590
6590 1430
1430 6595
6595 1430
1430 6636
6636 1430
1430 8277
8277 1430
1430 8996
8996 1430
1430 13786
13786 1430
1430 19149
19149 1430
1430 19802
19802 1430
1430 19901
19901 1430
1430 20021
20021 1430
1430 20893
20893 1430
1430 20907
20907 1430
1430 21079
21079 1430
1430 23535
23535 1430
1447 4089
4089 1447
1486 1486
1486 1486
1486 6476
6476 1486
1486 19498
19498 1486
1486 20714
20714 1486
1495 2872
2872 1495
1495 6426
6426 1495
1495 6518
6518 1495
1520 3229
3229 1520
1520 6461
6461 1520
1538 3335
3335 1538
1538 6241
6241 1538
1543 1543
1543 1543
1543 20355
20355 1543
1551 1551
1551 1551
1551 6259
6259 1551
1582 1582
1582 1582
1582 2329
2329 1582
1582 11929
11929 1582
1585 6442
6442 1585
1631 0
0 1631
1631 1631
1631 1631
1631 4920
4920 1631
1631 6435
6435 1631
1631 11687
11687 1631
1631 12242
12242 1631
1631 20790
20790 1631
1631 21899
21899 1631
1632 19883
19883 1632
1633 2340
2340 1633
1633 4237
4237 1633
1633 24710
24710 1633
1639 1097
1097 1639
1639 3172
3172 1639
1639 4607
4607 1639
1639 20355
20355 1639
1654 1654
1654 1654
1654 3078
3078 1654
1654 6510
6510 1654
1654 6539
6539 1654
1654 18619
18619 1654
1658 1658
1658 1658
1658 1842
1842 1658
1658 2875
2875 1658
1658 4036
4036 1658
1658 15688
15688 1658
1658 24722
24722 1658
1665 496
496 1665
1665 1312
1312 1665
1667 6692
6692 1667
1672 17675
17675 1672
1672 20429
20429 1672
1692 255
255 1692
1692 1692
1692 1692
1692 2497
2497 1692
1692 6483
6483 1692
1692 6548
6548 1692
1692 11056
11056 1692
1692 12231
12231 1692
1692 15940
15940 1692
1707 1707
1707 1707
1708 1708
1708 1708
1734 1312
1312 1734
1734 2184
2184 1734
1734 18169
18169 1734
1740 671
671 1740
1740 1842
1842 1740
1740 3610
3610 1740
1740 5940
5940 1740
1740 6285
6285 1740
1740 6522
6522 1740
1740 6723
6723 1740
1740 11100
11100 1740
1740 12358
12358 1740
1740 13383
13383 1740
1741 6937
6937 1741
1741 24722
24722 1741
1757 1757
1757 1757
1781 6671
6671 1781
1789 1789
1789 1789
1807 1807
1807 1807
1842 1842
1842 1842
1842 4125
4125 1842
1842 5946
5946 1842
1842 6557
6557 1842
1842 6599
6599 1842
1842 12900
12900 1842
1842 21240
21240 1842
1842 23927
23927 1842
1846 642
642 1846
1846 988
988 1846
1846 1316
1316 1846
1846 6233
6233 1846
1846 6707
6707 1846
1846 6735
6735 1846
1846 11607
11607 1846
1846 14267
14267 1846
1846 18602
18602 1846
1846 20355
20355 1846
1851 1851
1851 1851
1851 2497
2497 1851
1851 6483
6483 1851
1876 1876
1876 1876
1887 1887
1887 1887
1887 6665
6665 1887
1887 11861
11861 1887
1888 5447
5447 1888
1901 5338
5338 1901
1901 6299
6299 1901
1901 6961
6961 1901
1904 642
642 1904
1907 386
386 1907
1907 3468
3468 1907
1907 14806
14806 1907
1913 1913
1913 1913
1921 6577
6577 1921
1925 6124
6124 1925
1934 22276
22276 1934
1951 1235
1235 1951
1951 1951
1951 1951
1951 2324
2324 1951
1951 3652
3652 1951
1951 4242
4242 1951
1951 4660
4660 1951
1951 4947
4947 1951
1951 5755
5755 1951
1951 6060
6060 1951
1951 6428
6428 1951
1951 6476
6476 1951
1951 6539
6539 1951
1951 6619
6619 1951
1951 6718
6718 1951
1951 18602
18602 1951
1951 18619
18619 1951
1951 20355
20355 1951
1951 21300
21300 1951
2027 3996
3996 2027
2036 2036
2036 2036
2036 6424
6424 2036
2053 1312
1312 2053
2053 2053
2053 2053
2053 4242
4242 2053
2053 4331
4331 2053
2053 5865
5865 2053
2053 6027
6027 2053
2053 11868
11868 2053
2053 17742
17742 2053
2072 172
172 2072
2072 1654
1654 2072
2072 2629
2629 2072
2072 6350
6350 2072
2072 6435
6435 2072
2072 6605
6605 2072
2072 19901
19901 2072
2102 14920
14920 2102
2126 1230
1230 2126
2126 2126
2126 2126
2126 2864
2864 2126
2126 4282
4282 2126
2126 6418
6418 2126
2134 613
613 2134
2134 988
988 2134
2134 1116
1116 2134
2134 1316
1316 2134
2134 2134
2134 2134
2134 3218
3218 2134
2134 5518
5518 2134
2134 5542
5542 2134
2134 6327
6327 2134
2134 6459
6459 2134
2134 6496
6496 2134
2134 6517
6517 2134
2134 6530
6530 2134
2134 9239
9239 2134
2134 11929
11929 2134
2134 12789
12789 2134
2149 2149
2149 2149
2151 3072
3072 2151
2151 6278
6278 2151
2167 6471
6471 2167
2194 115
115 2194
2194 255
255 2194
2194 613
613 2194
2194 642
642 2194
2194 671
671 2194
2194 1173
1173 2194
2194 1692
1692 2194
2194 2194
2194 2194
2194 2497
2497 2194
2194 2918
2918 2194
2194 3072
3072 2194
2194 3335
3335 2194
2194 4237
4237 2194
2194 4331
4331 2194
2194 5115
5115 2194
2194 5519
5519 2194
2194 6009
6009 2194
2194 6027
6027 2194
2194 6299
6299 2194
2194 6396
6396 2194
2194 6456
6456 2194
2194 6509
6509 2194
2194 6583
6583 2194
2194 6597
6597 2194
2194 6620
6620 2194
2194 6665
6665 2194
2194 7405
7405 2194
2194 10566
10566 2194
2194 11657
11657 2194
2194 11722
11722 2194
2194 12900
12900 2194
2194 14595
14595 2194
2194 15139
15139 2194
2194 15688
15688 2194
2194 20387
20387 2194
2194 22341
22341 2194
2194 24154
24154 2194
2197 1173
1173 2197
2197 2053
2053 2197
2197 14806
14806 2197
2215 3072
3072 2215
2236 20355
20355 2236
2239 285
285 2239
2239 2239
2239 2239
2239 3468
3468 2239
2239 5345
5345 2239
2239 5447
5447 2239
2239 19140
19140 2239
2239 19802
19802 2239
2239 20917
20917 2239
2242 642
642 2242
2242 2242
2242 2242
2242 3335
3335 2242
2242 5311
5311 2242
2242 6533
6533 2242
2274 1975
1975 2274
2274 6425
6425 2274
2307 2324
2324 2307
2307 2467
2467 2307
2307 6491
6491 2307
2307 6582
6582 2307
2307 8921
8921 2307
2324 2324
2324 2324
2324 6582
6582 2324
2329 2329
2329 2329
2329 22598
22598 2329
2335 2335
2335 2335
2335 5539
5539 2335
2336 12977
12977 2336
2340 2340
2340 2340
2349 613
613 2349
2349 8996
8996 2349
2349 11967
11967 2349
2349 13118
13118 2349
2352 213
213 2352
2361 1876
1876 2361
2361 2361
2361 2361
2361 3986
3986 2361
2361 4343
4343 2361
2361 5611
5611 2361
2361 6240
6240 2361
2361 6634
6634 2361
2361 6663
6663 2361
2361 6671
6671 2361
2361 6732
6732 2361
2361 14361
14361 2361
2361 18602
18602 2361
2361 19149
19149 2361
2384 830
830 2384
2384 2384
2384 2384
2384 3072
3072 2384
2384 4248
4248 2384
2384 5600
5600 2384
2384 5638
5638 2384
2384 6181
6181 2384
2384 6555
6555 2384
2384 6705
6705 2384
2384 14414
14414 2384
2384 22341
22341 2384
2387 6461
6461 2387
2392 162
162 2392
2392 5941
5941 2392
2392 6417
6417 2392
2392 6421
6421 2392
2392 8820
8820 2392
2392 14806
14806 2392
2392 19421
19421 2392
2392 20817
20817 2392
2392 22708
22708 2392
2392 24142
24142 2392
2393 6426
6426 2393
2409 2409
2409 2409
2409 4920
4920 2409
2411 4440
4440 2411
2411 9113
9113 2411
2413 2146
2146 2413
2413 3172
3172 2413
2413 5087
5087 2413
2413 6410
6410 2413
2413 16551
16551 2413
2416 642
642 2416
2416 2416
2416 2416
2416 4215
4215 2416
2416 5669
5669 2416
2416 7778
7778 2416
2416 16186
16186 2416
2424 613
613 2424
2424 13383
13383 2424
2467 2467
2467 2467
2467 24445
24445 2467
2484 2484
2484 2484
2484 12394
12394 2484
2487 642
642 2487
2487 2036
2036 2487
2487 2487
2487 2487
2487 5519
5519 2487
2487 5941
5941 2487
2487 6233
6233 2487
2487 6277
6277 2487
2487 6417
6417 2487
2487 6431
6431 2487
2487 6451
6451 2487
2487 6579
6579 2487
2487 6707
6707 2487
2487 7499
7499 2487
2487 8996
8996 2487
2487 10121
10121 2487
2487 13099
13099 2487
2487 15404
15404 2487
2487 15841
15841 2487
2487 20355
20355 2487
2497 213
213 2497
2497 613
613 2497
2497 766
766 2497
2497 1221
1221 2497
2497 1551
1551 2497
2497 1842
1842 2497
2497 1851
1851 2497
2497 2118
2118 2497
2497 2194
2194 2497
2497 2462
2462 2497
2497 2497
2497 2497
2497 2815
2815 2497
2497 3825
3825 2497
2497 4237
4237 2497
2497 4785
4785 2497
2497 5677
5677 2497
2497 6074
6074 2497
2497 6322
6322 2497
2497 6334
6334 2497
2497 6661
6661 2497
2497 6663
6663 2497
2497 6673
6673 2497
2497 6937
6937 2497
2497 10121
10121 2497
2497 11599
11599 2497
2497 17055
17055 2497
2497 18602
18602 2497
2497 22341
22341 2497
2497 22513
22513 2497
2508 6202
6202 2508
2563 6614
6614 2563
2569 24033
24033 2569
2583 1116
1116 2583
2592 252
252 2592
2592 496
496 2592
2592 1013
1013 2592
2592 2592
2592 2592
2592 3172
3172 2592
2592 3244
3244 2592
2592 4967
4967 2592
2592 5829
5829 2592
2592 6060
6060 2592
2592 6352
6352 2592
2592 6466
6466 2592
2592 6623
6623 2592
2592 6745
6745 2592
2592 9239
9239 2592
2592 10811
10811 2592
2592 11657
11657 2592
2592 12988
12988 2592
2592 13067
13067 2592
2592 13181
13181 2592
2592 15940
15940 2592
2592 16588
16588 2592
2592 17742
17742 2592
2592 20979
20979 2592
2592 24707
24707 2592
2622 2622
2622 2622
2622 6140
6140 2622
2626 23348
23348 2626
2628 5946
5946 2628
2628 6186
6186 2628
2700 2700
2700 2700
2730 6060
6060 2730
2736 438
438 2736
2736 2736
2736 2736
2736 21899
21899 2736
2748 613
613 2748
2748 1851
1851 2748
2748 2748
2748 2748
2748 5677
5677 2748
2748 6399
6399 2748
2748 16551
16551 2748
2748 22225
22225 2748
2811 6711
6711 2811
2811 9239
9239 2811
2811 11657
11657 2811
2815 2815
2815 2815
2815 4903
4903 2815
2815 6663
6663 2815
2831 2462
2462 2831
2831 2831
2831 2831
2831 6679
6679 2831
2831 14976
14976 2831
2864 6710
6710 2864
2872 1757
1757 2872
2875 1658
1658 2875
2880 2880
2880 2880
2880 13308
13308 2880
2931 642
642 2931
2939 255
255 2939
2939 2939
2939 2939
2939 5427
5427 2939
2948 5862
5862 2948
2961 1653
1653 2961
2961 5311
5311 2961
2961 18602
18602 2961
2997 6192
6192 2997
2997 15187
15187 2997
3019 3019
3019 3019
3019 15447
15447 3019
3019 18619
18619 3019
3019 20907
20907 3019
3019 24247
24247 3019
3049 11881
11881 3049
3051 1430
1430 3051
3051 3051
3051 3051
3055 3055
3055 3055
3055 5311
5311 3055
3055 22601
22601 3055
3072 642
642 3072
3072 3072
3072 3072
3078 1654
1654 3078
3078 18438
18438 3078
3098 1430
1430 3098
3113 642
642 3113
3113 2324
2324 3113
3113 5786
5786 3113
3113 6478
6478 3113
3113 6619
6619 3113
3113 9177
9177 3113
3113 10253
10253 3113
3113 12053
12053 3113
3113 14232
14232 3113
3113 18449
18449 3113
3113 18602
18602 3113
3113 22276
22276 3113
3130 20907
20907 3130
3153 24404
24404 3153
3153 24448
24448 3153
3168 3168
3168 3168
3168 6665
6665 3168
3172 115
115 3172
3172 642
642 3172
3172 1018
1018 3172
3172 1097
1097 3172
3172 1851
1851 3172
3172 2126
2126 3172
3172 2239
2239 3172
3172 2497
2497 3172
3172 2549
2549 3172
3172 3172
3172 3172
3172 4234
4234 3172
3172 5178
5178 3172
3172 5364
5364 3172
3172 5530
5530 3172
3172 5745
5745 3172
3172 5941
5941 3172
3172 5946
5946 3172
3172 6186
6186 3172
3172 6427
6427 3172
3172 6456
6456 3172
3172 6476
6476 3172
3172 6512
6512 3172
3172 6697
6697 3172
3172 6743
6743 3172
3172 10121
10121 3172
3172 14806
14806 3172
3172 19140
19140 3172
3172 19149
19149 3172
3172 19802
19802 3172
3172 19901
19901 3172
3172 20355
20355 3172
3212 18438
18438 3212
3218 2134
2134 3218
3218 13027
13027 3218
3225 6425
6425 3225
3225 6577
6577 3225
3227 124
124 3227
3227 2194
2194 3227
3227 4234
4234 3227
3227 5974
5974 3227
3229 0
0 3229
3229 830
830 3229
3229 14835
14835 3229
3229 23012
23012 3229
3244 3244
3244 3244
3275 4150
4150 3275
3275 5409
5409 3275
3275 5519
5519 3275
3275 6046
6046 3275
3275 6656
6656 3275
3290 15439
15439 3290
3296 15617
15617 3296
3302 17880
17880 3302
3330 606
606 3330
3330 613
613 3330
3330 1221
1221 3330
3330 21884
21884 3330
3334 642
642 3334
3334 3334
3334 3334
3334 22412
22412 3334
3336 6461
6461 3336
3425 642
642 3425
3425 2118
2118 3425
3425 2487
2487 3425
3425 3425
3425 3425
3425 4234
4234 3425
3425 5035
5035 3425
3425 5519
5519 3425
3425 5946
5946 3425
3425 6673
6673 3425
3425 13099
13099 3425
3425 14730
14730 3425
3425 14806
14806 3425
3425 19827
19827 3425
3452 16018
16018 3452
3485 3485
3485 3485
3528 3528
3528 3528
3528 6100
6100 3528
3528 6562
6562 3528
3528 21786
21786 3528
3579 3579
3579 3579
3579 6658
6658 3579
3588 642
642 3588
3591 6612
6612 3591
3591 22598
22598 3591
3605 6415
6415 3605
3609 1763
1763 3609
3609 3609
3609 3609
3609 5539
5539 3609
3609 5600
5600 3609
3609 6009
6009 3609
3609 8996
8996 3609
3609 11657
11657 3609
3609 12900
12900 3609
3609 13684
13684 3609
3609 14806
14806 3609
3609 14888
14888 3609
3620 6511
6511 3620
3652 1951
1951 3652
3652 3652
3652 3652
3652 4213
4213 3652
3652 22276
22276 3652
3652 24226
24226 3652
3657 3468
3468 3657
3657 9239
9239 3657
3705 1401
1401 3705
3709 6476
6476 3709
3709 17057
17057 3709
3709 24154
24154 3709
3757 692
692 3757
3757 830
830 3757
3757 992
992 3757
3757 6481
6481 3757
3757 6492
6492 3757
3757 19802
19802 3757
3771 15057
15057 3771
3772 3772
3772 3772
3777 3777
3777 3777
3777 24478
24478 3777
3817 3817
3817 3817
3824 6527
6527 3824
3824 21954
21954 3824
3825 601
601 3825
3825 3825
3825 3825
3825 10811
10811 3825
3834 2811
2811 3834
3834 11725
11725 3834
3843 4036
4036 3843
3843 4869
4869 3843
3843 6046
6046 3843
3843 6352
6352 3843
3843 6739
6739 3843
3843 16859
16859 3843
3865 115
115 3865
3874 3874
3874 3874
3874 5462
5462 3874
3874 6501
6501 3874
3874 24226
24226 3874
3947 6478
6478 3947
3952 3952
3952 3952
3978 3978
3978 3978
3986 3986
3986 3986
3986 6449
6449 3986
3995 6110
6110 3995
3995 6437
6437 3995
3996 3996
3996 3996
3996 19438
19438 3996
4018 4018
4018 4018
4036 4036
4036 4036
4055 4055
4055 4055
4066 3335
3335 4066
4066 4066
4066 4066
4066 19421
19421 4066
4086 1013
1013 4086
4086 4086
4086 4086
4086 24707
24707 4086
4089 4089
4089 4089
4089 9005
9005 4089
4089 11657
11657 4089
4089 15688
15688 4089
4113 6332
6332 4113
4121 4121
4121 4121
4121 5572
5572 4121
4121 5956
5956 4121
4121 6186
6186 4121
4121 6240
6240 4121
4121 6605
6605 4121
4121 14232
14232 4121
4121 17057
17057 4121
4123 1951
1951 4123
4123 6961
6961 4123
4126 6617
6617 4126
4127 6478
6478 4127
4140 16018
16018 4140
4150 4150
4150 4150
4154 1188
1188 4154
4154 15688
15688 4154
4158 4158
4158 4158
4158 6151
6151 4158
4158 6732
6732 4158
4160 4160
4160 4160
4160 19105
19105 4160
4173 2340
2340 4173
4173 4173
4173 4173
4173 13969
13969 4173
4196 4196
4196 4196
4213 18602
18602 4213
4215 4215
4215 4215
4215 18955
18955 4215
4223 6657
6657 4223
4225 935
935 4225
4225 1079
1079 4225
4225 4225
4225 4225
4225 4417
4417 4225
4225 6010
6010 4225
4234 3227
3227 4234
4234 18689
18689 4234
4237 2194
2194 4237
4237 4237
4237 4237
4237 6334
6334 4237
4237 14806
14806 4237
4242 596
596 4242
4242 642
642 4242
4242 2053
2053 4242
4242 4066
4066 4242
4242 4242
4242 4242
4242 4928
4928 4242
4242 5745
5745 4242
4242 5862
5862 4242
4242 6352
6352 4242
4242 6373
6373 4242
4242 6436
6436 4242
4242 6461
6461 4242
4242 6466
6466 4242
4242 6470
6470 4242
4242 6572
6572 4242
4242 6634
6634 4242
4242 6671
6671 4242
4242 6711
6711 4242
4242 8321
8321 4242
4242 8491
8491 4242
4242 17843
17843 4242
4242 21542
21542 4242
4255 2239
2239 4255
4255 4255
4255 4255
4255 6064
6064 4255
4255 6316
6316 4255
4255 6406
6406 4255
4255 19138
19138 4255
4255 20355
20355 4255
4276 4276
4276 4276
4280 4920
4920 4280
4280 6439
6439 4280
4331 262
262 4331
4331 496
496 4331
4331 1235
1235 4331
4331 1312
1312 4331
4331 2053
2053 4331
4331 2194
2194 4331
4331 3468
3468 4331
4331 4242
4242 4331
4331 4331
4331 4331
4331 4928
4928 4331
4331 4947
4947 4331
4331 6009
6009 4331
4331 6499
6499 4331
4331 6528
6528 4331
4331 6577
6577 4331
4331 6670
6670 4331
4331 12394
12394 4331
4331 15079
15079 4331
4331 15714
15714 4331
4331 16336
16336 4331
4331 16900
16900 4331
4331 22252
22252 4331
4331 24294
24294 4331
4331 24393
24393 4331
4339 4339
4339 4339
4339 8996
8996 4339
4339 19730
19730 4339
4343 5261
5261 4343
4402 2467
2467 4402
4406 4406
4406 4406
4406 5345
5345 4406
4406 16018
16018 4406
4417 4225
4225 4417
4440 6426
6426 4440
4444 4444
4444 4444
4444 6125
6125 4444
4444 22906
22906 4444
4449 496
496 4449
4455 5855
5855 4455
4459 255
255 4459
4521 19438
19438 4521
4522 3996
3996 4522
4546 623
623 4546
4546 24224
24224 4546
4607 4607
4607 4607
4607 6195
6195 4607
4607 8996
8996 4607
4607 20355
20355 4607
4638 4638
4638 4638
4660 21300
21300 4660
4664 503
503 4664
4664 4664
4664 4664
4665 10811
10811 4665
4667 4667
4667 4667
4667 6511
6511 4667
4667 13270
13270 4667
4667 16678
16678 4667
4685 496
496 4685
4685 1913
1913 4685
4685 2184
2184 4685
4685 2960
2960 4685
4685 3817
3817 4685
4685 4685
4685 4685
4685 6124
6124 4685
4685 6422
6422 4685
4685 6426
6426 4685
4685 6549
6549 4685
4685 6622
6622 4685
4685 6752
6752 4685
4685 13059
13059 4685
4685 16493
16493 4685
4685 19802
19802 4685
4685 21954
21954 4685
4685 22603
22603 4685
4685 23933
23933 4685
4712 6513
6513 4712
4712 18602
18602 4712
4719 5946
5946 4719
4719 6421
6421 4719
4719 8996
8996 4719
4730 6653
6653 4730
4756 4756
4756 4756
4781 3335
3335 4781
4812 255
255 4812
4832 21876
21876 4832
4846 4846
4846 4846
4869 16859
16859 4869
4879 4879
4879 4879
4885 4885
4885 4885
4885 6412
6412 4885
4896 6391
6391 4896
4903 1116
1116 4903
4903 2815
2815 4903
4903 4903
4903 4903
4903 5311
5311 4903
4903 6047
6047 4903
4920 172
172 4920
4920 503
503 4920
4920 642
642 4920
4920 1312
1312 4920
4920 1430
1430 4920
4920 1708
1708 4920
4920 2409
2409 4920
4920 3777
3777 4920
4920 4920
4920 4920
4920 5498
5498 4920
4920 5611
5611 4920
4920 5755
5755 4920
4920 6538
6538 4920
4920 6560
6560 4920
4920 6601
6601 4920
4920 6676
6676 4920
4920 6734
6734 4920
4920 6749
6749 4920
4920 15404
15404 4920
4920 17333
17333 4920
4920 18602
18602 4920
4920 19901
19901 4920
4920 22598
22598 4920
4928 13796
13796 4928
4932 4932
4932 4932
4937 6566
6566 4937
4947 642
642 4947
4947 4947
4947 4947
4950 1913
1913 4950
4950 6727
6727 4950
4950 19426
19426 4950
4952 4952
4952 4952
4967 4967
4967 4967
4982 7778
7778 4982
4989 1582
1582 4989
4989 4989
4989 4989
4992 18396
18396 4992
5023 1401
1401 5023
5023 5023
5023 5023
5023 16588
16588 5023
5035 3425
3425 5035
5052 6673
6673 5052
5075 348
348 5075
5075 4989
4989 5075
5075 6477
6477 5075
5079 623
623 5079
5079 11819
11819 5079
5079 12988
12988 5079
5086 5086
5086 5086
5087 5115
5115 5087
5087 24351
24351 5087
5115 5087
5087 5115
5115 5115
5115 5115
5115 21954
21954 5115
5127 5946
5946 5127
5131 5131
5131 5131
5146 24681
24681 5146
5147 613
613 5147
5147 1221
1221 5147
5147 5147
5147 5147
5147 6483
6483 5147
5152 255
255 5152
5152 1221
1221 5152
5152 1366
1366 5152
5152 2283
2283 5152
5152 3302
3302 5152
5152 4896
4896 5152
5152 5026
5026 5152
5152 5152
5152 5152
5152 5956
5956 5152
5152 6397
6397 5152
5152 6431
6431 5152
5152 6679
6679 5152
5152 6694
6694 5152
5152 18005
18005 5152
5152 19140
19140 5152
5152 19730
19730 5152
5152 20817
20817 5152
5155 642
642 5155
5178 1105
1105 5178
5178 2329
2329 5178
5178 3051
3051 5178
5178 3172
3172 5178
5178 5178
5178 5178
5178 5447
5447 5178
5178 6167
6167 5178
5178 6424
6424 5178
5178 6676
6676 5178
5178 8277
8277 5178
5178 8321
8321 5178
5196 6708
6708 5196
5198 929
929 5198
5204 5204
5204 5204
5204 6472
6472 5204
5236 5236
5236 5236
5238 6601
6601 5238
5257 1430
1430 5257
5261 4343
4343 5261
5261 6124
6124 5261
5261 18602
18602 5261
5261 22276
22276 5261
5282 5956
5956 5282
5284 8491
8491 5284
5304 5509
5509 5304
5304 5835
5835 5304
5304 6064
6064 5304
5304 11929
11929 5304
5310 5310
5310 5310
5310 17055
17055 5310
5310 18293
18293 5310
5311 0
0 5311
5311 155
155 5311
5311 642
642 5311
5311 1221
1221 5311
5311 1904
1904 5311
5311 2961
2961 5311
5311 3072
3072 5311
5311 3825
3825 5311
5311 4150
4150 5311
5311 4234
4234 5311
5311 4444
4444 5311
5311 4903
4903 5311
5311 5311
5311 5311
5311 5639
5639 5311
5311 5703
5703 5311
5311 6125
6125 5311
5311 6357
6357 5311
5311 6448
6448 5311
5311 6502
6502 5311
5311 6527
6527 5311
5311 6548
6548 5311
5311 6671
6671 5311
5311 6677
6677 5311
5311 6732
6732 5311
5311 8102
8102 5311
5311 9025
9025 5311
5311 11881
11881 5311
5311 17055
17055 5311
5311 21913
21913 5311
5311 22225
22225 5311
5311 22739
22739 5311
5319 6151
6151 5319
5325 2497
2497 5325
5325 6095
6095 5325
5325 24252
24252 5325
5329 3072
3072 5329
5338 231
231 5338
5338 642
642 5338
5338 5338
5338 5338
5345 2497
2497 5345
5345 4339
4339 5345
5345 5345
5345 5345
5353 17055
17055 5353
5364 3172
3172 5364
5366 20893
20893 5366
5409 9025
9025 5409
5409 11881
11881 5409
5409 24379
24379 5409
5424 5424
5424 5424
5427 2939
2939 5427
5427 6511
6511 5427
5427 6707
6707 5427
5427 19087
19087 5427
5427 20355
20355 5427
5429 1551
1551 5429
5429 4242
4242 5429
5435 5435
5435 5435
5435 20355
20355 5435
5447 929
929 5447
5447 5447
5447 5447
5447 6991
6991 5447
5448 6550
6550 5448
5462 5462
5462 5462
5485 6601
6601 5485
5485 6991
6991 5485
5485 24695
24695 5485
5489 1158
1158 5489
5489 1215
1215 5489
5489 3363
3363 5489
5489 3528
3528 5489
5489 5958
5958 5489
5489 11929
11929 5489
5489 14232
14232 5489
5489 18927
18927 5489
5489 24568
24568 5489
5498 4920
4920 5498
5498 6498
6498 5498
5498 19379
19379 5498
5498 20817
20817 5498
5517 5517
5517 5517
5518 5518
5518 5518
5519 287
287 5519
5519 642
642 5519
5519 1316
1316 5519
5519 1842
1842 5519
5519 1846
1846 5519
5519 5447
5447 5519
5519 5519
5519 5519
5519 5755
5755 5519
5519 6002
6002 5519
5519 6190
6190 5519
5519 6233
6233 5519
5519 6536
6536 5519
5519 6696
6696 5519
5519 6708
6708 5519
5519 14806
14806 5519
5519 17830
17830 5519
5519 18602
18602 5519
5519 19554
19554 5519
5519 24710
24710 5519
5530 5530
5530 5530
5539 5539
5539 5539
5542 2134
2134 5542
5543 5543
5543 5543
5544 11657
11657 5544
5551 5551
5551 5551
5564 1661
1661 5564
5569 5569
5569 5569
5569 15282
15282 5569
5572 285
285 5572
5572 642
642 5572
5572 4121
4121 5572
5572 11715
11715 5572
5583 5583
5583 5583
5583 13786
13786 5583
5583 14806
14806 5583
5583 14888
14888 5583
5595 5595
5595 5595
5595 6404
6404 5595
5595 10955
10955 5595
5595 15439
15439 5595
5600 492
492 5600
5600 2384
2384 5600
5600 3609
3609 5600
5600 5600
5600 5600
5600 8993
8993 5600
5600 10582
10582 5600
5600 15361
15361 5600
5600 19730
19730 5600
5611 5611
5611 5611
5611 6549
6549 5611
5614 6060
6060 5614
5639 5311
5311 5639
5639 5639
5639 5639
5641 5641
5641 5641
5645 2349
2349 5645
5646 2134
2134 5646
5658 115
115 5658
5658 285
285 5658
5658 642
642 5658
5658 5658
5658 5658
5658 6064
6064 5658
5658 6619
6619 5658
5658 12053
12053 5658
5658 24033
24033 5658
5658 24393
24393 5658
5658 24707
24707 5658
5669 5669
5669 5669
5677 333
333 5677
5677 2134
2134 5677
5677 5311
5311 5677
5677 5677
5677 5677
5677 6284
6284 5677
5677 6937
6937 5677
5677 12789
12789 5677
5677 16186
16186 5677
5677 18602
18602 5677
5677 18689
18689 5677
5677 20892
20892 5677
5684 5745
5745 5684
5686 14034
14034 5686
5703 213
213 5703
5703 5311
5311 5703
5703 5703
5703 5703
5703 11460
11460 5703
5703 19105
19105 5703
5730 5946
5946 5730
5738 496
496 5738
5738 12546
12546 5738
5745 3657
3657 5745
5745 5684
5684 5745
5745 13637
13637 5745
5753 2497
2497 5753
5753 3825
3825 5753
5753 6530
6530 5753
5753 6937
6937 5753
5755 1951
1951 5755
5755 5311
5311 5755
5755 5519
5519 5755
5755 5755
5755 5755
5755 17706
17706 5755
5769 2852
2852 5769
5769 11929
11929 5769
5783 6322
6322 5783
5789 5789
5789 5789
5805 5345
5345 5805
5829 496
496 5829
5829 5829
5829 5829
5829 6479
6479 5829
5829 17333
17333 5829
5850 5850
5850 5850
5855 255
255 5855
5862 5862
5862 5862
5866 4879
4879 5866
5867 5867
5867 5867
5887 13383
13383 5887
5931 5931
5931 5931
5931 13211
13211 5931
5931 24568
24568 5931
5940 5997
5997 5940
5946 162
162 5946
5946 213
213 5946
5946 613
613 5946
5946 642
642 5946
5946 726
726 5946
5946 946
946 5946
5946 1221
1221 5946
5946 1842
1842 5946
5946 1846
1846 5946
5946 2149
2149 5946
5946 2352
2352 5946
5946 2462
2462 5946
5946 2497
2497 5946
5946 2748
2748 5946
5946 3037
3037 5946
5946 3425
3425 5946
5946 4123
4123 5946
5946 5035
5035 5946
5946 5127
5127 5946
5946 5518
5518 5946
5946 5730
5730 5946
5946 5745
5745 5946
5946 5946
5946 5946
5946 6002
6002 5946
5946 6233
6233 5946
5946 6455
6455 5946
5946 6591
6591 5946
5946 6634
6634 5946
5946 6735
6735 5946
5946 11881
11881 5946
5946 14195
14195 5946
5946 14806
14806 5946
5946 15404
15404 5946
5946 15490
15490 5946
5946 18034
18034 5946
5946 18602
18602 5946
5946 18955
18955 5946
5946 19149
19149 5946
5946 19827
19827 5946
5946 20355
20355 5946
5946 20889
20889 5946
5946 21058
21058 5946
5946 22708
22708 5946
5946 22744
22744 5946
5946 23912
23912 5946
5946 24537
24537 5946
5946 24722
24722 5946
5953 213
213 5953
5956 5152
5152 5956
5969 1018
1018 5969
5986 14361
14361 5986
5997 5940
5940 5997
6002 231
231 6002
6002 5096
5096 6002
6002 21089
21089 6002
6009 344
344 6009
6009 2194
2194 6009
6009 4331
4331 6009
6009 6009
6009 6009
6009 8996
8996 6009
6010 4225
4225 6010
6027 19730
19730 6027
6030 642
642 6030
6046 3275
3275 6046
6046 6046
6046 6046
6046 13684
13684 6046
6046 14595
14595 6046
6046 21240
21240 6046
6047 1330
1330 6047
6047 1657
1657 6047
6047 2997
2997 6047
6047 4903
4903 6047
6047 5098
5098 6047
6047 6047
6047 6047
6047 6124
6124 6047
6047 6638
6638 6047
6047 6701
6701 6047
6047 8102
8102 6047
6047 12123
12123 6047
6047 13184
13184 6047
6047 18437
18437 6047
6047 19178
19178 6047
6047 21306
21306 6047
6047 24296
24296 6047
6060 231
231 6060
6060 3337
3337 6060
6060 5614
5614 6060
6060 6060
6060 6060
6064 5658
5658 6064
6064 6064
6064 6064
6064 24707
24707 6064
6074 2497
2497 6074
6074 6074
6074 6074
6074 8996
8996 6074
6095 21954
21954 6095
6098 438
438 6098
6100 3528
3528 6100
6110 6110
6110 6110
6110 13271
13271 6110
6113 702
702 6113
6113 987
987 6113
6113 1876
1876 6113
6113 5311
5311 6113
6113 6113
6113 6113
6113 6548
6548 6113
6113 6937
6937 6113
6113 19802
19802 6113
6121 6121
6121 6121
6121 6461
6461 6121
6121 6579
6579 6121
6124 20
20 6124
6124 213
213 6124
6124 255
255 6124
6124 410
410 6124
6124 477
477 6124
6124 1140
1140 6124
6124 5462
5462 6124
6124 5669
5669 6124
6124 5958
5958 6124
6124 6047
6047 6124
6124 6124
6124 6124
6124 6310
6310 6124
6124 6422
6422 6124
6124 6425
6425 6124
6124 6426
6426 6124
6124 6449
6449 6124
6124 6476
6476 6124
6124 6577
6577 6124
6124 6581
6581 6124
6124 6667
6667 6124
6124 6689
6689 6124
6124 6961
6961 6124
6124 8321
8321 6124
6124 15057
15057 6124
6124 16292
16292 6124
6124 17057
17057 6124
6124 18927
18927 6124
6124 20292
20292 6124
6124 20907
20907 6124
6124 22130
22130 6124
6124 23348
23348 6124
6124 23926
23926 6124
6124 24142
24142 6124
6124 24224
24224 6124
6124 24680
24680 6124
6125 3528
3528 6125
6125 3817
3817 6125
6125 4444
4444 6125
6125 6038
6038 6125
6125 6125
6125 6125
6125 6533
6533 6125
6126 24670
24670 6126
6150 6102
6102 6150
6154 606
606 6154
6157 155
155 6157
6167 6167
6167 6167
6167 6384
6384 6167
6181 2384
2384 6181
6181 6181
6181 6181
6186 2628
2628 6186
6190 6190
6190 6190
6192 6192
6192 6192
6195 6195
6195 6195
6199 17454
17454 6199
6201 2126
2126 6201
6201 2794
2794 6201
6201 6201
6201 6201
6201 6502
6502 6201
6201 6711
6711 6201
6201 15361
15361 6201
6202 44
44 6202
6202 287
287 6202
6202 6202
6202 6202
6202 13684
13684 6202
6210 262
262 6210
6210 1140
1140 6210
6210 6210
6210 6210
6210 6607
6607 6210
6210 19802
19802 6210
6210 24393
24393 6210
6217 6217
6217 6217
6217 24452
24452 6217
6233 5519
5519 6233
6233 6233
6233 6233
6240 285
285 6240
6240 2361
2361 6240
6240 4121
4121 6240
6240 6129
6129 6240
6240 8996
8996 6240
6240 18293
18293 6240
6240 19087
19087 6240
6240 23912
23912 6240
6241 6241
6241 6241
6247 2774
2774 6247
6247 14221
14221 6247
6253 24445
24445 6253
6257 4150
4150 6257
6258 3714
3714 6258
6259 934
934 6259
6277 6277
6277 6277
6277 20355
20355 6277
6278 2118
2118 6278
6278 2151
2151 6278
6278 4018
4018 6278
6278 6124
6124 6278
6278 6491
6491 6278
6278 6589
6589 6278
6278 15439
15439 6278
6284 6284
6284 6284
6285 2184
2184 6285
6285 6285
6285 6285
6299 6299
6299 6299
6299 8996
8996 6299
6303 1430
1430 6303
6303 6487
6487 6303
6303 6607
6607 6303
6303 19438
19438 6303
6310 6310
6310 6310
6310 6476
6476 6310
6310 8321
8321 6310
6318 17298
17298 6318
6320 24518
24518 6320
6322 4932
4932 6322
6322 6484
6484 6322
6322 23320
23320 6322
6333 6333
6333 6333
6334 5147
5147 6334
6334 6334
6334 6334
6338 4173
4173 6338
6338 4255
4255 6338
6338 6316
6316 6338
6338 6373
6373 6338
6338 6506
6506 6338
6338 13969
13969 6338
6344 560
560 6344
6347 6347
6347 6347
6350 2072
2072 6350
6350 6350
6350 6350
6350 7778
7778 6350
6350 21699
21699 6350
6352 115
115 6352
6352 5498
5498 6352
6352 6352
6352 6352
6356 6210
6210 6356
6359 589
589 6359
6363 642
642 6363
6363 6363
6363 6363
6369 13969
13969 6369
6373 4242
4242 6373
6373 5257
5257 6373
6373 6373
6373 6373
6373 6510
6510 6373
6373 6582
6582 6373
6373 6961
6961 6373
6373 20893
20893 6373
6374 6374
6374 6374
6376 1520
1520 6376
6377 6377
6377 6377
6384 14888
14888 6384
6387 6387
6387 6387
6390 18169
18169 6390
6391 4896
4896 6391
6391 6364
6364 6391
6391 6391
6391 6391
6391 10121
10121 6391
6392 6248
6248 6392
6393 11889
11889 6393
6394 6394
6394 6394
6395 6395
6395 6395
6396 14595
14595 6396
6397 5152
5152 6397
6397 6397
6397 6397
6398 4781
4781 6398
6399 6399
6399 6399
6404 5595
5595 6404
6404 6404
6404 6404
6405 6405
6405 6405
6406 6406
6406 6406
6411 18602
18602 6411
6412 4885
4885 6412
6415 623
623 6415
6415 642
642 6415
6415 3605
3605 6415
6415 18602
18602 6415
6415 24224
24224 6415
6416 19138
19138 6416
6417 3072
3072 6417
6417 6417
6417 6417
6417 19554
19554 6417
6417 22601
22601 6417
6418 2126
2126 6418
6419 14976
14976 6419
6420 6420
6420 6420
6422 6422
6422 6422
6423 34
34 6423
6424 2036
2036 6424
6424 9551
9551 6424
6426 4685
4685 6426
6426 6426
6426 6426
6426 6440
6440 6426
6426 6444
6444 6426
6427 6427
6427 6427
6430 6430
6430 6430
6430 21786
21786 6430
6431 5152
5152 6431
6431 6431
6431 6431
6432 24452
24452 6432
6433 3057
3057 6433
6434 4450
4450 6434
6435 6435
6435 6435
6435 20355
20355 6435
6436 6436
6436 6436
6439 12900
12900 6439
6440 12900
12900 6440
6442 1585
1585 6442
6442 1807
1807 6442
6442 1829
1829 6442
6442 6034
6034 6442
6442 6582
6582 6442
6448 5311
5311 6448
6448 6448
6448 6448
6451 6451
6451 6451
6452 692
692 6452
6452 1190
1190 6452
6452 1753
1753 6452
6453 6453
6453 6453
6455 2497
2497 6455
6455 3049
3049 6455
6455 15490
15490 6455
6456 3172
3172 6456
6456 6456
6456 6456
6459 6459
6459 6459
6459 6530
6530 6459
6460 3874
3874 6460
6461 6461
6461 6461
6466 4242
4242 6466
6466 6466
6466 6466
6468 348
348 6468
6470 2118
2118 6470
6471 6471
6471 6471
6472 5204
5204 6472
6473 24518
24518 6473
6474 814
814 6474
6476 623
623 6476
6476 1313
1313 6476
6476 1486
1486 6476
6476 1951
1951 6476
6476 2335
2335 6476
6476 3172
3172 6476
6476 4537
4537 6476
6476 4581
4581 6476
6476 5539
5539 6476
6476 6310
6310 6476
6476 6476
6476 6476
6476 6512
6512 6476
6476 6579
6579 6476
6476 6659
6659 6476
6476 9025
9025 6476
6476 20512
20512 6476
6476 24154
24154 6476
6477 5075
5075 6477
6478 1661
1661 6478
6478 4127
4127 6478
6478 6478
6478 6478
6478 6665
6665 6478
6479 5829
5829 6479
6480 6361
6361 6480
6481 6481
6481 6481
6483 231
231 6483
6483 642
642 6483
6483 1692
1692 6483
6483 1851
1851 6483
6483 6483
6483 6483
6483 13383
13383 6483
6484 454
454 6484
6484 6484
6484 6484
6485 6437
6437 6485
6486 10473
10473 6486
6487 6303
6303 6487
6491 1411
1411 6491
6491 2307
2307 6491
6491 6436
6436 6491
6491 6501
6501 6491
6496 2134
2134 6496
6496 6100
6100 6496
6496 6496
6496 6496
6499 6499
6499 6499
6499 9239
9239 6499
6500 3072
3072 6500
6501 6501
6501 6501
6502 6502
6502 6502
6503 5161
5161 6503
6504 1105
1105 6504
6506 6195
6195 6506
6508 934
934 6508
6509 231
231 6509
6509 6509
6509 6509
6509 19426
19426 6509
6511 6511
6511 6511
6511 8102
8102 6511
6511 13406
13406 6511
6512 6512
6512 6512
6513 6513
6513 6513
6515 1913
1913 6515
6518 6506
6506 6518
6522 6522
6522 6522
6523 8820
8820 6523
6524 6524
6524 6524
6524 6525
6525 6524
6525 6524
6524 6525
6527 702
702 6527
6527 5311
5311 6527
6527 5543
5543 6527
6527 6527
6527 6527
6527 6533
6533 6527
6528 4242
4242 6528
6528 4331
4331 6528
6528 6528
6528 6528
6528 14806
14806 6528
6528 16900
16900 6528
6530 6459
6459 6530
6530 6530
6530 6530
6533 6527
6527 6533
6534 9812
9812 6534
6538 6538
6538 6538
6540 6540
6540 6540
6541 6541
6541 6541
6543 24710
24710 6543
6545 774
774 6545
6545 6177
6177 6545
6546 4206
4206 6546
6547 934
934 6547
6549 6549
6549 6549
6550 6550
6550 6550
6551 2815
2815 6551
6552 10253
10253 6552
6554 884
884 6554
6556 13059
13059 6556
6557 503
503 6557
6557 642
642 6557
6557 1409
1409 6557
6557 1842
1842 6557
6557 2194
2194 6557
6557 6557
6557 6557
6557 6637
6637 6557
6557 9239
9239 6557
6557 14034
14034 6557
6557 20355
20355 6557
6557 24313
24313 6557
6558 705
705 6558
6559 642
642 6559
6559 6559
6559 6559
6560 4920
4920 6560
6561 34
34 6561
6561 6541
6541 6561
6561 6638
6638 6561
6562 21786
21786 6562
6563 16591
16591 6563
6564 9113
9113 6564
6565 6562
6562 6565
6566 4937
4937 6566
6566 19554
19554 6566
6569 6569
6569 6569
6571 6571
6571 6571
6571 24226
24226 6571
6580 15617
15617 6580
6581 6581
6581 6581
6582 2307
2307 6582
6582 6582
6582 6582
6583 6583
6583 6583
6584 20905
20905 6584
6586 6586
6586 6586
6588 4947
4947 6588
6590 6590
6590 6590
6590 19901
19901 6590
6591 24537
24537 6591
6592 21768
21768 6592
6594 6269
6269 6594
6595 1430
1430 6595
6595 6595
6595 6595
6597 6597
6597 6597
6598 5600
5600 6598
6599 1842
1842 6599
6600 503
503 6600
6602 6602
6602 6602
6605 4121
4121 6605
6605 6605
6605 6605
6606 6498
6498 6606
6606 13406
13406 6606
6607 6607
6607 6607
6609 18602
18602 6609
6611 6611
6611 6611
6612 6612
6612 6612
6617 6617
6617 6617
6618 6616
6616 6618
6619 5658
5658 6619
6619 6619
6619 6619
6622 6622
6622 6622
6622 24224
24224 6622
6623 2592
2592 6623
6623 6623
6623 6623
6623 24226
24226 6623
6624 6624
6624 6624
6624 6961
6961 6624
6626 6601
6601 6626
6628 5915
5915 6628
6628 6628
6628 6628
6630 5915
5915 6630
6633 15251
15251 6633
6633 22513
22513 6633
6634 6634
6634 6634
6635 23039
23039 6635
6636 1430
1430 6636
6636 19901
19901 6636
6637 6060
6060 6637
6638 1158
1158 6638
6638 6047
6047 6638
6638 6561
6561 6638
6638 6638
6638 6638
6638 12123
12123 6638
6639 2064
2064 6639
6639 22708
22708 6639
6641 6636
6636 6641
6642 6642
6642 6642
6643 6642
6642 6643
6644 20883
20883 6644
6646 6961
6961 6646
6647 6589
6589 6647
6647 6647
6647 6647
6647 9842
9842 6647
6648 16900
16900 6648
6652 255
255 6652
6653 8996
8996 6653
6654 6530
6530 6654
6657 934
934 6657
6657 6657
6657 6657
6658 3579
3579 6658
6658 6658
6658 6658
6659 6476
6476 6659
6660 4638
4638 6660
6661 2497
2497 6661
6661 6661
6661 6661
6662 21925
21925 6662
6663 2361
2361 6663
6665 6665
6665 6665
6666 6061
6061 6666
6666 6666
6666 6666
6666 6740
6740 6666
6666 21058
21058 6666
6667 18602
18602 6667
6668 6668
6668 6668
6669 6597
6597 6669
6671 2361
2361 6671
6673 3425
3425 6673
6673 6673
6673 6673
6676 4920
4920 6676
6676 6676
6676 6676
6677 6677
6677 6677
6683 23320
23320 6683
6684 5519
5519 6684
6685 6685
6685 6685
6686 1106
1106 6686
6687 6619
6619 6687
6687 6687
6687 6687
6687 6961
6961 6687
6687 11406
11406 6687
6688 1105
1105 6688
6691 6682
6682 6691
6691 6691
6691 6691
6692 804
804 6692
6694 6694
6694 6694
6696 6696
6696 6696
6698 9025
9025 6698
6701 6047
6047 6701
6702 6702
6702 6702
6705 2384
2384 6705
6705 12977
12977 6705
6706 6706
6706 6706
6706 12394
12394 6706
6707 21739
21739 6707
6709 14920
14920 6709
6709 24033
24033 6709
6710 6710
6710 6710
6710 18619
18619 6710
6711 6711
6711 6711
6712 6201
6201 6712
6713 6705
6705 6713
6715 7778
7778 6715
6717 4325
4325 6717
6718 1951
1951 6718
6718 6718
6718 6718
6722 213
213 6722
6722 231
231 6722
6722 386
386 6722
6722 6722
6722 6722
6723 6723
6723 6723
6724 6724
6724 6724
6725 6725
6725 6725
6725 20979
20979 6725
6730 19426
19426 6730
6732 3335
3335 6732
6732 3714
3714 6732
6732 5311
5311 6732
6732 6732
6732 6732
6732 6740
6740 6732
6732 13606
13606 6732
6734 4920
4920 6734
6735 5946
5946 6735
6735 6735
6735 6735
6740 6732
6732 6740
6740 6740
6740 6740
6743 5364
5364 6743
6747 6747
6747 6747
6748 5161
5161 6748
6749 4920
4920 6749
6749 6749
6749 6749
6750 5926
5926 6750
6806 12670
12670 6806
6829 11313
11313 6829
6845 1221
1221 6845
6874 20021
20021 6874
6937 2497
2497 6937
6937 6937
6937 6937
6937 13027
13027 6937
6944 934
934 6944
6944 13969
13969 6944
6961 20
20 6961
6961 606
606 6961
6961 642
642 6961
6961 1403
1403 6961
6961 1887
1887 6961
6961 1901
1901 6961
6961 5311
5311 6961
6961 6124
6124 6961
6961 6436
6436 6961
6961 6582
6582 6961
6961 6624
6624 6961
6961 6646
6646 6961
6961 6687
6687 6961
6961 6961
6961 6961
6961 8321
8321 6961
6961 9239
9239 6961
6961 11929
11929 6961
6961 13099
13099 6961
6961 14969
14969 6961
6961 16843
16843 6961
6961 18602
18602 6961
6961 18619
18619 6961
6961 20355
20355 6961
6961 24707
24707 6961
6991 5485
5485 6991
7202 21899
21899 7202
7410 6494
6494 7410
7410 24393
24393 7410
7499 613
613 7499
7499 642
642 7499
7499 7499
7499 7499
7499 14806
14806 7499
7499 24250
24250 7499
7648 503
503 7648
7648 623
623 7648
7648 4234
4234 7648
7648 5539
5539 7648
7778 642
642 7778
7778 2416
2416 7778
7778 4234
4234 7778
7778 4982
4982 7778
7778 6350
6350 7778
7778 6410
6410 7778
7778 6526
6526 7778
7778 6540
6540 7778
7778 6715
6715 7778
7778 7778
7778 7778
7778 13406
13406 7778
7778 16292
16292 7778
7778 18689
18689 7778
7778 18919
18919 7778
7940 11313
11313 7940
8102 285
285 8102
8102 2497
2497 8102
8102 6047
6047 8102
8102 6060
6060 8102
8102 6333
6333 8102
8102 6511
6511 8102
8102 8102
8102 8102
8102 19087
19087 8102
8102 21954
21954 8102
8199 8199
8199 8199
8277 8277
8277 8277
8321 8321
8321 8321
8321 11700
11700 8321
8363 8363
8363 8363
8363 12789
12789 8363
8363 23943
23943 8363
8417 124
124 8417
8491 8491
8491 8491
8820 406
406 8820
8820 6027
6027 8820
8820 6523
6523 8820
8820 8820
8820 8820
8820 9113
9113 8820
8820 22559
22559 8820
8921 4967
4967 8921
8921 6383
6383 8921
8921 6571
6571 8921
8921 6582
6582 8921
8921 6754
6754 8921
8975 5850
5850 8975
8975 6937
6937 8975
8975 18602
18602 8975
8984 503
503 8984
8984 5504
5504 8984
8984 6027
6027 8984
8984 6729
6729 8984
8984 20355
20355 8984
8993 5600
5600 8993
8993 6454
6454 8993
8993 8993
8993 8993
8993 11955
11955 8993
8993 13786
13786 8993
8993 24710
24710 8993
8995 8995
8995 8995
8995 19469
19469 8995
8996 117
117 8996
8996 830
830 8996
8996 934
934 8996
8996 1346
1346 8996
8996 1551
1551 8996
8996 1692
1692 8996
8996 2053
2053 8996
8996 2194
2194 8996
8996 2239
2239 8996
8996 2349
2349 8996
8996 3072
3072 8996
8996 4242
4242 8996
8996 4331
4331 8996
8996 4339
4339 8996
8996 4607
4607 8996
8996 6009
6009 8996
8996 6027
6027 8996
8996 6049
6049 8996
8996 6074
6074 8996
8996 6299
6299 8996
8996 6396
6396 8996
8996 6511
6511 8996
8996 6514
6514 8996
8996 6522
6522 8996
8996 6534
6534 8996
8996 6543
6543 8996
8996 6602
6602 8996
8996 6620
6620 8996
8996 6653
6653 8996
8996 6682
6682 8996
8996 6723
6723 8996
8996 8820
8820 8996
8996 8996
8996 8996
8996 12394
12394 8996
8996 12539
12539 8996
8996 12977
12977 8996
8996 13099
13099 8996
8996 13969
13969 8996
8996 14595
14595 8996
8996 15688
15688 8996
8996 16018
16018 8996
8996 17290
17290 8996
8996 19140
19140 8996
8996 19172
19172 8996
8996 19328
19328 8996
8996 19730
19730 8996
8996 19915
19915 8996
8996 20355
20355 8996
8996 20904
20904 8996
8996 21925
21925 8996
8996 22197
22197 8996
8996 22217
22217 8996
8996 22341
22341 8996
8996 22603
22603 8996
8996 23085
23085 8996
8996 23535
23535 8996
8996 24393
24393 8996
9002 451
451 9002
9005 4089
4089 9005
9005 9005
9005 9005
9005 17055
17055 9005
9011 255
255 9011
9011 934
934 9011
9011 1937
1937 9011
9011 4331
4331 9011
9011 6583
6583 9011
9011 14806
14806 9011
9011 18764
18764 9011
9011 20893
20893 9011
9011 24393
24393 9011
9025 642
642 9025
9025 1221
1221 9025
9025 1913
1913 9025
9025 5338
5338 9025
9025 5409
5409 9025
9025 5518
5518 9025
9025 5539
5539 9025
9025 5946
5946 9025
9025 5969
5969 9025
9025 6352
6352 9025
9025 9025
9025 9025
9025 11722
11722 9025
9025 14029
14029 9025
9025 14224
14224 9025
9025 19901
19901 9025
9025 20285
20285 9025
9057 5862
5862 9057
9136 5745
5745 9136
9177 23219
23219 9177
9239 503
503 9239
9239 623
623 9239
9239 1401
1401 9239
9239 2811
2811 9239
9239 3468
3468 9239
9239 4036
4036 9239
9239 4952
4952 9239
9239 5131
5131 9239
9239 5204
5204 9239
9239 5311
5311 9239
9239 5745
5745 9239
9239 6419
6419 9239
9239 6435
6435 9239
9239 6443
6443 9239
9239 6499
6499 9239
9239 6507
6507 9239
9239 6700
6700 9239
9239 9239
9239 9239
9239 11929
11929 9239
9239 13383
13383 9239
9239 16493
16493 9239
9239 17057
17057 9239
9239 24579
24579 9239
9239 24707
24707 9239
9524 546
546 9524
9524 22276
22276 9524
9553 4612
4612 9553
9553 4756
4756 9553
9553 5745
5745 9553
9553 6511
6511 9553
9553 6734
6734 9553
9553 9553
9553 9553
9553 16388
16388 9553
9584 5600
5600 9584
9584 9584
9584 9584
9695 6524
6524 9695
9724 642
642 9724
9724 19802
19802 9724
9812 2194
2194 9812
9812 6534
6534 9812
9812 9812
9812 9812
9842 1312
1312 9842
9842 1734
1734 9842
9842 2053
2053 9842
9842 3777
3777 9842
9842 4685
4685 9842
9842 6375
6375 9842
9842 6598
6598 9842
9842 6607
6607 9842
9842 6647
6647 9842
9842 12209
12209 9842
9842 14713
14713 9842
9893 18323
18323 9893
9960 1543
1543 9960
10121 613
613 10121
10121 642
642 10121
10121 946
946 10121
10121 2497
2497 10121
10121 4234
4234 10121
10121 6679
6679 10121
10121 7499
7499 10121
10121 10121
10121 10121
10121 14806
14806 10121
10121 19901
19901 10121
10121 23320
23320 10121
10168 6961
6961 10168
10168 24710
24710 10168
10253 6552
6552 10253
10253 10253
10253 10253
10307 16076
16076 10307
10566 255
255 10566
10566 262
262 10566
10566 285
285 10566
10566 1692
1692 10566
10566 2918
2918 10566
10566 6499
6499 10566
10566 6543
6543 10566
10566 10566
10566 10566
10566 12394
12394 10566
10582 19888
19888 10582
10811 766
766 10811
10811 1876
1876 10811
10811 2194
2194 10811
10811 3825
3825 10811
10811 4234
4234 10811
10811 6100
6100 10811
10811 6195
6195 10811
10811 6608
6608 10811
10811 6665
6665 10811
10811 10811
10811 10811
10811 18602
18602 10811
11076 1551
1551 11076
11076 6181
6181 11076
11100 4242
4242 11100
11100 11100
11100 11100
11120 18689
18689 11120
11157 503
503 11157
11157 830
830 11157
11157 1951
1951 11157
11157 2324
2324 11157
11157 3172
3172 11157
11157 3825
3825 11157
11157 3874
3874 11157
11157 5786
5786 11157
11157 6124
6124 11157
11157 6195
6195 11157
11157 6539
6539 11157
11157 6595
6595 11157
11157 8820
8820 11157
11157 12021
12021 11157
11157 13181
13181 11157
11157 18602
18602 11157
11157 20355
20355 11157
11166 6649
6649 11166
11276 2384
2384 11276
11276 3072
3072 11276
11276 6658
6658 11276
11313 1234
1234 11313
11313 5867
5867 11313
11313 6829
6829 11313
11313 11313
11313 11313
11313 21884
21884 11313
11405 21954
21954 11405
11406 6687
6687 11406
11460 5703
5703 11460
11488 1522
1522 11488
11577 21328
21328 11577
11579 642
642 11579
11579 3996
3996 11579
11579 4331
4331 11579
11579 4522
4522 11579
11579 6027
6027 11579
11579 6572
6572 11579
11579 6665
6665 11579
11579 6706
6706 11579
11579 12394
12394 11579
11607 11607
11607 11607
11607 20355
20355 11607
11657 1264
1264 11657
11657 1312
1312 11657
11657 2811
2811 11657
11657 4089
4089 11657
11657 4276
4276 11657
11657 5768
5768 11657
11657 6522
6522 11657
11657 6677
6677 11657
11657 6711
6711 11657
11657 6731
6731 11657
11657 6739
6739 11657
11657 6806
6806 11657
11657 9239
9239 11657
11657 11657
11657 11657
11657 11669
11669 11657
11657 12670
12670 11657
11657 13684
13684 11657
11657 15361
15361 11657
11657 16591
16591 11657
11657 22675
22675 11657
11657 24294
24294 11657
11669 11657
11657 11669
11669 11669
11669 11669
11698 1318
1318 11698
11698 3335
3335 11698
11698 6672
6672 11698
11698 16323
16323 11698
11700 503
503 11700
11700 1829
1829 11700
11700 2736
2736 11700
11700 8321
8321 11700
11700 14232
14232 11700
11701 21058
21058 11701
11715 5504
5504 11715
11715 18689
18689 11715
11722 11722
11722 11722
11725 6665
6665 11725
11756 2194
2194 11756
11779 1018
1018 11779
11779 1312
1312 11779
11779 1430
1430 11779
11779 1854
1854 11779
11779 3874
3874 11779
11779 4932
4932 11779
11779 4967
4967 11779
11779 5447
5447 11779
11779 5530
5530 11779
11779 6322
6322 11779
11779 6333
6333 11779
11779 6451
6451 11779
11779 6481
6481 11779
11779 6574
6574 11779
11779 6595
6595 11779
11779 6725
6725 11779
11779 6753
6753 11779
11779 6961
6961 11779
11779 9842
9842 11779
11779 12021
12021 11779
11779 16223
16223 11779
11779 19802
19802 11779
11779 19827
19827 11779
11779 20355
20355 11779
11779 22603
22603 11779
11779 24518
24518 11779
11819 4066
4066 11819
11819 5079
5079 11819
11819 6277
6277 11819
11819 6461
6461 11819
11819 6582
6582 11819
11819 14969
14969 11819
11861 833
833 11861
11861 1887
1887 11861
11861 4089
4089 11861
11861 6009
6009 11861
11861 8996
8996 11861
11861 11861
11861 11861
11861 19140
19140 11861
11868 11868
11868 11868
11881 11881
11881 11881
11899 19802
19802 11899
11929 9239
9239 11929
11929 22603
22603 11929
11955 1234
1234 11955
11967 287
287 11967
11967 11967
11967 11967
12021 12021
12021 12021
12044 12044
12044 12044
12044 19730
19730 12044
12053 12053
12053 12053
12053 18449
18449 12053
12053 24478
24478 12053
12080 1854
1854 12080
12123 1158
1158 12123
12123 6638
6638 12123
12123 21110
21110 12123
12135 546
546 12135
12135 1312
1312 12135
12135 4967
4967 12135
12135 5786
5786 12135
12135 6394
6394 12135
12135 6449
6449 12135
12135 6510
6510 12135
12135 6513
6513 12135
12135 6601
6601 12135
12135 6628
6628 12135
12135 6724
6724 12135
12135 6725
6725 12135
12135 6745
6745 12135
12135 11157
11157 12135
12135 12135
12135 12135
12135 19138
19138 12135
12135 22276
22276 12135
12135 24252
24252 12135
12135 24680
24680 12135
12135 24707
24707 12135
12209 15447
15447 12209
12209 19901
19901 12209
12242 12242
12242 12242
12358 6674
6674 12358
12375 5974
5974 12375
12394 2484
2484 12394
12394 6706
6706 12394
12394 12394
12394 12394
12394 18619
18619 12394
12432 1672
1672 12432
12519 262
262 12519
12670 6806
6806 12670
12670 12670
12670 12670
12774 934
934 12774
12774 6672
6672 12774
12774 19802
19802 12774
12870 5600
5600 12870
12870 11967
11967 12870
12870 17333
17333 12870
12870 22341
22341 12870
12874 3072
3072 12874
12900 1158
1158 12900
12900 1221
1221 12900
12900 1842
1842 12900
12900 1865
1865 12900
12900 4089
4089 12900
12900 6435
6435 12900
12900 6440
6440 12900
12900 6524
6524 12900
12900 9239
9239 12900
12900 12900
12900 12900
12900 17298
17298 12900
12900 19554
19554 12900
12900 24555
24555 12900
12964 2184
2184 12964
12977 105
105 12977
12977 2336
2336 12977
12977 2918
2918 12977
12977 3609
3609 12977
12977 5600
5600 12977
12977 6705
6705 12977
12977 8996
8996 12977
12977 10566
10566 12977
12977 12977
12977 12977
12988 1543
1543 12988
12988 5079
5079 12988
12988 12988
12988 12988
13027 213
213 13027
13027 3218
3218 13027
13027 3978
3978 13027
13027 5120
5120 13027
13027 6047
6047 13027
13027 6241
6241 13027
13027 13027
13027 13027
13027 21786
21786 13027
13027 23458
23458 13027
13059 4685
4685 13059
13059 13059
13059 13059
13067 13067
13067 13067
13099 13099
13099 13099
13181 438
438 13181
13181 814
814 13181
13181 1072
1072 13181
13181 1312
1312 13181
13181 2053
2053 13181
13181 4612
4612 13181
13181 5115
5115 13181
13181 5745
5745 13181
13181 6445
6445 13181
13181 11929
11929 13181
13181 13181
13181 13181
13181 20038
20038 13181
13184 6753
6753 13184
13196 2794
2794 13196
13196 6046
6046 13196
13196 6466
6466 13196
13196 6731
6731 13196
13196 11669
11669 13196
13196 13518
13518 13196
13214 2591
2591 13214
13214 4086
4086 13214
13214 12053
12053 13214
13270 3055
3055 13270
13270 4667
4667 13270
13270 5311
5311 13270
13270 13270
13270 13270
13270 13786
13786 13270
13271 5108
5108 13271
13271 6110
6110 13271
13271 13271
13271 13271
13308 2880
2880 13308
13308 13308
13308 13308
13343 1221
1221 13343
13343 5946
5946 13343
13343 14806
14806 13343
13343 19140
19140 13343
13379 3777
3777 13379
13379 11607
11607 13379
13383 285
285 13383
13383 606
606 13383
13383 2424
2424 13383
13383 2440
2440 13383
13383 2794
2794 13383
13383 6483
6483 13383
13383 6577
6577 13383
13383 13383
13383 13383
13383 19802
19802 13383
13383 21240
21240 13383
13406 753
753 13406
13406 1183
1183 13406
13406 2939
2939 13406
13406 4667
4667 13406
13406 5539
5539 13406
13406 6511
6511 13406
13406 6606
6606 13406
13406 6666
6666 13406
13406 13406
13406 13406
13406 21584
21584 13406
13406 23605
23605 13406
13431 4242
4242 13431
13459 24033
24033 13459
13604 2361
2361 13604
13637 13637
13637 13637
13662 929
929 13662
13662 5569
5569 13662
13662 6435
6435 13662
13662 6601
6601 13662
13662 6658
6658 13662
13662 11929
11929 13662
13684 934
934 13684
13684 1137
1137 13684
13684 1401
1401 13684
13684 2497
2497 13684
13684 6046
6046 13684
13684 6508
6508 13684
13684 6677
6677 13684
13684 8993
8993 13684
13684 9239
9239 13684
13684 11657
11657 13684
13684 13684
13684 13684
13684 14806
14806 13684
13684 16609
16609 13684
13684 17055
17055 13684
13684 22675
22675 13684
13684 24460
24460 13684
13684 24537
24537 13684
13694 1316
1316 13694
13694 2134
2134 13694
13694 5960
5960 13694
13694 13694
13694 13694
13694 19999
19999 13694
13786 285
285 13786
13786 929
929 13786
13786 1430
1430 13786
13786 1842
1842 13786
13786 1887
1887 13786
13786 2409
2409 13786
13786 4339
4339 13786
13786 4967
4967 13786
13786 5583
5583 13786
13786 6384
6384 13786
13786 6397
6397 13786
13786 6448
6448 13786
13786 6511
6511 13786
13786 6512
6512 13786
13786 6530
6530 13786
13786 6586
6586 13786
13786 6590
6590 13786
13786 6625
6625 13786
13786 6679
6679 13786
13786 8995
8995 13786
13786 12394
12394 13786
13786 13066
13066 13786
13786 13786
13786 13786
13786 14888
14888 13786
13786 19901
19901 13786
13786 24537
24537 13786
13796 4928
4928 13796
13796 13796
13796 13796
13845 833
833 13845
13934 19140
19140 13934
13969 231
231 13969
13969 1105
1105 13969
13969 1173
1173 13969
13969 1672
1672 13969
13969 4173
4173 13969
13969 5115
5115 13969
13969 6461
6461 13969
13969 6463
6463 13969
13969 6476
6476 13969
13969 6524
6524 13969
13969 6708
6708 13969
13969 6944
6944 13969
13969 11955
11955 13969
13969 13181
13181 13969
13969 13969
13969 13969
13969 17843
17843 13969
13969 18396
18396 13969
13969 19999
19999 13969
13969 22208
22208 13969
13969 23320
23320 13969
13969 24154
24154 13969
13969 24722
24722 13969
14029 946
946 14029
14029 14029
14029 14029
14034 6557
6557 14034
14054 606
606 14054
14054 6435
6435 14054
14094 19328
19328 14094
14189 2202
2202 14189
14189 6687
6687 14189
14189 14189
14189 14189
14189 14595
14595 14189
14195 14806
14806 14195
14195 19730
19730 14195
14211 934
934 14211
14224 1018
1018 14224
14224 6151
6151 14224
14224 14224
14224 14224
14224 24250
24250 14224
14232 642
642 14232
14232 726
726 14232
14232 5086
5086 14232
14232 6607
6607 14232
14232 14232
14232 14232
14232 15688
15688 14232
14232 17742
17742 14232
14232 20355
20355 14232
14295 16591
16591 14295
14314 15187
15187 14314
14361 5986
5986 14361
14387 6540
6540 14387
14387 9553
9553 14387
14414 213
213 14414
14414 1551
1551 14414
14414 2349
2349 14414
14414 19140
19140 14414
14469 5143
5143 14469
14507 4150
4150 14507
14595 1264
1264 14595
14595 6046
6046 14595
14595 6396
6396 14595
14595 6674
6674 14595
14595 6739
6739 14595
14595 8996
8996 14595
14595 9005
9005 14595
14595 11657
11657 14595
14595 13684
13684 14595
14595 14189
14189 14595
14595 14595
14595 14595
14595 21800
21800 14595
14713 6601
6601 14713
14713 8321
8321 14713
14713 18169
18169 14713
14805 19915
19915 14805
14806 601
601 14806
14806 2194
2194 14806
14806 4242
4242 14806
14806 5583
5583 14806
14806 5946
5946 14806
14806 6719
6719 14806
14806 13684
13684 14806
14806 14806
14806 14806
14806 16591
16591 14806
14806 19730
19730 14806
14806 21240
21240 14806
14806 24250
24250 14806
14807 4903
4903 14807
14835 13118
13118 14835
14888 3609
3609 14888
14888 5583
5583 14888
14888 6167
6167 14888
14888 10253
10253 14888
14888 13786
13786 14888
14888 14888
14888 14888
14888 24537
24537 14888
14901 5641
5641 14901
14901 14901
14901 14901
14901 17892
17892 14901
14901 22598
22598 14901
14920 34
34 14920
14920 546
546 14920
14920 865
865 14920
14920 1312
1312 14920
14920 2102
2102 14920
14920 2467
2467 14920
14920 3172
3172 14920
14920 4121
4121 14920
14920 5086
5086 14920
14920 5120
5120 14920
14920 5611
5611 14920
14920 6027
6027 14920
14920 6098
6098 14920
14920 6113
6113 14920
14920 6186
6186 14920
14920 6438
6438 14920
14920 6612
6612 14920
14920 6619
6619 14920
14920 6666
6666 14920
14920 6675
6675 14920
14920 6709
6709 14920
14920 6740
6740 14920
14920 14920
14920 14920
14920 19802
19802 14920
14969 503
503 14969
14969 6478
6478 14969
14969 6961
6961 14969
14969 9842
9842 14969
14969 10955
10955 14969
14969 14969
14969 14969
14976 2831
2831 14976
15024 702
702 15024
15024 1842
1842 15024
15024 12044
12044 15024
15024 15024
15024 15024
15057 4712
4712 15057
15057 8321
8321 15057
15057 15057
15057 15057
15116 6421
6421 15116
15116 24294
24294 15116
15139 15139
15139 15139
15145 5866
5866 15145
15187 2997
2997 15187
15187 14314
14314 15187
15187 15187
15187 15187
15229 6424
6424 15229
15229 14595
14595 15229
15229 21954
21954 15229
15251 6633
6633 15251
15251 15251
15251 15251
15277 5600
5600 15277
15282 5569
5569 15282
15332 20038
20038 15332
15361 5600
5600 15361
15361 6711
6711 15361
15361 15361
15361 15361
15361 24492
24492 15361
15382 3172
3172 15382
15382 14806
14806 15382
15404 642
642 15404
15404 4488
4488 15404
15404 5946
5946 15404
15404 15404
15404 15404
15447 21
21 15447
15447 34
34 15447
15447 1108
1108 15447
15447 2592
2592 15447
15447 3113
3113 15447
15447 6375
6375 15447
15447 6440
6440 15447
15447 6647
6647 15447
15447 12209
12209 15447
15447 15447
15447 15447
15447 18689
18689 15447
15447 19802
19802 15447
15450 13099
13099 15450
15602 13969
13969 15602
15617 11599
11599 15617
15688 613
613 15688
15688 1312
1312 15688
15688 4089
4089 15688
15688 4154
4154 15688
15688 6463
6463 15688
15688 11669
11669 15688
15688 12900
12900 15688
15688 15688
15688 15688
15688 24722
24722 15688
15698 613
613 15698
15814 4121
4121 15814
15814 4492
4492 15814
16018 97
97 16018
16018 503
503 16018
16018 2622
2622 16018
16018 3452
3452 16018
16018 4406
4406 16018
16018 5752
5752 16018
16018 8996
8996 16018
16018 11313
11313 16018
16018 14888
14888 16018
16018 16018
16018 16018
16018 19328
19328 16018
16018 20904
20904 16018
16018 21634
21634 16018
16018 21884
21884 16018
16018 22217
22217 16018
16076 1235
1235 16076
16076 16076
16076 16076
16186 2416
2416 16186
16186 4215
4215 16186
16186 16186
16186 16186
16186 19730
19730 16186
16223 18602
18602 16223
16292 6124
6124 16292
16292 7778
7778 16292
16323 287
287 16323
16323 1116
1116 16323
16323 1631
1631 16323
16323 3777
3777 16323
16323 5035
5035 16323
16323 12900
12900 16323
16323 16323
16323 16323
16336 1409
1409 16336
16336 4331
4331 16336
16388 1173
1173 16388
16388 6431
6431 16388
16388 16388
16388 16388
16420 115
115 16420
16493 16493
16493 16493
16493 23933
23933 16493
16581 20905
20905 16581
16591 349
349 16591
16591 2794
2794 16591
16591 6396
6396 16591
16591 6601
6601 16591
16591 8996
8996 16591
16591 14806
14806 16591
16591 16591
16591 16591
16591 24294
24294 16591
16591 24313
24313 16591
16609 11657
11657 16609
16609 13383
13383 16609
16609 13518
13518 16609
16609 13684
13684 16609
16613 24313
24313 16613
16678 6511
6511 16678
16843 642
642 16843
16843 6511
6511 16843
16843 9025
9025 16843
16843 16843
16843 16843
16843 19355
19355 16843
16856 4331
4331 16856
16859 934
934 16859
16859 1551
1551 16859
16859 3468
3468 16859
16859 4036
4036 16859
16859 4869
4869 16859
16859 5131
5131 16859
16859 6201
6201 16859
16859 8993
8993 16859
16859 16591
16591 16859
16859 16859
16859 16859
16884 13459
13459 16884
17055 9005
9005 17055
17055 11669
11669 17055
17055 17055
17055 17055
17057 17057
17057 17057
17058 213
213 17058
17058 2467
2467 17058
17058 11835
11835 17058
17058 24142
24142 17058
17066 4113
4113 17066
17157 460
460 17157
17157 1430
1430 17157
17157 5178
5178 17157
17157 6590
6590 17157
17157 6658
6658 17157
17157 19901
19901 17157
17290 117
117 17290
17290 435
435 17290
17290 2700
2700 17290
17290 17290
17290 17290
17290 24721
24721 17290
17298 6318
6318 17298
17298 17298
17298 17298
17299 5338
5338 17299
17333 6540
6540 17333
17338 5658
5658 17338
17576 11669
11669 17576
17576 14806
14806 17576
17639 12231
12231 17639
17675 1672
1672 17675
17675 4896
4896 17675
17675 6440
6440 17675
17675 11899
11899 17675
17675 14888
14888 17675
17675 20907
20907 17675
17706 5755
5755 17706
17706 6604
6604 17706
17706 17706
17706 17706
17742 14232
14232 17742
17742 17742
17742 17742
17749 105
105 17749
17749 15361
15361 17749
17809 6601
6601 17809
17830 820
820 17830
17830 17830
17830 17830
17843 17843
17843 17843
17892 14901
14901 17892
17950 1582
1582 17950
17977 6269
6269 17977
18034 5946
5946 18034
18034 6582
6582 18034
18034 6634
6634 18034
18056 213
213 18056
18056 5115
5115 18056
18056 23085
23085 18056
18088 17097
17097 18088
18169 642
642 18169
18169 929
929 18169
18169 2283
2283 18169
18169 6601
6601 18169
18169 18169
18169 18169
18169 18293
18293 18169
18231 11657
11657 18231
18293 830
830 18293
18293 5310
5310 18293
18293 6240
6240 18293
18293 18293
18293 18293
18323 213
213 18323
18323 9893
9893 18323
18323 18323
18323 18323
18396 946
946 18396
18401 255
255 18401
18434 11488
11488 18434
18434 18434
18434 18434
18438 3212
3212 18438
18438 6524
6524 18438
18438 6597
6597 18438
18438 18438
18438 18438
18449 1013
1013 18449
18449 12053
12053 18449
18449 18449
18449 18449
18449 19438
19438 18449
18449 19802
19802 18449
18574 2329
2329 18574
18574 5641
5641 18574
18574 6453
6453 18574
18574 6676
6676 18574
18602 34
34 18602
18602 255
255 18602
18602 333
333 18602
18602 726
726 18602
18602 1145
1145 18602
18602 1190
1190 18602
18602 1215
1215 18602
18602 1951
1951 18602
18602 2361
2361 18602
18602 2961
2961 18602
18602 3425
3425 18602
18602 3986
3986 18602
18602 4213
4213 18602
18602 4920
4920 18602
18602 5261
5261 18602
18602 5519
5519 18602
18602 6322
6322 18602
18602 6404
6404 18602
18602 6415
6415 18602
18602 6473
6473 18602
18602 6510
6510 18602
18602 6513
6513 18602
18602 6539
6539 18602
18602 6609
6609 18602
18602 6647
6647 18602
18602 6667
6667 18602
18602 6673
6673 18602
18602 6961
6961 18602
18602 13604
13604 18602
18602 16223
16223 18602
18602 18602
18602 18602
18602 19802
19802 18602
18602 19901
19901 18602
18602 22276
22276 18602
18602 24680
24680 18602
18619 21
21 18619
18619 596
596 18619
18619 642
642 18619
18619 1312
1312 18619
18619 1654
1654 18619
18619 2462
2462 18619
18619 3528
3528 18619
18619 3772
3772 18619
18619 5120
5120 18619
18619 6426
6426 18619
18619 6440
6440 18619
18619 6453
6453 18619
18619 6559
6559 18619
18619 6562
6562 18619
18619 6647
6647 18619
18619 6710
6710 18619
18619 6724
6724 18619
18619 7778
7778 18619
18619 12394
12394 18619
18619 14232
14232 18619
18619 18602
18602 18619
18619 18619
18619 18619
18619 19149
19149 18619
18619 20292
20292 18619
18619 20355
20355 18619
18619 20883
20883 18619
18619 22221
22221 18619
18689 255
255 18689
18689 333
333 18689
18689 1757
1757 18689
18689 1876
1876 18689
18689 2497
2497 18689
18689 4215
4215 18689
18689 4234
4234 18689
18689 5311
5311 18689
18689 6047
6047 18689
18689 6420
6420 18689
18689 6530
6530 18689
18689 6937
6937 18689
18689 8102
8102 18689
18689 12789
12789 18689
18689 13059
13059 18689
18689 14806
14806 18689
18689 16186
16186 18689
18689 18602
18602 18689
18689 18689
18689 18689
18689 20292
20292 18689
18689 23921
23921 18689
18689 23943
23943 18689
18689 24532
24532 18689
18698 9365
9365 18698
18698 11488
11488 18698
18764 3168
3168 18764
18764 6559
6559 18764
18764 6665
6665 18764
18764 6724
6724 18764
18764 8321
8321 18764
18764 18764
18764 18764
18764 22252
22252 18764
18771 4084
4084 18771
18917 2497
2497 18917
18919 18919
18919 18919
19059 2239
2239 19059
19059 3072
3072 19059
19059 3772
3772 19059
19059 5703
5703 19059
19059 6074
6074 19059
19059 6534
6534 19059
19059 19328
19328 19059
19059 19915
19915 19059
19059 21925
21925 19059
19087 269
269 19087
19087 19802
19802 19087
19087 21058
21058 19087
19087 23455
23455 19087
19105 4160
4160 19105
19105 5703
5703 19105
19105 19105
19105 19105
19138 6416
6416 19138
19138 6607
6607 19138
19138 19138
19138 19138
19138 19802
19802 19138
19138 20355
20355 19138
19140 2239
2239 19140
19140 8996
8996 19140
19140 11861
11861 19140
19167 6991
6991 19167
19172 5997
5997 19172
19172 8996
8996 19172
19172 19172
19172 19172
19293 14386
14386 19293
19298 3103
3103 19298
19328 642
642 19328
19328 3468
3468 19328
19328 5583
5583 19328
19328 19328
19328 19328
19355 1221
1221 19355
19355 2815
2815 19355
19355 6064
6064 19355
19355 6634
6634 19355
19355 16843
16843 19355
19379 6410
6410 19379
19379 6511
6511 19379
19421 115
115 19421
19421 5338
5338 19421
19421 15139
15139 19421
19421 19421
19421 19421
19426 4685
4685 19426
19426 6426
6426 19426
19426 6730
6730 19426
19426 19426
19426 19426
19438 1105
1105 19438
19438 4521
4521 19438
19438 6303
6303 19438
19438 8996
8996 19438
19438 13969
13969 19438
19438 19438
19438 19438
19438 19802
19802 19438
19438 20355
20355 19438
19438 22276
22276 19438
19480 19480
19480 19480
19482 255
255 19482
19498 22905
22905 19498
19554 1105
1105 19554
19554 6417
6417 19554
19554 6456
6456 19554
19554 6517
6517 19554
19554 19554
19554 19554
19683 6484
6484 19683
19685 2409
2409 19685
19698 4113
4113 19698
19730 766
766 19730
19730 2349
2349 19730
19730 2384
2384 19730
19730 4339
4339 19730
19730 4846
4846 19730
19730 5539
5539 19730
19730 5600
5600 19730
19730 6027
6027 19730
19730 6186
6186 19730
19730 6694
6694 19730
19730 6697
6697 19730
19730 8996
8996 19730
19730 10121
10121 19730
19730 12044
12044 19730
19730 14414
14414 19730
19730 14806
14806 19730
19730 19140
19140 19730
19730 19730
19730 19730
19730 20979
20979 19730
19730 21634
21634 19730
19730 22513
22513 19730
19730 24161
24161 19730
19730 24710
24710 19730
19802 3777
3777 19802
19802 4086
4086 19802
19802 6303
6303 19802
19802 6487
6487 19802
19802 6568
6568 19802
19802 6574
6574 19802
19802 6595
6595 19802
19802 6607
6607 19802
19802 8102
8102 19802
19802 17742
17742 19802
19802 19438
19438 19802
19802 19802
19802 19802
19802 22276
22276 19802
19802 24518
24518 19802
19827 2760
2760 19827
19827 3425
3425 19827
19827 5946
5946 19827
19827 6491
6491 19827
19827 18602
18602 19827
19827 19827
19827 19827
19827 24695
24695 19827
19860 1653
1653 19860
19870 934
934 19870
19870 1235
1235 19870
19870 5087
5087 19870
19870 5115
5115 19870
19870 6338
6338 19870
19870 14029
14029 19870
19870 19870
19870 19870
19870 22252
22252 19870
19871 6060
6060 19871
19890 6638
6638 19890
19901 320
320 19901
19901 503
503 19901
19901 2467
2467 19901
19901 3172
3172 19901
19901 4920
4920 19901
19901 5498
5498 19901
19901 5543
5543 19901
19901 5569
5569 19901
19901 5738
5738 19901
19901 5755
5755 19901
19901 6167
6167 19901
19901 6186
6186 19901
19901 6240
6240 19901
19901 6456
6456 19901
19901 6500
6500 19901
19901 6536
6536 19901
19901 6538
6538 19901
19901 6577
6577 19901
19901 6590
6590 19901
19901 6636
6636 19901
19901 6749
6749 19901
19901 8277
8277 19901
19901 8996
8996 19901
19901 9025
9025 19901
19901 9893
9893 19901
19901 12209
12209 19901
19901 13786
13786 19901
19901 14131
14131 19901
19901 18293
18293 19901
19901 18602
18602 19901
19901 19901
19901 19901
19901 20355
20355 19901
19901 21079
21079 19901
19901 21925
21925 19901
19901 22601
22601 19901
19901 23933
23933 19901
19904 622
622 19904
19915 1653
1653 19915
19915 19915
19915 19915
19938 222
222 19938
19938 15139
15139 19938
19938 20387
20387 19938
19961 20355
20355 19961
20021 20893
20893 20021
20038 13181
13181 20038
20038 15332
15332 20038
20058 6530
6530 20058
20242 1887
1887 20242
20242 3609
3609 20242
20242 5345
5345 20242
20242 5745
5745 20242
20242 11313
11313 20242
20285 6046
6046 20285
20285 10121
10121 20285
20285 14806
14806 20285
20285 19730
19730 20285
20285 20285
20285 20285
20285 24252
24252 20285
20292 5232
5232 20292
20292 20292
20292 20292
20355 255
255 20355
20355 642
642 20355
20355 1097
1097 20355
20355 1173
1173 20355
20355 1543
1543 20355
20355 2236
2236 20355
20355 2392
2392 20355
20355 2487
2487 20355
20355 3172
3172 20355
20355 3996
3996 20355
20355 4488
4488 20355
20355 4522
4522 20355
20355 4607
4607 20355
20355 5155
5155 20355
20355 5338
5338 20355
20355 5435
5435 20355
20355 5519
5519 20355
20355 5941
5941 20355
20355 6027
6027 20355
20355 6064
6064 20355
20355 6277
6277 20355
20355 6417
6417 20355
20355 6427
6427 20355
20355 6435
6435 20355
20355 6559
6559 20355
20355 6664
6664 20355
20355 6696
6696 20355
20355 6697
6697 20355
20355 11607
11607 20355
20355 12988
12988 20355
20355 14232
14232 20355
20355 14806
14806 20355
20355 15404
15404 20355
20355 17742
17742 20355
20355 19138
19138 20355
20355 19149
19149 20355
20355 19802
19802 20355
20355 20355
20355 20355
20355 20889
20889 20355
20355 22197
22197 20355
20355 22603
22603 20355
20355 22708
22708 20355
20355 24252
24252 20355
20387 19938
19938 20387
20387 20387
20387 20387
20422 1116
1116 20422
20429 1672
1672 20429
20435 572
572 20435
20512 438
438 20512
20512 753
753 20512
20512 1653
1653 20512
20512 4242
4242 20512
20512 6074
6074 20512
20512 6383
6383 20512
20512 6447
6447 20512
20512 6576
6576 20512
20512 11701
11701 20512
20512 21058
21058 20512
20517 6445
6445 20517
20517 16186
16186 20517
20684 503
503 20684
20684 6374
6374 20684
20812 3019
3019 20812
20817 503
503 20817
20817 642
642 20817
20817 876
876 20817
20817 1109
1109 20817
20817 2329
2329 20817
20817 3172
3172 20817
20817 4920
4920 20817
20817 6453
6453 20817
20817 6605
6605 20817
20817 6734
6734 20817
20817 13065
13065 20817
20817 20817
20817 20817
20817 21402
21402 20817
20817 22598
22598 20817
20861 23219
23219 20861
20883 1312
1312 20883
20883 3335
3335 20883
20883 5120
5120 20883
20883 5539
5539 20883
20883 6482
6482 20883
20883 6611
6611 20883
20883 6644
6644 20883
20883 8102
8102 20883
20883 15447
15447 20883
20883 20292
20292 20883
20883 20883
20883 20883
20889 6431
6431 20889
20893 20893
20893 20893
20904 8996
8996 20904
20904 14700
14700 20904
20904 16018
16018 20904
20904 19883
19883 20904
20904 20904
20904 20904
20907 3335
3335 20907
20907 5311
5311 20907
20907 6124
6124 20907
20907 6482
6482 20907
20907 6541
6541 20907
20907 6671
6671 20907
20907 18619
18619 20907
20907 20907
20907 20907
20917 335
335 20917
20917 20917
20917 20917
20950 1807
1807 20950
20950 6541
6541 20950
21058 344
344 21058
21058 3363
3363 21058
21058 6666
6666 21058
21058 20512
20512 21058
21058 21058
21058 21058
21079 1422
1422 21079
21079 3072
3072 21079
21079 4276
4276 21079
21079 5539
5539 21079
21079 21079
21079 21079
21089 12394
12394 21089
21089 21089
21089 21089
21110 623
623 21110
21110 4920
4920 21110
21110 5311
5311 21110
21110 21110
21110 21110
21177 19802
19802 21177
21225 5745
5745 21225
21240 606
606 21240
21240 1842
1842 21240
21240 5435
5435 21240
21240 6046
6046 21240
21240 14806
14806 21240
21240 21240
21240 21240
21300 4660
4660 21300
21356 5485
5485 21356
21356 5945
5945 21356
21356 6349
6349 21356
21492 13406
13406 21492
21584 13406
13406 21584
21584 19087
19087 21584
21699 231
231 21699
21699 642
642 21699
21699 753
753 21699
21699 987
987 21699
21699 1105
1105 21699
21699 1183
1183 21699
21699 6350
6350 21699
21699 6396
6396 21699
21699 6511
6511 21699
21699 6540
6540 21699
21699 6665
6665 21699
21699 6717
6717 21699
21699 7778
7778 21699
21699 13406
13406 21699
21699 21699
21699 21699
21739 6707
6707 21739
21768 6592
6592 21768
21768 21768
21768 21768
21786 1951
1951 21786
21786 2307
2307 21786
21786 2467
2467 21786
21786 2939
2939 21786
21786 5120
5120 21786
21786 6060
6060 21786
21786 6430
6430 21786
21786 6541
6541 21786
21786 6562
6562 21786
21786 14806
14806 21786
21786 19554
19554 21786
21786 21786
21786 21786
21786 22412
22412 21786
21800 5583
5583 21800
21800 11657
11657 21800
21800 14806
14806 21800
21800 17055
17055 21800
21800 21800
21800 21800
21800 24313
24313 21800
21876 1423
1423 21876
21876 4832
4832 21876
21878 1913
1913 21878
21884 11313
11313 21884
21884 16018
16018 21884
21884 21884
21884 21884
21899 2736
2736 21899
21899 7202
7202 21899
21913 21913
21913 21913
21925 19059
19059 21925
21925 19901
19901 21925
21954 623
623 21954
21954 1221
1221 21954
21954 3055
3055 21954
21954 4242
4242 21954
21954 4967
4967 21954
21954 5115
5115 21954
21954 6447
6447 21954
21954 6511
6511 21954
21954 8996
8996 21954
21954 11722
11722 21954
21954 12900
12900 21954
21954 14806
14806 21954
21954 16678
16678 21954
21954 20904
20904 21954
21954 21954
21954 21954
21992 21992
21992 21992
21992 23219
23219 21992
22134 3610
3610 22134
22134 6670
6670 22134
22197 6027
6027 22197
22197 22197
22197 22197
22208 613
613 22208
22208 993
993 22208
22208 6524
6524 22208
22208 22208
22208 22208
22217 22217
22217 22217
22252 2467
2467 22252
22276 194
194 22276
22276 3652
3652 22276
22276 3986
3986 22276
22276 5294
5294 22276
22276 5786
5786 22276
22276 5865
5865 22276
22276 6064
6064 22276
22276 6559
6559 22276
22276 11929
11929 22276
22276 15057
15057 22276
22276 18602
18602 22276
22276 19438
19438 22276
22276 20907
20907 22276
22276 22276
22276 22276
22276 24226
24226 22276
22276 24707
24707 22276
22341 1221
1221 22341
22341 1551
1551 22341
22341 6705
6705 22341
22341 8996
8996 22341
22341 9584
9584 22341
22341 12977
12977 22341
22341 19901
19901 22341
22341 22341
22341 22341
22341 24710
24710 22341
22385 6528
6528 22385
22412 3334
3334 22412
22412 5204
5204 22412
22412 6481
6481 22412
22513 115
115 22513
22513 213
213 22513
22513 613
613 22513
22513 830
830 22513
22513 2875
2875 22513
22513 3072
3072 22513
22513 6049
6049 22513
22513 6500
6500 22513
22513 6583
6583 22513
22513 6633
6633 22513
22513 6661
6661 22513
22513 6705
6705 22513
22513 6722
6722 22513
22513 12044
12044 22513
22513 19730
19730 22513
22513 22513
22513 22513
22513 22601
22601 22513
22513 24710
24710 22513
22598 2329
2329 22598
22598 18323
18323 22598
22598 22598
22598 22598
22601 19901
19901 22601
22603 11929
11929 22603
22603 20355
20355 22603
22603 22603
22603 22603
22675 22675
22675 22675
22708 2416
2416 22708
22708 6125
6125 22708
22708 6511
6511 22708
22708 6514
6514 22708
22708 22708
22708 22708
22807 503
503 22807
22807 6577
6577 22807
22807 6685
6685 22807
22882 929
929 22882
22882 1493
1493 22882
22882 6241
6241 22882
22882 6548
6548 22882
22905 22905
22905 22905
22906 4444
4444 22906
22906 19730
19730 22906
22906 22906
22906 22906
23085 15688
15688 23085
23085 18056
18056 23085
23085 23085
23085 23085
23130 6458
6458 23130
23219 1354
1354 23219
23219 23219
23219 23219
23226 4920
4920 23226
23298 6607
6607 23298
23348 623
623 23348
23348 1312
1312 23348
23348 2626
2626 23348
23348 5958
5958 23348
23348 6124
6124 23348
23348 6411
6411 23348
23348 6689
6689 23348
23348 6702
6702 23348
23348 6730
6730 23348
23348 19426
19426 23348
23348 23348
23348 23348
23348 24532
24532 23348
23360 0
0 23360
23455 2274
2274 23455
23458 23458
23458 23458
23535 642
642 23535
23535 2831
2831 23535
23535 8996
8996 23535
23535 19901
19901 23535
23535 21058
21058 23535
23535 21786
21786 23535
23535 23535
23535 23535
23605 23605
23605 23605
23782 606
606 23782
23787 18955
18955 23787
23912 23912
23912 23912
23921 255
255 23921
23921 18602
18602 23921
23921 23921
23921 23921
23927 1842
1842 23927
23927 6677
6677 23927
23927 24313
24313 23927
23933 1829
1829 23933
23933 4685
4685 23933
23933 6405
6405 23933
23933 6426
6426 23933
23933 6440
6440 23933
23933 6464
6464 23933
23933 23921
23921 23933
23933 24033
24033 23933
23943 8363
8363 23943
23944 23944
23944 23944
24033 333
333 24033
24033 2519
2519 24033
24033 2569
2569 24033
24033 6638
6638 24033
24033 6709
6709 24033
24033 13459
13459 24033
24033 23933
23933 24033
24033 24033
24033 24033
24033 24155
24155 24033
24133 3772
3772 24133
24133 6002
6002 24133
24150 0
0 24150
24150 18602
18602 24150
24154 6476
6476 24154
24154 13969
13969 24154
24154 24154
24154 24154
24167 6677
6677 24167
24167 9239
9239 24167
24167 24537
24537 24167
24194 1753
1753 24194
24206 6453
6453 24206
24206 6538
6538 24206
24206 6540
6540 24206
24206 18323
18323 24206
24224 623
623 24224
24224 1789
1789 24224
24224 4546
4546 24224
24224 6010
6010 24224
24224 6124
6124 24224
24224 6415
6415 24224
24224 6581
6581 24224
24224 6613
6613 24224
24224 6622
6622 24224
24224 6718
6718 24224
24224 24224
24224 24224
24225 12513
12513 24225
24226 642
642 24226
24226 1190
1190 24226
24226 1403
1403 24226
24226 3652
3652 24226
24226 3874
3874 24226
24226 4932
4932 24226
24226 4967
4967 24226
24226 5204
5204 24226
24226 6124
6124 24226
24226 6310
6310 24226
24226 6437
6437 24226
24226 6438
6438 24226
24226 6501
6501 24226
24226 6571
6571 24226
24226 6595
6595 24226
24226 6623
6623 24226
24226 9239
9239 24226
24226 16223
16223 24226
24226 19827
19827 24226
24226 23272
23272 24226
24226 24226
24226 24226
24226 24568
24568 24226
24226 24641
24641 24226
24226 24695
24695 24226
24250 6729
6729 24250
24250 14806
14806 24250
24250 15814
15814 24250
24250 21058
21058 24250
24250 24250
24250 24250
24252 213
213 24252
24252 642
642 24252
24252 1851
1851 24252
24252 3168
3168 24252
24252 4213
4213 24252
24252 5447
5447 24252
24252 6574
6574 24252
24252 6612
6612 24252
24252 6724
6724 24252
24252 6752
6752 24252
24252 24252
24252 24252
24286 4066
4066 24286
24294 24294
24294 24294
24304 1741
1741 24304
24313 24313
24313 24313
24322 6737
6737 24322
24342 4086
4086 24342
24351 2815
2815 24351
24351 6672
6672 24351
24365 4920
4920 24365
24365 24365
24365 24365
24377 24442
24442 24377
24393 4242
4242 24393
24393 4331
4331 24393
24393 5658
5658 24393
24393 5745
5745 24393
24393 5862
5862 24393
24393 6210
6210 24393
24393 8289
8289 24393
24393 24393
24393 24393
24393 24537
24537 24393
24394 24394
24394 24394
24404 24404
24404 24404
24409 17333
17333 24409
24442 255
255 24442
24442 454
454 24442
24442 613
613 24442
24442 2815
2815 24442
24442 3072
3072 24442
24442 6673
6673 24442
24442 6692
6692 24442
24442 19802
19802 24442
24445 24445
24445 24445
24448 3153
3153 24448
24451 255
255 24451
24451 606
606 24451
24451 6502
6502 24451
24452 830
830 24452
24452 3874
3874 24452
24452 6217
6217 24452
24452 6432
6432 24452
24452 24452
24452 24452
24460 1692
1692 24460
24460 3705
3705 24460
24460 6282
6282 24460
24460 9239
9239 24460
24460 13684
13684 24460
24460 14806
14806 24460
24460 15361
15361 24460
24460 23927
23927 24460
24478 642
642 24478
24478 12053
12053 24478
24478 24478
24478 24478
24492 6522
6522 24492
24492 11657
11657 24492
24492 15361
15361 24492
24492 24492
24492 24492
24517 9239
9239 24517
24518 6320
6320 24518
24518 6473
6473 24518
24518 6501
6501 24518
24518 6961
6961 24518
24518 10253
10253 24518
24518 24518
24518 24518
24537 6591
6591 24537
24537 13191
13191 24537
24537 14888
14888 24537
24537 24537
24537 24537
24555 6463
6463 24555
24565 1116
1116 24565
24568 117
117 24568
24568 642
642 24568
24568 1921
1921 24568
24568 6506
6506 24568
24568 20827
20827 24568
24579 6700
6700 24579
24591 6476
6476 24591
24591 23320
23320 24591
24641 2659
2659 24641
24641 24641
24641 24641
24670 6126
6126 24670
24671 231
231 24671
24676 11100
11100 24676
24680 2184
2184 24680
24680 24680
24680 24680
24681 5146
5146 24681
24695 19827
19827 24695
24707 496
496 24707
24707 726
726 24707
24707 3334
3334 24707
24707 4086
4086 24707
24707 6064
6064 24707
24707 16223
16223 24707
24707 18602
18602 24707
24707 22276
22276 24707
24707 24226
24226 24707
24707 24518
24518 24707
24707 24707
24707 24707
24710 1904
1904 24710
24710 6543
6543 24710
24710 6684
6684 24710
24710 8993
8993 24710
24710 14387
14387 24710
24710 22513
22513 24710
24710 24710
24710 24710
24721 17290
17290 24721
24722 1741
1741 24722
24722 15688
15688 24722
24722 24722
24722 24722
