20 20
20 20
20 2831
2831 20
20 5686
5686 20
21 3804
3804 21
34 34
34 34
44 44
44 44
44 884
884 44
44 1220
1220 44
44 2602
2602 44
44 2984
2984 44
44 3609
3609 44
44 4308
4308 44
44 4361
4361 44
44 8996
8996 44
44 11313
11313 44
44 15361
15361 44
44 16591
16591 44
54 54
54 54
54 5939
5939 54
99 99
99 99
99 20907
20907 99
99 22742
22742 99
115 20
20 115
115 115
115 115
115 934
934 115
115 1595
1595 115
115 2194
2194 115
115 2349
2349 115
115 2591
2591 115
115 3218
3218 115
115 3948
3948 115
115 4109
4109 115
115 4154
4154 115
115 4196
4196 115
115 4682
4682 115
115 5654
5654 115
115 5671
5671 115
115 5687
5687 115
115 5692
5692 115
115 5776
5776 115
115 5862
5862 115
115 6001
6001 115
115 10253
10253 115
115 18619
18619 115
115 19730
19730 115
115 19827
19827 115
115 19938
19938 115
115 20907
20907 115
115 21699
21699 115
115 22513
22513 115
115 23912
23912 115
115 24252
24252 115
115 24498
24498 115
115 24710
24710 115
117 14387
14387 117
121 5171
5171 121
125 5504
5504 125
125 24393
24393 125
130 2024
2024 130
130 3391
3391 130
130 5797
5797 130
130 5800
5800 130
155 155
155 155
155 348
348 155
155 24252
24252 155
156 9549
9549 156
156 11715
11715 156
172 172
172 172
172 6003
6003 172
172 13578
13578 172
212 212
212 212
212 5643
5643 212
213 833
833 213
213 1842
1842 213
213 4154
4154 213
213 5898
5898 213
213 13191
13191 213
213 18433
18433 213
215 833
833 215
230 285
285 230
231 20
20 231
231 231
231 231
231 410
410 231
231 1135
1135 231
231 1350
1350 231
231 1486
1486 231
231 2774
2774 231
231 2875
2875 231
231 4125
4125 231
231 5600
5600 231
231 5743
5743 231
231 5748
5748 231
231 5969
5969 231
231 7648
7648 231
231 11725
11725 231
231 12519
12519 231
231 15610
15610 231
231 19999
19999 231
231 20512
20512 231
231 23348
23348 231
231 24545
24545 231
252 252
252 252
252 831
831 252
252 3337
3337 252
252 5698
5698 252
252 5804
5804 252
252 6054
6054 252
252 23921
23921 252
252 24252
24252 252
255 255
255 255
255 335
335 255
255 361
361 255
255 434
434 255
255 1221
1221 255
255 1781
1781 255
255 2682
2682 255
255 2875
2875 255
255 3055
3055 255
255 3212
3212 255
255 5633
5633 255
255 5653
5653 255
255 6114
6114 255
255 8996
8996 255
255 9025
9025 255
255 11729
11729 255
255 12473
12473 255
255 12834
12834 255
255 12900
12900 255
255 16076
16076 255
255 18438
18438 255
255 19181
19181 255
255 24252
24252 255
255 24442
24442 255
255 24558
24558 255
255 24707
24707 255
260 3719
3719 260
260 16602
16602 260
271 5939
5939 271
271 16892
16892 271
285 285
285 285
285 496
496 285
285 540
540 285
285 2592
2592 285
285 5409
5409 285
285 5783
5783 285
285 9025
9025 285
285 18764
18764 285
285 19087
19087 285
285 20285
20285 285
287 567
567 287
287 5765
5765 287
287 5797
5797 287
287 5866
5866 287
287 9842
9842 287
287 20355
20355 287
292 292
292 292
292 596
596 292
292 17706
17706 292
312 8996
8996 312
320 320
320 320
320 4242
4242 320
320 4311
4311 320
320 7648
7648 320
320 8921
8921 320
320 15940
15940 320
335 255
255 335
337 17293
17293 337
344 344
344 344
344 3563
3563 344
348 348
348 348
348 5236
5236 348
348 5604
5604 348
348 11152
11152 348
348 23912
23912 348
348 24502
24502 348
348 24695
24695 348
349 349
349 349
349 3638
3638 349
361 361
361 361
376 376
376 376
376 4920
4920 376
381 381
381 381
381 19554
19554 381
386 5658
5658 386
386 16163
16163 386
390 1458
1458 390
390 2053
2053 390
410 410
410 410
410 4685
4685 410
412 8921
8921 412
412 12834
12834 412
434 434
434 434
434 20355
20355 434
454 454
454 454
454 5660
5660 454
454 5683
5683 454
454 11408
11408 454
454 19827
19827 454
465 285
285 465
465 2497
2497 465
465 4556
4556 465
465 4876
4876 465
465 5857
5857 465
491 814
814 491
491 15332
15332 491
496 496
496 496
496 3301
3301 496
496 22276
22276 496
498 2194
2194 498
498 22513
22513 498
503 503
503 503
503 5898
5898 503
524 13578
13578 524
525 2592
2592 525
540 285
285 540
540 540
540 540
540 843
843 540
540 5409
5409 540
540 9025
9025 540
540 13604
13604 540
540 13652
13652 540
540 21058
21058 540
545 3168
3168 545
545 5903
5903 545
545 5906
5906 545
557 557
557 557
557 5518
5518 557
557 5821
5821 557
557 13191
13191 557
560 5822
5822 560
560 21746
21746 560
567 567
567 567
567 1549
1549 567
574 574
574 574
574 24152
24152 574
596 292
292 596
596 496
496 596
596 5463
5463 596
596 5533
5533 596
596 5616
5616 596
596 5692
5692 596
596 5842
5842 596
596 10253
10253 596
596 18602
18602 596
596 23203
23203 596
596 23956
23956 596
596 24695
24695 596
601 4814
4814 601
601 5602
5602 601
602 602
602 602
602 6811
6811 602
610 2179
2179 610
610 18034
18034 610
640 20904
20904 640
642 642
642 642
642 1407
1407 642
642 1836
1836 642
642 2497
2497 642
642 2682
2682 642
642 3023
3023 642
642 4970
4970 642
642 4972
4972 642
642 5329
5329 642
642 5448
5448 642
642 5506
5506 642
642 5539
5539 642
642 5655
5655 642
642 5677
5677 642
642 5685
5685 642
642 5772
5772 642
642 5858
5858 642
642 5937
5937 642
642 5996
5996 642
642 9239
9239 642
642 11698
11698 642
642 14920
14920 642
642 14969
14969 642
642 15602
15602 642
642 18602
18602 642
642 19865
19865 642
642 19946
19946 642
642 23912
23912 642
642 24183
24183 642
643 15814
15814 643
644 4920
4920 644
645 255
255 645
645 645
645 645
645 3218
3218 645
645 3420
3420 645
645 5600
5600 645
645 6095
6095 645
645 9057
9057 645
645 13066
13066 645
645 13717
13717 645
645 17180
17180 645
645 19181
19181 645
666 666
666 666
671 671
671 671
671 3946
3946 671
673 763
763 673
673 8328
8328 673
673 9045
9045 673
679 4361
4361 679
705 705
705 705
705 5132
5132 705
708 708
708 708
708 5810
5810 708
737 737
737 737
737 5616
5616 737
763 763
763 763
763 21954
21954 763
809 19105
19105 809
814 491
491 814
814 814
814 814
814 5535
5535 814
830 285
285 830
830 830
830 830
830 1346
1346 830
830 2069
2069 830
830 4568
4568 830
830 5019
5019 830
830 5152
5152 830
830 5567
5567 830
830 5759
5759 830
830 5783
5783 830
830 5807
5807 830
830 5838
5838 830
830 6627
6627 830
830 11725
11725 830
830 11967
11967 830
830 12358
12358 830
830 14414
14414 830
830 15251
15251 830
830 19087
19087 830
830 19730
19730 830
830 24695
24695 830
831 831
831 831
831 5956
5956 831
831 20907
20907 831
833 213
213 833
833 833
833 833
833 3172
3172 833
833 5282
5282 833
833 5831
5831 833
833 5878
5878 833
833 9057
9057 833
833 9812
9812 833
833 13845
13845 833
833 14414
14414 833
833 15542
15542 833
833 19730
19730 833
833 21699
21699 833
876 876
876 876
876 3563
3563 876
876 5409
5409 876
876 8996
8996 876
884 44
44 884
884 4361
4361 884
884 11657
11657 884
884 15688
15688 884
884 21240
21240 884
906 3177
3177 906
906 17475
17475 906
906 17706
17706 906
929 285
285 929
929 876
876 929
929 929
929 929
929 4280
4280 929
929 4683
4683 929
929 5227
5227 929
929 13483
13483 929
929 19901
19901 929
929 20512
20512 929
929 22276
22276 929
934 115
115 934
934 934
934 934
934 2134
2134 934
934 5869
5869 934
934 10811
10811 934
946 4
4 946
946 946
946 946
946 5659
5659 946
949 8995
8995 949
949 24498
24498 949
988 15193
15193 988
1013 115
115 1013
1013 1013
1013 1013
1013 1312
1312 1013
1013 1318
1318 1013
1013 2591
2591 1013
1013 2592
2592 1013
1013 3201
3201 1013
1013 5284
5284 1013
1013 5705
5705 1013
1013 5874
5874 1013
1013 5934
5934 1013
1013 5960
5960 1013
1013 9275
9275 1013
1013 10811
10811 1013
1013 13141
13141 1013
1013 19999
19999 1013
1013 20874
20874 1013
1013 24393
24393 1013
1018 1141
1141 1018
1018 5654
5654 1018
1018 5676
5676 1018
1018 5686
5686 1018
1018 9553
9553 1018
1018 15714
15714 1018
1018 19438
19438 1018
1020 17003
17003 1020
1038 1038
1038 1038
1038 2361
2361 1038
1044 18602
18602 1044
1045 2592
2592 1045
1045 4876
4876 1045
1045 5887
5887 1045
1045 10057
10057 1045
1045 11725
11725 1045
1045 11899
11899 1045
1045 13684
13684 1045
1045 16186
16186 1045
1045 17055
17055 1045
1045 20907
20907 1045
1045 22315
22315 1045
1050 285
285 1050
1050 3072
3072 1050
1050 17055
17055 1050
1097 833
833 1097
1105 255
255 1105
1105 344
344 1105
1105 1105
1105 1105
1105 1220
1220 1105
1105 3609
3609 1105
1105 4682
4682 1105
1105 4928
4928 1105
1105 5362
5362 1105
1105 5505
5505 1105
1105 5546
5546 1105
1105 5604
5604 1105
1105 5658
5658 1105
1105 5730
5730 1105
1105 5733
5733 1105
1105 5802
5802 1105
1105 5890
5890 1105
1105 5942
5942 1105
1105 5987
5987 1105
1105 8540
8540 1105
1105 13578
13578 1105
1105 17180
17180 1105
1105 18602
18602 1105
1105 19878
19878 1105
1105 19915
19915 1105
1105 20429
20429 1105
1105 24250
24250 1105
1109 4121
4121 1109
1109 9549
9549 1109
1119 1119
1119 1119
1133 15251
15251 1133
1137 645
645 1137
1137 1137
1137 1137
1137 1220
1220 1137
1137 5409
5409 1137
1137 5518
5518 1137
1137 5567
5567 1137
1137 5600
5600 1137
1137 5632
5632 1137
1137 5685
5685 1137
1137 5776
5776 1137
1137 5862
5862 1137
1137 8996
8996 1137
1137 11967
11967 1137
1137 20038
20038 1137
1137 22513
22513 1137
1140 4106
4106 1140
1140 5799
5799 1140
1141 17472
17472 1141
1158 4510
4510 1158
1158 20907
20907 1158
1159 2984
2984 1159
1169 1169
1169 1169
1215 4402
4402 1215
1220 1105
1105 1220
1220 1220
1220 1220
1221 1221
1221 1221
1221 5311
5311 1221
1221 5740
5740 1221
1221 5844
5844 1221
1221 22513
22513 1221
1234 6049
6049 1234
1235 255
255 1235
1244 5707
5707 1244
1244 5760
5760 1244
1244 5916
5916 1244
1248 1248
1248 1248
1248 3356
3356 1248
1264 1264
1264 1264
1264 11657
11657 1264
1312 1013
1013 1312
1312 1312
1312 1312
1312 1318
1318 1312
1312 5799
5799 1312
1312 5969
5969 1312
1312 11926
11926 1312
1313 1313
1313 1313
1313 5409
5409 1313
1313 5677
5677 1313
1313 5770
5770 1313
1313 8102
8102 1313
1313 12123
12123 1313
1318 1312
1312 1318
1318 1318
1318 1318
1318 5969
5969 1318
1346 1346
1346 1346
1346 4568
4568 1346
1346 6049
6049 1346
1346 8939
8939 1346
1346 8995
8995 1346
1346 8996
8996 1346
1383 1383
1383 1383
1384 1384
1384 1384
1384 3055
3055 1384
1384 5677
5677 1384
1384 5718
5718 1384
1384 11727
11727 1384
1384 15024
15024 1384
1392 1392
1392 1392
1392 4683
4683 1392
1393 2318
2318 1393
1393 4920
4920 1393
1393 15814
15814 1393
1403 255
255 1403
1403 1403
1403 1403
1403 5561
5561 1403
1403 5800
5800 1403
1403 5815
5815 1403
1403 6528
6528 1403
1403 14629
14629 1403
1407 1407
1407 1407
1407 19712
19712 1407
1430 255
255 1430
1430 1407
1407 1430
1430 1430
1430 1430
1430 2036
2036 1430
1430 3051
3051 1430
1430 4127
4127 1430
1430 4920
4920 1430
1430 5227
5227 1430
1430 5693
5693 1430
1430 5731
5731 1430
1430 5765
5765 1430
1430 5919
5919 1430
1430 6003
6003 1430
1430 18169
18169 1430
1430 18619
18619 1430
1430 20355
20355 1430
1430 21702
21702 1430
1430 22276
22276 1430
1430 24226
24226 1430
1458 390
390 1458
1458 8984
8984 1458
1462 1462
1462 1462
1469 1469
1469 1469
1486 1486
1486 1486
1486 3948
3948 1486
1486 20907
20907 1486
1495 5489
5489 1495
1495 24348
24348 1495
1502 1502
1502 1502
1538 3708
3708 1538
1538 5959
5959 1538
1538 15814
15814 1538
1542 1542
1542 1542
1543 21240
21240 1543
1582 1582
1582 1582
1582 21786
21786 1582
1595 1595
1595 1595
1632 285
285 1632
1632 1632
1632 1632
1632 2194
2194 1632
1632 2387
2387 1632
1632 2499
2499 1632
1632 2549
2549 1632
1632 2655
2655 1632
1632 4659
4659 1632
1632 4682
4682 1632
1632 4982
4982 1632
1632 5152
5152 1632
1632 5654
5654 1632
1632 5705
5705 1632
1632 5921
5921 1632
1632 5958
5958 1632
1632 6961
6961 1632
1632 7648
7648 1632
1632 9239
9239 1632
1632 10791
10791 1632
1632 13099
13099 1632
1632 15145
15145 1632
1632 16388
16388 1632
1632 22276
22276 1632
1632 23458
23458 1632
1632 24250
24250 1632
1654 1654
1654 1654
1658 5572
5572 1658
1658 5898
5898 1658
1658 6557
6557 1658
1658 6944
6944 1658
1658 8996
8996 1658
1658 13969
13969 1658
1658 23085
23085 1658
1667 1846
1846 1667
1667 4876
4876 1667
1667 5747
5747 1667
1692 1692
1692 1692
1692 3055
3055 1692
1692 3139
3139 1692
1692 5718
5718 1692
1692 13684
13684 1692
1708 14713
14713 1708
1730 5616
5616 1730
1740 4308
4308 1740
1740 4802
4802 1740
1740 13518
13518 1740
1740 15940
15940 1740
1740 21800
21800 1740
1741 1741
1741 1741
1741 2732
2732 1741
1741 3485
3485 1741
1741 4150
4150 1741
1741 4160
4160 1741
1741 5652
5652 1741
1741 5718
5718 1741
1741 6285
6285 1741
1741 18602
18602 1741
1741 24682
24682 1741
1780 2151
2151 1780
1780 5844
5844 1780
1780 21300
21300 1780
1780 23912
23912 1780
1781 1781
1781 1781
1781 2413
2413 1781
1781 4455
4455 1781
1781 5783
5783 1781
1781 20355
20355 1781
1781 20512
20512 1781
1789 1789
1789 1789
1800 1800
1800 1800
1800 5841
5841 1800
1836 1836
1836 1836
1842 1842
1842 1842
1842 2194
2194 1842
1842 5725
5725 1842
1842 16591
16591 1842
1846 642
642 1846
1846 1542
1542 1846
1846 1846
1846 1846
1846 1913
1913 1846
1846 3083
3083 1846
1846 4724
4724 1846
1846 4970
4970 1846
1846 4972
4972 1846
1846 5203
5203 1846
1846 5325
5325 1846
1846 5427
5427 1846
1846 5649
5649 1846
1846 5677
5677 1846
1846 5702
5702 1846
1846 5706
5706 1846
1846 5778
5778 1846
1846 5844
5844 1846
1846 5910
5910 1846
1846 5937
5937 1846
1846 5946
5946 1846
1846 6114
6114 1846
1846 13099
13099 1846
1846 14295
14295 1846
1846 15602
15602 1846
1846 18917
18917 1846
1852 1852
1852 1852
1852 18764
18764 1852
1852 19554
19554 1852
1861 5569
5569 1861
1887 115
115 1887
1887 5783
5783 1887
1887 16591
16591 1887
1887 18764
18764 1887
1899 1899
1899 1899
1901 18438
18438 1901
1907 1907
1907 1907
1907 5704
5704 1907
1913 1913
1913 1913
1913 5873
5873 1913
1934 1318
1318 1934
1937 12358
12358 1937
1937 13726
13726 1937
1951 496
496 1951
1951 1951
1951 1951
1951 5598
5598 1951
1951 5652
5652 1951
1951 5723
5723 1951
1951 5904
5904 1951
1951 5936
5936 1951
1951 5966
5966 1951
1951 5969
5969 1951
1951 17302
17302 1951
1951 20907
20907 1951
1989 1989
1989 1989
1991 19870
19870 1991
1993 1993
1993 1993
1993 5639
5639 1993
2022 2022
2022 2022
2022 5480
5480 2022
2022 6488
6488 2022
2022 19355
19355 2022
2027 5794
5794 2027
2036 2036
2036 2036
2036 5227
5227 2036
2036 5642
5642 2036
2036 5673
5673 2036
2036 5894
5894 2036
2036 5944
5944 2036
2036 13270
13270 2036
2036 14361
14361 2036
2036 20512
20512 2036
2043 11152
11152 2043
2045 9030
9030 2045
2053 390
390 2053
2053 2053
2053 2053
2053 2248
2248 2053
2053 14295
14295 2053
2053 14969
14969 2053
2053 17830
17830 2053
2053 19938
19938 2053
2134 574
574 2134
2134 934
934 2134
2134 2134
2134 2134
2134 4160
4160 2134
2134 5538
5538 2134
2134 5614
5614 2134
2134 5706
5706 2134
2134 5718
5718 2134
2134 5869
5869 2134
2134 11881
11881 2134
2134 15024
15024 2134
2134 15450
15450 2134
2134 24266
24266 2134
2134 24567
24567 2134
2143 1105
1105 2143
2147 3212
3212 2147
2151 2151
2151 2151
2184 9500
9500 2184
2194 320
320 2194
2194 814
814 2194
2194 934
934 2194
2194 1407
1407 2194
2194 1842
1842 2194
2194 2036
2036 2194
2194 2194
2194 2194
2194 3025
3025 2194
2194 3865
3865 2194
2194 4127
4127 2194
2194 4242
4242 2194
2194 4663
4663 2194
2194 5468
5468 2194
2194 5600
5600 2194
2194 5633
5633 2194
2194 5671
5671 2194
2194 5715
5715 2194
2194 5722
5722 2194
2194 5867
5867 2194
2194 5946
5946 2194
2194 7648
7648 2194
2194 8993
8993 2194
2194 8995
8995 2194
2194 9239
9239 2194
2194 12123
12123 2194
2194 13181
13181 2194
2194 13604
13604 2194
2194 15145
15145 2194
2194 17342
17342 2194
2194 19554
19554 2194
2194 19742
19742 2194
2194 19901
19901 2194
2194 21509
21509 2194
2194 21954
21954 2194
2197 597
597 2197
2197 642
642 2197
2197 5969
5969 2197
2197 5983
5983 2197
2199 5878
5878 2199
2239 11727
11727 2239
2239 12949
12949 2239
2239 16018
16018 2239
2239 17349
17349 2239
2239 18619
18619 2239
2239 20889
20889 2239
2239 22513
22513 2239
2242 1781
1781 2242
2242 2413
2413 2242
2243 5616
5616 2243
2243 5813
5813 2243
2248 2248
2248 2248
2255 9239
9239 2255
2261 2261
2261 2261
2274 2274
2274 2274
2274 4816
4816 2274
2274 23458
23458 2274
2304 19827
19827 2304
2307 2787
2787 2307
2307 5546
5546 2307
2307 5752
5752 2307
2307 5873
5873 2307
2307 13604
13604 2307
2307 20684
20684 2307
2309 1842
1842 2309
2318 2318
2318 2318
2349 115
115 2349
2349 2349
2349 2349
2361 1038
1038 2361
2361 2361
2361 2361
2361 4150
4150 2361
2361 4970
4970 2361
2361 5542
5542 2361
2361 5685
5685 2361
2361 5834
5834 2361
2361 12949
12949 2361
2361 13099
13099 2361
2361 18602
18602 2361
2361 22276
22276 2361
2387 1410
1410 2387
2387 1486
1486 2387
2387 2387
2387 2387
2387 5448
5448 2387
2387 7648
7648 2387
2387 11715
11715 2387
2387 19454
19454 2387
2387 19999
19999 2387
2387 24250
24250 2387
2392 54
54 2392
2392 5615
5615 2392
2392 5685
5685 2392
2392 11819
11819 2392
2392 16843
16843 2392
2392 20889
20889 2392
2392 23912
23912 2392
2411 763
763 2411
2411 1169
1169 2411
2411 21702
21702 2411
2413 287
287 2413
2413 1781
1781 2413
2413 2036
2036 2413
2413 2413
2413 2413
2413 3363
3363 2413
2413 5946
5946 2413
2413 18917
18917 2413
2413 19999
19999 2413
2413 20355
20355 2413
2467 1827
1827 2467
2467 9025
9025 2467
2487 1595
1595 2487
2487 1846
1846 2487
2487 2487
2487 2487
2487 4526
4526 2487
2487 5494
5494 2487
2487 5649
5649 2487
2487 5844
5844 2487
2487 10121
10121 2487
2487 16018
16018 2487
2487 19437
19437 2487
2487 21786
21786 2487
2487 23912
23912 2487
2491 1013
1013 2491
2497 424
424 2497
2497 465
465 2497
2497 642
642 2497
2497 1221
1221 2497
2497 1784
1784 2497
2497 2151
2151 2497
2497 2497
2497 2497
2497 3072
3072 2497
2497 4109
4109 2497
2497 4556
4556 2497
2497 5409
5409 2497
2497 5454
5454 2497
2497 5648
5648 2497
2497 5685
5685 2497
2497 5715
5715 2497
2497 5718
5718 2497
2497 5740
5740 2497
2497 5844
5844 2497
2497 5871
5871 2497
2497 5875
5875 2497
2497 5967
5967 2497
2497 6000
6000 2497
2497 11698
11698 2497
2497 18602
18602 2497
2497 19730
19730 2497
2497 19946
19946 2497
2497 20512
20512 2497
2497 21107
21107 2497
2499 5518
5518 2499
2499 5768
5768 2499
2499 19870
19870 2499
2508 5833
5833 2508
2508 12774
12774 2508
2514 4472
4472 2514
2549 1632
1632 2549
2549 2549
2549 2549
2549 5815
5815 2549
2549 15688
15688 2549
2549 22217
22217 2549
2563 833
833 2563
2563 5311
5311 2563
2563 5701
5701 2563
2581 11157
11157 2581
2583 16880
16880 2583
2583 22315
22315 2583
2591 1013
1013 2591
2591 2591
2591 2591
2591 24252
24252 2591
2592 285
285 2592
2592 496
496 2592
2592 1018
1018 2592
2592 1318
1318 2592
2592 1654
1654 2592
2592 1951
1951 2592
2592 2592
2592 2592
2592 3324
3324 2592
2592 3334
3334 2592
2592 4408
4408 2592
2592 5677
5677 2592
2592 5686
5686 2592
2592 5782
5782 2592
2592 5803
5803 2592
2592 5828
5828 2592
2592 5871
5871 2592
2592 5874
5874 2592
2592 6961
6961 2592
2592 8820
8820 2592
2592 9239
9239 2592
2592 9275
9275 2592
2592 10566
10566 2592
2592 10605
10605 2592
2592 10811
10811 2592
2592 12135
12135 2592
2592 12900
12900 2592
2592 14029
14029 2592
2592 15940
15940 2592
2592 20684
20684 2592
2592 21300
21300 2592
2602 2602
2602 2602
2609 24252
24252 2609
2622 2622
2622 2622
2622 3502
3502 2622
2622 8996
8996 2622
2622 16018
16018 2622
2628 2628
2628 2628
2628 4920
4920 2628
2628 5639
5639 2628
2628 11700
11700 2628
2629 172
172 2629
2629 4121
4121 2629
2629 4920
4920 2629
2629 15570
15570 2629
2629 18574
18574 2629
2629 19901
19901 2629
2629 20512
20512 2629
2629 22486
22486 2629
2633 5900
5900 2633
2633 5916
5916 2633
2633 18602
18602 2633
2654 15714
15714 2654
2713 2713
2713 2713
2713 20907
20907 2713
2713 24408
24408 2713
2732 2732
2732 2732
2732 8540
8540 2732
2732 12358
12358 2732
2748 1784
1784 2748
2748 5518
5518 2748
2787 1913
1913 2787
2787 2787
2787 2787
2811 2811
2811 2811
2811 5600
5600 2811
2811 12834
12834 2811
2811 13969
13969 2811
2811 19938
19938 2811
2811 22208
22208 2811
2831 763
763 2831
2840 5915
5915 2840
2875 231
231 2875
2875 2875
2875 2875
2875 12834
12834 2875
2906 5615
5615 2906
2939 18619
18619 2939
2998 5345
5345 2998
2998 12834
12834 2998
3018 5079
5079 3018
3018 12209
12209 3018
3023 642
642 3023
3023 3023
3023 3023
3025 3025
3025 3025
3035 20874
20874 3035
3049 3049
3049 3049
3049 4237
4237 3049
3049 5702
5702 3049
3049 12949
12949 3049
3049 20512
20512 3049
3051 1430
1430 3051
3055 1384
1384 3055
3055 3055
3055 3055
3055 5518
5518 3055
3055 5542
5542 3055
3072 3072
3072 3072
3113 130
130 3113
3113 3113
3113 3113
3113 4402
4402 3113
3113 5132
5132 3113
3113 5878
5878 3113
3113 15940
15940 3113
3113 16843
16843 3113
3113 22276
22276 3113
3113 24226
24226 3113
3123 5311
5311 3123
3143 3143
3143 3143
3143 5468
5468 3143
3148 4472
4472 3148
3168 12135
12135 3168
3168 22882
22882 3168
3172 285
285 3172
3172 503
503 3172
3172 833
833 3172
3172 1502
1502 3172
3172 1913
1913 3172
3172 3172
3172 3172
3172 4920
4920 3172
3172 5656
5656 3172
3172 5660
5660 3172
3172 5775
5775 3172
3172 8996
8996 3172
3172 15450
15450 3172
3172 19901
19901 3172
3172 19999
19999 3172
3172 20907
20907 3172
3172 21786
21786 3172
3172 23711
23711 3172
3201 3201
3201 3201
3203 16843
16843 3203
3212 3212
3212 3212
3212 6811
6811 3212
3218 934
934 3218
3218 1384
1384 3218
3218 3218
3218 3218
3218 12358
12358 3218
3218 15382
15382 3218
3218 16186
16186 3218
3223 3223
3223 3223
3227 1018
1018 3227
3227 3227
3227 3227
3227 3946
3946 3227
3227 4308
4308 3227
3227 4682
4682 3227
3227 4928
4928 3227
3227 5727
5727 3227
3227 5964
5964 3227
3227 9682
9682 3227
3227 11669
11669 3227
3227 17880
17880 3227
3227 21337
21337 3227
3227 22134
22134 3227
3227 24633
24633 3227
3229 3229
3229 3229
3250 5540
5540 3250
3250 5569
5569 3250
3295 19149
19149 3295
3324 3324
3324 3324
3330 5569
5569 3330
3334 2592
2592 3334
3334 3334
3334 3334
3334 15057
15057 3334
3337 15814
15814 3337
3337 16781
16781 3337
3356 1248
1248 3356
3363 3363
3363 3363
3391 19901
19901 3391
3420 645
645 3420
3420 3420
3420 3420
3425 4972
4972 3425
3425 5783
5783 3425
3425 23348
23348 3425
3483 3483
3483 3483
3502 3502
3502 3502
3528 2732
2732 3528
3528 3528
3528 3528
3528 5617
5617 3528
3528 5652
5652 3528
3528 5913
5913 3528
3528 18034
18034 3528
3528 21110
21110 3528
3528 21699
21699 3528
3563 3563
3563 3563
3577 4870
4870 3577
3581 20355
20355 3581
3591 20817
20817 3591
3609 344
344 3609
3609 1105
1105 3609
3609 1220
1220 3609
3609 2349
2349 3609
3609 3609
3609 3609
3609 4682
4682 3609
3609 5963
5963 3609
3609 8996
8996 3609
3609 12670
12670 3609
3609 13118
13118 3609
3609 16099
16099 3609
3609 19730
19730 3609
3609 20429
20429 3609
3609 22513
22513 3609
3620 3620
3620 3620
3620 5489
5489 3620
3620 8996
8996 3620
3620 23711
23711 3620
3622 5963
5963 3622
3638 349
349 3638
3638 3638
3638 3638
3638 5311
5311 3638
3638 7940
7940 3638
3638 19105
19105 3638
3684 5801
5801 3684
3684 14920
14920 3684
3705 5311
5311 3705
3705 13518
13518 3705
3708 3708
3708 3708
3708 5959
5959 3708
3719 3719
3719 3719
3719 11579
11579 3719
3733 3025
3025 3733
3756 3993
3993 3756
3756 5849
5849 3756
3757 831
831 3757
3757 5731
5731 3757
3757 5810
5810 3757
3757 5956
5956 3757
3757 9177
9177 3757
3757 15282
15282 3757
3757 23203
23203 3757
3804 3804
3804 3804
3804 5235
5235 3804
3804 5822
5822 3804
3804 5858
5858 3804
3804 18604
18604 3804
3834 12834
12834 3834
3843 5658
5658 3843
3864 3864
3864 3864
3865 3865
3865 3865
3865 5645
5645 3865
3874 255
255 3874
3897 3897
3897 3897
3897 19181
19181 3897
3946 20
20 3946
3946 567
567 3946
3946 671
671 3946
3946 2549
2549 3946
3946 3946
3946 3946
3946 5366
5366 3946
3946 5692
5692 3946
3946 5769
5769 3946
3946 5802
5802 3946
3946 5867
5867 3946
3946 7648
7648 3946
3946 15361
15361 3946
3946 17880
17880 3946
3946 24498
24498 3946
3947 14224
14224 3947
3947 24029
24029 3947
3993 3756
3756 3993
3993 3993
3993 3993
4004 4004
4004 4004
4004 6557
6557 4004
4029 5939
5939 4029
4051 5189
5189 4051
4084 24033
24033 4084
4086 18619
18619 4086
4106 5794
5794 4106
4106 5858
5858 4106
4106 23970
23970 4106
4109 1789
1789 4109
4109 2176
2176 4109
4109 4109
4109 4109
4109 5054
5054 4109
4109 5152
5152 4109
4109 9025
9025 4109
4109 13027
13027 4109
4109 14224
14224 4109
4109 15602
15602 4109
4109 19827
19827 4109
4109 22217
22217 4109
4109 22807
22807 4109
4121 644
644 4121
4121 4121
4121 4121
4121 4920
4920 4121
4121 5086
5086 4121
4121 5572
5572 4121
4121 5639
5639 4121
4121 5689
5689 4121
4121 5735
5735 4121
4121 5815
5815 4121
4121 5858
5858 4121
4121 10253
10253 4121
4121 11700
11700 4121
4121 11929
11929 4121
4121 16028
16028 4121
4121 24504
24504 4121
4125 4125
4125 4125
4125 4231
4231 4125
4125 4455
4455 4125
4125 11630
11630 4125
4125 12209
12209 4125
4125 12473
12473 4125
4125 20355
20355 4125
4127 4127
4127 4127
4128 3609
3609 4128
4140 833
833 4140
4140 16018
16018 4140
4150 4150
4150 4150
4154 4154
4154 4154
4154 4682
4682 4154
4154 5727
5727 4154
4160 2134
2134 4160
4160 4160
4160 4160
4160 15024
15024 4160
4173 1221
1221 4173
4173 4160
4160 4173
4173 5330
5330 4173
4173 5677
5677 4173
4187 4187
4187 4187
4187 5751
5751 4187
4196 20907
20907 4196
4223 645
645 4223
4223 19870
19870 4223
4225 2862
2862 4225
4225 4225
4225 4225
4225 6937
6937 4225
4231 24252
24252 4231
4237 642
642 4237
4237 2497
2497 4237
4237 3025
3025 4237
4237 3049
3049 4237
4237 4237
4237 4237
4237 10121
10121 4237
4237 12949
12949 4237
4237 14387
14387 4237
4237 18917
18917 4237
4237 20512
20512 4237
4240 12358
12358 4240
4242 285
285 4242
4242 320
320 4242
4242 645
645 4242
4242 884
884 4242
4242 2356
2356 4242
4242 2387
2387 4242
4242 2984
2984 4242
4242 3391
3391 4242
4242 4242
4242 4242
4242 5362
5362 4242
4242 5409
5409 4242
4242 5504
5504 4242
4242 5617
5617 4242
4242 5764
5764 4242
4242 5786
5786 4242
4242 5866
5866 4242
4242 5893
5893 4242
4242 5926
5926 4242
4242 5997
5997 4242
4242 6991
6991 4242
4242 7499
7499 4242
4242 9025
9025 4242
4242 9057
9057 4242
4242 9275
9275 4242
4242 11756
11756 4242
4242 11899
11899 4242
4242 13072
13072 4242
4242 14034
14034 4242
4242 14232
14232 4242
4242 14969
14969 4242
4242 16843
16843 4242
4242 16998
16998 4242
4242 17085
17085 4242
4242 17880
17880 4242
4242 19827
19827 4242
4242 20907
20907 4242
4242 22276
22276 4242
4242 22742
22742 4242
4242 24226
24226 4242
4242 24250
24250 4242
4255 496
496 4255
4255 2387
2387 4255
4255 5711
5711 4255
4255 5828
5828 4255
4255 5838
5838 4255
4255 7648
7648 4255
4280 4280
4280 4280
4280 4664
4664 4280
4280 5878
5878 4280
4280 6278
6278 4280
4280 20512
20512 4280
4282 4282
4282 4282
4282 8996
8996 4282
4282 9031
9031 4282
4396 2655
2655 4396
4402 3113
3113 4402
4402 4402
4402 4402
4408 12670
12670 4408
4440 596
596 4440
4440 673
673 4440
4440 705
705 4440
4440 3804
3804 4440
4440 4440
4440 4440
4440 19166
19166 4440
4440 19865
19865 4440
4440 19878
19878 4440
4449 5782
5782 4449
4449 6961
6961 4449
4449 13141
13141 4449
4449 22276
22276 4449
4449 24191
24191 4449
4472 2514
2514 4472
4526 4526
4526 4526
4526 17736
17736 4526
4533 3356
3356 4533
4556 4556
4556 4556
4568 830
830 4568
4578 3865
3865 4578
4600 4600
4600 4600
4613 18619
18619 4613
4615 2413
2413 4615
4659 4659
4659 4659
4659 5616
5616 4659
4659 9239
9239 4659
4663 14888
14888 4663
4664 17338
17338 4664
4665 5973
5973 4665
4666 4666
4666 4666
4666 5329
5329 4666
4666 5362
5362 4666
4682 3227
3227 4682
4682 4154
4154 4682
4682 4682
4682 4682
4683 4683
4683 4683
4685 255
255 4685
4685 285
285 4685
4685 410
410 4685
4685 4685
4685 4685
4685 5803
5803 4685
4685 5875
5875 4685
4685 5973
5973 4685
4685 6049
6049 4685
4685 6937
6937 4685
4685 9025
9025 4685
4685 16076
16076 4685
4685 19181
19181 4685
4685 22315
22315 4685
4685 23348
23348 4685
4685 24558
24558 4685
4712 5878
5878 4712
4712 18602
18602 4712
4724 4724
4724 4724
4724 12894
12894 4724
4785 5665
5665 4785
4802 4802
4802 4802
4802 5409
5409 4802
4802 7940
7940 4802
4802 11657
11657 4802
4802 14806
14806 4802
4816 2274
2274 4816
4816 23348
23348 4816
4846 5922
5922 4846
4870 4870
4870 4870
4870 22276
22276 4870
4876 4952
4952 4876
4879 44
44 4879
4879 2602
2602 4879
4879 5866
5866 4879
4879 8996
8996 4879
4885 4885
4885 4885
4885 23348
23348 4885
4898 4898
4898 4898
4920 172
172 4920
4920 376
376 4920
4920 644
644 4920
4920 1582
1582 4920
4920 2194
2194 4920
4920 2487
2487 4920
4920 2628
2628 4920
4920 4121
4121 4920
4920 4282
4282 4920
4920 4683
4683 4920
4920 4920
4920 4920
4920 5546
5546 4920
4920 5569
5569 4920
4920 5604
5604 4920
4920 5639
5639 4920
4920 5641
5641 4920
4920 5673
5673 4920
4920 5693
5693 4920
4920 5738
5738 4920
4920 5746
5746 4920
4920 5797
5797 4920
4920 5834
5834 4920
4920 9776
9776 4920
4920 20355
20355 4920
4920 20817
20817 4920
4920 21786
21786 4920
4920 22486
22486 4920
4920 23711
23711 4920
4928 285
285 4928
4928 934
934 4928
4928 4928
4928 4928
4928 5600
5600 4928
4928 5687
5687 4928
4928 5790
5790 4928
4928 11756
11756 4928
4937 4937
4937 4937
4937 13184
13184 4937
4950 4950
4950 4950
4952 3177
3177 4952
4952 4876
4876 4952
4952 4952
4952 4952
4952 5748
5748 4952
4965 4965
4965 4965
4965 18619
18619 4965
4970 4970
4970 4970
4972 3425
3425 4972
4982 4982
4982 4982
4982 13406
13406 4982
4989 4989
4989 4989
4989 5795
5795 4989
4989 5898
5898 4989
4989 23203
23203 4989
5052 5950
5950 5052
5054 4109
4109 5054
5054 4237
4237 5054
5054 5054
5054 5054
5054 5648
5648 5054
5054 5768
5768 5054
5060 5060
5060 5060
5060 19355
19355 5060
5066 15688
15688 5066
5079 3018
3018 5079
5079 5079
5079 5079
5115 6961
6961 5115
5115 9239
9239 5115
5127 255
255 5127
5127 285
285 5127
5127 24252
24252 5127
5127 24558
24558 5127
5132 3113
3113 5132
5132 5132
5132 5132
5132 11149
11149 5132
5132 24250
24250 5132
5147 13271
13271 5147
5152 285
285 5152
5152 344
344 5152
5152 601
601 5152
5152 1133
1133 5152
5152 1632
1632 5152
5152 1781
1781 5152
5152 2239
2239 5152
5152 4109
4109 5152
5152 5152
5152 5152
5152 5331
5331 5152
5152 5821
5821 5152
5152 5856
5856 5152
5152 6049
6049 5152
5152 11577
11577 5152
5152 11967
11967 5152
5152 13118
13118 5152
5152 14587
14587 5152
5152 15251
15251 5152
5152 17349
17349 5152
5152 20917
20917 5152
5152 21954
21954 5152
5152 24445
24445 5152
5162 1781
1781 5162
5171 121
121 5171
5171 5171
5171 5171
5171 5670
5670 5171
5178 5178
5178 5178
5178 5533
5533 5178
5178 5673
5673 5178
5178 5689
5689 5178
5178 5801
5801 5178
5178 17454
17454 5178
5178 20817
20817 5178
5178 20907
20907 5178
5181 5821
5821 5181
5181 7940
7940 5181
5189 4051
4051 5189
5189 5616
5616 5189
5192 13184
13184 5192
5196 8984
8984 5196
5196 10811
10811 5196
5198 13483
13483 5198
5203 5203
5203 5203
5203 10811
10811 5203
5221 5221
5221 5221
5227 1106
1106 5227
5227 2036
2036 5227
5236 5236
5236 5236
5236 24226
24226 5236
5257 5257
5257 5257
5261 1913
1913 5261
5261 4937
4937 5261
5261 5261
5261 5261
5261 5898
5898 5261
5261 5906
5906 5261
5261 5973
5973 5261
5282 344
344 5282
5282 833
833 5282
5282 2349
2349 5282
5282 5152
5152 5282
5282 5282
5282 5282
5282 5632
5632 5282
5282 5765
5765 5282
5284 1018
1018 5284
5284 5600
5600 5284
5284 5676
5676 5284
5284 5688
5688 5284
5284 7410
7410 5284
5284 17003
17003 5284
5284 24393
24393 5284
5284 24570
24570 5284
5311 285
285 5311
5311 596
596 5311
5311 1146
1146 5311
5311 1221
1221 5311
5311 2416
2416 5311
5311 3123
3123 5311
5311 3139
3139 5311
5311 3528
3528 5311
5311 3638
3638 5311
5311 4150
4150 5311
5311 5311
5311 5311
5311 5538
5538 5311
5311 5646
5646 5311
5311 5677
5677 5311
5311 5734
5734 5311
5311 5740
5740 5311
5311 5755
5755 5311
5311 5772
5772 5311
5311 5832
5832 5311
5311 5866
5866 5311
5311 12123
12123 5311
5311 12560
12560 5311
5311 12646
12646 5311
5311 14969
14969 5311
5311 15814
15814 5311
5311 18602
18602 5311
5311 20907
20907 5311
5324 5324
5324 5324
5324 7778
7778 5324
5324 9842
9842 5324
5325 540
540 5325
5329 3609
3609 5329
5329 4666
4666 5329
5329 5329
5329 5329
5329 5362
5362 5329
5329 5866
5866 5329
5329 5867
5867 5329
5329 6285
6285 5329
5329 8996
8996 5329
5329 10408
10408 5329
5329 11971
11971 5329
5329 20387
20387 5329
5329 24381
24381 5329
5345 5345
5345 5345
5345 24710
24710 5345
5362 4666
4666 5362
5362 5362
5362 5362
5362 11669
11669 5362
5371 5371
5371 5371
5371 19438
19438 5371
5401 5401
5401 5401
5401 5887
5887 5401
5409 285
285 5409
5409 1137
1137 5409
5409 1313
1313 5409
5409 5311
5311 5409
5409 5409
5409 5409
5409 11881
11881 5409
5409 15024
15024 5409
5409 18602
18602 5409
5409 19730
19730 5409
5409 24710
24710 5409
5427 5427
5427 5427
5427 17675
17675 5427
5448 5311
5311 5448
5448 20512
20512 5448
5454 2497
2497 5454
5463 5463
5463 5463
5475 4371
4371 5475
5475 5244
5244 5475
5477 16900
16900 5477
5480 1913
1913 5480
5480 5604
5604 5480
5480 5828
5828 5480
5480 5868
5868 5480
5480 14920
14920 5480
5480 19712
19712 5480
5480 24518
24518 5480
5485 24065
24065 5485
5489 5489
5489 5489
5489 24250
24250 5489
5494 5836
5836 5494
5497 5497
5497 5497
5504 5504
5504 5504
5504 17843
17843 5504
5506 5506
5506 5506
5506 5667
5667 5506
5506 19438
19438 5506
5518 335
335 5518
5518 2499
2499 5518
5518 2748
2748 5518
5518 3055
3055 5518
5518 5518
5518 5518
5518 19938
19938 5518
5519 2497
2497 5519
5519 5519
5519 5519
5519 5655
5655 5519
5519 13099
13099 5519
5519 14387
14387 5519
5519 19149
19149 5519
5519 20512
20512 5519
5526 5875
5875 5526
5533 596
596 5533
5533 5533
5533 5533
5533 5689
5689 5533
5533 6974
6974 5533
5539 5539
5539 5539
5544 4682
4682 5544
5544 16591
16591 5544
5545 5545
5545 5545
5545 8996
8996 5545
5546 5546
5546 5546
5565 5565
5565 5565
5572 285
285 5572
5572 1658
1658 5572
5572 2592
2592 5572
5572 3638
3638 5572
5572 5572
5572 5572
5572 5871
5871 5572
5572 5987
5987 5572
5572 16601
16601 5572
5572 24393
24393 5572
5576 5576
5576 5576
5580 5492
5492 5580
5580 5580
5580 5580
5584 5584
5584 5584
5596 5596
5596 5596
5600 830
830 5600
5600 1749
1749 5600
5600 2811
2811 5600
5600 3563
3563 5600
5600 4928
4928 5600
5600 5600
5600 5600
5600 15259
15259 5600
5602 2194
2194 5602
5602 5600
5600 5602
5602 5602
5602 5602
5604 348
348 5604
5604 5480
5480 5604
5604 5604
5604 5604
5609 5609
5609 5609
5611 15940
15940 5611
5614 2134
2134 5614
5615 5615
5615 5615
5615 5631
5631 5615
5615 22708
22708 5615
5616 130
130 5616
5616 737
737 5616
5616 1730
1730 5616
5616 2243
2243 5616
5616 4659
4659 5616
5616 5189
5189 5616
5616 5616
5616 5616
5616 24127
24127 5616
5617 2361
2361 5617
5617 4242
4242 5617
5617 5617
5617 5617
5617 18619
18619 5617
5623 5623
5623 5623
5623 5626
5626 5623
5624 23348
23348 5624
5631 5631
5631 5631
5632 5282
5282 5632
5632 5632
5632 5632
5632 14387
14387 5632
5632 14414
14414 5632
5632 14888
14888 5632
5633 5633
5633 5633
5634 5634
5634 5634
5634 5829
5829 5634
5634 9239
9239 5634
5634 13684
13684 5634
5636 5636
5636 5636
5638 17768
17768 5638
5639 1313
1313 5639
5639 1993
1993 5639
5639 2179
2179 5639
5639 4920
4920 5639
5639 5324
5324 5639
5639 5616
5616 5639
5639 5639
5639 5639
5639 21746
21746 5639
5641 5738
5738 5641
5643 212
212 5643
5643 5643
5643 5643
5644 3559
3559 5644
5645 255
255 5645
5645 3865
3865 5645
5645 5645
5645 5645
5646 2022
2022 5646
5646 3337
3337 5646
5646 3528
3528 5646
5646 3708
3708 5646
5646 4816
4816 5646
5646 5646
5646 5646
5646 18604
18604 5646
5646 20907
20907 5646
5647 1642
1642 5647
5648 5648
5648 5648
5650 4086
4086 5650
5651 21337
21337 5651
5652 1741
1741 5652
5652 1951
1951 5652
5653 5649
5649 5653
5653 11698
11698 5653
5655 5519
5519 5655
5656 3172
3172 5656
5658 5658
5658 5658
5658 5843
5843 5658
5658 18602
18602 5658
5660 454
454 5660
5660 5660
5660 5660
5660 8939
8939 5660
5665 5506
5506 5665
5666 15024
15024 5666
5667 5199
5199 5667
5667 5506
5506 5667
5667 5665
5665 5667
5667 6991
6991 5667
5667 15935
15935 5667
5670 5171
5171 5670
5671 115
115 5671
5671 5671
5671 5671
5672 5654
5654 5672
5673 5673
5673 5673
5674 11936
11936 5674
5677 642
642 5677
5677 1384
1384 5677
5677 1842
1842 5677
5677 2592
2592 5677
5677 4876
4876 5677
5677 5261
5261 5677
5677 5311
5311 5677
5677 5677
5677 5677
5677 5718
5718 5677
5677 5876
5876 5677
5677 8988
8988 5677
5677 13196
13196 5677
5677 14304
14304 5677
5677 24329
24329 5677
5679 5679
5679 5679
5682 5682
5682 5682
5685 5685
5685 5685
5685 8995
8995 5685
5686 20
20 5686
5686 3334
3334 5686
5686 5676
5676 5686
5686 5686
5686 5686
5686 5793
5793 5686
5686 14969
14969 5686
5689 5689
5689 5689
5689 5693
5693 5689
5692 5692
5692 5692
5693 4920
4920 5693
5693 5689
5689 5693
5693 5693
5693 5693
5693 9842
9842 5693
5696 1998
1998 5696
5698 252
252 5698
5701 18602
18602 5701
5702 1846
1846 5702
5702 5702
5702 5702
5702 5718
5718 5702
5704 5704
5704 5704
5704 5705
5705 5704
5705 5704
5704 5705
5706 23707
23707 5706
5707 5707
5707 5707
5707 9842
9842 5707
5708 5708
5708 5708
5711 5711
5711 5711
5712 5712
5712 5712
5713 9275
9275 5713
5714 5714
5714 5714
5714 18619
18619 5714
5715 5715
5715 5715
5715 23348
23348 5715
5718 1384
1384 5718
5718 1692
1692 5718
5718 5718
5718 5718
5718 24710
24710 5718
5720 24640
24640 5720
5722 5722
5722 5722
5723 1202
1202 5723
5723 5723
5723 5723
5725 1842
1842 5725
5725 5725
5725 5725
5726 13483
13483 5726
5727 5727
5727 5727
5730 5730
5730 5730
5730 15428
15428 5730
5731 1430
1430 5731
5731 21702
21702 5731
5732 5718
5718 5732
5733 1105
1105 5733
5733 9553
9553 5733
5737 15841
15841 5737
5738 5641
5641 5738
5738 5738
5738 5738
5739 5739
5739 5739
5740 5740
5740 5740
5741 8820
8820 5741
5742 23912
23912 5742
5743 231
231 5743
5743 19999
19999 5743
5744 2946
2946 5744
5746 12720
12720 5746
5748 5748
5748 5748
5749 14691
14691 5749
5751 4187
4187 5751
5754 54
54 5754
5754 5801
5801 5754
5754 24445
24445 5754
5758 5758
5758 5758
5758 18401
18401 5758
5760 5760
5760 5760
5765 1430
1430 5765
5765 5765
5765 5765
5766 20889
20889 5766
5768 2499
2499 5768
5768 5768
5768 5768
5768 16388
16388 5768
5768 24252
24252 5768
5769 5769
5769 5769
5769 16076
16076 5769
5770 1313
1313 5770
5771 5654
5654 5771
5772 642
642 5772
5776 115
115 5776
5776 5776
5776 5776
5776 19105
19105 5776
5777 10791
10791 5777
5779 1119
1119 5779
5780 24695
24695 5780
5783 830
830 5783
5783 5783
5783 5783
5783 6627
6627 5783
5783 11779
11779 5783
5783 23348
23348 5783
5785 3334
3334 5785
5786 4242
4242 5786
5788 5788
5788 5788
5790 10811
10811 5790
5791 5791
5791 5791
5792 13810
13810 5792
5793 642
642 5793
5793 3334
3334 5793
5793 3719
3719 5793
5793 5793
5793 5793
5795 2052
2052 5795
5795 4989
4989 5795
5795 5795
5795 5795
5795 5896
5896 5795
5795 5980
5980 5795
5795 17706
17706 5795
5795 19087
19087 5795
5797 5797
5797 5797
5798 14920
14920 5798
5799 5799
5799 5799
5801 5754
5754 5801
5801 5801
5801 5801
5801 14920
14920 5801
5804 252
252 5804
5805 16018
16018 5805
5806 21213
21213 5806
5807 1693
1693 5807
5807 5807
5807 5807
5807 5847
5847 5807
5807 8996
8996 5807
5812 22513
22513 5812
5813 2243
2243 5813
5814 22199
22199 5814
5815 2549
2549 5815
5820 5115
5115 5820
5821 5152
5152 5821
5821 5821
5821 5821
5821 13066
13066 5821
5822 5822
5822 5822
5825 5825
5825 5825
5826 5826
5826 5826
5828 5828
5828 5828
5828 12135
12135 5828
5829 5634
5634 5829
5834 5834
5834 5834
5834 17706
17706 5834
5835 18764
18764 5835
5838 5838
5838 5838
5840 18034
18034 5840
5841 1800
1800 5841
5841 8305
8305 5841
5842 5842
5842 5842
5844 19742
19742 5844
5845 1693
1693 5845
5846 16513
16513 5846
5847 5807
5807 5847
5847 5847
5847 5847
5850 15617
15617 5850
5853 6845
6845 5853
5856 285
285 5856
5856 9239
9239 5856
5856 12358
12358 5856
5858 5858
5858 5858
5861 5849
5849 5861
5862 115
115 5862
5863 5863
5863 5863
5864 13969
13969 5864
5866 5311
5311 5866
5866 5866
5866 5866
5866 14387
14387 5866
5867 5867
5867 5867
5869 934
934 5869
5869 4875
4875 5869
5869 20892
20892 5869
5870 14171
14171 5870
5871 5871
5871 5871
5872 5872
5872 5872
5872 20907
20907 5872
5873 1913
1913 5873
5874 1013
1013 5874
5874 10811
10811 5874
5877 5876
5876 5877
5879 5878
5878 5879
5879 5879
5879 5879
5883 5883
5883 5883
5883 5946
5946 5883
5883 6811
6811 5883
5884 5859
5859 5884
5884 5878
5878 5884
5889 13184
13184 5889
5893 9177
9177 5893
5893 14969
14969 5893
5898 213
213 5898
5898 4989
4989 5898
5898 5898
5898 5898
5898 14920
14920 5898
5899 5899
5899 5899
5904 1951
1951 5904
5905 2831
2831 5905
5905 5905
5905 5905
5906 545
545 5906
5908 12900
12900 5908
5909 18602
18602 5909
5912 9031
9031 5912
5915 2840
2840 5915
5917 5916
5916 5917
5918 5918
5918 5918
5918 6557
6557 5918
5919 1502
1502 5919
5919 5919
5919 5919
5920 5920
5920 5920
5920 7778
7778 5920
5921 1632
1632 5921
5922 4846
4846 5922
5922 5922
5922 5922
5924 21509
21509 5924
5926 5926
5926 5926
5932 7940
7940 5932
5934 1013
1013 5934
5934 5934
5934 5934
5936 14361
14361 5936
5937 642
642 5937
5939 4029
4029 5939
5939 5939
5939 5939
5939 12069
12069 5939
5941 5910
5910 5941
5942 5942
5942 5942
5944 5894
5894 5944
5946 1846
1846 5946
5946 5883
5883 5946
5946 5946
5946 5946
5946 5957
5957 5946
5947 5947
5947 5947
5948 5951
5951 5948
5950 5052
5052 5950
5950 5950
5950 5950
5952 2497
2497 5952
5954 20355
20355 5954
5956 9177
9177 5956
5956 24226
24226 5956
5957 5946
5946 5957
5958 5958
5958 5958
5958 23348
23348 5958
5959 3708
3708 5959
5959 5959
5959 5959
5960 1013
1013 5960
5960 10566
10566 5960
5963 3622
3622 5963
5963 5963
5963 5963
5964 5964
5964 5964
5965 18428
18428 5965
5966 1951
1951 5966
5967 11967
11967 5967
5969 1318
1318 5969
5969 5983
5983 5969
5971 5971
5971 5971
5972 5972
5972 5972
5973 5973
5973 5973
5976 1318
1318 5976
5977 5977
5977 5977
5979 18602
18602 5979
5980 5980
5980 5980
5981 16018
16018 5981
5982 13155
13155 5982
5983 5969
5969 5983
5984 5913
5913 5984
5989 5989
5989 5989
5990 5990
5990 5990
5994 12646
12646 5994
5995 5995
5995 5995
5996 5996
5996 5996
5998 5306
5306 5998
5998 5987
5987 5998
6049 1507
1507 6049
6049 4928
4928 6049
6049 6049
6049 6049
6049 11861
11861 6049
6049 15688
15688 6049
6054 252
252 6054
6095 645
645 6095
6095 814
814 6095
6095 5649
5649 6095
6095 5653
5653 6095
6095 5702
5702 6095
6095 13717
13717 6095
6114 1846
1846 6114
6114 11756
11756 6114
6197 3865
3865 6197
6278 285
285 6278
6278 9025
9025 6278
6278 11936
11936 6278
6278 20512
20512 6278
6285 6285
6285 6285
6285 9239
9239 6285
6285 21800
21800 6285
6285 24451
24451 6285
6485 15360
15360 6485
6528 1403
1403 6528
6528 2069
2069 6528
6528 17293
17293 6528
6528 18088
18088 6528
6557 814
814 6557
6557 3603
3603 6557
6557 4004
4004 6557
6557 5665
5665 6557
6557 5768
5768 6557
6557 5833
5833 6557
6557 5863
5863 6557
6557 5866
5866 6557
6557 5918
5918 6557
6557 5970
5970 6557
6557 6557
6557 6557
6557 8820
8820 6557
6557 14232
14232 6557
6557 14806
14806 6557
6557 19438
19438 6557
6627 5783
5783 6627
6640 8996
8996 6640
6811 1220
1220 6811
6811 2875
2875 6811
6811 5682
5682 6811
6811 5883
5883 6811
6811 6811
6811 6811
6811 11313
11313 6811
6811 12834
12834 6811
6811 15602
15602 6811
6845 642
642 6845
6845 1221
1221 6845
6845 2497
2497 6845
6845 5648
5648 6845
6845 5747
5747 6845
6845 5853
5853 6845
6845 6845
6845 6845
6874 1632
1632 6874
6874 19135
19135 6874
6944 231
231 6944
6944 1658
1658 6944
6944 6944
6944 6944
6944 11725
11725 6944
6944 13578
13578 6944
6944 13969
13969 6944
6944 15259
15259 6944
6944 18619
18619 6944
6961 4242
4242 6961
6961 4617
4617 6961
6961 5115
5115 6961
6961 5448
5448 6961
6961 5546
5546 6961
6961 5758
5758 6961
6961 5820
5820 6961
6961 6961
6961 6961
6961 7648
7648 6961
6961 12834
12834 6961
6961 16998
16998 6961
6961 18602
18602 6961
6961 19454
19454 6961
6961 22603
22603 6961
6974 5533
5533 6974
6974 11861
11861 6974
6991 4242
4242 6991
7291 5645
5645 7291
7410 2323
2323 7410
7410 5934
5934 7410
7410 7410
7410 7410
7410 17003
17003 7410
7499 1137
1137 7499
7648 231
231 7648
7648 255
255 7648
7648 320
320 7648
7648 671
671 7648
7648 1486
1486 7648
7648 2387
2387 7648
7648 2549
2549 7648
7648 3946
3946 7648
7648 4682
4682 7648
7648 5115
5115 7648
7648 5306
5306 7648
7648 5692
5692 7648
7648 5950
5950 7648
7648 6961
6961 7648
7648 7648
7648 7648
7648 9025
9025 7648
7648 10791
10791 7648
7648 13336
13336 7648
7648 13406
13406 7648
7648 21058
21058 7648
7648 21079
21079 7648
7648 21337
21337 7648
7648 24252
24252 7648
7778 252
252 7778
7778 4683
4683 7778
7778 5086
5086 7778
7778 5324
5324 7778
7778 5920
5920 7778
7778 5972
5972 7778
7778 7778
7778 7778
7778 18034
18034 7778
7778 21746
21746 7778
7923 21300
21300 7923
7940 3638
3638 7940
7940 4928
4928 7940
7940 5181
5181 7940
7940 15450
15450 7940
8102 1313
1313 8102
8102 2467
2467 8102
8102 4876
4876 8102
8102 5664
5664 8102
8102 8102
8102 8102
8102 13027
13027 8102
8102 21891
21891 8102
8107 8107
8107 8107
8127 8102
8102 8127
8127 13141
13141 8127
8132 5633
5633 8132
8199 8199
8199 8199
8199 24551
24551 8199
8305 5841
5841 8305
8305 8305
8305 8305
8363 5918
5918 8363
8540 8540
8540 8540
8733 1119
1119 8733
8820 5741
5741 8820
8820 8820
8820 8820
8921 320
320 8921
8921 4242
4242 8921
8921 4617
4617 8921
8921 5115
5115 8921
8921 5611
5611 8921
8921 5626
5626 8921
8921 5683
5683 8921
8921 5809
5809 8921
8921 5837
5837 8921
8921 5842
5842 8921
8921 6961
6961 8921
8921 8921
8921 8921
8921 19881
19881 8921
8921 19946
19946 8921
8975 8975
8975 8975
8984 1462
1462 8984
8984 5284
5284 8984
8984 5504
5504 8984
8984 11725
11725 8984
8984 16601
16601 8984
8988 5677
5677 8988
8988 8988
8988 8988
8993 213
213 8993
8993 8993
8993 8993
8995 5685
5685 8995
8995 8995
8995 8995
8995 13181
13181 8995
8995 14414
14414 8995
8995 19554
19554 8995
8996 44
44 8996
8996 97
97 8996
8996 255
255 8996
8996 285
285 8996
8996 833
833 8996
8996 876
876 8996
8996 1137
1137 8996
8996 1346
1346 8996
8996 2008
2008 8996
8996 2549
2549 8996
8996 2622
2622 8996
8996 3172
3172 8996
8996 3563
3563 8996
8996 3620
3620 8996
8996 4121
4121 8996
8996 4282
4282 8996
8996 5227
5227 8996
8996 5329
5329 8996
8996 5409
5409 8996
8996 5600
5600 8996
8996 5807
5807 8996
8996 5821
5821 8996
8996 6001
6001 8996
8996 6049
6049 8996
8996 8996
8996 8996
8996 9025
9025 8996
8996 9057
9057 8996
8996 12900
12900 8996
8996 13118
13118 8996
8996 13578
13578 8996
8996 13604
13604 8996
8996 15024
15024 8996
8996 15145
15145 8996
8996 15450
15450 8996
8996 15688
15688 8996
8996 16018
16018 8996
8996 16282
16282 8996
8996 16591
16591 8996
8996 18169
18169 8996
8996 18443
18443 8996
8996 20387
20387 8996
8996 21800
21800 8996
8996 21926
21926 8996
8996 22217
22217 8996
8996 24381
24381 8996
8996 24579
24579 8996
8996 24633
24633 8996
8996 24710
24710 8996
9011 115
115 9011
9011 5687
5687 9011
9011 5833
5833 9011
9011 11313
11313 9011
9011 19438
19438 9011
9011 24313
24313 9011
9025 255
255 9025
9025 285
285 9025
9025 344
344 9025
9025 763
763 9025
9025 1220
1220 9025
9025 1462
1462 9025
9025 1595
1595 9025
9025 2036
2036 9025
9025 2549
2549 9025
9025 3363
3363 9025
9025 3502
3502 9025
9025 4109
4109 9025
9025 5705
5705 9025
9025 6961
6961 9025
9025 9025
9025 9025
9025 10791
10791 9025
9025 14629
14629 9025
9025 16843
16843 9025
9025 18919
18919 9025
9025 20355
20355 9025
9025 20512
20512 9025
9057 172
172 9057
9057 579
579 9057
9057 645
645 9057
9057 833
833 9057
9057 929
929 9057
9057 1658
1658 9057
9057 2036
2036 9057
9057 3250
3250 9057
9057 3620
3620 9057
9057 4196
4196 9057
9057 5132
5132 9057
9057 5505
5505 9057
9057 5600
5600 9057
9057 5646
5646 9057
9057 5660
5660 9057
9057 5677
5677 9057
9057 5903
5903 9057
9057 5907
5907 9057
9057 9057
9057 9057
9057 9392
9392 9057
9057 11779
11779 9057
9057 13118
13118 9057
9057 14888
14888 9057
9057 14920
14920 9057
9057 18169
18169 9057
9057 19059
19059 9057
9057 19087
19087 9057
9057 20907
20907 9057
9057 21699
21699 9057
9057 21786
21786 9057
9057 21954
21954 9057
9057 23846
23846 9057
9177 5236
5236 9177
9177 5546
5546 9177
9177 5760
5760 9177
9177 5768
5768 9177
9177 5822
5822 9177
9177 5893
5893 9177
9177 5942
5942 9177
9177 5956
5956 9177
9177 5971
5971 9177
9177 9177
9177 9177
9177 24226
24226 9177
9239 34
34 9239
9239 255
255 9239
9239 2790
2790 9239
9239 3201
3201 9239
9239 4154
4154 9239
9239 4659
4659 9239
9239 5115
5115 9239
9239 5634
5634 9239
9239 5699
5699 9239
9239 5718
5718 9239
9239 5732
5732 9239
9239 5827
5827 9239
9239 5856
5856 9239
9239 5887
5887 9239
9239 5894
5894 9239
9239 6285
6285 9239
9239 8820
8820 9239
9239 9239
9239 9239
9239 10253
10253 9239
9239 11313
11313 9239
9239 12510
12510 9239
9239 13141
13141 9239
9239 13694
13694 9239
9239 16843
16843 9239
9239 16892
16892 9239
9239 18619
18619 9239
9239 24710
24710 9239
9275 2592
2592 9275
9275 4225
4225 9275
9275 5616
5616 9275
9275 5928
5928 9275
9275 9275
9275 9275
9275 13059
13059 9275
9325 16591
16591 9325
9365 3083
3083 9365
9365 5768
5768 9365
9392 9392
9392 9392
9553 1313
1313 9553
9553 5518
5518 9553
9553 5733
5733 9553
9553 7648
7648 9553
9553 9553
9553 9553
9553 12123
12123 9553
9553 20817
20817 9553
9584 11313
11313 9584
9724 255
255 9724
9724 1530
1530 9724
9724 5759
5759 9724
9812 833
833 9812
9812 9812
9812 9812
9842 4685
4685 9842
9842 5693
5693 9842
9842 5707
5707 9842
9842 5754
5754 9842
9842 5838
5838 9842
9842 9842
9842 9842
9842 20512
20512 9842
9842 22486
22486 9842
9842 24445
24445 9842
9851 14414
14414 9851
10057 19848
19848 10057
10121 763
763 10121
10121 3055
3055 10121
10121 4237
4237 10121
10121 4972
4972 10121
10121 5649
5649 10121
10121 5685
5685 10121
10121 5775
5775 10121
10121 5783
5783 10121
10121 10121
10121 10121
10121 11408
11408 10121
10121 15005
15005 10121
10121 20874
20874 10121
10168 13191
13191 10168
10183 20259
20259 10183
10253 496
496 10253
10253 596
596 10253
10253 990
990 10253
10253 5752
5752 10253
10253 10253
10253 10253
10307 8107
8107 10307
10408 5329
5329 10408
10408 17291
17291 10408
10566 115
115 10566
10566 285
285 10566
10566 496
496 10566
10566 4282
4282 10566
10566 4928
4928 10566
10566 5519
5519 10566
10566 5866
5866 10566
10566 5960
5960 10566
10566 8540
8540 10566
10566 10566
10566 10566
10566 20285
20285 10566
10566 22882
22882 10566
10769 7940
7940 10769
10811 496
496 10811
10811 934
934 10811
10811 1410
1410 10811
10811 1462
1462 10811
10811 2592
2592 10811
10811 4600
4600 10811
10811 4613
4613 10811
10811 5196
5196 10811
10811 5203
5203 10811
10811 5677
5677 10811
10811 5692
5692 10811
10811 5790
5790 10811
10811 5874
5874 10811
10811 5928
5928 10811
10811 5939
5939 10811
10811 5973
5973 10811
10811 8984
8984 10811
10811 10811
10811 10811
10811 18602
18602 10811
10811 19878
19878 10811
10811 19901
19901 10811
10856 9842
9842 10856
11076 4638
4638 11076
11076 5504
5504 11076
11148 1913
1913 11148
11149 5132
5132 11149
11152 2043
2043 11152
11152 5900
5900 11152
11152 23912
23912 11152
11157 212
212 11157
11157 285
285 11157
11157 1312
1312 11157
11157 1392
1392 11157
11157 1430
1430 11157
11157 2581
2581 11157
11157 4121
4121 11157
11157 4242
4242 11157
11157 4449
4449 11157
11157 4920
4920 11157
11157 5643
5643 11157
11157 5658
5658 11157
11157 5815
5815 11157
11157 5828
5828 11157
11157 5838
5838 11157
11157 5843
5843 11157
11157 5996
5996 11157
11157 7648
7648 11157
11157 8921
8921 11157
11157 9177
9177 11157
11157 11779
11779 11157
11157 14587
14587 11157
11157 18602
18602 11157
11157 20355
20355 11157
11157 22276
22276 11157
11157 23711
23711 11157
11157 24226
24226 11157
11157 24695
24695 11157
11313 0
0 11313
11313 44
44 11313
11313 5638
5638 11313
11313 9011
9011 11313
11313 11313
11313 11313
11313 11967
11967 11313
11313 15688
15688 11313
11313 24710
24710 11313
11460 17180
17180 11460
11488 1220
1220 11488
11488 2713
2713 11488
11488 19454
19454 11488
11488 20907
20907 11488
11577 255
255 11577
11577 5878
5878 11577
11577 11967
11967 11577
11577 12949
12949 11577
11579 3638
3638 11579
11579 3719
3719 11579
11579 4928
4928 11579
11579 5681
5681 11579
11579 5688
5688 11579
11579 5793
5793 11579
11579 11579
11579 11579
11579 24191
24191 11579
11579 24252
24252 11579
11657 0
0 11657
11657 44
44 11657
11657 884
884 11657
11657 1264
1264 11657
11657 4308
4308 11657
11657 4682
4682 11657
11657 4685
4685 11657
11657 4802
4802 11657
11657 5997
5997 11657
11657 11657
11657 11657
11657 11669
11669 11657
11657 15361
15361 11657
11669 11669
11669 11669
11684 3638
3638 11684
11684 4876
4876 11684
11684 5708
5708 11684
11684 19946
19946 11684
11698 843
843 11698
11698 5546
5546 11698
11700 1135
1135 11700
11700 2467
2467 11700
11700 5616
5616 11700
11700 5898
5898 11700
11700 11700
11700 11700
11700 14141
14141 11700
11700 18449
18449 11700
11715 156
156 11715
11715 5681
5681 11715
11715 8921
8921 11715
11715 11819
11819 11715
11715 13969
13969 11715
11715 24588
24588 11715
11725 1318
1318 11725
11725 6944
6944 11725
11725 8984
8984 11725
11725 13834
13834 11725
11725 13969
13969 11725
11729 255
255 11729
11756 496
496 11756
11756 1410
1410 11756
11756 5497
5497 11756
11756 5688
5688 11756
11756 6114
6114 11756
11756 11756
11756 11756
11779 212
212 11779
11779 496
496 11779
11779 503
503 11779
11779 763
763 11779
11779 2592
2592 11779
11779 2628
2628 11779
11779 3356
3356 11779
11779 3469
3469 11779
11779 3993
3993 11779
11779 4870
4870 11779
11779 5132
5132 11779
11779 5561
5561 11779
11779 5658
5658 11779
11779 5704
5704 11779
11779 5783
5783 11779
11779 5817
5817 11779
11779 5838
5838 11779
11779 5878
5878 11779
11779 5906
5906 11779
11779 5942
5942 11779
11779 5996
5996 11779
11779 7648
7648 11779
11779 8996
8996 11779
11779 11779
11779 11779
11779 13459
13459 11779
11779 13604
13604 11779
11779 14232
14232 11779
11779 14969
14969 11779
11779 16877
16877 11779
11779 17333
17333 11779
11779 18602
18602 11779
11779 20355
20355 11779
11779 20907
20907 11779
11779 22276
22276 11779
11779 23711
23711 11779
11779 24695
24695 11779
11817 5409
5409 11817
11817 8996
8996 11817
11817 24710
24710 11817
11819 2387
2387 11819
11819 4526
4526 11819
11819 5768
5768 11819
11819 11715
11715 11819
11819 11819
11819 11819
11819 15841
15841 11819
11861 3083
3083 11861
11861 6049
6049 11861
11861 11861
11861 11861
11861 15251
15251 11861
11881 5409
5409 11881
11899 285
285 11899
11899 11881
11881 11899
11899 11899
11899 11899
11926 1318
1318 11926
11929 11929
11929 11929
11955 11955
11955 11955
11967 5967
5967 11967
11967 8996
8996 11967
11967 18602
18602 11967
11967 23912
23912 11967
11993 18619
18619 11993
12069 5939
5939 12069
12123 1313
1313 12123
12123 5311
5311 12123
12123 12123
12123 12123
12123 15888
15888 12123
12123 21391
21391 12123
12135 54
54 12135
12135 491
491 12135
12135 496
496 12135
12135 567
567 12135
12135 814
814 12135
12135 1312
1312 12135
12135 2701
2701 12135
12135 4004
4004 12135
12135 4659
4659 12135
12135 5257
5257 12135
12135 5364
5364 12135
12135 5643
5643 12135
12135 5654
5654 12135
12135 5672
5672 12135
12135 5748
5748 12135
12135 5799
5799 12135
12135 5828
5828 12135
12135 5838
5838 12135
12135 5893
5893 12135
12135 5943
5943 12135
12135 9031
9031 12135
12135 10811
10811 12135
12135 11779
11779 12135
12135 12135
12135 12135
12135 13141
13141 12135
12135 14969
14969 12135
12135 15309
15309 12135
12135 20907
20907 12135
12135 22276
22276 12135
12135 23980
23980 12135
12179 12179
12179 12179
12181 21954
21954 12181
12190 12190
12190 12190
12209 3018
3018 12209
12358 2732
2732 12358
12375 4682
4682 12375
12375 6001
6001 12375
12473 4125
4125 12473
12510 9239
9239 12510
12519 231
231 12519
12519 19870
19870 12519
12539 5147
5147 12539
12539 12539
12539 12539
12539 24472
24472 12539
12588 1627
1627 12588
12670 3609
3609 12670
12670 4408
4408 12670
12670 13834
13834 12670
12670 19038
19038 12670
12670 24657
24657 12670
12685 5409
5409 12685
12685 8820
8820 12685
12720 20817
20817 12720
12774 3049
3049 12774
12774 3072
3072 12774
12774 4109
4109 12774
12774 5060
5060 12774
12774 5685
5685 12774
12774 5740
5740 12774
12774 5778
5778 12774
12774 5833
5833 12774
12774 12774
12774 12774
12774 22513
22513 12774
12834 255
255 12834
12834 2553
2553 12834
12834 2811
2811 12834
12834 2875
2875 12834
12834 6049
6049 12834
12834 6811
6811 12834
12834 6961
6961 12834
12834 12834
12834 12834
12834 13684
13684 12834
12834 13969
13969 12834
12834 15406
15406 12834
12834 19999
19999 12834
12834 24167
24167 12834
12855 496
496 12855
12855 1221
1221 12855
12870 3865
3865 12870
12870 4556
4556 12870
12870 5961
5961 12870
12870 5963
5963 12870
12870 13810
13810 12870
12870 18433
18433 12870
12870 19742
19742 12870
12870 19999
19999 12870
12870 24088
24088 12870
12874 4781
4781 12874
12874 5797
5797 12874
12894 4724
4724 12894
12900 12834
12834 12900
12949 3055
3055 12949
12949 4237
4237 12949
12949 12949
12949 12949
12949 23458
23458 12949
12964 285
285 12964
12977 5788
5788 12977
13003 4029
4029 13003
13027 705
705 13027
13027 1654
1654 13027
13027 4876
4876 13027
13027 5181
5181 13027
13027 5506
5506 13027
13027 5776
5776 13027
13027 8102
8102 13027
13027 13027
13027 13027
13066 645
645 13066
13066 5821
5821 13066
13066 13066
13066 13066
13072 13072
13072 13072
13110 5718
5718 13110
13118 9025
9025 13118
13118 13118
13118 13118
13118 19730
19730 13118
13118 21800
21800 13118
13141 13141
13141 13141
13155 5652
5652 13155
13155 5982
5982 13155
13155 13155
13155 13155
13181 814
814 13181
13181 5769
5769 13181
13181 8995
8995 13181
13181 12473
12473 13181
13184 4937
4937 13184
13191 213
213 13191
13191 10168
10168 13191
13191 13191
13191 13191
13196 884
884 13196
13196 3864
3864 13196
13196 5677
5677 13196
13196 9239
9239 13196
13196 15450
15450 13196
13196 16892
16892 13196
13270 5409
5409 13270
13270 14888
14888 13270
13343 5922
5922 13343
13343 8993
8993 13343
13370 5942
5942 13370
13379 11715
11715 13379
13379 13379
13379 13379
13383 1692
1692 13383
13383 13684
13684 13383
13383 23039
23039 13383
13406 1038
1038 13406
13406 1781
1781 13406
13406 1993
1993 13406
13406 3356
3356 13406
13406 3528
3528 13406
13406 3708
3708 13406
13406 4982
4982 13406
13406 5086
5086 13406
13406 5875
5875 13406
13406 5898
5898 13406
13406 5913
5913 13406
13406 7648
7648 13406
13406 7778
7778 13406
13406 9057
9057 13406
13406 13406
13406 13406
13406 16868
16868 13406
13406 18034
18034 13406
13406 21746
21746 13406
13431 503
503 13431
13431 2491
2491 13431
13431 16900
16900 13431
13431 19938
19938 13431
13483 17454
17454 13483
13518 3705
3705 13518
13518 13684
13684 13518
13518 17291
17291 13518
13604 2591
2591 13604
13604 5702
5702 13604
13604 13604
13604 13604
13604 21107
21107 13604
13637 17880
17880 13637
13637 24152
24152 13637
13662 2655
2655 13662
13684 602
602 13684
13684 1220
1220 13684
13684 1749
1749 13684
13684 3139
3139 13684
13684 4928
4928 13684
13684 5345
5345 13684
13684 5634
5634 13684
13684 5768
5768 13684
13684 5863
5863 13684
13684 5866
5866 13684
13684 5887
5887 13684
13684 5961
5961 13684
13684 5991
5991 13684
13684 6811
6811 13684
13684 6944
6944 13684
13684 11669
11669 13684
13684 12834
12834 13684
13684 13518
13518 13684
13684 13684
13684 13684
13684 14806
14806 13684
13684 15082
15082 13684
13684 16591
16591 13684
13684 16900
16900 13684
13684 20907
20907 13684
13684 24313
24313 13684
13717 645
645 13717
13717 13717
13717 13717
13786 1313
1313 13786
13786 1658
1658 13786
13786 5659
5659 13786
13786 13118
13118 13786
13786 13786
13786 13786
13786 14888
14888 13786
13810 5792
5792 13810
13834 13834
13834 13834
13845 833
833 13845
13845 13845
13845 13845
13969 231
231 13969
13969 1105
1105 13969
13969 1658
1658 13969
13969 2194
2194 13969
13969 2811
2811 13969
13969 3229
3229 13969
13969 5329
5329 13969
13969 5409
5409 13969
13969 5518
5518 13969
13969 5600
5600 13969
13969 5802
5802 13969
13969 5864
5864 13969
13969 8107
8107 13969
13969 8984
8984 13969
13969 9553
9553 13969
13969 11698
11698 13969
13969 11715
11715 13969
13969 13969
13969 13969
13969 14034
14034 13969
13969 15082
15082 13969
13969 15259
15259 13969
13969 16843
16843 13969
13969 19454
19454 13969
13969 19915
19915 13969
13969 19999
19999 13969
14029 14029
14029 14029
14034 14034
14034 14034
14054 2553
2553 14054
14054 2875
2875 14054
14054 12834
12834 14054
14094 5821
5821 14094
14142 5844
5844 14142
14211 5876
5876 14211
14224 1543
1543 14224
14224 5649
5649 14224
14224 11698
11698 14224
14224 18602
18602 14224
14224 24250
24250 14224
14232 5838
5838 14232
14232 6557
6557 14232
14232 14232
14232 14232
14232 19881
19881 14232
14237 285
285 14237
14295 2053
2053 14295
14295 11657
11657 14295
14355 5362
5362 14355
14355 5600
5600 14355
14355 5788
5788 14355
14355 11756
11756 14355
14361 596
596 14361
14361 2036
2036 14361
14361 5936
5936 14361
14387 726
726 14387
14387 1137
1137 14387
14387 1221
1221 14387
14387 1781
1781 14387
14387 2036
2036 14387
14387 4440
4440 14387
14387 4876
4876 14387
14387 5409
5409 14387
14387 5866
5866 14387
14387 5961
5961 14387
14387 8995
8995 14387
14387 14387
14387 14387
14387 15450
15450 14387
14387 19087
19087 14387
14387 20512
20512 14387
14387 21954
21954 14387
14387 24710
24710 14387
14414 833
833 14414
14414 5567
5567 14414
14414 5632
5632 14414
14414 8995
8995 14414
14414 14414
14414 14414
14469 19038
19038 14469
14500 14304
14304 14500
14500 15623
15623 14500
14583 18602
18602 14583
14587 14587
14587 14587
14595 4802
4802 14595
14595 12834
12834 14595
14595 13518
13518 14595
14629 1403
1403 14629
14713 2413
2413 14713
14805 1133
1133 14805
14805 5639
5639 14805
14805 19915
19915 14805
14806 2592
2592 14806
14806 3502
3502 14806
14806 14806
14806 14806
14806 19730
19730 14806
14835 19904
19904 14835
14888 2024
2024 14888
14888 2134
2134 14888
14888 4663
4663 14888
14888 5282
5282 14888
14888 5632
5632 14888
14888 9057
9057 14888
14888 13066
13066 14888
14888 14414
14414 14888
14888 14888
14888 14888
14888 20242
20242 14888
14888 24710
24710 14888
14920 99
99 14920
14920 255
255 14920
14920 285
285 14920
14920 496
496 14920
14920 1013
1013 14920
14920 1038
1038 14920
14920 2036
2036 14920
14920 4920
4920 14920
14920 5086
5086 14920
14920 5480
5480 14920
14920 5505
5505 14920
14920 5517
5517 14920
14920 5533
5533 14920
14920 5639
5639 14920
14920 5748
5748 14920
14920 5759
5759 14920
14920 5797
5797 14920
14920 5798
5798 14920
14920 5801
5801 14920
14920 5842
5842 14920
14920 5898
5898 14920
14920 6961
6961 14920
14920 11015
11015 14920
14920 11929
11929 14920
14920 12179
12179 14920
14920 14920
14920 14920
14920 14969
14969 14920
14920 18034
18034 14920
14920 18619
18619 14920
14920 19712
19712 14920
14920 21746
21746 14920
14920 22513
22513 14920
14927 255
255 14927
14969 5311
5311 14969
14969 5838
5838 14969
14969 5893
5893 14969
14969 11779
11779 14969
14969 14920
14920 14969
14969 14969
14969 14969
14969 18602
18602 14969
14969 24707
24707 14969
15005 884
884 15005
15005 5733
5733 15005
15005 15005
15005 15005
15024 1384
1384 15024
15024 4160
4160 15024
15024 5409
5409 15024
15024 5666
5666 15024
15024 5718
5718 15024
15024 14387
14387 15024
15024 15024
15024 15024
15024 22513
22513 15024
15057 5942
5942 15057
15057 5943
5943 15057
15057 15057
15057 15057
15057 24226
24226 15057
15116 5409
5409 15116
15116 11657
11657 15116
15145 804
804 15145
15145 2194
2194 15145
15145 4154
4154 15145
15145 7648
7648 15145
15145 15145
15145 15145
15251 1133
1133 15251
15251 11408
11408 15251
15251 11861
11861 15251
15251 15251
15251 15251
15259 1105
1105 15259
15259 5600
5600 15259
15259 13969
13969 15259
15277 4399
4399 15277
15277 5633
5633 15277
15282 601
601 15282
15282 708
708 15282
15282 1430
1430 15282
15282 5760
5760 15282
15282 5810
5810 15282
15282 15282
15282 15282
15282 21542
21542 15282
15282 24226
24226 15282
15309 21786
21786 15309
15332 15332
15332 15332
15332 17050
17050 15332
15361 44
44 15361
15361 3223
3223 15361
15361 5802
5802 15361
15361 8996
8996 15361
15361 11657
11657 15361
15361 14029
14029 15361
15361 19999
19999 15361
15361 21800
21800 15361
15382 522
522 15382
15382 3218
3218 15382
15382 4150
4150 15382
15382 6000
6000 15382
15382 6285
6285 15382
15382 9239
9239 15382
15382 15382
15382 15382
15406 5783
5783 15406
15406 12834
12834 15406
15447 212
212 15447
15447 3023
3023 15447
15447 5561
5561 15447
15447 5759
5759 15447
15447 6961
6961 15447
15447 15309
15309 15447
15447 21891
21891 15447
15450 5409
5409 15450
15450 5617
5617 15450
15450 6285
6285 15450
15450 13578
13578 15450
15450 16591
16591 15450
15472 15472
15472 15472
15570 15570
15570 15570
15570 19901
19901 15570
15570 22486
22486 15570
15602 4109
4109 15602
15602 15602
15602 15602
15602 24710
24710 15602
15610 231
231 15610
15610 1469
1469 15610
15610 15361
15361 15610
15610 19870
19870 15610
15610 19999
19999 15610
15617 1836
1836 15617
15617 5850
5850 15617
15623 14500
14500 15623
15688 20
20 15688
15688 884
884 15688
15688 1904
1904 15688
15688 2549
2549 15688
15688 5066
5066 15688
15688 5329
5329 15688
15688 5997
5997 15688
15688 8996
8996 15688
15688 10253
10253 15688
15688 11313
11313 15688
15688 15361
15361 15688
15688 15688
15688 15688
15688 16591
16591 15688
15688 17302
17302 15688
15688 20387
20387 15688
15688 24451
24451 15688
15698 255
255 15698
15714 1018
1018 15714
15714 2584
2584 15714
15714 4928
4928 15714
15714 9011
9011 15714
15714 13684
13684 15714
15755 22315
22315 15755
15814 1393
1393 15814
15814 3337
3337 15814
15814 5646
5646 15814
15814 5760
5760 15814
15814 15814
15814 15814
15814 18602
18602 15814
15888 12123
12123 15888
15940 320
320 15940
15940 5611
5611 15940
15940 19432
19432 15940
15940 21954
21954 15940
15940 24682
24682 15940
16018 376
376 16018
16018 5660
5660 16018
16018 5805
5805 16018
16018 5981
5981 16018
16018 8996
8996 16018
16018 9057
9057 16018
16018 13118
13118 16018
16018 13786
13786 16018
16018 14414
14414 16018
16018 14920
14920 16018
16018 16018
16018 16018
16018 19424
19424 16018
16018 20917
20917 16018
16018 22513
22513 16018
16076 4311
4311 16076
16076 4685
4685 16076
16076 5769
5769 16076
16076 5822
5822 16076
16076 16076
16076 16076
16076 22208
22208 16076
16076 24033
24033 16076
16186 574
574 16186
16186 2304
2304 16186
16186 2361
2361 16186
16186 3218
3218 16186
16186 5858
5858 16186
16186 5916
5916 16186
16186 16186
16186 16186
16186 24442
24442 16186
16336 5504
5504 16336
16336 5676
5676 16336
16388 2499
2499 16388
16388 5768
5768 16388
16388 5783
5783 16388
16388 5910
5910 16388
16388 11819
11819 16388
16388 16388
16388 16388
16388 20355
20355 16388
16581 3201
3201 16581
16581 5257
5257 16581
16581 14232
14232 16581
16581 14969
14969 16581
16591 44
44 16591
16591 255
255 16591
16591 1842
1842 16591
16591 2984
2984 16591
16591 3468
3468 16591
16591 3502
3502 16591
16591 4361
4361 16591
16591 5409
5409 16591
16591 5722
5722 16591
16591 5783
5783 16591
16591 5918
5918 16591
16591 8996
8996 16591
16591 11929
11929 16591
16591 15688
15688 16591
16591 16591
16591 16591
16591 20387
20387 16591
16608 5775
5775 16608
16609 5858
5858 16609
16613 2602
2602 16613
16613 2732
2732 16613
16613 3227
3227 16613
16613 5362
5362 16613
16781 3337
3337 16781
16843 3113
3113 16843
16843 9239
9239 16843
16843 10566
10566 16843
16843 13969
13969 16843
16843 16076
16076 16843
16843 16843
16843 16843
16843 17180
17180 16843
16843 19712
19712 16843
16859 5634
5634 16859
16859 24407
24407 16859
16868 16868
16868 16868
16877 16877
16877 16877
16880 16880
16880 16880
16892 16892
16892 16892
16897 4638
4638 16897
16897 16336
16336 16897
16897 19454
19454 16897
16897 23912
23912 16897
16900 13431
13431 16900
16998 16998
16998 16998
17003 7410
7410 17003
17003 17003
17003 17003
17051 349
349 17051
17058 130
130 17058
17058 2008
2008 17058
17058 3469
3469 17058
17058 18602
18602 17058
17058 24150
24150 17058
17066 4051
4051 17066
17085 17085
17085 17085
17157 2467
2467 17157
17180 11460
11460 17180
17180 17180
17180 17180
17291 10408
10408 17291
17291 13518
13518 17291
17291 17291
17291 17291
17293 337
337 17293
17299 7410
7410 17299
17299 10253
10253 17299
17312 5730
5730 17312
17333 5669
5669 17333
17338 4196
4196 17338
17338 4664
4664 17338
17342 17342
17342 17342
17349 1632
1632 17349
17349 10811
10811 17349
17349 23478
23478 17349
17454 5178
5178 17454
17472 5409
5409 17472
17472 17472
17472 17472
17472 19881
19881 17472
17475 5517
5517 17475
17475 17475
17475 17475
17576 3139
3139 17576
17576 3638
3638 17576
17675 814
814 17675
17675 5427
5427 17675
17675 8995
8995 17675
17675 14414
14414 17675
17675 14969
14969 17675
17675 16880
16880 17675
17706 292
292 17706
17706 3177
3177 17706
17706 5463
5463 17706
17706 5795
5795 17706
17706 5834
5834 17706
17706 5947
5947 17706
17706 9275
9275 17706
17706 14387
14387 17706
17706 19087
19087 17706
17736 4526
4526 17736
17801 19087
19087 17801
17809 20907
20907 17809
17830 5743
5743 17830
17830 17830
17830 17830
17840 5960
5960 17840
17840 19454
19454 17840
17840 24033
24033 17840
17843 5504
5504 17843
17880 16998
16998 17880
17880 17880
17880 17880
17950 5616
5616 17950
17950 5795
5795 17950
17950 5911
5911 17950
18001 18001
18001 18001
18034 642
642 18034
18034 5654
5654 18034
18034 5822
5822 18034
18034 7778
7778 18034
18034 18034
18034 18034
18034 19901
19901 18034
18034 24033
24033 18034
18056 5890
5890 18056
18088 6528
6528 18088
18169 99
99 18169
18169 557
557 18169
18169 831
831 18169
18169 1462
1462 18169
18169 1658
1658 18169
18169 2024
2024 18169
18169 8996
8996 18169
18169 14888
14888 18169
18169 18169
18169 18169
18169 19730
19730 18169
18169 20907
20907 18169
18169 23846
23846 18169
18271 5989
5989 18271
18401 5758
5758 18401
18433 20061
20061 18433
18436 19870
19870 18436
18438 255
255 18438
18438 645
645 18438
18438 5444
5444 18438
18438 14387
14387 18438
18438 18438
18438 18438
18438 21954
21954 18438
18443 285
285 18443
18443 18443
18443 18443
18449 5654
5654 18449
18449 18449
18449 18449
18574 763
763 18574
18574 4121
4121 18574
18574 5878
5878 18574
18574 10811
10811 18574
18602 763
763 18602
18602 1038
1038 18602
18602 1789
1789 18602
18602 1913
1913 18602
18602 2633
2633 18602
18602 3469
3469 18602
18602 4127
4127 18602
18602 5311
5311 18602
18602 5409
5409 18602
18602 5539
5539 18602
18602 5569
5569 18602
18602 5655
5655 18602
18602 5658
5658 18602
18602 5701
5701 18602
18602 5877
5877 18602
18602 5878
5878 18602
18602 5905
5905 18602
18602 5909
5909 18602
18602 5928
5928 18602
18602 5943
5943 18602
18602 5979
5979 18602
18602 6961
6961 18602
18602 11779
11779 18602
18602 14969
14969 18602
18602 14976
14976 18602
18602 17475
17475 18602
18602 18602
18602 18602
18602 18619
18619 18602
18602 19440
19440 18602
18602 19901
19901 18602
18602 19946
19946 18602
18602 20477
20477 18602
18602 22276
22276 18602
18602 24518
24518 18602
18602 24695
24695 18602
18604 3804
3804 18604
18604 5646
5646 18604
18604 18604
18604 18604
18604 24551
24551 18604
18619 255
255 18619
18619 410
410 18619
18619 705
705 18619
18619 1430
1430 18619
18619 1654
1654 18619
18619 1781
1781 18619
18619 1789
1789 18619
18619 2343
2343 18619
18619 3177
3177 18619
18619 3324
3324 18619
18619 4086
4086 18619
18619 4127
4127 18619
18619 4613
4613 18619
18619 4965
4965 18619
18619 5086
5086 18619
18619 5324
5324 18619
18619 5617
5617 18619
18619 5654
5654 18619
18619 5714
5714 18619
18619 5748
5748 18619
18619 5826
5826 18619
18619 5875
5875 18619
18619 5899
5899 18619
18619 5971
5971 18619
18619 6944
6944 18619
18619 8921
8921 18619
18619 12179
12179 18619
18619 14920
14920 18619
18619 15940
15940 18619
18619 18602
18602 18619
18619 18619
18619 18619
18619 20783
20783 18619
18619 21746
21746 18619
18619 23348
23348 18619
18634 5943
5943 18634
18689 465
465 18689
18689 705
705 18689
18689 1221
1221 18689
18689 1384
1384 18689
18689 1632
1632 18689
18689 1836
1836 18689
18689 1907
1907 18689
18689 2790
2790 18689
18689 3055
3055 18689
18689 3756
3756 18689
18689 3993
3993 18689
18689 4150
4150 18689
18689 4160
4160 18689
18689 4556
4556 18689
18689 4600
4600 18689
18689 4876
4876 18689
18689 5542
5542 18689
18689 5561
5561 18689
18689 5677
5677 18689
18689 5718
5718 18689
18689 5776
5776 18689
18689 8975
8975 18689
18689 12123
12123 18689
18689 12179
12179 18689
18689 15450
15450 18689
18689 15814
15814 18689
18689 18619
18619 18689
18689 18689
18689 18689
18689 20907
20907 18689
18689 23348
23348 18689
18689 23458
23458 18689
18698 18698
18698 18698
18698 24183
24183 18698
18764 231
231 18764
18764 285
285 18764
18764 1852
1852 18764
18764 4402
4402 18764
18764 5835
5835 18764
18764 18764
18764 18764
18822 240
240 18822
18822 11725
11725 18822
18917 1846
1846 18917
18917 2413
2413 18917
18917 4237
4237 18917
18917 5685
5685 18917
18917 11698
11698 18917
18917 18917
18917 18917
18919 5961
5961 18919
18919 20512
20512 18919
19059 5765
5765 19059
19059 5807
5807 19059
19059 8996
8996 19059
19059 14888
14888 19059
19059 16513
16513 19059
19087 20
20 19087
19087 285
285 19087
19087 1781
1781 19087
19087 2467
2467 19087
19087 3716
3716 19087
19087 5409
5409 19087
19087 5759
5759 19087
19087 5795
5795 19087
19087 5913
5913 19087
19087 17706
17706 19087
19087 18764
18764 19087
19087 19087
19087 19087
19087 21699
21699 19087
19087 23912
23912 19087
19105 3638
3638 19105
19105 5776
5776 19105
19135 6874
6874 19135
19135 19135
19135 19135
19138 6961
6961 19138
19140 20355
20355 19140
19149 5463
5463 19149
19149 5916
5916 19149
19149 5927
5927 19149
19149 5995
5995 19149
19166 19166
19166 19166
19172 115
115 19172
19177 5636
5636 19177
19177 16076
16076 19177
19177 18602
18602 19177
19181 3897
3897 19181
19181 4685
4685 19181
19181 19181
19181 19181
19355 1486
1486 19355
19355 2022
2022 19355
19355 5060
5060 19355
19355 14387
14387 19355
19355 15450
15450 19355
19355 19355
19355 19355
19355 23458
23458 19355
19379 5427
5427 19379
19379 21699
21699 19379
19421 115
115 19421
19421 255
255 19421
19421 5079
5079 19421
19421 5633
5633 19421
19421 5801
5801 19421
19421 5866
5866 19421
19421 12473
12473 19421
19421 13969
13969 19421
19424 13483
13483 19424
19426 5587
5587 19426
19438 990
990 19438
19438 4255
4255 19438
19438 4802
4802 19438
19438 5371
5371 19438
19438 5506
5506 19438
19438 5654
5654 19438
19438 5667
5667 19438
19438 5699
5699 19438
19438 5838
5838 19438
19438 6961
6961 19438
19438 9239
9239 19438
19438 11756
11756 19438
19438 13141
13141 19438
19438 14232
14232 19438
19438 18443
18443 19438
19438 18619
18619 19438
19438 19438
19438 19438
19440 18602
18602 19440
19448 5408
5408 19448
19454 19454
19454 19454
19469 20355
20355 19469
19480 3072
3072 19480
19482 9025
9025 19482
19554 285
285 19554
19554 381
381 19554
19554 1852
1852 19554
19554 8995
8995 19554
19554 19454
19454 19554
19554 19554
19554 19554
19644 5704
5704 19644
19644 5977
5977 19644
19683 3072
3072 19683
19683 4109
4109 19683
19683 5682
5682 19683
19683 5993
5993 19683
19730 54
54 19730
19730 115
115 19730
19730 833
833 19730
19730 2387
2387 19730
19730 3049
3049 19730
19730 4237
4237 19730
19730 4568
4568 19730
19730 5409
5409 19730
19730 5660
5660 19730
19730 13118
13118 19730
19730 14414
14414 19730
19730 15602
15602 19730
19730 19730
19730 19730
19730 20512
20512 19730
19730 22513
22513 19730
19730 24640
24640 19730
19730 24710
24710 19730
19742 5844
5844 19742
19802 5748
5748 19802
19827 285
285 19827
19827 3469
3469 19827
19827 4109
4109 19827
19827 10605
10605 19827
19827 19712
19712 19827
19827 19827
19827 19827
19827 20907
20907 19827
19827 22276
22276 19827
19865 19865
19865 19865
19870 231
231 19870
19870 1013
1013 19870
19870 2194
2194 19870
19870 5371
5371 19870
19870 5743
5743 19870
19870 5934
5934 19870
19870 9239
9239 19870
19870 10811
10811 19870
19870 12519
12519 19870
19870 12834
12834 19870
19870 14029
14029 19870
19870 16843
16843 19870
19870 18602
18602 19870
19870 19870
19870 19870
19870 24183
24183 19870
19878 3223
3223 19878
19878 10811
10811 19878
19878 19878
19878 19878
19883 23039
23039 19883
19901 130
130 19901
19901 255
255 19901
19901 833
833 19901
19901 1430
1430 19901
19901 2487
2487 19901
19901 3051
3051 19901
19901 3063
3063 19901
19901 3324
3324 19901
19901 3391
3391 19901
19901 5409
5409 19901
19901 5545
5545 19901
19901 5585
5585 19901
19901 5752
5752 19901
19901 5758
5758 19901
19901 5834
5834 19901
19901 5902
5902 19901
19901 5903
5903 19901
19901 13118
13118 19901
19901 14920
14920 19901
19901 15570
15570 19901
19901 17454
17454 19901
19901 18602
18602 19901
19901 19901
19901 19901
19901 20259
20259 19901
19901 23711
23711 19901
19904 1221
1221 19904
19904 14835
14835 19904
19915 255
255 19915
19915 4150
4150 19915
19915 7648
7648 19915
19915 8107
8107 19915
19915 9584
9584 19915
19915 19177
19177 19915
19915 19915
19915 19915
19915 20917
20917 19915
19915 21107
21107 19915
19938 263
263 19938
19938 833
833 19938
19938 1842
1842 19938
19938 2491
2491 19938
19938 2790
2790 19938
19938 4666
4666 19938
19938 5518
5518 19938
19938 16591
16591 19938
19938 19938
19938 19938
19946 19946
19946 19946
19999 231
231 19999
19999 13969
13969 19999
19999 15610
15610 19999
19999 19999
19999 19999
20058 9025
9025 20058
20058 15361
15361 20058
20061 1137
1137 20061
20061 11926
11926 20061
20061 18433
18433 20061
20242 3865
3865 20242
20242 5567
5567 20242
20242 6961
6961 20242
20242 14414
14414 20242
20242 14888
14888 20242
20242 20242
20242 20242
20242 20512
20512 20242
20259 10183
10183 20259
20285 285
285 20285
20285 5409
5409 20285
20285 20285
20285 20285
20285 24710
24710 20285
20292 21300
21300 20292
20355 287
287 20355
20355 434
434 20355
20355 503
503 20355
20355 3581
3581 20355
20355 4920
4920 20355
20355 5212
5212 20355
20355 5221
5221 20355
20355 5649
5649 20355
20355 5653
5653 20355
20355 5739
5739 20355
20355 5768
5768 20355
20355 5954
5954 20355
20355 5957
5957 20355
20355 5964
5964 20355
20355 11967
11967 20355
20355 14587
14587 20355
20355 16018
16018 20355
20355 19469
19469 20355
20355 20355
20355 20355
20355 23912
23912 20355
20387 20387
20387 20387
20422 8921
8921 20422
20422 24348
24348 20422
20429 2875
2875 20429
20429 20429
20429 20429
20492 5581
5581 20492
20512 1781
1781 20512
20512 3708
3708 20512
20512 5519
5519 20512
20512 5862
5862 20512
20512 13270
13270 20512
20512 18919
18919 20512
20512 20512
20512 20512
20512 22276
22276 20512
20517 7648
7648 20517
20517 10791
10791 20517
20517 19177
19177 20517
20534 1221
1221 20534
20684 20684
20684 20684
20781 24695
24695 20781
20783 10811
10811 20783
20812 4876
4876 20812
20812 5866
5866 20812
20812 5951
5951 20812
20812 5960
5960 20812
20812 9461
9461 20812
20812 12811
12811 20812
20817 4920
4920 20817
20817 5227
5227 20817
20817 5797
5797 20817
20817 15404
15404 20817
20817 15570
15570 20817
20817 20817
20817 20817
20886 1013
1013 20886
20889 2392
2392 20889
20889 20889
20889 20889
20889 23912
23912 20889
20904 2655
2655 20904
20904 3563
3563 20904
20904 8996
8996 20904
20904 20904
20904 20904
20907 99
99 20907
20907 115
115 20907
20907 285
285 20907
20907 410
410 20907
20907 1158
1158 20907
20907 3528
3528 20907
20907 4196
4196 20907
20907 4510
4510 20907
20907 5311
5311 20907
20907 5875
5875 20907
20907 5878
5878 20907
20907 11899
11899 20907
20907 13684
13684 20907
20907 17055
17055 20907
20907 18169
18169 20907
20907 20907
20907 20907
20907 21699
21699 20907
21058 4982
4982 21058
21058 9842
9842 21058
21079 16998
16998 21079
21110 2549
2549 21110
21110 2592
2592 21110
21110 3528
3528 21110
21110 21110
21110 21110
21194 24393
24393 21194
21213 5806
5806 21213
21213 8098
8098 21213
21213 21954
21954 21213
21213 24710
24710 21213
21233 18602
18602 21233
21240 884
884 21240
21240 1543
1543 21240
21240 5825
5825 21240
21240 21240
21240 21240
21240 24682
24682 21240
21300 5951
5951 21300
21300 7923
7923 21300
21300 21300
21300 21300
21336 2549
2549 21336
21356 165
165 21356
21356 1430
1430 21356
21356 1502
1502 21356
21356 5569
5569 21356
21356 5907
5907 21356
21356 23921
23921 21356
21356 24519
24519 21356
21391 12123
12123 21391
21391 21391
21391 21391
21402 20817
20817 21402
21509 2194
2194 21509
21542 15282
15282 21542
21699 14
14 21699
21699 215
215 21699
21699 231
231 21699
21699 255
255 21699
21699 557
557 21699
21699 645
645 21699
21699 671
671 21699
21699 833
833 21699
21699 1045
1045 21699
21699 1248
1248 21699
21699 1430
1430 21699
21699 1781
1781 21699
21699 1951
1951 21699
21699 1993
1993 21699
21699 2179
2179 21699
21699 2413
2413 21699
21699 2596
2596 21699
21699 2997
2997 21699
21699 3324
3324 21699
21699 3528
3528 21699
21699 4556
4556 21699
21699 4600
4600 21699
21699 4659
4659 21699
21699 4965
4965 21699
21699 4982
4982 21699
21699 5104
5104 21699
21699 5152
5152 21699
21699 5646
5646 21699
21699 5654
5654 21699
21699 5658
5658 21699
21699 5671
5671 21699
21699 5673
5673 21699
21699 5692
5692 21699
21699 5707
5707 21699
21699 5712
5712 21699
21699 5714
5714 21699
21699 5715
5715 21699
21699 5718
5718 21699
21699 5722
5722 21699
21699 5728
5728 21699
21699 5731
5731 21699
21699 5760
5760 21699
21699 5768
5768 21699
21699 5776
5776 21699
21699 5791
5791 21699
21699 5797
5797 21699
21699 5872
5872 21699
21699 5874
5874 21699
21699 5913
5913 21699
21699 5929
5929 21699
21699 5939
5939 21699
21699 5961
5961 21699
21699 5967
5967 21699
21699 5973
5973 21699
21699 5984
5984 21699
21699 7648
7648 21699
21699 7778
7778 21699
21699 8305
8305 21699
21699 9275
9275 21699
21699 13270
13270 21699
21699 13406
13406 21699
21699 14387
14387 21699
21699 16868
16868 21699
21699 18619
18619 21699
21699 19087
19087 21699
21699 20355
20355 21699
21699 20907
20907 21699
21699 21699
21699 21699
21699 21746
21746 21699
21699 23348
23348 21699
21699 24033
24033 21699
21699 24252
24252 21699
21702 1202
1202 21702
21702 5706
5706 21702
21702 5731
5731 21702
21702 5942
5942 21702
21702 21702
21702 21702
21746 21746
21746 21746
21786 471
471 21786
21786 13027
13027 21786
21786 19138
19138 21786
21786 21107
21107 21786
21800 0
0 21800
21800 3502
3502 21800
21800 3603
3603 21800
21800 4158
4158 21800
21800 4862
4862 21800
21800 5992
5992 21800
21800 6285
6285 21800
21800 8996
8996 21800
21800 9239
9239 21800
21800 13118
13118 21800
21800 15361
15361 21800
21800 15450
15450 21800
21800 19730
19730 21800
21800 21800
21800 21800
21800 22134
22134 21800
21876 1119
1119 21876
21878 5849
5849 21878
21878 14969
14969 21878
21881 255
255 21881
21881 22513
22513 21881
21891 21891
21891 21891
21899 5898
5898 21899
21913 5963
5963 21913
21926 8996
8996 21926
21954 115
115 21954
21954 130
130 21954
21954 763
763 21954
21954 2194
2194 21954
21954 3212
3212 21954
21954 5648
5648 21954
21954 5677
5677 21954
21954 5701
5701 21954
21954 5754
5754 21954
21954 5939
5939 21954
21954 13066
13066 21954
21954 13270
13270 21954
21954 21954
21954 21954
21954 24250
24250 21954
21985 11929
11929 21985
22134 597
597 22134
22134 946
946 22134
22134 2592
2592 22134
22134 3609
3609 22134
22134 4928
4928 22134
22134 5802
5802 22134
22134 22134
22134 22134
22134 24359
24359 22134
22208 1842
1842 22208
22208 2811
2811 22208
22214 2596
2596 22214
22214 5748
5748 22214
22214 22214
22214 22214
22217 601
601 22217
22217 2549
2549 22217
22217 14387
14387 22217
22217 22217
22217 22217
22225 17180
17180 22225
22227 24252
24252 22227
22276 496
496 22276
22276 642
642 22276
22276 929
929 22276
22276 3023
3023 22276
22276 3469
3469 22276
22276 4402
4402 22276
22276 4870
4870 22276
22276 5546
5546 22276
22276 5642
5642 22276
22276 5840
5840 22276
22276 5843
5843 22276
22276 5942
5942 22276
22276 5943
5943 22276
22276 6278
6278 22276
22276 11157
11157 22276
22276 11779
11779 22276
22276 14969
14969 22276
22276 18602
18602 22276
22276 20512
20512 22276
22276 22276
22276 22276
22276 24564
24564 22276
22328 3130
3130 22328
22328 5739
5739 22328
22341 6049
6049 22341
22341 15251
15251 22341
22341 16018
16018 22341
22341 24088
24088 22341
22373 5858
5858 22373
22412 5731
5731 22412
22412 5851
5851 22412
22412 5893
5893 22412
22412 13141
13141 22412
22486 2629
2629 22486
22486 9842
9842 22486
22513 115
115 22513
22513 213
213 22513
22513 498
498 22513
22513 830
830 22513
22513 2497
2497 22513
22513 3072
3072 22513
22513 3563
3563 22513
22513 4109
4109 22513
22513 5029
5029 22513
22513 5060
5060 22513
22513 5719
5719 22513
22513 5858
5858 22513
22513 5937
5937 22513
22513 5999
5999 22513
22513 6049
6049 22513
22513 6114
6114 22513
22513 11408
11408 22513
22513 11684
11684 22513
22513 15251
15251 22513
22513 16018
16018 22513
22513 19730
19730 22513
22513 22513
22513 22513
22513 24252
24252 22513
22536 292
292 22536
22536 17706
17706 22536
22592 5795
5795 22592
22708 503
503 22708
22708 5615
5615 22708
22708 22708
22708 22708
22742 99
99 22742
22742 3051
3051 22742
22742 22742
22742 22742
22745 4360
4360 22745
22759 24695
24695 22759
22807 99
99 22807
22807 1654
1654 22807
22807 5916
5916 22807
22882 8540
8540 22882
22882 16608
16608 22882
22882 22882
22882 22882
22882 23348
23348 22882
22943 10168
10168 22943
23039 15024
15024 23039
23039 23039
23039 23039
23085 6811
6811 23085
23144 9025
9025 23144
23219 2592
2592 23219
23223 19437
19437 23223
23335 24710
24710 23335
23348 255
255 23348
23348 285
285 23348
23348 831
831 23348
23348 3469
3469 23348
23348 4127
4127 23348
23348 4685
4685 23348
23348 4885
4885 23348
23348 5244
5244 23348
23348 5561
5561 23348
23348 5715
5715 23348
23348 5728
5728 23348
23348 5783
5783 23348
23348 5786
5786 23348
23348 5869
5869 23348
23348 5928
5928 23348
23348 5947
5947 23348
23348 5958
5958 23348
23348 5969
5969 23348
23348 6627
6627 23348
23348 8921
8921 23348
23348 14387
14387 23348
23348 14587
14587 23348
23348 16868
16868 23348
23348 18619
18619 23348
23348 19181
19181 23348
23348 23348
23348 23348
23348 24033
24033 23348
23348 24183
24183 23348
23348 24695
24695 23348
23458 1632
1632 23458
23478 17349
17349 23478
23707 4312
4312 23707
23707 5706
5706 23707
23707 5795
5795 23707
23711 3172
3172 23711
23711 3620
3620 23711
23711 4920
4920 23711
23711 5807
5807 23711
23711 19901
19901 23711
23711 21107
21107 23711
23711 23711
23711 23711
23912 348
348 23912
23912 3324
3324 23912
23912 5742
5742 23912
23912 20355
20355 23912
23912 23912
23912 23912
23912 24452
24452 23912
23921 831
831 23921
23921 5859
5859 23921
23921 23921
23921 23921
23927 2984
2984 23927
23944 17843
17843 23944
23946 3603
3603 23946
23946 3620
3620 23946
23956 887
887 23956
23956 23956
23956 23956
23970 4106
4106 23970
23996 5497
5497 23996
23996 5669
5669 23996
24033 99
99 24033
24033 255
255 24033
24033 4084
4084 24033
24033 5973
5973 24033
24033 6944
6944 24033
24033 7648
7648 24033
24033 16076
16076 24033
24033 24033
24033 24033
24033 24250
24250 24033
24088 830
830 24088
24088 5805
5805 24088
24088 5963
5963 24088
24088 14414
14414 24088
24088 14888
14888 24088
24088 16018
16018 24088
24088 21913
21913 24088
24088 24088
24088 24088
24133 574
574 24133
24133 1951
1951 24133
24133 5960
5960 24133
24133 20907
20907 24133
24147 4546
4546 24147
24150 465
465 24150
24150 4237
4237 24150
24152 574
574 24152
24152 13637
13637 24152
24167 2713
2713 24167
24174 5427
5427 24174
24225 4920
4920 24225
24225 12199
12199 24225
24226 1430
1430 24226
24226 2356
2356 24226
24226 3023
3023 24226
24226 3113
3113 24226
24226 4242
4242 24226
24226 4683
4683 24226
24226 5236
5236 24226
24226 5810
5810 24226
24226 5838
5838 24226
24226 5956
5956 24226
24226 7648
7648 24226
24226 8921
8921 24226
24226 11929
11929 24226
24226 13459
13459 24226
24226 14920
14920 24226
24226 16877
16877 24226
24226 24226
24226 24226
24243 285
285 24243
24250 1215
1215 24250
24250 1632
1632 24250
24250 2194
2194 24250
24250 3023
3023 24250
24250 4920
4920 24250
24250 5132
5132 24250
24250 9500
9500 24250
24252 115
115 24252
24252 212
212 24252
24252 255
255 24252
24252 496
496 24252
24252 1407
1407 24252
24252 1462
1462 24252
24252 2591
2591 24252
24252 2682
2682 24252
24252 4231
4231 24252
24252 4685
4685 24252
24252 5257
5257 24252
24252 5311
5311 24252
24252 5642
5642 24252
24252 5705
5705 24252
24252 5768
5768 24252
24252 5790
5790 24252
24252 5865
5865 24252
24252 5898
5898 24252
24252 5916
5916 24252
24252 5990
5990 24252
24252 5995
5995 24252
24252 7648
7648 24252
24252 10253
10253 24252
24252 11971
11971 24252
24252 13003
13003 24252
24252 13604
13604 24252
24252 14969
14969 24252
24252 16601
16601 24252
24252 24252
24252 24252
24252 24707
24707 24252
24276 18602
18602 24276
24286 3483
3483 24286
24286 23711
23711 24286
24286 24286
24286 24286
24308 4399
4399 24308
24308 11669
11669 24308
24310 3972
3972 24310
24310 17319
17319 24310
24310 24310
24310 24310
24313 5833
5833 24313
24313 24313
24313 24313
24329 5677
5677 24329
24348 24348
24348 24348
24359 24359
24359 24359
24381 5329
5329 24381
24381 24381
24381 24381
24393 231
231 24393
24393 3247
3247 24393
24393 5284
5284 24393
24393 5821
5821 24393
24393 19999
19999 24393
24393 24393
24393 24393
24407 24407
24407 24407
24408 16998
16998 24408
24409 12135
12135 24409
24409 16163
16163 24409
24442 5685
5685 24442
24442 5916
5916 24442
24442 10791
10791 24442
24442 12774
12774 24442
24442 24442
24442 24442
24451 6285
6285 24451
24451 16892
16892 24451
24451 18602
18602 24451
24451 24451
24451 24451
24452 23912
23912 24452
24474 1842
1842 24474
24474 3993
3993 24474
24474 5677
5677 24474
24474 5878
5878 24474
24498 24498
24498 24498
24517 19712
19712 24517
24518 5875
5875 24518
24518 18401
18401 24518
24518 18602
18602 24518
24526 8993
8993 24526
24526 24710
24710 24526
24545 5866
5866 24545
24551 8199
8199 24551
24551 18604
18604 24551
24567 5878
5878 24567
24568 5794
5794 24568
24568 14232
14232 24568
24570 5284
5284 24570
24570 24570
24570 24570
24579 8996
8996 24579
24588 1383
1383 24588
24588 2053
2053 24588
24588 11715
11715 24588
24588 13232
13232 24588
24588 15472
15472 24588
24588 15841
15841 24588
24588 16099
16099 24588
24588 17287
17287 24588
24633 24633
24633 24633
24640 5720
5720 24640
24664 5616
5616 24664
24676 946
946 24676
24682 1836
1836 24682
24682 2580
2580 24682
24682 5311
5311 24682
24682 5401
5401 24682
24682 5776
5776 24682
24682 13684
13684 24682
24682 15940
15940 24682
24682 21240
21240 24682
24682 24451
24451 24682
24682 24682
24682 24682
24695 348
348 24695
24695 830
830 24695
24695 24695
24695 24695
24702 18689
18689 24702
24704 5951
5951 24704
24707 255
255 24707
24707 3334
3334 24707
24707 4106
4106 24707
24707 5865
5865 24707
24707 7648
7648 24707
24707 24707
24707 24707
24710 5409
5409 24710
24710 5718
5718 24710
24710 5999
5999 24710
24710 11313
11313 24710
24710 11408
11408 24710
24710 15602
15602 24710
24710 19870
19870 24710
24710 19915
19915 24710
24710 20242
20242 24710
24710 20285
20285 24710
24710 22513
22513 24710
24710 23335
23335 24710
24710 24710
24710 24710
