7 7
7 7
20 20
20 20
20 1312
1312 20
20 8813
8813 20
20 9842
9842 20
21 21
21 21
34 34
34 34
34 1899
1899 34
34 14062
14062 34
34 22276
22276 34
44 44
44 44
44 4183
4183 44
44 5892
5892 44
44 9005
9005 44
44 10331
10331 44
44 12834
12834 44
44 13217
13217 44
44 13518
13518 44
44 13800
13800 44
44 14149
14149 44
44 14255
14255 44
44 15940
15940 44
44 24682
24682 44
90 90
90 90
90 5765
5765 90
90 8939
8939 90
115 6476
6476 115
117 13066
13066 117
212 496
496 212
212 13525
13525 212
213 12481
12481 213
215 1379
1379 215
231 231
231 231
231 2446
2446 231
231 9055
9055 231
231 10532
10532 231
231 10574
10574 231
231 11378
11378 231
231 14201
14201 231
231 14230
14230 231
231 15394
15394 231
252 12078
12078 252
252 14018
14018 252
253 7760
7760 253
255 9776
9776 255
271 1543
1543 271
287 3950
3950 287
287 9055
9055 287
287 11823
11823 287
287 13099
13099 287
287 13427
13427 287
287 13468
13468 287
287 13941
13941 287
287 14032
14032 287
287 14280
14280 287
287 24707
24707 287
320 6836
6836 320
320 10791
10791 320
320 13706
13706 320
337 1018
1018 337
344 344
344 344
344 14097
14097 344
344 14888
14888 344
349 2592
2592 349
386 1740
1740 386
386 1913
1913 386
386 2592
2592 386
386 4920
4920 386
386 7410
7410 386
386 14273
14273 386
401 11378
11378 401
401 24472
24472 401
412 496
496 412
412 9213
9213 412
412 14005
14005 412
412 14302
14302 412
412 21300
21300 412
412 21876
21876 412
460 9461
9461 460
475 475
475 475
475 3591
3591 475
475 4242
4242 475
475 8921
8921 475
496 496
496 496
496 1934
1934 496
496 12306
12306 496
525 12169
12169 525
525 16859
16859 525
540 215
215 540
540 540
540 540
540 4572
4572 540
540 15661
15661 540
540 16018
16018 540
555 14308
14308 555
570 1913
1913 570
572 572
572 572
572 4920
4920 572
572 13644
13644 572
574 7759
7759 574
596 496
496 596
596 596
596 596
596 2355
2355 596
596 4146
4146 596
596 7315
7315 596
596 8155
8155 596
596 13354
13354 596
596 13927
13927 596
596 14159
14159 596
601 9025
9025 601
601 13305
13305 601
623 12424
12424 623
630 630
630 630
630 792
792 630
630 1430
1430 630
630 4920
4920 630
630 5178
5178 630
630 5193
5193 630
630 8151
8151 630
630 11055
11055 630
630 12167
12167 630
630 12720
12720 630
630 12896
12896 630
630 13851
13851 630
630 18574
18574 630
642 642
642 642
642 701
701 642
642 747
747 642
642 1543
1543 642
642 1740
1740 642
642 3172
3172 642
642 3301
3301 642
642 4355
4355 642
642 6054
6054 642
642 6836
6836 642
642 9415
9415 642
642 10331
10331 642
642 10806
10806 642
642 11357
11357 642
642 11758
11758 642
642 11819
11819 642
642 11841
11841 642
642 12424
12424 642
642 12665
12665 642
642 13330
13330 642
642 13612
13612 642
642 13644
13644 642
642 13684
13684 642
642 13706
13706 642
642 13909
13909 642
642 13948
13948 642
642 13955
13955 642
642 14003
14003 642
642 14120
14120 642
642 14387
14387 642
642 17298
17298 642
642 18602
18602 642
642 21240
21240 642
642 21300
21300 642
642 23348
23348 642
644 644
644 644
644 12167
12167 644
644 12789
12789 644
644 14290
14290 644
644 14301
14301 644
644 20259
20259 644
673 673
673 673
673 6054
6054 673
673 24266
24266 673
674 13981
13981 674
700 11167
11167 700
701 34
34 701
701 701
701 701
701 1921
1921 701
701 3301
3301 701
701 11881
11881 701
701 12704
12704 701
701 13330
13330 701
701 13470
13470 701
701 13525
13525 701
701 13617
13617 701
701 13706
13706 701
701 13783
13783 701
701 13792
13792 701
701 14008
14008 701
701 14179
14179 701
701 14253
14253 701
726 726
726 726
726 3301
3301 726
726 4607
4607 726
726 11342
11342 726
726 12430
12430 726
726 13751
13751 726
726 13927
13927 726
726 20970
20970 726
726 21300
21300 726
737 15332
15332 737
747 642
642 747
747 747
747 747
747 18602
18602 747
747 23348
23348 747
763 21882
21882 763
776 776
776 776
776 804
804 776
804 776
776 804
804 804
804 804
804 8436
8436 804
804 11547
11547 804
804 13372
13372 804
830 830
830 830
830 990
990 830
830 1861
1861 830
830 7305
7305 830
830 8600
8600 830
830 12169
12169 830
830 13270
13270 830
830 13786
13786 830
830 13926
13926 830
830 14000
14000 830
830 14018
14018 830
830 14119
14119 830
830 14184
14184 830
830 14298
14298 830
830 19730
19730 830
833 833
833 833
833 5345
5345 833
833 8996
8996 833
834 4343
4343 834
834 7292
7292 834
866 866
866 866
866 7759
7759 866
866 9025
9025 866
866 11916
11916 866
866 13927
13927 866
876 117
117 876
876 344
344 876
876 489
489 876
876 876
876 876
876 2978
2978 876
876 5178
5178 876
876 7305
7305 876
876 8600
8600 876
876 10573
10573 876
876 12900
12900 876
876 13066
13066 876
876 13926
13926 876
876 14138
14138 876
876 14888
14888 876
876 15251
15251 876
876 20917
20917 876
876 21884
21884 876
876 22217
22217 876
895 12834
12834 895
895 14105
14105 895
895 14226
14226 895
906 906
906 906
906 7778
7778 906
906 8544
8544 906
906 14324
14324 906
929 90
90 929
929 4920
4920 929
929 8600
8600 929
929 8939
8939 929
929 10573
10573 929
929 20817
20817 929
986 1141
1141 986
990 9025
9025 990
996 0
0 996
996 701
701 996
996 996
996 996
996 3292
3292 996
996 4196
4196 996
996 4829
4829 996
996 5333
5333 996
996 5892
5892 996
996 6047
6047 996
996 7779
7779 996
996 8096
8096 996
996 9025
9025 996
996 9776
9776 996
996 11841
11841 996
996 12402
12402 996
996 12900
12900 996
996 13383
13383 996
996 14285
14285 996
996 20817
20817 996
996 23360
23360 996
1013 496
496 1013
1013 726
726 1013
1013 1013
1013 1013
1013 5992
5992 1013
1013 6562
6562 1013
1013 6836
6836 1013
1013 12600
12600 1013
1013 12978
12978 1013
1013 13912
13912 1013
1013 13985
13985 1013
1013 14057
14057 1013
1013 15394
15394 1013
1018 1543
1543 1018
1018 1934
1934 1018
1018 4928
4928 1018
1018 8984
8984 1018
1018 9811
9811 1018
1018 13800
13800 1018
1018 14205
14205 1018
1018 16336
16336 1018
1063 7481
7481 1063
1064 14414
14414 1064
1086 4781
4781 1086
1105 1105
1105 1105
1105 1383
1383 1105
1105 5409
5409 1105
1105 5892
5892 1105
1105 7858
7858 1105
1105 10331
10331 1105
1105 10646
10646 1105
1105 13211
13211 1105
1105 13223
13223 1105
1105 13518
13518 1105
1105 14223
14223 1105
1105 14350
14350 1105
1105 16581
16581 1105
1105 21240
21240 1105
1105 23360
23360 1105
1105 24448
24448 1105
1116 1116
1116 1116
1116 5311
5311 1116
1116 9140
9140 1116
1116 10707
10707 1116
1116 13932
13932 1116
1116 14135
14135 1116
1137 117
117 1137
1137 1137
1137 1137
1137 3491
3491 1137
1137 5633
5633 1137
1137 6049
6049 1137
1137 9025
9025 1137
1137 10573
10573 1137
1137 10646
10646 1137
1137 11698
11698 1137
1137 11881
11881 1137
1137 11967
11967 1137
1137 12169
12169 1137
1137 13270
13270 1137
1137 13518
13518 1137
1137 13984
13984 1137
1137 14052
14052 1137
1137 14166
14166 1137
1137 14308
14308 1137
1137 19730
19730 1137
1137 24537
24537 1137
1140 496
496 1140
1140 12306
12306 1140
1140 16581
16581 1140
1141 1141
1141 1141
1158 13942
13942 1158
1158 14068
14068 1158
1183 1183
1183 1183
1221 11881
11881 1221
1230 12665
12665 1230
1244 1244
1244 1244
1244 4607
4607 1244
1244 13460
13460 1244
1244 13937
13937 1244
1270 13645
13645 1270
1312 20
20 1312
1312 496
496 1312
1312 1312
1312 1312
1312 7601
7601 1312
1312 13237
13237 1312
1312 13673
13673 1312
1312 14253
14253 1312
1312 14302
14302 1312
1312 16581
16581 1312
1317 1317
1317 1317
1317 12819
12819 1317
1317 24518
24518 1317
1333 1333
1333 1333
1346 6485
6485 1346
1346 14023
14023 1346
1379 1379
1379 1379
1379 13406
13406 1379
1379 13971
13971 1379
1379 15394
15394 1379
1382 1382
1382 1382
1382 7305
7305 1382
1382 12182
12182 1382
1382 14290
14290 1382
1383 1383
1383 1383
1384 1384
1384 1384
1384 13181
13181 1384
1384 18438
18438 1384
1393 13885
13885 1393
1403 1403
1403 1403
1403 6966
6966 1403
1403 9892
9892 1403
1403 11184
11184 1403
1403 24518
24518 1403
1407 8127
8127 1407
1407 9415
9415 1407
1409 1409
1409 1409
1409 4928
4928 1409
1409 8984
8984 1409
1409 24570
24570 1409
1430 1430
1430 1430
1430 3039
3039 1430
1430 4920
4920 1430
1430 5409
5409 1430
1430 6002
6002 1430
1430 8321
8321 1430
1430 9842
9842 1430
1430 9957
9957 1430
1430 11006
11006 1430
1430 11078
11078 1430
1430 12573
12573 1430
1430 12789
12789 1430
1430 12896
12896 1430
1430 13029
13029 1430
1430 13804
13804 1430
1430 13937
13937 1430
1430 14112
14112 1430
1430 14181
14181 1430
1430 14235
14235 1430
1430 14290
14290 1430
1430 14305
14305 1430
1430 16880
16880 1430
1430 18619
18619 1430
1430 21828
21828 1430
1430 24365
24365 1430
1441 8935
8935 1441
1441 13951
13951 1441
1504 1504
1504 1504
1538 13963
13963 1538
1538 14124
14124 1538
1543 271
271 1543
1543 642
642 1543
1543 1543
1543 1543
1543 9555
9555 1543
1543 11819
11819 1543
1547 9553
9553 1547
1547 14247
14247 1547
1547 18438
18438 1547
1582 1582
1582 1582
1582 4920
4920 1582
1595 1595
1595 1595
1595 7123
7123 1595
1609 11743
11743 1609
1632 1632
1632 1632
1632 9553
9553 1632
1632 11357
11357 1632
1632 13415
13415 1632
1632 14244
14244 1632
1632 22592
22592 1632
1639 1639
1639 1639
1639 5530
5530 1639
1657 1657
1657 1657
1657 13370
13370 1657
1657 24707
24707 1657
1658 44
44 1658
1658 804
804 1658
1658 1658
1658 1658
1658 1913
1913 1658
1658 2423
2423 1658
1658 3835
3835 1658
1658 5346
5346 1658
1658 5600
5600 1658
1658 7427
7427 1658
1658 8600
8600 1658
1658 10165
10165 1658
1658 10331
10331 1658
1658 12668
12668 1658
1658 13185
13185 1658
1658 13518
13518 1658
1658 13541
13541 1658
1658 14065
14065 1658
1658 14097
14097 1658
1658 14280
14280 1658
1658 14282
14282 1658
1716 5852
5852 1716
1728 7006
7006 1728
1740 44
44 1740
1740 1105
1105 1740
1740 1658
1658 1740
1740 1728
1728 1740
1740 1740
1740 1740
1740 2713
2713 1740
1740 3835
3835 1740
1740 4230
4230 1740
1740 9178
9178 1740
1740 10331
10331 1740
1740 12648
12648 1740
1740 13211
13211 1740
1740 13217
13217 1740
1740 13305
13305 1740
1740 13518
13518 1740
1740 13800
13800 1740
1740 13998
13998 1740
1740 14065
14065 1740
1740 14072
14072 1740
1740 14121
14121 1740
1740 14149
14149 1740
1740 14245
14245 1740
1740 14255
14255 1740
1740 14280
14280 1740
1740 14305
14305 1740
1740 16613
16613 1740
1740 16892
16892 1740
1740 21240
21240 1740
1741 5892
5892 1741
1741 9025
9025 1741
1741 9306
9306 1741
1741 13909
13909 1741
1780 18689
18689 1780
1784 3337
3337 1784
1842 1842
1842 1842
1846 1595
1595 1846
1846 1846
1846 1846
1846 2497
2497 1846
1846 2713
2713 1846
1846 3921
3921 1846
1846 7258
7258 1846
1846 7760
7760 1846
1846 9305
9305 1846
1846 10007
10007 1846
1846 12348
12348 1846
1846 12593
12593 1846
1846 13612
13612 1846
1846 14002
14002 1846
1846 14003
14003 1846
1846 14017
14017 1846
1846 14330
14330 1846
1846 18602
18602 1846
1846 19441
19441 1846
1859 11841
11841 1859
1861 1861
1861 1861
1861 8600
8600 1861
1861 13926
13926 1861
1861 14888
14888 1861
1861 20917
20917 1861
1861 22217
22217 1861
1883 2387
2387 1883
1913 1913
1913 1913
1913 5643
5643 1913
1913 7759
7759 1913
1921 8820
8820 1921
1934 496
496 1934
1934 1934
1934 1934
1934 6562
6562 1934
1934 8820
8820 1934
1934 10566
10566 1934
1934 13042
13042 1934
1934 16412
16412 1934
1934 19985
19985 1934
1934 22075
22075 1934
1949 1949
1949 1949
1951 496
496 1951
1951 11278
11278 1951
1951 12465
12465 1951
1951 12858
12858 1951
1951 18602
18602 1951
1989 13383
13383 1989
2014 5892
5892 2014
2018 12037
12037 2018
2018 13969
13969 2018
2086 14806
14806 2086
2099 3292
3292 2099
2134 2134
2134 2134
2134 4966
4966 2134
2134 10785
10785 2134
2134 13909
13909 2134
2134 14225
14225 2134
2134 14240
14240 2134
2134 18602
18602 2134
2194 44
44 2194
2194 496
496 2194
2194 2194
2194 2194
2194 3049
3049 2194
2194 4356
4356 2194
2194 5892
5892 2194
2194 7082
7082 2194
2194 7778
7778 2194
2194 9025
9025 2194
2194 9360
9360 2194
2194 11823
11823 2194
2194 11881
11881 2194
2194 12054
12054 2194
2194 12182
12182 2194
2194 13030
13030 2194
2194 13305
13305 2194
2194 13750
13750 2194
2194 13912
13912 2194
2194 13941
13941 2194
2194 13943
13943 2194
2194 13984
13984 2194
2194 14031
14031 2194
2194 14068
14068 2194
2194 14080
14080 2194
2194 14121
14121 2194
2194 14134
14134 2194
2194 18602
18602 2194
2194 23360
23360 2194
2194 24386
24386 2194
2197 496
496 2197
2197 1582
1582 2197
2197 1595
1595 2197
2197 2197
2197 2197
2197 4735
4735 2197
2197 5446
5446 2197
2197 5633
5633 2197
2197 6054
6054 2197
2197 6528
6528 2197
2197 6707
6707 2197
2197 7097
7097 2197
2197 7825
7825 2197
2197 8364
8364 2197
2197 9398
9398 2197
2197 9960
9960 2197
2197 12665
12665 2197
2197 12745
12745 2197
2197 13857
13857 2197
2197 14059
14059 2197
2197 14140
14140 2197
2197 14194
14194 2197
2197 24386
24386 2197
2200 2200
2200 2200
2200 8047
8047 2200
2225 2225
2225 2225
2225 14330
14330 2225
2238 4186
4186 2238
2304 2592
2592 2304
2307 6836
6836 2307
2349 4928
4928 2349
2349 12665
12665 2349
2352 13030
13030 2352
2355 2355
2355 2355
2361 2361
2361 2361
2361 5677
5677 2361
2361 6790
6790 2361
2361 6869
6869 2361
2361 9924
9924 2361
2361 12614
12614 2361
2361 14361
14361 2361
2384 830
830 2384
2384 2384
2384 2384
2384 3823
3823 2384
2384 4343
4343 2384
2384 4572
4572 2384
2384 11171
11171 2384
2384 11698
11698 2384
2384 12481
12481 2384
2384 13943
13943 2384
2387 10207
10207 2387
2387 13531
13531 2387
2387 14348
14348 2387
2411 2682
2682 2411
2413 13799
13799 2413
2423 1658
1658 2423
2423 2423
2423 2423
2423 13518
13518 2423
2423 19301
19301 2423
2424 2424
2424 2424
2424 12315
12315 2424
2424 12894
12894 2424
2424 13750
13750 2424
2424 14292
14292 2424
2424 24150
24150 2424
2487 642
642 2487
2487 1595
1595 2487
2487 1846
1846 2487
2487 2487
2487 2487
2487 8710
8710 2487
2487 9305
9305 2487
2487 10121
10121 2487
2487 12545
12545 2487
2487 12665
12665 2487
2487 13804
13804 2487
2487 13814
13814 2487
2487 13955
13955 2487
2487 14265
14265 2487
2497 1741
1741 2497
2497 6850
6850 2497
2497 12665
12665 2497
2497 13612
13612 2497
2497 14017
14017 2497
2497 18602
18602 2497
2497 19440
19440 2497
2497 24707
24707 2497
2499 13368
13368 2499
2591 9055
9055 2591
2592 1934
1934 2592
2592 2592
2592 2592
2592 3452
3452 2592
2592 9555
9555 2592
2592 9811
9811 2592
2592 11848
11848 2592
2592 14025
14025 2592
2592 14117
14117 2592
2592 14920
14920 2592
2592 16581
16581 2592
2592 18602
18602 2592
2622 6763
6763 2622
2622 13937
13937 2622
2629 4920
4920 2629
2629 9957
9957 2629
2629 12690
12690 2629
2629 14269
14269 2629
2633 6278
6278 2633
2633 13962
13962 2633
2633 14074
14074 2633
2700 2700
2700 2700
2713 2713
2713 2713
2713 14920
14920 2713
2736 7778
7778 2736
2736 9022
9022 2736
2748 15361
15361 2748
2794 4242
4242 2794
2797 18675
18675 2797
2811 2811
2811 2811
2811 7682
7682 2811
2812 2812
2812 2812
2821 20355
20355 2821
2828 2828
2828 2828
2831 2592
2592 2831
2831 3921
3921 2831
2831 5946
5946 2831
2831 9798
9798 2831
2831 13596
13596 2831
2831 13968
13968 2831
2831 14112
14112 2831
2831 14920
14920 2831
2831 18169
18169 2831
2831 18602
18602 2831
2872 2872
2872 2872
2872 4966
4966 2872
2872 12668
12668 2872
2872 12983
12983 2872
2872 13909
13909 2872
2872 13944
13944 2872
2872 14250
14250 2872
2939 6937
6937 2939
2978 21240
21240 2978
2997 2018
2018 2997
2997 2997
2997 2997
2997 6562
6562 2997
2997 7082
7082 2997
2997 8047
8047 2997
2997 10532
10532 2997
2997 10574
10574 2997
2997 13846
13846 2997
2997 17298
17298 2997
3023 3023
3023 3023
3023 12135
12135 3023
3023 23991
23991 3023
3026 3026
3026 3026
3039 7606
7606 3039
3049 1846
1846 3049
3049 3049
3049 3049
3049 5519
5519 3049
3049 5946
5946 3049
3049 7760
7760 3049
3049 12079
12079 3049
3049 13575
13575 3049
3049 14021
14021 3049
3049 18689
18689 3049
3049 21336
21336 3049
3049 24150
24150 3049
3055 1542
1542 3055
3055 12044
12044 3055
3055 13559
13559 3055
3078 12282
12282 3078
3101 3101
3101 3101
3101 4920
4920 3101
3101 11378
11378 3101
3101 12570
12570 3101
3101 14097
14097 3101
3109 3109
3109 3109
3109 12315
12315 3109
3141 5311
5311 3141
3141 14361
14361 3141
3172 642
642 3172
3172 1504
1504 3172
3172 2831
2831 3172
3172 3172
3172 3172
3172 4607
4607 3172
3172 5530
5530 3172
3172 7606
7606 3172
3172 11071
11071 3172
3172 12371
12371 3172
3172 12665
12665 3172
3172 13799
13799 3172
3172 13937
13937 3172
3172 14023
14023 3172
3172 14068
14068 3172
3172 14138
14138 3172
3172 22513
22513 3172
3225 14218
14218 3225
3227 10646
10646 3227
3292 2099
2099 3292
3301 3301
3301 3301
3301 11743
11743 3301
3329 11841
11841 3329
3337 1741
1741 3337
3337 1784
1784 3337
3372 3372
3372 3372
3420 12169
12169 3420
3433 496
496 3433
3433 3433
3433 3433
3433 11357
11357 3433
3433 13673
13673 3433
3452 496
496 3452
3452 2592
2592 3452
3474 9234
9234 3474
3491 3491
3491 3491
3506 3506
3506 3506
3506 11785
11785 3506
3523 12157
12157 3523
3528 3055
3055 3528
3528 3528
3528 3528
3528 12869
12869 3528
3528 13909
13909 3528
3528 13950
13950 3528
3528 20647
20647 3528
3528 24226
24226 3528
3528 24710
24710 3528
3555 3944
3944 3555
3570 830
830 3570
3591 644
644 3591
3591 3591
3591 3591
3591 12573
12573 3591
3591 13644
13644 3591
3619 11698
11698 3619
3704 4474
4474 3704
3705 7410
7410 3705
3705 12411
12411 3705
3705 14888
14888 3705
3714 3714
3714 3714
3714 9776
9776 3714
3714 11579
11579 3714
3714 14236
14236 3714
3714 20512
20512 3714
3733 11483
11483 3733
3757 24266
24266 3757
3760 3760
3760 3760
3771 14118
14118 3771
3771 14307
14307 3771
3814 3814
3814 3814
3823 3823
3823 3823
3824 1105
1105 3824
3824 23360
23360 3824
3835 1658
1658 3835
3835 3835
3835 3835
3843 2352
2352 3843
3843 13030
13030 3843
3944 3944
3944 3944
3947 19298
19298 3947
3950 8477
8477 3950
3950 9555
9555 3950
3950 13086
13086 3950
3950 17742
17742 3950
3951 3951
3951 3951
3986 2453
2453 3986
3986 7081
7081 3986
3986 11357
11357 3986
3986 12812
12812 3986
3986 14177
14177 3986
4018 4018
4018 4018
4121 9022
9022 4121
4121 16880
16880 4121
4125 12376
12376 4125
4126 10121
10121 4126
4143 11357
11357 4143
4143 14124
14124 4143
4146 596
596 4146
4146 4146
4146 4146
4150 4150
4150 4150
4183 44
44 4183
4183 4183
4183 4183
4183 13305
13305 4183
4185 4920
4920 4185
4186 2238
2238 4186
4186 4186
4186 4186
4186 5539
5539 4186
4186 10603
10603 4186
4187 4187
4187 4187
4196 4196
4196 4196
4196 6310
6310 4196
4196 9553
9553 4196
4196 24722
24722 4196
4230 1740
1740 4230
4242 642
642 4242
4242 1543
1543 4242
4242 2794
2794 4242
4242 4242
4242 4242
4242 4411
4411 4242
4242 4920
4920 4242
4242 4928
4928 4242
4242 5411
5411 4242
4242 7427
7427 4242
4242 7514
7514 4242
4242 7682
7682 4242
4242 8127
8127 4242
4242 9239
9239 4242
4242 9956
9956 4242
4242 11313
11313 4242
4242 11963
11963 4242
4242 13217
13217 4242
4242 13305
13305 4242
4242 13875
13875 4242
4242 14032
14032 4242
4242 14121
14121 4242
4242 14255
14255 4242
4242 16892
16892 4242
4242 18034
18034 4242
4242 18602
18602 4242
4242 19156
19156 4242
4242 21786
21786 4242
4317 4317
4317 4317
4331 2592
2592 4331
4331 9025
9025 4331
4331 14026
14026 4331
4343 4343
4343 4343
4343 7682
7682 4343
4343 10619
10619 4343
4343 12900
12900 4343
4343 14148
14148 4343
4343 18602
18602 4343
4343 22341
22341 4343
4355 4355
4355 4355
4356 4356
4356 4356
4356 24722
24722 4356
4370 4370
4370 4370
4370 8984
8984 4370
4406 24537
24537 4406
4407 7315
7315 4407
4407 14806
14806 4407
4411 13238
13238 4411
4441 1582
1582 4441
4450 5519
5519 4450
4459 11378
11378 4459
4482 572
572 4482
4482 642
642 4482
4551 9113
9113 4551
4567 496
496 4567
4567 5992
5992 4567
4567 8813
8813 4567
4567 13966
13966 4567
4567 13979
13979 4567
4567 14156
14156 4567
4567 18602
18602 4567
4567 21240
21240 4567
4567 23360
23360 4567
4572 2384
2384 4572
4572 4572
4572 4572
4607 3023
3023 4607
4607 3105
3105 4607
4607 4607
4607 4607
4607 11881
11881 4607
4607 13084
13084 4607
4607 13937
13937 4607
4607 24722
24722 4607
4638 6258
6258 4638
4653 4653
4653 4653
4653 11743
11743 4653
4653 24226
24226 4653
4667 15394
15394 4667
4683 465
465 4683
4685 747
747 4685
4685 4685
4685 4685
4685 7550
7550 4685
4685 12665
12665 4685
4685 13124
13124 4685
4685 13554
13554 4685
4685 13586
13586 4685
4685 13783
13783 4685
4685 23348
23348 4685
4719 4719
4719 4719
4719 13858
13858 4719
4735 2197
2197 4735
4735 4735
4735 4735
4735 5127
5127 4735
4735 13546
13546 4735
4735 22283
22283 4735
4781 799
799 4781
4781 22513
22513 4781
4829 996
996 4829
4829 4829
4829 4829
4829 12079
12079 4829
4829 12745
12745 4829
4829 24722
24722 4829
4844 4844
4844 4844
4879 24313
24313 4879
4883 4883
4883 4883
4883 11743
11743 4883
4883 23348
23348 4883
4920 1430
1430 4920
4920 4185
4185 4920
4920 4242
4242 4920
4920 4607
4607 4920
4920 4920
4920 4920
4920 5178
5178 4920
4920 6247
6247 4920
4920 8321
8321 4920
4920 8364
8364 4920
4920 8600
8600 4920
4920 11006
11006 4920
4920 11055
11055 4920
4920 12570
12570 4920
4920 12573
12573 4920
4920 12712
12712 4920
4920 12789
12789 4920
4920 13188
13188 4920
4920 13851
13851 4920
4920 13916
13916 4920
4920 13937
13937 4920
4920 13939
13939 4920
4920 14017
14017 4920
4920 14113
14113 4920
4920 14269
14269 4920
4920 17695
17695 4920
4920 18574
18574 4920
4920 18602
18602 4920
4920 19693
19693 4920
4920 20817
20817 4920
4928 8984
8984 4928
4928 13305
13305 4928
4928 13951
13951 4928
4928 14117
14117 4928
4966 2872
2872 4966
4966 4966
4966 4966
4982 12896
12896 4982
4982 14188
14188 4982
5027 5027
5027 5027
5052 9239
9239 5052
5052 10693
10693 5052
5052 14076
14076 5052
5052 14976
14976 5052
5096 5096
5096 5096
5112 9057
9057 5112
5127 4735
4735 5127
5127 5127
5127 5127
5127 14302
14302 5127
5127 21876
21876 5127
5147 19440
19440 5147
5152 2655
2655 5152
5152 4406
4406 5152
5152 5152
5152 5152
5152 14303
14303 5152
5152 19440
19440 5152
5176 12668
12668 5176
5178 344
344 5178
5178 630
630 5178
5178 876
876 5178
5178 4920
4920 5178
5178 5178
5178 5178
5178 6960
6960 5178
5178 8364
8364 5178
5178 8462
8462 5178
5178 8944
8944 5178
5178 12570
12570 5178
5178 13937
13937 5178
5178 14291
14291 5178
5178 19693
19693 5178
5178 20817
20817 5178
5193 630
630 5193
5193 12720
12720 5193
5193 18169
18169 5193
5193 20817
20817 5193
5232 5232
5232 5232
5261 9954
9954 5261
5282 5282
5282 5282
5282 11168
11168 5282
5284 5127
5127 5284
5284 9956
9956 5284
5304 24634
24634 5304
5311 1116
1116 5311
5311 2700
2700 5311
5311 3528
3528 5311
5311 5311
5311 5311
5311 10806
10806 5311
5311 12413
12413 5311
5311 12668
12668 5311
5311 12773
12773 5311
5311 13974
13974 5311
5311 14149
14149 5311
5311 14252
14252 5311
5311 14336
14336 5311
5311 17298
17298 5311
5311 21335
21335 5311
5311 23407
23407 5311
5311 24710
24710 5311
5345 5311
5311 5345
5345 11313
11313 5345
5345 12169
12169 5345
5345 12481
12481 5345
5345 12665
12665 5345
5345 13518
13518 5345
5345 19440
19440 5345
5346 5346
5346 5346
5364 5364
5364 5364
5408 21300
21300 5408
5409 2491
2491 5409
5409 5409
5409 5409
5409 10811
10811 5409
5409 11899
11899 5409
5409 12004
12004 5409
5409 14017
14017 5409
5409 18602
18602 5409
5409 23360
23360 5409
5411 3019
3019 5411
5411 5411
5411 5411
5411 13305
13305 5411
5430 496
496 5430
5430 13639
13639 5430
5446 5446
5446 5446
5485 13910
13910 5485
5498 14212
14212 5498
5509 5509
5509 5509
5517 5517
5517 5517
5519 127
127 5519
5519 1846
1846 5519
5519 4450
4450 5519
5519 5519
5519 5519
5519 12665
12665 5519
5519 13910
13910 5519
5519 18602
18602 5519
5519 19156
19156 5519
5523 11184
11184 5523
5523 13099
13099 5523
5530 1639
1639 5530
5530 5530
5530 5530
5595 23929
23929 5595
5600 5600
5600 5600
5625 12006
12006 5625
5625 14053
14053 5625
5625 14088
14088 5625
5625 16892
16892 5625
5633 1137
1137 5633
5633 5633
5633 5633
5633 10646
10646 5633
5639 15814
15814 5639
5644 14012
14012 5644
5645 12376
12376 5645
5658 12812
12812 5658
5660 1137
1137 5660
5660 1846
1846 5660
5660 2831
2831 5660
5660 3172
3172 5660
5660 4572
4572 5660
5660 5660
5660 5660
5660 7258
7258 5660
5660 7699
7699 5660
5660 8710
8710 5660
5660 9016
9016 5660
5660 10790
10790 5660
5660 11171
11171 5660
5660 12079
12079 5660
5660 13951
13951 5660
5660 14023
14023 5660
5660 14225
14225 5660
5660 14835
14835 5660
5660 20255
20255 5660
5660 21336
21336 5660
5660 22341
22341 5660
5660 24537
24537 5660
5677 642
642 5677
5677 747
747 5677
5677 1296
1296 5677
5677 2361
2361 5677
5677 2424
2424 5677
5677 3714
3714 5677
5677 5677
5677 5677
5677 9016
9016 5677
5677 12078
12078 5677
5677 12171
12171 5677
5677 13750
13750 5677
5677 14003
14003 5677
5677 14215
14215 5677
5677 19440
19440 5677
5677 21786
21786 5677
5678 6124
6124 5678
5753 4237
4237 5753
5769 6720
6720 5769
5793 17742
17742 5793
5801 1296
1296 5801
5801 24472
24472 5801
5805 6485
6485 5805
5805 13270
13270 5805
5808 5892
5892 5808
5852 5852
5852 5852
5852 19915
19915 5852
5856 12900
12900 5856
5892 2134
2134 5892
5892 5808
5808 5892
5892 5892
5892 5892
5892 12539
12539 5892
5892 18689
18689 5892
5946 642
642 5946
5946 747
747 5946
5946 1846
1846 5946
5946 3049
3049 5946
5946 5946
5946 5946
5946 6054
6054 5946
5946 7760
7760 5946
5946 8262
8262 5946
5946 9365
9365 5946
5946 10356
10356 5946
5946 10619
10619 5946
5946 11047
11047 5946
5946 12231
12231 5946
5946 12545
12545 5946
5946 13223
13223 5946
5946 13978
13978 5946
5946 14002
14002 5946
5946 14194
14194 5946
5946 14198
14198 5946
5946 14294
14294 5946
5946 14350
14350 5946
5946 14361
14361 5946
5946 18034
18034 5946
5946 18602
18602 5946
5946 18689
18689 5946
5946 23348
23348 5946
5947 5947
5947 5947
5947 7792
7792 5947
5992 1013
1013 5992
5992 5992
5992 5992
6002 642
642 6002
6002 1296
1296 6002
6002 6851
6851 6002
6002 12282
12282 6002
6002 12900
12900 6002
6002 13046
13046 6002
6002 14387
14387 6002
6002 18602
18602 6002
6009 642
642 6009
6009 804
804 6009
6009 4370
4370 6009
6009 5600
5600 6009
6009 6009
6009 6009
6009 6095
6095 6009
6009 6528
6528 6009
6009 10161
10161 6009
6009 10331
10331 6009
6009 13518
13518 6009
6009 13684
13684 6009
6009 13951
13951 6009
6009 14127
14127 6009
6009 14151
14151 6009
6009 14280
14280 6009
6017 6017
6017 6017
6017 10410
10410 6017
6047 2375
2375 6047
6047 5748
5748 6047
6047 6047
6047 6047
6047 8257
8257 6047
6047 13750
13750 6047
6047 13948
13948 6047
6047 14162
14162 6047
6049 1137
1137 6049
6049 9660
9660 6049
6054 642
642 6054
6054 6054
6054 6054
6054 14120
14120 6054
6054 19498
19498 6054
6074 6961
6961 6074
6095 642
642 6095
6095 12665
12665 6095
6124 6124
6124 6124
6167 344
344 6167
6167 386
386 6167
6182 747
747 6182
6182 12465
12465 6182
6182 13991
13991 6182
6182 14028
14028 6182
6228 6228
6228 6228
6228 12239
12239 6228
6228 13038
13038 6228
6247 4411
4411 6247
6247 6247
6247 6247
6247 6937
6937 6247
6247 7606
7606 6247
6247 12371
12371 6247
6247 14276
14276 6247
6247 21828
21828 6247
6278 6278
6278 6278
6278 14027
14027 6278
6278 18602
18602 6278
6278 23929
23929 6278
6285 6285
6285 6285
6285 9239
9239 6285
6310 4196
4196 6310
6318 6318
6318 6318
6318 10646
10646 6318
6338 16412
16412 6338
6413 9022
9022 6413
6417 1384
1384 6417
6417 6417
6417 6417
6417 14236
14236 6417
6476 6476
6476 6476
6485 6485
6485 6485
6485 10790
10790 6485
6485 12063
12063 6485
6485 12789
12789 6485
6485 14023
14023 6485
6485 23348
23348 6485
6487 6487
6487 6487
6505 6666
6666 6505
6528 2197
2197 6528
6528 6528
6528 6528
6528 9960
9960 6528
6528 13030
13030 6528
6562 6562
6562 6562
6589 280
280 6589
6589 644
644 6589
6589 800
800 6589
6589 4658
4658 6589
6589 9082
9082 6589
6589 11357
11357 6589
6589 13985
13985 6589
6589 16880
16880 6589
6589 18602
18602 6589
6589 23348
23348 6589
6598 2978
2978 6598
6598 6707
6707 6598
6598 13570
13570 6598
6598 13992
13992 6598
6598 14261
14261 6598
6598 21336
21336 6598
6666 6505
6505 6666
6666 6666
6666 6666
6666 12079
12079 6666
6707 6598
6598 6707
6707 9553
9553 6707
6720 6720
6720 6720
6720 8935
8935 6720
6720 14076
14076 6720
6735 2959
2959 6735
6735 13966
13966 6735
6763 24707
24707 6763
6790 2361
2361 6790
6815 5176
5176 6815
6835 12712
12712 6835
6836 6836
6836 6836
6836 9842
9842 6836
6845 4829
4829 6845
6845 18034
18034 6845
6850 2497
2497 6850
6869 2361
2361 6869
6869 5282
5282 6869
6869 5311
5311 6869
6869 6869
6869 6869
6869 7352
7352 6869
6869 11460
11460 6869
6869 20108
20108 6869
6869 21335
21335 6869
6917 642
642 6917
6917 4150
4150 6917
6917 10331
10331 6917
6937 6247
6247 6937
6937 6937
6937 6937
6937 9025
9025 6937
6937 13832
13832 6937
6937 15814
15814 6937
6955 22062
22062 6955
6960 6960
6960 6960
6960 12570
12570 6960
6960 17157
17157 6960
6961 496
496 6961
6961 5509
5509 6961
6961 5643
5643 6961
6961 6074
6074 6961
6961 6961
6961 6961
6961 6966
6966 6961
6961 9275
9275 6961
6961 11357
11357 6961
6961 13468
13468 6961
6961 14177
14177 6961
6961 18602
18602 6961
6966 6966
6966 6966
6966 14187
14187 6966
6985 1846
1846 6985
6999 19554
19554 6999
7006 1728
1728 7006
7022 5633
5633 7022
7022 6318
6318 7022
7037 7037
7037 7037
7082 2997
2997 7082
7097 7097
7097 7097
7100 4883
4883 7100
7107 9842
9842 7107
7111 7111
7111 7111
7123 642
642 7123
7123 1595
1595 7123
7123 4121
4121 7123
7123 13799
13799 7123
7172 7172
7172 7172
7186 5027
5027 7186
7186 8257
8257 7186
7203 7989
7989 7203
7209 13460
13460 7209
7258 7258
7258 7258
7305 117
117 7305
7305 1296
1296 7305
7305 6485
6485 7305
7305 7305
7305 7305
7305 13926
13926 7305
7305 14303
14303 7305
7315 7315
7315 7315
7338 14009
14009 7338
7410 3705
3705 7410
7470 14212
14212 7470
7481 7481
7481 7481
7481 7759
7759 7481
7499 10121
10121 7499
7514 1913
1913 7514
7514 2831
2831 7514
7514 4685
4685 7514
7514 6720
6720 7514
7514 7514
7514 7514
7514 7743
7743 7514
7514 8921
8921 7514
7514 12789
12789 7514
7514 13673
13673 7514
7514 21336
21336 7514
7514 24404
24404 7514
7516 8993
8993 7516
7529 14011
14011 7529
7601 496
496 7601
7601 1312
1312 7601
7601 4607
4607 7601
7601 4685
4685 7601
7601 7601
7601 7601
7601 11357
11357 7601
7601 11367
11367 7601
7601 14062
14062 7601
7601 14110
14110 7601
7601 14129
14129 7601
7601 14208
14208 7601
7601 14262
14262 7601
7601 21300
21300 7601
7601 23933
23933 7601
7648 13541
13541 7648
7648 13644
13644 7648
7656 2978
2978 7656
7656 13684
13684 7656
7656 14219
14219 7656
7682 5892
5892 7682
7727 8690
8690 7727
7743 7514
7514 7743
7743 7743
7743 7743
7743 11184
11184 7743
7743 13997
13997 7743
7743 14012
14012 7743
7743 14017
14017 7743
7743 14208
14208 7743
7743 14234
14234 7743
7743 14271
14271 7743
7743 14307
14307 7743
7743 17695
17695 7743
7759 496
496 7759
7759 701
701 7759
7759 1913
1913 7759
7759 1921
1921 7759
7759 2200
2200 7759
7759 2713
2713 7759
7759 4196
4196 7759
7759 4829
4829 7759
7759 6285
6285 7759
7759 7759
7759 7759
7759 8047
8047 7759
7759 9312
9312 7759
7759 10568
10568 7759
7759 10619
10619 7759
7759 11378
11378 7759
7759 11916
11916 7759
7759 12025
12025 7759
7759 12858
12858 7759
7759 12983
12983 7759
7759 13033
13033 7759
7759 13086
13086 7759
7759 13541
13541 7759
7759 13559
13559 7759
7759 13909
13909 7759
7759 13927
13927 7759
7759 13944
13944 7759
7759 13948
13948 7759
7759 14122
14122 7759
7759 14135
14135 7759
7759 14157
14157 7759
7759 14262
14262 7759
7759 14324
14324 7759
7759 17298
17298 7759
7759 18602
18602 7759
7759 24519
24519 7759
7760 253
253 7760
7760 7760
7760 7760
7760 10121
10121 7760
7778 2812
2812 7778
7778 4653
4653 7778
7778 6937
6937 7778
7778 8477
8477 7778
7778 8544
8544 7778
7778 9177
9177 7778
7778 13011
13011 7778
7778 13297
13297 7778
7778 13553
13553 7778
7778 13953
13953 7778
7778 14146
14146 7778
7778 14212
14212 7778
7792 5947
5947 7792
7792 7792
7792 7792
7792 12917
12917 7792
7825 2197
2197 7825
7874 7874
7874 7874
7888 194
194 7888
7888 386
386 7888
7888 13947
13947 7888
7888 21328
21328 7888
7893 7893
7893 7893
7893 13644
13644 7893
7923 21
21 7923
7929 13084
13084 7929
7957 7957
7957 7957
8005 80
80 8005
8005 673
673 8005
8005 2104
2104 8005
8005 2442
2442 8005
8005 2491
2491 8005
8005 5345
5345 8005
8005 6047
6047 8005
8005 8005
8005 8005
8005 11785
11785 8005
8005 12869
12869 8005
8005 13383
13383 8005
8005 13440
13440 8005
8005 13885
13885 8005
8005 20205
20205 8005
8031 194
194 8031
8047 2200
2200 8047
8077 8077
8077 8077
8102 3714
3714 8102
8102 5633
5633 8102
8102 8102
8102 8102
8102 9776
9776 8102
8102 12424
12424 8102
8102 12539
12539 8102
8102 13977
13977 8102
8102 14082
14082 8102
8102 14096
14096 8102
8102 24226
24226 8102
8127 8127
8127 8127
8127 9956
9956 8127
8127 10410
10410 8127
8151 630
630 8151
8199 2355
2355 8199
8199 12341
12341 8199
8232 4242
4242 8232
8232 8984
8984 8232
8257 6047
6047 8257
8257 8257
8257 8257
8262 8262
8262 8262
8262 13912
13912 8262
8262 18034
18034 8262
8274 13305
13305 8274
8321 1430
1430 8321
8321 4920
4920 8321
8321 15369
15369 8321
8346 13910
13910 8346
8364 2197
2197 8364
8364 4920
4920 8364
8364 5178
5178 8364
8364 8364
8364 8364
8364 10410
10410 8364
8364 20817
20817 8364
8403 644
644 8403
8403 8403
8403 8403
8403 12720
12720 8403
8421 10707
10707 8421
8421 10785
10785 8421
8421 11881
11881 8421
8421 13909
13909 8421
8421 14215
14215 8421
8435 747
747 8435
8436 5677
5677 8436
8436 8436
8436 8436
8436 13217
13217 8436
8436 13372
13372 8436
8452 12900
12900 8452
8462 5178
5178 8462
8477 3950
3950 8477
8477 8477
8477 8477
8544 906
906 8544
8548 8548
8548 8548
8564 6319
6319 8564
8600 7
7 8600
8600 876
876 8600
8600 4607
4607 8600
8600 8600
8600 8600
8600 9082
9082 8600
8600 12182
12182 8600
8600 12989
12989 8600
8600 13926
13926 8600
8600 13937
13937 8600
8600 19498
19498 8600
8600 24581
24581 8600
8664 1632
1632 8664
8664 11050
11050 8664
8710 2487
2487 8710
8710 8710
8710 8710
8808 8808
8808 8808
8808 11019
11019 8808
8808 11881
11881 8808
8813 20
20 8813
8813 8813
8813 8813
8846 14273
14273 8846
8852 8852
8852 8852
8852 23941
23941 8852
8895 1382
1382 8895
8895 20917
20917 8895
8921 4196
4196 8921
8930 13981
13981 8930
8935 20
20 8935
8935 642
642 8935
8935 1934
1934 8935
8935 3105
3105 8935
8935 3814
3814 8935
8935 4735
4735 8935
8935 6720
6720 8935
8935 8935
8935 8935
8935 9956
9956 8935
8935 12135
12135 8935
8935 12531
12531 8935
8935 12777
12777 8935
8935 13038
13038 8935
8935 13237
13237 8935
8935 13799
13799 8935
8935 13835
13835 8935
8935 13927
13927 8935
8935 13951
13951 8935
8935 13955
13955 8935
8935 13981
13981 8935
8935 14012
14012 8935
8935 14134
14134 8935
8935 14154
14154 8935
8935 17695
17695 8935
8935 18506
18506 8935
8939 8939
8939 8939
8944 5178
5178 8944
8944 20817
20817 8944
8983 745
745 8983
8983 10522
10522 8983
8984 804
804 8984
8984 4370
4370 8984
8984 14051
14051 8984
8984 14355
14355 8984
8984 20021
20021 8984
8988 1384
1384 8988
8993 8993
8993 8993
8993 13108
13108 8993
8995 11698
11698 8995
8996 876
876 8996
8996 990
990 8996
8996 2948
2948 8996
8996 8996
8996 8996
8996 9025
9025 8996
8996 10573
10573 8996
8996 13786
13786 8996
8996 13879
13879 8996
9005 44
44 9005
9005 13030
13030 9005
9005 13232
13232 9005
9005 13800
13800 9005
9005 19446
19446 9005
9016 5660
5660 9016
9016 9025
9025 9016
9022 4121
4121 9022
9025 117
117 9025
9025 496
496 9025
9025 554
554 9025
9025 601
601 9025
9025 642
642 9025
9025 804
804 9025
9025 876
876 9025
9025 990
990 9025
9025 1013
1013 9025
9025 1383
1383 9025
9025 1949
1949 9025
9025 2018
2018 9025
9025 3026
3026 9025
9025 3049
3049 9025
9025 3055
3055 9025
9025 3491
3491 9025
9025 3823
3823 9025
9025 4242
4242 9025
9025 4411
4411 9025
9025 5346
5346 9025
9025 5633
5633 9025
9025 5892
5892 9025
9025 6937
6937 9025
9025 7037
7037 9025
9025 7082
7082 9025
9025 7957
7957 9025
9025 8939
8939 9025
9025 9016
9016 9025
9025 9025
9025 9025
9025 9553
9553 9025
9025 9555
9555 9025
9025 10573
10573 9025
9025 10574
10574 9025
9025 11048
11048 9025
9025 11171
11171 9025
9025 11698
11698 9025
9025 11823
11823 9025
9025 11881
11881 9025
9025 11926
11926 9025
9025 12079
12079 9025
9025 12169
12169 9025
9025 12481
12481 9025
9025 12665
12665 9025
9025 12789
12789 9025
9025 12812
12812 9025
9025 12978
12978 9025
9025 13305
13305 9025
9025 13372
13372 9025
9025 13415
13415 9025
9025 13787
13787 9025
9025 13951
13951 9025
9025 14005
14005 9025
9025 14031
14031 9025
9025 14199
14199 9025
9025 14229
14229 9025
9025 14261
14261 9025
9025 14263
14263 9025
9025 14269
14269 9025
9025 14285
14285 9025
9025 14317
14317 9025
9025 14387
14387 9025
9025 15332
15332 9025
9025 16880
16880 9025
9025 18602
18602 9025
9025 19440
19440 9025
9025 19901
19901 9025
9025 21300
21300 9025
9025 21786
21786 9025
9025 22217
22217 9025
9025 23360
23360 9025
9050 9050
9050 9050
9055 287
287 9055
9055 9055
9055 9055
9057 496
496 9057
9057 642
642 9057
9057 866
866 9057
9057 1296
1296 9057
9057 8600
8600 9057
9057 9057
9057 9057
9057 10811
10811 9057
9057 11071
11071 9057
9057 11184
11184 9057
9057 11378
11378 9057
9057 13297
13297 9057
9057 13427
13427 9057
9057 13799
13799 9057
9057 13927
13927 9057
9057 13937
13937 9057
9057 13963
13963 9057
9057 13986
13986 9057
9057 14007
14007 9057
9057 14080
14080 9057
9057 14113
14113 9057
9057 14153
14153 9057
9057 14187
14187 9057
9057 14242
14242 9057
9057 14244
14244 9057
9057 14348
14348 9057
9057 16377
16377 9057
9057 17298
17298 9057
9057 18034
18034 9057
9057 18602
18602 9057
9057 19059
19059 9057
9057 19138
19138 9057
9057 20917
20917 9057
9057 23039
23039 9057
9057 24409
24409 9057
9082 9082
9082 9082
9082 11579
11579 9082
9092 13541
13541 9092
9092 18602
18602 9092
9157 12182
12182 9157
9177 4146
4146 9177
9177 9177
9177 9177
9177 12163
12163 9177
9177 13297
13297 9177
9177 13924
13924 9177
9177 14099
14099 9177
9177 18602
18602 9177
9178 1740
1740 9178
9213 9213
9213 9213
9213 21300
21300 9213
9224 9224
9224 9224
9238 5409
5409 9238
9238 13029
13029 9238
9238 13706
13706 9238
9239 642
642 9239
9239 1913
1913 9239
9239 6285
6285 9239
9239 9239
9239 9239
9239 12330
12330 9239
9239 12668
12668 9239
9239 13969
13969 9239
9239 14285
14285 9239
9239 21786
21786 9239
9239 24518
24518 9239
9275 6961
6961 9275
9275 9275
9275 9275
9305 1846
1846 9305
9305 2487
2487 9305
9306 9306
9306 9306
9312 7759
7759 9312
9312 9312
9312 9312
9360 9360
9360 9360
9360 12169
12169 9360
9360 16348
16348 9360
9363 2732
2732 9363
9363 13305
13305 9363
9363 21240
21240 9363
9365 13237
13237 9365
9365 14187
14187 9365
9398 9398
9398 9398
9398 13799
13799 9398
9398 15450
15450 9398
9405 3921
3921 9405
9405 5677
5677 9405
9405 8984
8984 9405
9405 10566
10566 9405
9405 23360
23360 9405
9415 11579
11579 9415
9494 18602
18602 9494
9553 1116
1116 9553
9553 2200
2200 9553
9553 4196
4196 9553
9553 6707
6707 9553
9553 9553
9553 9553
9553 11048
11048 9553
9553 12236
12236 9553
9553 13383
13383 9553
9555 642
642 9555
9555 1543
1543 9555
9555 1913
1913 9555
9555 3950
3950 9555
9555 9555
9555 9555
9555 11819
11819 9555
9555 11848
11848 9555
9555 12812
12812 9555
9555 13966
13966 9555
9555 13985
13985 9555
9573 8939
8939 9573
9600 11841
11841 9600
9647 9647
9647 9647
9660 9660
9660 9660
9677 5409
5409 9677
9679 12665
12665 9679
9716 3101
3101 9716
9776 8102
8102 9776
9776 9776
9776 9776
9798 9798
9798 9798
9811 9811
9811 9811
9842 1312
1312 9842
9842 3591
3591 9842
9842 3921
3921 9842
9842 5358
5358 9842
9842 6836
6836 9842
9842 9025
9025 9842
9842 9842
9842 9842
9842 11841
11841 9842
9842 13644
13644 9842
9842 13910
13910 9842
9842 15332
15332 9842
9842 23360
23360 9842
9862 13343
13343 9862
9862 17830
17830 9862
9862 18604
18604 9862
9892 1403
1403 9892
9909 8996
8996 9909
9924 9924
9924 9924
9954 9954
9954 9954
9956 4242
4242 9956
9956 8127
8127 9956
9956 9956
9956 9956
9956 19138
19138 9956
9957 9957
9957 9957
9957 11390
11390 9957
9957 12600
12600 9957
9957 13034
13034 9957
9960 1409
1409 9960
9960 6528
6528 9960
9960 9960
9960 9960
9960 16336
16336 9960
9960 16581
16581 9960
9960 17293
17293 9960
10007 12593
12593 10007
10121 34
34 10121
10121 44
44 10121
10121 5519
5519 10121
10121 7760
7760 10121
10121 9798
9798 10121
10121 13950
13950 10121
10121 13955
13955 10121
10121 14112
14112 10121
10121 14265
14265 10121
10121 18602
18602 10121
10161 10161
10161 10161
10168 11406
11406 10168
10168 11483
11483 10168
10168 14293
14293 10168
10168 15251
15251 10168
10207 10207
10207 10207
10207 11819
11819 10207
10259 10259
10259 10259
10259 13518
13518 10259
10292 496
496 10292
10292 7792
7792 10292
10292 11342
11342 10292
10292 11357
11357 10292
10292 14005
14005 10292
10292 15814
15814 10292
10292 18602
18602 10292
10292 24518
24518 10292
10331 44
44 10331
10331 642
642 10331
10331 1740
1740 10331
10331 10331
10331 10331
10331 13305
13305 10331
10331 14595
14595 10331
10343 11006
11006 10343
10356 1013
1013 10356
10356 10356
10356 10356
10356 14044
14044 10356
10406 13247
13247 10406
10410 642
642 10410
10410 2959
2959 10410
10410 6017
6017 10410
10410 7037
7037 10410
10410 10410
10410 10410
10410 11171
11171 10410
10410 14185
14185 10410
10410 14186
14186 10410
10410 14199
14199 10410
10410 14217
14217 10410
10410 14302
14302 10410
10410 16348
16348 10410
10429 13605
13605 10429
10486 11040
11040 10486
10544 4883
4883 10544
10549 10549
10549 10549
10558 5409
5409 10558
10566 1543
1543 10566
10566 4685
4685 10566
10566 10566
10566 10566
10566 11076
11076 10566
10566 13422
13422 10566
10566 13897
13897 10566
10566 13979
13979 10566
10566 19871
19871 10566
10566 23360
23360 10566
10568 7759
7759 10568
10568 9025
9025 10568
10573 8996
8996 10573
10573 10573
10573 10573
10574 2997
2997 10574
10574 10574
10574 10574
10574 13305
13305 10574
10574 14230
14230 10574
10603 4186
4186 10603
10619 7759
7759 10619
10619 10619
10619 10619
10646 5633
5633 10646
10646 6318
6318 10646
10646 10646
10646 10646
10646 12074
12074 10646
10676 12869
12869 10676
10681 7682
7682 10681
10681 14087
14087 10681
10707 1116
1116 10707
10756 22990
22990 10756
10785 10785
10785 10785
10790 6485
6485 10790
10790 10790
10790 10790
10806 10806
10806 10806
10811 496
496 10811
10811 642
642 10811
10811 1543
1543 10811
10811 2959
2959 10811
10811 5409
5409 10811
10811 9360
9360 10811
10811 10811
10811 10811
10811 11848
11848 10811
10811 12054
12054 10811
10811 13985
13985 10811
10811 14164
14164 10811
10811 14225
14225 10811
10811 14609
14609 10811
10811 18602
18602 10811
10856 14232
14232 10856
11018 14164
14164 11018
11019 8808
8808 11019
11040 10486
10486 11040
11055 11055
11055 11055
11055 14271
14271 11055
11055 24519
24519 11055
11056 1728
1728 11056
11056 5887
5887 11056
11056 5892
5892 11056
11056 13217
13217 11056
11056 13900
13900 11056
11059 9203
9203 11059
11071 6054
6054 11071
11071 11071
11071 11071
11071 13799
13799 11071
11071 19440
19440 11071
11072 11006
11006 11072
11072 11007
11007 11072
11076 13544
13544 11076
11078 11078
11078 11078
11149 12430
12430 11149
11167 4018
4018 11167
11167 4653
4653 11167
11167 4685
4685 11167
11167 6836
6836 11167
11167 11167
11167 11167
11167 14022
14022 11167
11167 14231
14231 11167
11171 2384
2384 11171
11171 11171
11171 11171
11184 7743
7743 11184
11184 11184
11184 11184
11184 18602
18602 11184
11313 4242
4242 11313
11313 11698
11698 11313
11313 14414
14414 11313
11313 21336
21336 11313
11342 11342
11342 11342
11342 18602
18602 11342
11342 22283
22283 11342
11342 24518
24518 11342
11342 24664
24664 11342
11357 3433
3433 11357
11357 3986
3986 11357
11357 6961
6961 11357
11357 7601
7601 11357
11357 11357
11357 11357
11357 24707
24707 11357
11361 14184
14184 11361
11367 18619
18619 11367
11378 11378
11378 11378
11378 11607
11607 11378
11378 12025
12025 11378
11378 17675
17675 11378
11406 11406
11406 11406
11406 12004
12004 11406
11406 13594
13594 11406
11408 6054
6054 11408
11412 4920
4920 11412
11419 7082
7082 11419
11419 13191
13191 11419
11483 1741
1741 11483
11507 503
503 11507
11547 4242
4242 11547
11547 11547
11547 11547
11547 11963
11963 11547
11547 13644
13644 11547
11579 1543
1543 11579
11579 4331
4331 11579
11579 9082
9082 11579
11579 14026
14026 11579
11579 14088
14088 11579
11579 14251
14251 11579
11607 11378
11378 11607
11607 11607
11607 11607
11607 17675
17675 11607
11657 10331
10331 11657
11657 12648
12648 11657
11657 14205
14205 11657
11684 1846
1846 11684
11684 2134
2134 11684
11684 6285
6285 11684
11684 11357
11357 11684
11684 14209
14209 11684
11684 18602
18602 11684
11688 17675
17675 11688
11688 22601
22601 11688
11698 1137
1137 11698
11698 3619
3619 11698
11698 11313
11313 11698
11700 6937
6937 11700
11700 11700
11700 11700
11700 14018
14018 11700
11700 14113
14113 11700
11700 15814
15814 11700
11700 19901
19901 11700
11700 20285
20285 11700
11725 12668
12668 11725
11725 13211
13211 11725
11733 4685
4685 11733
11733 11890
11890 11733
11733 14012
14012 11733
11733 23707
23707 11733
11743 747
747 11743
11743 1609
1609 11743
11743 2355
2355 11743
11743 3301
3301 11743
11743 4653
4653 11743
11743 4883
4883 11743
11743 7743
7743 11743
11743 11743
11743 11743
11743 13896
13896 11743
11743 14018
14018 11743
11743 14093
14093 11743
11743 14234
14234 11743
11756 11579
11579 11756
11758 642
642 11758
11761 9551
9551 11761
11767 1013
1013 11767
11767 9082
9082 11767
11767 9555
9555 11767
11767 11342
11342 11767
11767 11767
11767 11767
11767 12812
12812 11767
11767 12819
12819 11767
11767 13911
13911 11767
11767 14243
14243 11767
11767 16880
16880 11767
11778 1657
1657 11778
11778 11778
11778 11778
11785 8005
8005 11785
11793 18602
18602 11793
11793 23348
23348 11793
11814 496
496 11814
11814 5517
5517 11814
11814 8162
8162 11814
11819 642
642 11819
11819 1532
1532 11819
11819 1543
1543 11819
11819 3105
3105 11819
11819 4343
4343 11819
11819 4547
4547 11819
11819 4735
4735 11819
11819 6707
6707 11819
11819 8935
8935 11819
11819 9553
9553 11819
11819 10207
10207 11819
11819 11819
11819 11819
11819 12777
12777 11819
11819 13442
13442 11819
11819 13804
13804 11819
11819 14091
14091 11819
11819 14348
14348 11819
11819 18602
18602 11819
11819 22283
22283 11819
11823 287
287 11823
11823 11823
11823 11823
11841 996
996 11841
11841 11841
11841 11841
11841 19806
19806 11841
11848 1543
1543 11848
11848 2592
2592 11848
11848 11848
11848 11848
11861 12481
12481 11861
11861 14414
14414 11861
11881 701
701 11881
11881 8808
8808 11881
11881 11881
11881 11881
11881 12870
12870 11881
11881 21954
21954 11881
11890 11733
11733 11890
11899 5409
5409 11899
11910 3650
3650 11910
11910 7699
7699 11910
11910 9798
9798 11910
11910 11405
11405 11910
11910 12037
12037 11910
11910 13327
13327 11910
11910 14223
14223 11910
11910 18602
18602 11910
11910 18634
18634 11910
11913 4653
4653 11913
11916 7759
7759 11916
11925 804
804 11925
11945 3405
3405 11945
11945 12278
12278 11945
11949 701
701 11949
11963 4242
4242 11963
11963 24579
24579 11963
11967 1137
1137 11967
12006 12006
12006 12006
12006 12668
12668 12006
12013 13928
13928 12013
12025 5411
5411 12025
12025 11378
11378 12025
12025 12025
12025 12025
12025 13761
13761 12025
12028 3626
3626 12028
12045 19156
19156 12045
12054 12054
12054 12054
12054 12539
12539 12054
12063 6485
6485 12063
12074 10646
10646 12074
12074 12074
12074 12074
12078 12078
12078 12078
12079 12079
12079 12079
12079 13865
13865 12079
12081 22217
22217 12081
12086 16581
16581 12086
12106 7244
7244 12106
12116 12054
12054 12116
12135 496
496 12135
12135 1934
1934 12135
12135 3023
3023 12135
12135 3172
3172 12135
12135 3452
3452 12135
12135 5643
5643 12135
12135 5992
5992 12135
12135 7601
7601 12135
12135 7759
7759 12135
12135 7792
7792 12135
12135 9025
9025 12135
12135 9275
9275 12135
12135 9956
9956 12135
12135 11357
11357 12135
12135 12135
12135 12135
12135 12413
12413 12135
12135 12599
12599 12135
12135 12812
12812 12135
12135 13131
13131 12135
12135 13255
13255 12135
12135 13460
13460 12135
12135 13511
13511 12135
12135 13639
13639 12135
12135 13799
13799 12135
12135 14000
14000 12135
12135 14040
14040 12135
12135 14053
14053 12135
12135 14148
14148 12135
12135 14164
14164 12135
12135 14209
14209 12135
12135 14317
14317 12135
12135 15116
15116 12135
12135 16880
16880 12135
12135 18602
18602 12135
12135 22075
22075 12135
12135 24033
24033 12135
12135 24409
24409 12135
12135 24707
24707 12135
12152 9239
9239 12152
12163 12163
12163 12163
12163 18602
18602 12163
12169 525
525 12169
12169 830
830 12169
12169 1949
1949 12169
12169 9025
9025 12169
12169 9360
9360 12169
12169 11823
11823 12169
12169 12169
12169 12169
12169 13890
13890 12169
12169 14219
14219 12169
12169 21079
21079 12169
12169 21336
21336 12169
12178 12774
12774 12178
12182 1382
1382 12182
12182 8600
8600 12182
12182 13030
13030 12182
12211 9306
9306 12211
12211 12211
12211 12211
12231 5946
5946 12231
12231 8047
8047 12231
12231 12231
12231 12231
12242 18869
18869 12242
12271 1015
1015 12271
12272 9313
9313 12272
12297 13930
13930 12297
12341 12341
12341 12341
12343 7183
7183 12343
12343 8666
8666 12343
12358 24313
24313 12358
12367 496
496 12367
12367 12594
12594 12367
12371 12371
12371 12371
12375 14032
14032 12375
12413 5311
5311 12413
12413 12413
12413 12413
12424 642
642 12424
12424 12424
12424 12424
12465 12465
12465 12465
12481 2384
2384 12481
12481 11861
11861 12481
12510 12957
12957 12510
12524 10331
10331 12524
12531 14583
14583 12531
12539 489
489 12539
12539 5892
5892 12539
12539 8939
8939 12539
12539 9742
9742 12539
12539 12539
12539 12539
12539 14285
14285 12539
12543 12543
12543 12543
12545 12545
12545 12545
12570 6960
6960 12570
12570 12570
12570 12570
12573 3591
3591 12573
12573 4920
4920 12573
12573 12573
12573 12573
12587 13937
13937 12587
12593 5683
5683 12593
12593 22771
22771 12593
12599 24707
24707 12599
12600 1317
1317 12600
12600 4607
4607 12600
12600 6124
6124 12600
12600 9957
9957 12600
12600 11184
11184 12600
12600 11357
11357 12600
12600 12413
12413 12600
12600 13034
13034 12600
12600 14074
14074 12600
12600 14118
14118 12600
12600 14223
14223 12600
12600 14302
14302 12600
12600 24518
24518 12600
12618 18602
18602 12618
12648 12648
12648 12648
12659 1861
1861 12659
12665 4685
4685 12665
12665 5409
5409 12665
12665 9025
9025 12665
12665 9082
9082 12665
12665 12665
12665 12665
12665 13029
13029 12665
12668 3372
3372 12668
12668 5808
5808 12668
12668 9553
9553 12668
12668 9933
9933 12668
12668 12006
12006 12668
12668 12668
12668 12668
12668 14043
14043 12668
12668 14305
14305 12668
12668 17695
17695 12668
12668 18602
18602 12668
12668 24518
24518 12668
12677 21800
21800 12677
12704 701
701 12704
12704 12704
12704 12704
12712 1822
1822 12712
12712 6835
6835 12712
12712 13371
13371 12712
12720 3591
3591 12720
12720 4920
4920 12720
12720 17695
17695 12720
12720 20817
20817 12720
12734 496
496 12734
12734 503
503 12734
12734 2592
2592 12734
12734 4242
4242 12734
12734 4595
4595 12734
12734 6124
6124 12734
12734 6562
6562 12734
12734 9956
9956 12734
12734 12330
12330 12734
12734 12543
12543 12734
12734 12734
12734 12734
12734 13354
13354 12734
12734 13541
13541 12734
12734 13928
13928 12734
12734 14040
14040 12734
12734 18602
18602 12734
12734 24707
24707 12734
12745 4829
4829 12745
12745 12745
12745 12745
12773 5311
5311 12773
12773 12773
12773 12773
12777 8935
8935 12777
12777 11819
11819 12777
12789 12789
12789 12789
12789 13926
13926 12789
12789 20817
20817 12789
12793 2484
2484 12793
12805 14245
14245 12805
12805 21079
21079 12805
12812 496
496 12812
12812 4595
4595 12812
12812 12734
12734 12812
12812 12812
12812 12812
12812 18602
18602 12812
12812 20638
20638 12812
12834 44
44 12834
12834 895
895 12834
12858 12858
12858 12858
12869 15814
15814 12869
12870 12169
12169 12870
12870 12870
12870 12870
12876 20255
20255 12876
12896 630
630 12896
12896 876
876 12896
12896 12896
12896 12896
12900 2018
2018 12900
12900 7682
7682 12900
12900 9306
9306 12900
12900 10331
10331 12900
12900 13518
13518 12900
12900 14109
14109 12900
12900 14195
14195 12900
12900 14208
14208 12900
12900 14321
14321 12900
12900 17675
17675 12900
12900 18602
18602 12900
12951 747
747 12951
12957 2872
2872 12957
12957 3055
3055 12957
12964 12964
12964 12964
12964 13944
13944 12964
12964 13947
13947 12964
12964 13950
13950 12964
12964 13963
13963 12964
12989 8600
8600 12989
12998 12998
12998 12998
12999 11657
11657 12999
12999 13218
13218 12999
12999 13998
13998 12999
13011 9022
9022 13011
13011 13011
13011 13011
13027 1013
1013 13027
13027 2424
2424 13027
13027 2442
2442 13027
13027 5539
5539 13027
13027 8544
8544 13027
13027 12341
12341 13027
13027 13027
13027 13027
13027 13628
13628 13027
13027 14190
14190 13027
13027 24692
24692 13027
13027 24707
24707 13027
13029 14071
14071 13029
13030 776
776 13030
13030 804
804 13030
13030 1740
1740 13030
13030 2352
2352 13030
13030 2811
2811 13030
13030 2959
2959 13030
13030 7097
7097 13030
13030 8600
8600 13030
13030 9022
9022 13030
13030 10331
10331 13030
13030 12182
12182 13030
13030 13030
13030 13030
13030 13857
13857 13030
13030 13969
13969 13030
13030 13998
13998 13030
13030 14059
14059 13030
13030 14097
14097 13030
13030 14121
14121 13030
13030 14199
14199 13030
13030 23320
23320 13030
13034 4685
4685 13034
13034 13034
13034 13034
13034 14003
14003 13034
13034 14074
14074 13034
13034 24518
24518 13034
13038 6228
6228 13038
13038 13038
13038 13038
13042 1934
1934 13042
13042 13042
13042 13042
13046 13046
13046 13046
13065 4196
4196 13065
13065 9956
9956 13065
13066 117
117 13066
13083 13083
13083 13083
13083 13237
13237 13083
13083 13570
13570 13083
13083 13644
13644 13083
13084 13084
13084 13084
13086 3950
3950 13086
13086 7759
7759 13086
13108 8993
8993 13108
13108 13108
13108 13108
13124 14270
14270 13124
13184 1230
1230 13184
13184 6124
6124 13184
13188 4920
4920 13188
13188 13188
13188 13188
13196 1658
1658 13196
13211 13211
13211 13211
13214 14057
14057 13214
13217 8436
8436 13217
13217 13217
13217 13217
13217 13305
13305 13217
13223 13223
13223 13223
13237 1312
1312 13237
13237 13083
13083 13237
13237 13237
13237 13237
13237 24518
24518 13237
13247 1038
1038 13247
13247 2490
2490 13247
13247 3814
3814 13247
13247 4317
4317 13247
13247 8930
8930 13247
13247 9140
9140 13247
13247 9605
9605 13247
13247 10406
10406 13247
13247 12246
12246 13247
13247 13247
13247 13247
13247 13440
13440 13247
13247 14040
14040 13247
13247 14079
14079 13247
13247 14128
14128 13247
13247 18689
18689 13247
13247 23348
23348 13247
13255 13255
13255 13255
13270 830
830 13270
13270 1137
1137 13270
13270 11754
11754 13270
13270 13270
13270 13270
13305 601
601 13305
13305 1116
1116 13305
13305 1658
1658 13305
13305 1913
1913 13305
13305 2225
2225 13305
13305 2423
2423 13305
13305 2732
2732 13305
13305 4183
4183 13305
13305 4281
4281 13305
13305 4474
4474 13305
13305 4928
4928 13305
13305 5411
5411 13305
13305 5633
5633 13305
13305 8632
8632 13305
13305 9647
9647 13305
13305 10331
10331 13305
13305 10574
10574 13305
13305 12858
12858 13305
13305 12998
12998 13305
13305 13217
13217 13305
13305 13218
13218 13305
13305 13305
13305 13305
13305 13472
13472 13305
13305 13518
13518 13305
13305 13533
13533 13305
13305 13644
13644 13305
13305 13645
13645 13305
13305 13758
13758 13305
13305 13800
13800 13305
13305 13882
13882 13305
13305 13922
13922 13305
13305 13928
13928 13305
13305 13941
13941 13305
13305 14019
14019 13305
13305 14042
14042 13305
13305 14065
14065 13305
13305 14089
14089 13305
13305 14127
14127 13305
13305 14149
14149 13305
13305 14169
14169 13305
13305 14188
14188 13305
13305 14205
14205 13305
13305 14255
14255 13305
13305 14920
14920 13305
13330 642
642 13330
13330 13330
13330 13330
13330 24568
24568 13330
13337 13639
13639 13337
13337 18602
18602 13337
13343 8147
8147 13343
13343 10719
10719 13343
13343 11881
11881 13343
13347 23933
23933 13347
13359 14073
14073 13359
13368 13368
13368 13368
13370 1657
1657 13370
13370 1951
1951 13370
13370 13184
13184 13370
13370 13370
13370 13370
13370 18602
18602 13370
13370 24707
24707 13370
13371 13371
13371 13371
13372 13372
13372 13372
13383 1989
1989 13383
13383 11056
11056 13383
13406 1379
1379 13406
13406 11378
11378 13406
13406 13406
13406 13406
13415 9025
9025 13415
13415 13415
13415 13415
13427 13427
13427 13427
13431 14154
14154 13431
13440 13440
13440 13440
13470 701
701 13470
13472 1543
1543 13472
13472 9313
9313 13472
13472 9360
9360 13472
13472 12734
12734 13472
13472 13472
13472 13472
13472 13966
13966 13472
13476 6811
6811 13476
13492 3145
3145 13492
13501 10356
10356 13501
13502 11483
11483 13502
13518 1658
1658 13518
13518 10331
10331 13518
13518 13518
13518 13518
13518 14149
14149 13518
13518 14255
14255 13518
13525 701
701 13525
13525 13525
13525 13525
13533 13533
13533 13533
13541 13541
13541 13541
13544 13544
13544 13544
13546 4735
4735 13546
13553 13553
13553 13553
13562 13954
13954 13562
13563 13563
13563 13563
13567 14195
14195 13567
13570 13083
13083 13570
13570 13570
13570 13570
13594 11406
11406 13594
13612 1403
1403 13612
13612 14017
14017 13612
13628 784
784 13628
13628 3055
3055 13628
13628 5018
5018 13628
13628 6112
6112 13628
13628 6820
6820 13628
13628 8213
8213 13628
13628 10603
10603 13628
13628 10681
10681 13628
13628 10774
10774 13628
13628 11843
11843 13628
13628 12044
12044 13628
13628 12315
12315 13628
13628 13054
13054 13628
13628 16892
16892 13628
13634 14195
14195 13634
13639 12989
12989 13639
13639 13639
13639 13639
13644 3591
3591 13644
13644 7893
7893 13644
13650 13472
13472 13650
13660 1238
1238 13660
13673 7410
7410 13673
13673 13673
13673 13673
13673 14209
14209 13673
13684 2732
2732 13684
13684 5600
5600 13684
13684 5808
5808 13684
13684 13684
13684 13684
13684 14169
14169 13684
13684 14219
14219 13684
13706 642
642 13706
13706 13706
13706 13706
13735 13735
13735 13735
13750 5677
5677 13750
13759 13759
13759 13759
13782 8813
8813 13782
13783 10151
10151 13783
13783 13783
13783 13783
13786 990
990 13786
13786 7305
7305 13786
13786 8939
8939 13786
13786 12665
12665 13786
13786 13066
13066 13786
13786 13368
13368 13786
13786 13786
13786 13786
13786 14075
14075 13786
13787 13787
13787 13787
13792 701
701 13792
13792 1333
1333 13792
13792 7533
7533 13792
13792 13532
13532 13792
13792 14179
14179 13792
13792 14234
14234 13792
13800 44
44 13800
13800 4597
4597 13800
13800 9005
9005 13800
13800 13433
13433 13800
13800 13800
13800 13800
13804 13804
13804 13804
13814 2487
2487 13814
13814 13814
13814 13814
13827 13827
13827 13827
13832 9656
9656 13832
13832 13896
13896 13832
13845 12665
12665 13845
13846 2997
2997 13846
13851 630
630 13851
13851 4920
4920 13851
13851 13851
13851 13851
13860 13860
13860 13860
13865 13865
13865 13865
13865 13940
13940 13865
13878 11743
11743 13878
13879 14100
14100 13879
13885 2294
2294 13885
13885 8005
8005 13885
13885 13464
13464 13885
13885 13885
13885 13885
13885 22882
22882 13885
13890 21079
21079 13890
13892 9842
9842 13892
13896 4146
4146 13896
13896 13896
13896 13896
13897 13422
13422 13897
13897 13897
13897 13897
13909 13909
13909 13909
13910 13910
13910 13910
13913 6851
6851 13913
13916 4920
4920 13916
13918 13918
13918 13918
13918 23348
23348 13918
13918 24448
24448 13918
13922 13922
13922 13922
13925 13925
13925 13925
13926 13926
13926 13926
13928 13305
13305 13928
13928 13928
13928 13928
13932 1116
1116 13932
13935 4242
4242 13935
13935 8127
8127 13935
13935 9956
9956 13935
13936 7759
7759 13936
13936 13927
13927 13936
13940 13865
13865 13940
13947 12964
12964 13947
13951 4928
4928 13951
13951 6009
6009 13951
13951 8935
8935 13951
13951 13951
13951 13951
13952 13952
13952 13952
13954 13323
13323 13954
13954 13562
13562 13954
13954 14208
14208 13954
13954 15450
15450 13954
13954 22601
22601 13954
13954 23298
23298 13954
13954 23956
23956 13954
13961 3301
3301 13961
13962 9239
9239 13962
13966 13966
13966 13966
13968 6054
6054 13968
13969 642
642 13969
13969 2018
2018 13969
13969 2811
2811 13969
13969 5127
5127 13969
13969 6017
6017 13969
13969 6528
6528 13969
13969 9960
9960 13969
13969 10574
10574 13969
13969 11171
11171 13969
13969 11819
11819 13969
13969 12745
12745 13969
13969 13030
13030 13969
13969 13368
13368 13969
13969 13518
13518 13969
13969 13969
13969 13969
13969 14059
14059 13969
13969 14088
14088 13969
13969 14199
14199 13969
13969 14339
14339 13969
13969 14820
14820 13969
13969 16348
16348 13969
13969 19421
19421 13969
13969 19425
19425 13969
13969 19480
19480 13969
13969 22283
22283 13969
13969 23320
23320 13969
13969 24722
24722 13969
13971 1379
1379 13971
13973 18574
18574 13973
13974 13974
13974 13974
13975 14195
14195 13975
13977 8102
8102 13977
13977 13977
13977 13977
13978 13223
13223 13978
13978 13978
13978 13978
13979 13979
13979 13979
13981 13981
13981 13981
13982 19901
19901 13982
13984 13984
13984 13984
13985 1013
1013 13985
13985 13985
13985 13985
13986 13211
13211 13986
13987 8077
8077 13987
13988 13984
13984 13988
13991 13991
13991 13991
13993 6319
6319 13993
13997 7743
7743 13997
13997 13997
13997 13997
13999 13998
13998 13999
13999 13999
13999 13999
14000 14000
14000 14000
14000 18602
18602 14000
14003 642
642 14003
14003 13034
13034 14003
14005 14005
14005 14005
14007 1137
1137 14007
14008 701
701 14008
14009 12869
12869 14009
14009 14009
14009 14009
14012 7743
7743 14012
14012 23707
23707 14012
14014 14014
14014 14014
14015 14003
14003 14015
14018 14018
14018 14018
14021 9365
9365 14021
14022 11167
11167 14022
14023 14023
14023 14023
14026 14026
14026 14026
14036 6248
6248 14036
14038 24452
24452 14038
14040 12734
12734 14040
14040 14040
14040 14040
14044 14044
14044 14044
14046 13798
13798 14046
14047 3277
3277 14047
14049 2034
2034 14049
14052 1137
1137 14052
14053 5625
5625 14053
14053 12135
12135 14053
14054 24722
24722 14054
14056 14056
14056 14056
14057 14057
14057 14057
14058 540
540 14058
14059 13030
13030 14059
14059 14059
14059 14059
14061 3950
3950 14061
14062 34
34 14062
14063 4873
4873 14063
14065 13305
13305 14065
14065 14065
14065 14065
14066 4146
4146 14066
14068 14068
14068 14068
14069 13766
13766 14069
14070 5027
5027 14070
14071 13029
13029 14071
14073 13359
13359 14073
14075 14075
14075 14075
14075 14888
14888 14075
14076 6720
6720 14076
14079 14079
14079 14079
14080 22990
22990 14080
14082 8102
8102 14082
14082 14082
14082 14082
14084 17067
17067 14084
14087 10681
10681 14087
14089 13305
13305 14089
14091 4735
4735 14091
14091 5127
5127 14091
14091 14091
14091 14091
14097 14097
14097 14097
14102 12959
12959 14102
14104 6049
6049 14104
14107 6095
6095 14107
14107 14888
14888 14107
14107 22217
22217 14107
14110 14110
14110 14110
14113 5765
5765 14113
14113 9349
9349 14113
14113 14113
14113 14113
14117 2592
2592 14117
14118 12600
12600 14118
14119 13764
13764 14119
14119 14119
14119 14119
14120 14120
14120 14120
14121 14121
14121 14121
14127 13305
13305 14127
14127 14127
14127 14127
14128 14128
14128 14128
14129 14129
14129 14129
14134 4572
4572 14134
14135 7759
7759 14135
14137 15450
15450 14137
14138 14138
14138 14138
14142 14142
14142 14142
14142 23085
23085 14142
14146 7778
7778 14146
14148 14148
14148 14148
14149 44
44 14149
14149 14149
14149 14149
14151 14151
14151 14151
14154 14154
14154 14154
14155 20259
20259 14155
14158 6937
6937 14158
14159 14159
14159 14159
14161 673
673 14161
14166 14166
14166 14166
14168 15703
15703 14168
14169 13305
13305 14169
14173 24224
24224 14173
14178 14178
14178 14178
14180 5232
5232 14180
14182 2643
2643 14182
14184 830
830 14184
14185 10410
10410 14185
14186 14185
14185 14186
14187 6526
6526 14187
14187 14187
14187 14187
14188 14188
14188 14188
14193 503
503 14193
14194 14194
14194 14194
14195 13030
13030 14195
14195 13567
13567 14195
14195 13946
13946 14195
14195 13975
13975 14195
14198 14198
14198 14198
14200 1599
1599 14200
14201 2446
2446 14201
14201 14201
14201 14201
14205 1018
1018 14205
14205 13305
13305 14205
14205 14205
14205 14205
14209 13673
13673 14209
14213 11881
11881 14213
14213 12079
12079 14213
14219 13684
13684 14219
14219 14219
14219 14219
14219 14318
14318 14219
14223 1105
1105 14223
14223 14223
14223 14223
14225 2134
2134 14225
14225 14225
14225 14225
14225 23348
23348 14225
14226 4719
4719 14226
14226 9415
9415 14226
14226 13875
13875 14226
14226 14127
14127 14226
14226 14226
14226 14226
14226 14293
14293 14226
14226 14321
14321 14226
14226 14330
14330 14226
14226 14888
14888 14226
14226 22283
22283 14226
14226 23360
23360 14226
14229 14229
14229 14229
14230 10574
10574 14230
14231 11167
11167 14231
14233 24033
24033 14233
14235 1430
1430 14235
14236 3714
3714 14236
14236 6417
6417 14236
14236 11698
11698 14236
14240 14240
14240 14240
14247 11378
11378 14247
14252 5311
5311 14252
14252 14215
14215 14252
14253 14253
14253 14253
14255 1740
1740 14255
14255 14255
14255 14255
14257 4123
4123 14257
14260 1117
1117 14260
14262 7759
7759 14262
14263 14263
14263 14263
14265 14265
14265 14265
14270 13124
13124 14270
14271 4920
4920 14271
14271 11055
11055 14271
14271 14187
14187 14271
14271 14271
14271 14271
14271 14335
14335 14271
14271 24519
24519 14271
14275 24568
24568 14275
14277 14277
14277 14277
14280 1658
1658 14280
14280 14280
14280 14280
14282 14282
14282 14282
14284 16412
16412 14284
14285 996
996 14285
14285 14285
14285 14285
14289 9841
9841 14289
14290 14290
14290 14290
14291 18574
18574 14291
14292 2424
2424 14292
14293 14293
14293 14293
14295 16892
16892 14295
14302 1312
1312 14302
14304 18602
18602 14304
14306 1230
1230 14306
14310 4595
4595 14310
14310 13673
13673 14310
14310 14310
14310 14310
14311 14311
14311 14311
14312 10259
10259 14312
14312 24472
24472 14312
14316 19138
19138 14316
14317 9025
9025 14317
14317 14317
14317 14317
14318 14318
14318 14318
14319 23360
23360 14319
14321 14226
14226 14321
14330 2225
2225 14330
14330 14330
14330 14330
14330 14820
14820 14330
14336 14336
14336 14336
14344 9213
9213 14344
14346 10204
10204 14346
14349 14311
14311 14349
14361 747
747 14361
14361 3109
3109 14361
14361 3141
3141 14361
14361 5946
5946 14361
14361 11006
11006 14361
14361 14361
14361 14361
14361 18602
18602 14361
14387 127
127 14387
14387 9025
9025 14387
14387 9776
9776 14387
14414 11313
11313 14414
14414 12870
12870 14414
14414 14023
14023 14414
14414 14414
14414 14414
14469 16892
16892 14469
14500 5517
5517 14500
14500 6966
6966 14500
14500 14307
14307 14500
14500 18034
18034 14500
14595 2732
2732 14595
14595 4183
4183 14595
14595 5346
5346 14595
14595 10331
10331 14595
14595 12900
12900 14595
14595 13518
13518 14595
14595 14149
14149 14595
14595 14595
14595 14595
14595 21240
21240 14595
14609 7759
7759 14609
14609 9360
9360 14609
14806 14806
14806 14806
14820 13969
13969 14820
14820 14330
14330 14820
14835 14835
14835 14835
14888 344
344 14888
14888 441
441 14888
14888 876
876 14888
14888 1861
1861 14888
14888 3705
3705 14888
14888 13270
13270 14888
14888 14075
14075 14888
14888 14097
14097 14888
14888 14888
14888 14888
14920 12424
12424 14920
14920 15814
15814 14920
14920 18602
18602 14920
14976 14976
14976 14976
15082 24722
24722 15082
15161 9956
9956 15161
15161 13639
13639 15161
15161 14091
14091 15161
15200 19149
19149 15200
15229 6485
6485 15229
15229 15229
15229 15229
15251 15251
15251 15251
15282 5311
5311 15282
15332 17695
17695 15332
15394 231
231 15394
15394 496
496 15394
15394 19465
19465 15394
15447 2997
2997 15447
15447 9213
9213 15447
15447 11357
11357 15447
15447 15332
15332 15447
15447 18602
18602 15447
15450 13559
13559 15450
15450 15450
15450 15450
15698 13046
13046 15698
15814 2355
2355 15814
15814 6937
6937 15814
15814 9022
9022 15814
15814 11700
11700 15814
15814 12465
12465 15814
15814 12869
12869 15814
15814 13083
13083 15814
15814 13330
13330 15814
15814 14099
14099 15814
15814 14144
14144 15814
15814 14278
14278 15814
15814 14290
14290 15814
15814 15814
15814 15814
15953 13750
13750 15953
15953 13860
13860 15953
16018 876
876 16018
16018 8939
8939 16018
16018 12539
12539 16018
16018 16018
16018 16018
16186 2872
2872 16186
16186 5519
5519 16186
16186 6835
6835 16186
16186 10619
10619 16186
16186 11357
11357 16186
16186 12418
12418 16186
16186 12983
12983 16186
16186 14240
14240 16186
16186 14250
14250 16186
16186 14350
14350 16186
16186 18034
18034 16186
16336 9811
9811 16336
16336 12330
12330 16336
16336 13673
13673 16336
16336 17742
17742 16336
16345 9842
9842 16345
16345 11700
11700 16345
16345 13910
13910 16345
16345 16345
16345 16345
16348 16348
16348 16348
16377 13218
13218 16377
16377 14153
14153 16377
16377 16377
16377 16377
16548 44
44 16548
16548 2811
2811 16548
16581 496
496 16581
16581 1105
1105 16581
16581 1934
1934 16581
16581 2592
2592 16581
16581 5364
5364 16581
16581 9960
9960 16581
16581 10566
10566 16581
16581 12086
12086 16581
16581 13985
13985 16581
16581 14079
14079 16581
16581 16581
16581 16581
16581 18602
18602 16581
16601 9050
9050 16601
16609 5232
5232 16609
16609 5808
5808 16609
16609 9224
9224 16609
16609 13305
13305 16609
16609 13518
13518 16609
16609 21079
21079 16609
16613 3372
3372 16613
16613 4355
4355 16613
16613 10331
10331 16613
16613 10410
10410 16613
16613 16613
16613 16613
16859 2423
2423 16859
16859 10259
10259 16859
16859 12668
12668 16859
16859 13518
13518 16859
16859 13533
13533 16859
16859 13922
13922 16859
16859 14151
14151 16859
16859 14156
14156 16859
16859 14219
14219 16859
16859 16859
16859 16859
16867 9728
9728 16867
16867 16867
16867 16867
16880 4242
4242 16880
16880 7427
7427 16880
16880 11006
11006 16880
16880 14361
14361 16880
16880 16880
16880 16880
16880 18138
18138 16880
16880 22276
22276 16880
16892 14469
14469 16892
16892 16892
16892 16892
16892 21240
21240 16892
16895 13211
13211 16895
16895 14305
14305 16895
16895 18602
18602 16895
16895 21336
21336 16895
16895 21786
21786 16895
17113 6866
6866 17113
17157 6960
6960 17157
17157 14113
14113 17157
17157 14291
14291 17157
17157 17157
17157 17157
17293 1409
1409 17293
17293 9960
9960 17293
17293 24313
24313 17293
17298 7759
7759 17298
17298 17298
17298 17298
17299 7037
7037 17299
17299 7514
7514 17299
17299 14032
14032 17299
17299 17299
17299 17299
17301 11357
11357 17301
17301 13223
13223 17301
17301 13969
13969 17301
17336 3306
3306 17336
17338 3433
3433 17338
17338 7514
7514 17338
17338 9842
9842 17338
17338 11055
11055 17338
17338 24664
24664 17338
17342 17342
17342 17342
17675 701
701 17675
17675 5530
5530 17675
17675 8939
8939 17675
17675 11378
11378 17675
17675 12182
12182 17675
17675 12481
12481 17675
17675 12900
12900 17675
17675 13027
13027 17675
17675 14112
14112 17675
17675 17675
17675 17675
17695 4920
4920 17695
17695 7743
7743 17695
17695 15332
15332 17695
17695 17695
17695 17695
17695 18574
18574 17695
17695 22276
22276 17695
17729 1105
1105 17729
17729 9025
9025 17729
17729 13684
13684 17729
17742 3986
3986 17742
17742 11971
11971 17742
17742 17742
17742 17742
17809 4685
4685 17809
17840 14273
14273 17840
17872 7354
7354 17872
18034 5946
5946 18034
18034 12306
12306 18034
18034 13559
13559 18034
18034 14500
14500 18034
18034 18034
18034 18034
18138 7427
7427 18138
18169 4343
4343 18169
18169 14118
14118 18169
18169 14500
14500 18169
18169 18169
18169 18169
18401 12665
12665 18401
18418 5539
5539 18418
18418 8102
8102 18418
18418 10971
10971 18418
18438 14920
14920 18438
18438 18438
18438 18438
18497 8107
8107 18497
18568 14288
14288 18568
18574 496
496 18574
18574 630
630 18574
18574 3207
3207 18574
18574 3528
3528 18574
18574 4920
4920 18574
18574 5178
5178 18574
18574 5193
5193 18574
18574 8944
8944 18574
18574 9956
9956 18574
18574 11356
11356 18574
18574 12573
12573 18574
18574 12896
12896 18574
18574 13973
13973 18574
18574 14031
14031 18574
18574 14291
14291 18574
18574 17298
17298 18574
18574 17695
17695 18574
18574 18574
18574 18574
18574 20817
20817 18574
18589 5947
5947 18589
18602 747
747 18602
18602 2134
2134 18602
18602 2643
2643 18602
18602 4242
4242 18602
18602 4343
4343 18602
18602 4920
4920 18602
18602 5946
5946 18602
18602 5992
5992 18602
18602 6961
6961 18602
18602 11184
11184 18602
18602 11342
11342 18602
18602 11684
11684 18602
18602 11843
11843 18602
18602 12078
12078 18602
18602 12163
12163 18602
18602 12734
12734 18602
18602 12835
12835 18602
18602 12983
12983 18602
18602 13460
13460 18602
18602 13909
13909 18602
18602 14000
14000 18602
18602 14164
14164 18602
18602 14299
14299 18602
18602 15447
15447 18602
18602 18602
18602 18602
18602 18689
18689 18602
18602 20101
20101 18602
18619 906
906 18619
18619 3168
3168 18619
18619 6124
6124 18619
18619 7759
7759 18619
18619 8820
8820 18619
18619 9924
9924 18619
18619 11357
11357 18619
18619 11367
11367 18619
18619 11507
11507 18619
18619 11916
11916 18619
18619 12079
12079 18619
18619 13440
13440 18619
18619 13885
13885 18619
18619 13947
13947 18619
18619 13952
13952 18619
18619 13953
13953 18619
18619 13963
13963 18619
18619 14135
14135 18619
18619 14190
14190 18619
18619 14277
14277 18619
18619 18602
18602 18619
18619 18619
18619 18619
18619 22882
22882 18619
18619 23360
23360 18619
18619 24409
24409 18619
18689 996
996 18689
18689 1221
1221 18689
18689 2872
2872 18689
18689 4966
4966 18689
18689 5539
5539 18689
18689 5677
5677 18689
18689 5892
5892 18689
18689 6836
6836 18689
18689 8102
8102 18689
18689 12539
12539 18689
18689 13977
13977 18689
18689 14043
14043 18689
18689 18602
18602 18689
18689 18689
18689 18689
18689 24150
24150 18689
18689 24692
24692 18689
18863 3814
3814 18863
18863 18863
18863 18863
18940 18602
18602 18940
19059 5152
5152 19059
19059 9057
9057 19059
19059 21786
21786 19059
19087 9025
9025 19087
19131 1028
1028 19131
19138 9956
9956 19138
19138 10566
10566 19138
19138 13109
13109 19138
19138 14310
14310 19138
19138 14500
14500 19138
19138 18034
18034 19138
19138 19138
19138 19138
19149 19149
19149 19149
19149 23360
23360 19149
19156 12045
12045 19156
19156 13527
13527 19156
19156 14307
14307 19156
19293 252
252 19293
19328 876
876 19328
19328 12481
12481 19328
19328 19730
19730 19328
19328 22217
22217 19328
19328 24537
24537 19328
19379 13109
13109 19379
19425 608
608 19425
19425 16348
16348 19425
19425 19425
19425 19425
19440 5147
5147 19440
19440 5677
5677 19440
19440 11071
11071 19440
19440 19440
19440 19440
19465 15394
15394 19465
19498 14120
14120 19498
19554 3823
3823 19554
19554 5333
5333 19554
19554 6999
6999 19554
19554 9234
9234 19554
19554 9776
9776 19554
19554 12900
12900 19554
19554 14199
14199 19554
19554 18602
18602 19554
19683 5409
5409 19683
19683 9306
9306 19683
19685 11579
11579 19685
19685 13827
13827 19685
19693 4920
4920 19693
19693 19693
19693 19693
19730 1137
1137 19730
19730 5311
5311 19730
19730 5409
5409 19730
19730 6485
6485 19730
19730 9436
9436 19730
19730 10785
10785 19730
19730 12481
12481 19730
19730 14213
14213 19730
19730 19440
19440 19730
19730 24537
24537 19730
19802 6961
6961 19802
19871 23360
23360 19871
19901 2349
2349 19901
19901 2453
2453 19901
19901 3349
3349 19901
19901 4920
4920 19901
19901 6937
6937 19901
19901 13982
13982 19901
19901 14324
14324 19901
19901 19901
19901 19901
19901 24581
24581 19901
19915 3823
3823 19915
19915 4150
4150 19915
19915 5852
5852 19915
19915 8421
8421 19915
19915 14195
14195 19915
20021 11911
11911 20021
20101 18602
18602 20101
20242 833
833 20242
20242 11313
11313 20242
20242 24537
24537 20242
20259 14155
14155 20259
20259 20259
20259 20259
20285 13999
13999 20285
20285 14285
14285 20285
20285 20285
20285 20285
20387 4829
4829 20387
20387 11698
11698 20387
20387 12668
12668 20387
20517 7478
7478 20517
20638 12812
12812 20638
20676 2831
2831 20676
20676 22598
22598 20676
20817 630
630 20817
20817 644
644 20817
20817 4920
4920 20817
20817 5178
5178 20817
20817 7427
7427 20817
20817 7514
7514 20817
20817 7606
7606 20817
20817 8364
8364 20817
20817 8944
8944 20817
20817 9025
9025 20817
20817 12570
12570 20817
20817 12573
12573 20817
20817 12690
12690 20817
20817 12789
12789 20817
20817 13851
13851 20817
20817 14155
14155 20817
20817 14291
14291 20817
20817 17695
17695 20817
20817 19901
19901 20817
20817 20817
20817 20817
20817 22598
22598 20817
20886 503
503 20886
20886 9555
9555 20886
20898 12371
12371 20898
20917 876
876 20917
20917 1861
1861 20917
20917 9057
9057 20917
20917 20917
20917 20917
21079 2713
2713 21079
21079 3591
3591 21079
21079 12805
12805 21079
21079 13890
13890 21079
21079 14032
14032 21079
21079 21079
21079 21079
21079 24313
24313 21079
21110 13518
13518 21110
21194 21194
21194 21194
21233 18602
18602 21233
21233 21300
21300 21233
21240 1740
1740 21240
21240 4196
4196 21240
21240 9363
9363 21240
21240 12545
12545 21240
21240 13217
13217 21240
21240 13518
13518 21240
21240 13799
13799 21240
21240 14013
14013 21240
21240 14305
14305 21240
21240 16892
16892 21240
21240 21240
21240 21240
21300 9213
9213 21300
21300 13245
13245 21300
21300 21300
21300 21300
21335 21335
21335 21335
21336 833
833 21336
21336 4844
4844 21336
21336 6485
6485 21336
21336 7514
7514 21336
21336 9842
9842 21336
21336 11313
11313 21336
21336 12079
12079 21336
21336 12169
12169 21336
21336 12371
12371 21336
21336 14285
14285 21336
21336 14414
14414 21336
21336 21336
21336 21336
21739 12529
12529 21739
21786 2446
2446 21786
21786 9239
9239 21786
21786 10566
10566 21786
21786 12812
12812 21786
21786 13029
13029 21786
21786 16895
16895 21786
21786 21786
21786 21786
21800 572
572 21800
21800 5178
5178 21800
21800 10331
10331 21800
21800 13305
13305 21800
21800 21800
21800 21800
21828 21828
21828 21828
21872 9207
9207 21872
21876 14302
14302 21876
21876 21876
21876 21876
21878 11357
11357 21878
21878 23348
23348 21878
21882 763
763 21882
21882 21882
21882 21882
21884 13270
13270 21884
21884 21884
21884 21884
21884 22217
22217 21884
21899 14301
14301 21899
21913 8993
8993 21913
21954 5530
5530 21954
21954 11378
11378 21954
21954 11698
11698 21954
21954 11881
11881 21954
21954 14023
14023 21954
21954 14348
14348 21954
22134 14105
14105 22134
22217 1861
1861 22217
22217 9025
9025 22217
22217 14107
14107 22217
22217 21884
21884 22217
22217 22217
22217 22217
22276 34
34 22276
22276 496
496 22276
22276 9025
9025 22276
22276 13042
13042 22276
22276 13673
13673 22276
22276 14310
14310 22276
22276 16880
16880 22276
22276 17695
17695 22276
22276 22276
22276 22276
22283 642
642 22283
22283 1105
1105 22283
22283 3105
3105 22283
22283 4735
4735 22283
22283 11342
11342 22283
22283 11767
11767 22283
22283 11819
11819 22283
22283 13442
13442 22283
22283 13969
13969 22283
22283 14118
14118 22283
22283 22283
22283 22283
22283 24518
24518 22283
22283 24664
24664 22283
22341 6485
6485 22341
22341 22341
22341 22341
22412 1934
1934 22412
22412 13460
13460 22412
22412 18602
18602 22412
22454 22454
22454 22454
22505 2959
2959 22505
22513 3172
3172 22513
22513 12054
12054 22513
22513 12545
12545 22513
22513 12665
12665 22513
22513 22513
22513 22513
22536 1658
1658 22536
22592 14244
14244 22592
22598 90
90 22598
22598 4920
4920 22598
22598 5409
5409 22598
22598 6960
6960 22598
22598 9191
9191 22598
22598 12789
12789 22598
22598 14022
14022 22598
22598 14113
14113 22598
22598 23360
23360 22598
22601 2828
2828 22601
22601 12163
12163 22601
22882 11785
11785 22882
22882 13885
13885 22882
22882 22882
22882 22882
22906 12371
12371 22906
23085 14142
14142 23085
23235 441
441 23235
23235 9647
9647 23235
23235 11357
11357 23235
23235 13255
13255 23235
23235 13305
13305 23235
23235 13525
13525 23235
23235 17706
17706 23235
23235 18602
18602 23235
23235 20647
20647 23235
23235 24518
24518 23235
23320 13030
13030 23320
23320 13969
13969 23320
23320 23320
23320 23320
23348 747
747 23348
23348 1312
1312 23348
23348 1934
1934 23348
23348 3301
3301 23348
23348 4883
4883 23348
23348 5677
5677 23348
23348 6054
6054 23348
23348 6124
6124 23348
23348 7514
7514 23348
23348 7550
7550 23348
23348 9025
9025 23348
23348 9275
9275 23348
23348 11743
11743 23348
23348 11793
11793 23348
23348 13046
13046 23348
23348 13297
13297 23348
23348 13909
13909 23348
23348 13918
13918 23348
23348 13931
13931 23348
23348 13963
13963 23348
23348 13985
13985 23348
23348 14056
14056 23348
23348 14079
14079 23348
23348 14225
14225 23348
23348 14334
14334 23348
23348 15953
15953 23348
23348 18169
18169 23348
23348 18602
18602 23348
23348 18689
18689 23348
23348 21878
21878 23348
23348 23348
23348 23348
23348 23933
23933 23348
23348 24226
24226 23348
23348 24409
24409 23348
23348 24448
24448 23348
23348 24518
24518 23348
23360 10566
10566 23360
23360 19149
19149 23360
23360 23360
23360 23360
23407 5311
5311 23407
23535 701
701 23535
23535 8600
8600 23535
23535 17041
17041 23535
23535 19432
19432 23535
23535 22990
22990 23535
23535 24489
24489 23535
23707 701
701 23707
23707 4343
4343 23707
23707 14012
14012 23707
23707 22341
22341 23707
23929 5595
5595 23929
23929 23929
23929 23929
23933 9207
9207 23933
23933 11357
11357 23933
23933 19149
19149 23933
23933 20950
20950 23933
23941 8852
8852 23941
23991 3023
3023 23991
24029 24029
24029 24029
24133 6562
6562 24133
24150 12315
12315 24150
24150 24150
24150 24150
24152 8096
8096 24152
24191 10568
10568 24191
24224 14173
14173 24224
24226 3301
3301 24226
24226 4343
4343 24226
24226 6966
6966 24226
24226 13925
13925 24226
24226 13937
13937 24226
24226 14178
14178 24226
24226 24226
24226 24226
24252 9365
9365 24252
24252 12858
12858 24252
24252 14057
14057 24252
24265 3301
3301 24265
24265 11486
11486 24265
24265 11527
11527 24265
24265 13330
13330 24265
24266 13906
13906 24266
24266 24266
24266 24266
24313 17293
17293 24313
24313 24313
24313 24313
24365 6247
6247 24365
24381 2467
2467 24381
24386 2194
2194 24386
24386 24386
24386 24386
24393 2487
2487 24393
24393 5127
5127 24393
24393 6836
6836 24393
24393 7427
7427 24393
24393 13518
13518 24393
24393 13979
13979 24393
24393 23039
23039 24393
24393 24393
24393 24393
24404 13541
13541 24404
24404 24404
24404 24404
24409 24409
24409 24409
24433 3835
3835 24433
24442 3049
3049 24442
24442 13575
13575 24442
24442 14217
14217 24442
24448 13918
13918 24448
24452 24452
24452 24452
24460 12665
12665 24460
24460 17880
17880 24460
24472 12665
12665 24472
24492 13108
13108 24492
24517 14920
14920 24517
24517 19894
19894 24517
24518 2831
2831 24518
24518 5509
5509 24518
24518 6966
6966 24518
24518 9239
9239 24518
24518 9957
9957 24518
24518 11342
11342 24518
24518 12812
12812 24518
24518 13237
13237 24518
24518 14243
14243 24518
24518 22283
22283 24518
24518 24518
24518 24518
24518 24707
24707 24518
24519 24519
24519 24519
24537 4406
4406 24537
24537 19730
19730 24537
24537 24537
24537 24537
24555 2423
2423 24555
24568 642
642 24568
24568 4014
4014 24568
24568 10549
10549 24568
24568 12078
12078 24568
24568 13330
13330 24568
24568 13553
13553 24568
24568 13798
13798 24568
24568 14028
14028 24568
24568 14275
14275 24568
24568 21300
21300 24568
24568 24568
24568 24568
24570 1409
1409 24570
24570 14127
14127 24570
24570 24570
24570 24570
24579 11963
11963 24579
24588 2387
2387 24588
24588 6027
6027 24588
24588 13546
13546 24588
24664 11342
11342 24664
24664 22283
22283 24664
24664 24664
24664 24664
24692 24692
24692 24692
24707 1657
1657 24707
24707 9239
9239 24707
24707 11357
11357 24707
24707 12599
12599 24707
24707 12600
12600 24707
24707 14178
14178 24707
24707 24518
24518 24707
24707 24707
24707 24707
24710 3528
3528 24710
24710 3823
3823 24710
24710 5311
5311 24710
24718 13396
13396 24718
24722 4356
4356 24722
24722 4607
4607 24722
24722 13969
13969 24722
24722 24722
24722 24722
