0 0
0 0
0 2194
2194 0
0 2423
2423 0
0 3618
3618 0
0 3695
3695 0
0 3842
3842 0
0 3853
3853 0
0 5329
5329 0
0 11313
11313 0
0 11657
11657 0
0 13518
13518 0
0 13684
13684 0
0 18955
18955 0
0 21800
21800 0
0 24460
24460 0
0 24722
24722 0
21 21
21 21
21 21786
21786 21
34 34
34 34
34 4920
4920 34
34 13184
13184 34
40 13379
13379 40
43 19434
19434 43
44 4638
4638 44
54 3564
3564 54
63 3250
3250 63
97 804
804 97
97 830
830 97
97 14835
14835 97
115 2158
2158 115
115 2194
2194 115
115 3826
3826 115
115 17081
17081 115
115 20787
20787 115
124 124
124 124
125 125
125 125
125 2053
2053 125
125 7410
7410 125
125 13796
13796 125
125 17843
17843 125
155 155
155 155
155 1404
1404 155
155 2370
2370 155
155 3578
3578 155
155 3934
3934 155
155 4685
4685 155
155 5232
5232 155
155 12123
12123 155
155 18034
18034 155
155 19051
19051 155
155 23348
23348 155
156 156
156 156
156 2194
2194 156
156 2387
2387 156
156 3151
3151 156
156 9960
9960 156
156 11715
11715 156
156 14783
14783 156
166 3674
3674 166
205 271
271 205
205 16608
16608 205
213 213
213 213
213 285
285 213
213 1976
1976 213
213 2633
2633 213
213 2655
2655 213
213 3143
3143 213
213 3218
3218 213
213 3888
3888 213
213 3925
3925 213
213 3941
3941 213
213 16213
16213 213
213 16775
16775 213
213 20242
20242 213
213 22513
22513 213
215 1404
1404 215
215 1520
1520 215
215 9025
9025 215
215 17050
17050 215
231 231
231 231
231 610
610 231
231 1887
1887 231
231 3713
3713 231
231 3786
3786 231
231 6974
6974 231
231 13363
13363 231
231 23535
23535 231
245 18969
18969 245
252 2361
2361 252
252 3567
3567 252
252 3692
3692 252
252 3743
3743 252
252 13343
13343 252
252 18169
18169 252
253 253
253 253
253 3628
3628 253
260 1312
1312 260
269 3923
3923 269
271 205
205 271
287 285
285 287
287 287
287 287
287 3844
3844 287
287 13518
13518 287
287 20904
20904 287
287 24472
24472 287
306 3628
3628 306
320 1913
1913 320
320 14551
14551 320
348 348
348 348
348 410
410 348
348 596
596 348
348 2763
2763 348
348 3658
3658 348
348 6991
6991 348
348 19383
19383 348
349 349
349 349
349 2202
2202 349
349 3372
3372 349
349 3806
3806 349
349 4638
4638 349
349 6557
6557 349
349 6806
6806 349
349 14295
14295 349
349 21240
21240 349
386 1842
1842 386
386 2413
2413 386
386 3827
3827 386
386 15450
15450 386
401 401
401 401
401 17675
17675 401
401 22205
22205 401
410 410
410 410
410 2643
2643 410
410 19383
19383 410
412 5409
5409 412
412 20638
20638 412
412 23683
23683 412
434 5178
5178 434
438 438
438 438
438 3716
3716 438
441 642
642 441
454 5409
5409 454
454 10121
10121 454
460 1230
1230 460
465 16213
16213 465
487 3699
3699 487
491 993
993 491
491 3471
3471 491
491 16420
16420 491
491 23348
23348 491
502 502
502 502
510 510
510 510
519 14595
14595 519
524 20242
20242 524
524 24640
24640 524
557 3679
3679 557
560 1913
1913 560
560 3715
3715 560
572 13211
13211 572
572 16591
16591 572
596 410
410 596
596 596
596 596
596 726
726 596
596 3580
3580 596
596 3621
3621 596
596 3853
3853 596
596 3932
3932 596
596 18602
18602 596
596 23226
23226 596
606 606
606 606
607 3775
3775 607
608 608
608 608
608 14189
14189 608
610 231
231 610
610 610
610 610
610 3618
3618 610
610 14806
14806 610
610 23348
23348 610
616 3275
3275 616
640 9842
9842 640
642 155
155 642
642 253
253 642
642 510
510 642
642 642
642 642
642 934
934 642
642 966
966 642
642 1244
1244 642
642 1403
1403 642
642 1833
1833 642
642 1842
1842 642
642 2413
2413 642
642 2497
2497 642
642 2499
2499 642
642 2643
2643 642
642 2763
2763 642
642 3091
3091 642
642 3171
3171 642
642 3288
3288 642
642 3545
3545 642
642 3554
3554 642
642 3626
3626 642
642 3682
3682 642
642 3691
3691 642
642 3695
3695 642
642 3698
3698 642
642 3712
3712 642
642 3714
3714 642
642 3715
3715 642
642 3717
3717 642
642 3725
3725 642
642 3730
3730 642
642 3796
3796 642
642 3810
3810 642
642 3885
3885 642
642 3899
3899 642
642 3900
3900 642
642 3902
3902 642
642 3903
3903 642
642 3936
3936 642
642 6961
6961 642
642 8436
8436 642
642 8996
8996 642
642 9799
9799 642
642 9960
9960 642
642 11929
11929 642
642 15594
15594 642
642 18602
18602 642
642 19434
19434 642
642 20028
20028 642
642 20355
20355 642
642 20594
20594 642
642 23348
23348 642
642 23841
23841 642
642 23956
23956 642
642 24033
24033 642
642 24226
24226 642
642 24326
24326 642
642 24695
24695 642
644 2072
2072 644
644 2573
2573 644
644 5178
5178 644
644 23226
23226 644
660 3692
3692 660
666 3716
3716 666
666 3763
3763 666
666 3816
3816 666
701 642
642 701
701 701
701 701
701 2041
2041 701
701 3162
3162 701
701 3623
3623 701
701 3651
3651 701
701 3703
3703 701
701 4084
4084 701
701 9025
9025 701
701 18602
18602 701
701 23841
23841 701
702 22209
22209 702
726 726
726 726
726 1430
1430 726
726 3123
3123 726
726 3219
3219 726
726 3658
3658 726
726 3716
3716 726
726 3725
3725 726
726 3773
3773 726
726 16863
16863 726
726 18271
18271 726
726 18602
18602 726
726 24226
24226 726
737 1251
1251 737
737 1913
1913 737
737 24445
24445 737
753 753
753 753
753 3617
3617 753
763 763
763 763
766 946
946 766
766 14806
14806 766
766 16859
16859 766
776 81
81 776
776 3803
3803 776
776 10862
10862 776
804 804
804 804
804 895
895 804
804 934
934 804
804 2194
2194 804
804 2918
2918 804
804 5544
5544 804
804 10836
10836 804
804 11725
11725 804
814 814
814 814
814 6095
6095 814
830 830
830 830
830 1507
1507 830
830 3227
3227 830
830 3330
3330 830
830 3560
3560 830
830 3823
3823 830
830 3826
3826 830
830 3906
3906 830
830 4123
4123 830
830 12369
12369 830
830 19901
19901 830
830 24294
24294 830
830 24640
24640 830
872 7627
7627 872
876 876
876 876
894 894
894 894
895 1842
1842 895
895 13786
13786 895
895 17880
17880 895
906 906
906 906
906 3786
3786 906
906 3926
3926 906
906 14361
14361 906
929 929
929 929
929 1694
1694 929
929 2633
2633 929
929 3751
3751 929
929 18034
18034 929
929 18063
18063 929
929 19424
19424 929
929 19901
19901 929
929 21899
21899 929
934 934
934 934
934 2998
2998 934
934 3462
3462 934
934 9239
9239 934
934 11579
11579 934
934 16859
16859 934
938 3800
3800 938
946 766
766 946
946 946
946 946
946 3790
3790 946
946 11313
11313 946
946 11725
11725 946
946 12870
12870 946
946 13431
13431 946
946 17880
17880 946
966 642
642 966
966 966
966 966
993 20512
20512 993
1013 125
125 1013
1013 1013
1013 1013
1013 1613
1613 1013
1013 1718
1718 1013
1013 2053
2053 1013
1013 3608
3608 1013
1013 3644
3644 1013
1013 3646
3646 1013
1013 3689
3689 1013
1013 3694
3694 1013
1013 17843
17843 1013
1013 18449
18449 1013
1013 18619
18619 1013
1018 510
510 1018
1018 1018
1018 1018
1018 3614
3614 1018
1018 3618
3618 1018
1018 12123
12123 1018
1018 13203
13203 1018
1018 13406
13406 1018
1018 16892
16892 1018
1018 17276
17276 1018
1018 17880
17880 1018
1018 24518
24518 1018
1045 3866
3866 1045
1064 1105
1105 1064
1092 1092
1092 1092
1094 10596
10596 1094
1094 22559
22559 1094
1097 253
253 1097
1097 1097
1097 1097
1097 3206
3206 1097
1097 3654
3654 1097
1097 4920
4920 1097
1097 11929
11929 1097
1105 0
0 1105
1105 606
606 1105
1105 683
683 1105
1105 814
814 1105
1105 1064
1064 1105
1105 1092
1092 1105
1105 1105
1105 1105
1105 1251
1251 1105
1105 1318
1318 1105
1105 1507
1507 1105
1105 1710
1710 1105
1105 2187
2187 1105
1105 2516
2516 1105
1105 3415
3415 1105
1105 3554
3554 1105
1105 3626
3626 1105
1105 3676
3676 1105
1105 3687
3687 1105
1105 3694
3694 1105
1105 3721
3721 1105
1105 3788
3788 1105
1105 3827
3827 1105
1105 3844
3844 1105
1105 3915
3915 1105
1105 3917
3917 1105
1105 6961
6961 1105
1105 8107
8107 1105
1105 11313
11313 1105
1105 11819
11819 1105
1105 13363
13363 1105
1105 13518
13518 1105
1105 15688
15688 1105
1105 17675
17675 1105
1105 17880
17880 1105
1105 18424
18424 1105
1105 19038
19038 1105
1105 19446
19446 1105
1105 21954
21954 1105
1105 24033
24033 1105
1105 24442
24442 1105
1109 285
285 1109
1109 1971
1971 1109
1110 3516
3516 1110
1110 13118
13118 1110
1110 20893
20893 1110
1116 16256
16256 1116
1116 18271
18271 1116
1116 20292
20292 1116
1116 23348
23348 1116
1116 24219
24219 1116
1137 12870
12870 1137
1137 19683
19683 1137
1137 20242
20242 1137
1153 1153
1153 1153
1158 2361
2361 1158
1158 3692
3692 1158
1173 1173
1173 1173
1173 1312
1312 1173
1173 2499
2499 1173
1173 3226
3226 1173
1173 3440
3440 1173
1173 3512
3512 1173
1173 3576
3576 1173
1173 8996
8996 1173
1173 13786
13786 1173
1173 19915
19915 1173
1173 23130
23130 1173
1190 285
285 1190
1221 3762
3762 1221
1221 13232
13232 1221
1230 1230
1230 1230
1244 1244
1244 1244
1244 3627
3627 1244
1244 3862
3862 1244
1244 18034
18034 1244
1244 23254
23254 1244
1244 24252
24252 1244
1244 24325
24325 1244
1251 1105
1105 1251
1251 1251
1251 1251
1251 2997
2997 1251
1260 18034
18034 1260
1264 1264
1264 1264
1270 16859
16859 1270
1281 9025
9025 1281
1284 935
935 1284
1284 3687
3687 1284
1285 1493
1493 1285
1285 3751
3751 1285
1312 260
260 1312
1312 1312
1312 1312
1312 3545
3545 1312
1312 10292
10292 1312
1312 11076
11076 1312
1312 11157
11157 1312
1313 1313
1313 1313
1313 9025
9025 1313
1318 1318
1318 1318
1346 3679
3679 1346
1384 1384
1384 1384
1384 3564
3564 1384
1384 4370
4370 1384
1384 18440
18440 1384
1384 19105
19105 1384
1384 23039
23039 1384
1384 23348
23348 1384
1384 24472
24472 1384
1403 1403
1403 1403
1403 3663
3663 1403
1403 3692
3692 1403
1403 3874
3874 1403
1403 4685
4685 1403
1403 5409
5409 1403
1403 9842
9842 1403
1404 231
231 1404
1404 1403
1403 1404
1404 1404
1404 1404
1404 1520
1520 1404
1404 3716
3716 1404
1404 9025
9025 1404
1404 21954
21954 1404
1407 1613
1613 1407
1407 1661
1661 1407
1407 2997
2997 1407
1407 3130
3130 1407
1407 3227
3227 1407
1411 3624
3624 1411
1426 3753
3753 1426
1430 503
503 1430
1430 642
642 1430
1430 804
804 1430
1430 967
967 1430
1430 1018
1018 1430
1430 1430
1430 1430
1430 1851
1851 1430
1430 1913
1913 1430
1430 2072
2072 1430
1430 2158
2158 1430
1430 2442
2442 1430
1430 2467
2467 1430
1430 3172
3172 1430
1430 3219
3219 1430
1430 3524
3524 1430
1430 3536
3536 1430
1430 3559
3559 1430
1430 3646
3646 1430
1430 3647
3647 1430
1430 3652
3652 1430
1430 3729
3729 1430
1430 3738
3738 1430
1430 3872
3872 1430
1430 3884
3884 1430
1430 5178
5178 1430
1430 8321
8321 1430
1430 13184
13184 1430
1430 14920
14920 1430
1430 16345
16345 1430
1430 16863
16863 1430
1430 17157
17157 1430
1430 18034
18034 1430
1430 18405
18405 1430
1430 19143
19143 1430
1430 19149
19149 1430
1430 19901
19901 1430
1430 20817
20817 1430
1430 20892
20892 1430
1430 21209
21209 1430
1430 22598
22598 1430
1430 23213
23213 1430
1430 23348
23348 1430
1430 23630
23630 1430
1430 24174
24174 1430
1430 24518
24518 1430
1430 24695
24695 1430
1459 1013
1013 1459
1459 1459
1459 1459
1459 3608
3608 1459
1459 3870
3870 1459
1493 17157
17157 1493
1495 3824
3824 1495
1503 13099
13099 1503
1507 1507
1507 1507
1520 215
215 1520
1520 1404
1404 1520
1520 3554
3554 1520
1520 16420
16420 1520
1538 3723
3723 1538
1538 3910
3910 1538
1538 22882
22882 1538
1581 3751
3751 1581
1581 9799
9799 1581
1611 156
156 1611
1613 3554
3554 1613
1616 1616
1616 1616
1616 2939
2939 1616
1632 9025
9025 1632
1632 20355
20355 1632
1639 11819
11819 1639
1639 20285
20285 1639
1639 20355
20355 1639
1658 1658
1658 1658
1658 2248
2248 1658
1658 3667
3667 1658
1658 3681
3681 1658
1658 9057
9057 1658
1658 11076
11076 1658
1658 13518
13518 1658
1658 16900
16900 1658
1665 213
213 1665
1665 285
285 1665
1665 2592
2592 1665
1665 3888
3888 1665
1665 9724
9724 1665
1667 3896
3896 1667
1667 16163
16163 1667
1667 18917
18917 1667
1684 2158
2158 1684
1684 3830
3830 1684
1684 24252
24252 1684
1692 3671
3671 1692
1694 1694
1694 1694
1718 1718
1718 1718
1721 3883
3883 1721
1721 18602
18602 1721
1725 23085
23085 1725
1740 606
606 1740
1740 608
608 1740
1740 902
902 1740
1740 1105
1105 1740
1740 1740
1740 1740
1740 2194
2194 1740
1740 3139
3139 1740
1740 3638
3638 1740
1740 3671
3671 1740
1740 3779
3779 1740
1740 5329
5329 1740
1740 6811
6811 1740
1740 11313
11313 1740
1740 11657
11657 1740
1740 13196
13196 1740
1740 14224
14224 1740
1740 15229
15229 1740
1740 16892
16892 1740
1740 17055
17055 1740
1740 20429
20429 1740
1740 23039
23039 1740
1741 1741
1741 1741
1741 2134
2134 1741
1741 2318
2318 1741
1741 3415
3415 1741
1741 3564
3564 1741
1741 3763
3763 1741
1741 3783
3783 1741
1741 3811
3811 1741
1741 3827
3827 1741
1741 3896
3896 1741
1741 11149
11149 1741
1741 11993
11993 1741
1741 22209
22209 1741
1763 3618
3618 1763
1780 1780
1780 1780
1780 1846
1846 1780
1780 3613
3613 1780
1780 3725
3725 1780
1780 3754
3754 1780
1780 11698
11698 1780
1780 12900
12900 1780
1780 15229
15229 1780
1780 18917
18917 1780
1780 20889
20889 1780
1780 22708
22708 1780
1780 23707
23707 1780
1784 1784
1784 1784
1784 3188
3188 1784
1784 14387
14387 1784
1816 1816
1816 1816
1816 3712
3712 1816
1833 1833
1833 1833
1842 15229
15229 1842
1846 1424
1424 1846
1846 1639
1639 1846
1846 1846
1846 1846
1846 3049
3049 1846
1846 3387
3387 1846
1846 3425
3425 1846
1846 3613
3613 1846
1846 3626
3626 1846
1846 3846
3846 1846
1846 8996
8996 1846
1846 11698
11698 1846
1846 18602
18602 1846
1846 19038
19038 1846
1846 20889
20889 1846
1851 1430
1430 1851
1859 1859
1859 1859
1859 23348
23348 1859
1859 23630
23630 1859
1865 1865
1865 1865
1875 5178
5178 1875
1875 23535
23535 1875
1899 1899
1899 1899
1904 3555
3555 1904
1913 285
285 1913
1913 1913
1913 1913
1913 18602
18602 1913
1921 1158
1158 1921
1921 3692
3692 1921
1921 3699
3699 1921
1925 3740
3740 1925
1934 1934
1934 1934
1934 3206
3206 1934
1951 285
285 1951
1951 1951
1951 1951
1951 2158
2158 1951
1951 2763
2763 1951
1951 3219
3219 1951
1951 3652
3652 1951
1951 3665
3665 1951
1951 3668
3668 1951
1951 3670
3670 1951
1951 3695
3695 1951
1951 3699
3699 1951
1951 3872
3872 1951
1951 3873
3873 1951
1951 4685
4685 1951
1951 12369
12369 1951
1951 17339
17339 1951
1951 17866
17866 1951
1951 18602
18602 1951
1951 19383
19383 1951
1951 19901
19901 1951
1951 20292
20292 1951
1971 1971
1971 1971
1971 2573
2573 1971
1971 3464
3464 1971
1976 213
213 1976
1976 1976
1976 1976
1976 11313
11313 1976
1976 11700
11700 1976
1976 19454
19454 1976
1993 1993
1993 1993
2036 3692
3692 2036
2041 2041
2041 2041
2043 2043
2043 2043
2043 3425
3425 2043
2043 23707
23707 2043
2049 22990
22990 2049
2053 0
0 2053
2053 2053
2053 2053
2053 3219
3219 2053
2053 3803
3803 2053
2053 13232
13232 2053
2053 13796
13796 2053
2053 17843
17843 2053
2053 17880
17880 2053
2053 18426
18426 2053
2072 644
644 2072
2072 2072
2072 2072
2072 9113
9113 2072
2096 3425
3425 2096
2110 2110
2110 2110
2110 24226
24226 2110
2134 645
645 2134
2134 1384
1384 2134
2134 2045
2045 2134
2134 2592
2592 2134
2134 2815
2815 2134
2134 3228
3228 2134
2134 3656
3656 2134
2134 3939
3939 2134
2134 12231
12231 2134
2134 19149
19149 2134
2134 24451
24451 2134
2148 11899
11899 2148
2158 2158
2158 2158
2167 2167
2167 2167
2167 18931
18931 2167
2184 155
155 2184
2184 1975
1975 2184
2184 3941
3941 2184
2187 2187
2187 2187
2187 2194
2194 2187
2194 156
156 2194
2194 231
231 2194
2194 287
287 2194
2194 804
804 2194
2194 830
830 2194
2194 1313
1313 2194
2194 2187
2187 2194
2194 2194
2194 2194
2194 2997
2997 2194
2194 3172
3172 2194
2194 3471
3471 2194
2194 3618
3618 2194
2194 3663
3663 2194
2194 3906
3906 2194
2194 3914
3914 2194
2194 3915
3915 2194
2194 6961
6961 2194
2194 9057
9057 2194
2194 12135
12135 2194
2194 13485
13485 2194
2194 21240
21240 2194
2194 24269
24269 2194
2194 24442
24442 2194
2195 19434
19434 2195
2197 18969
18969 2197
2202 2202
2202 2202
2239 19446
19446 2239
2239 23348
23348 2239
2248 1658
1658 2248
2254 23348
23348 2254
2274 966
966 2274
2274 16256
16256 2274
2274 23348
23348 2274
2304 3666
3666 2304
2309 3618
3618 2309
2321 3643
3643 2321
2361 252
252 2361
2361 2361
2361 2361
2361 2750
2750 2361
2361 3777
3777 2361
2361 3798
3798 2361
2361 17830
17830 2361
2361 18169
18169 2361
2361 18602
18602 2361
2361 21786
21786 2361
2370 155
155 2370
2370 2370
2370 2370
2370 10811
10811 2370
2380 934
934 2380
2387 1913
1913 2387
2387 2387
2387 2387
2387 3143
3143 2387
2387 3151
3151 2387
2387 3610
3610 2387
2387 3766
3766 2387
2387 3797
3797 2387
2387 3878
3878 2387
2387 3906
3906 2387
2387 4685
4685 2387
2387 6961
6961 2387
2387 7648
7648 2387
2387 9960
9960 2387
2387 11715
11715 2387
2387 13059
13059 2387
2387 18449
18449 2387
2387 19938
19938 2387
2387 20355
20355 2387
2387 23348
23348 2387
2392 3878
3878 2392
2392 11819
11819 2392
2392 20355
20355 2392
2410 3281
3281 2410
2411 2411
2411 2411
2411 2831
2831 2411
2411 3439
3439 2411
2411 6961
6961 2411
2411 10596
10596 2411
2411 14920
14920 2411
2411 19698
19698 2411
2411 23386
23386 2411
2413 503
503 2413
2413 597
597 2413
2413 2043
2043 2413
2413 2413
2413 2413
2413 2491
2491 2413
2413 2497
2497 2413
2413 3172
3172 2413
2413 3609
3609 2413
2413 3776
3776 2413
2413 3824
3824 2413
2413 3833
3833 2413
2413 3846
3846 2413
2413 3874
3874 2413
2413 3925
3925 2413
2413 3955
3955 2413
2413 4370
4370 2413
2413 12123
12123 2413
2413 13652
13652 2413
2413 16847
16847 2413
2413 23226
23226 2413
2413 24042
24042 2413
2424 15450
15450 2424
2425 3632
3632 2425
2425 3875
3875 2425
2425 12123
12123 2425
2425 18440
18440 2425
2425 19087
19087 2425
2436 13684
13684 2436
2442 2442
2442 2442
2442 2472
2472 2442
2442 2491
2491 2442
2442 3228
3228 2442
2442 3368
3368 2442
2442 3628
3628 2442
2442 3692
3692 2442
2442 3911
3911 2442
2442 9239
9239 2442
2442 10473
10473 2442
2442 12123
12123 2442
2442 18405
18405 2442
2442 18602
18602 2442
2450 2450
2450 2450
2467 1430
1430 2467
2467 3644
3644 2467
2467 3645
3645 2467
2472 2442
2442 2472
2487 1639
1639 2487
2487 2487
2487 2487
2487 3172
3172 2487
2487 3597
3597 2487
2487 3821
3821 2487
2487 3920
3920 2487
2487 20285
20285 2487
2487 20355
20355 2487
2487 22708
22708 2487
2487 24475
24475 2487
2491 54
54 2491
2491 125
125 2491
2491 1318
1318 2491
2491 2053
2053 2491
2491 3627
3627 2491
2491 3721
3721 2491
2491 4370
4370 2491
2491 5284
5284 2491
2491 15450
15450 2491
2491 18568
18568 2491
2491 19871
19871 2491
2497 934
934 2497
2497 1694
1694 2497
2497 1846
1846 2497
2497 2497
2497 2497
2497 3228
3228 2497
2497 3524
3524 2497
2497 3540
3540 2497
2497 3609
3609 2497
2497 3610
3610 2497
2497 3623
3623 2497
2497 3643
3643 2497
2497 3681
3681 2497
2497 3783
3783 2497
2497 3787
3787 2497
2497 3788
3788 2497
2497 3810
3810 2497
2497 3827
3827 2497
2497 3843
3843 2497
2497 3879
3879 2497
2497 9799
9799 2497
2497 11698
11698 2497
2497 12900
12900 2497
2497 13786
13786 2497
2497 14211
14211 2497
2497 15594
15594 2497
2497 16186
16186 2497
2497 16847
16847 2497
2497 18917
18917 2497
2497 19730
19730 2497
2497 20355
20355 2497
2497 20897
20897 2497
2497 21954
21954 2497
2497 24442
24442 2497
2497 24640
24640 2497
2497 24722
24722 2497
2499 1173
1173 2499
2499 2499
2499 2499
2499 3692
3692 2499
2499 3826
3826 2499
2499 3906
3906 2499
2499 4370
4370 2499
2499 13969
13969 2499
2507 606
606 2507
2507 3933
3933 2507
2508 349
349 2508
2508 3554
3554 2508
2508 3618
3618 2508
2516 124
124 2516
2516 1230
1230 2516
2516 1721
1721 2516
2516 2194
2194 2516
2516 2516
2516 2516
2516 2661
2661 2516
2516 3580
3580 2516
2516 6866
6866 2516
2516 8921
8921 2516
2516 10473
10473 2516
2516 12365
12365 2516
2516 13181
13181 2516
2516 18405
18405 2516
2516 18602
18602 2516
2516 20038
20038 2516
2516 22598
22598 2516
2563 3639
3639 2563
2569 24531
24531 2569
2573 644
644 2573
2573 2573
2573 2573
2578 3868
3868 2578
2578 11704
11704 2578
2578 13786
13786 2578
2584 24233
24233 2584
2591 2591
2591 2591
2591 3692
3692 2591
2591 20893
20893 2591
2592 260
260 2592
2592 401
401 2592
2592 1013
1013 2592
2592 1459
1459 2592
2592 2592
2592 2592
2592 3363
3363 2592
2592 3524
3524 2592
2592 3699
3699 2592
2592 3708
3708 2592
2592 3738
3738 2592
2592 3764
3764 2592
2592 3791
3791 2592
2592 3874
3874 2592
2592 4685
4685 2592
2592 5196
5196 2592
2592 6278
6278 2592
2592 6961
6961 2592
2592 8996
8996 2592
2592 9025
9025 2592
2592 9239
9239 2592
2592 10862
10862 2592
2592 11076
11076 2592
2592 11579
11579 2592
2592 11704
11704 2592
2592 11964
11964 2592
2592 12135
12135 2592
2592 13184
13184 2592
2592 13796
13796 2592
2592 14920
14920 2592
2592 18602
18602 2592
2592 19149
19149 2592
2592 21878
21878 2592
2592 23348
23348 2592
2592 24223
24223 2592
2592 24226
24226 2592
2592 24601
24601 2592
2621 19424
19424 2621
2622 2622
2622 2622
2622 3130
3130 2622
2622 3658
3658 2622
2622 18919
18919 2622
2622 22214
22214 2622
2622 24514
24514 2622
2628 3692
3692 2628
2628 4920
4920 2628
2628 5178
5178 2628
2633 9011
9011 2633
2643 2643
2643 2643
2655 11577
11577 2655
2655 20355
20355 2655
2661 20038
20038 2661
2697 3564
3564 2697
2697 6845
6845 2697
2697 11698
11698 2697
2713 18169
18169 2713
2736 753
753 2736
2736 3617
3617 2736
2736 13270
13270 2736
2750 1361
1361 2750
2750 2750
2750 2750
2758 3666
3666 2758
2763 2763
2763 2763
2811 8107
8107 2811
2812 155
155 2812
2812 3802
3802 2812
2812 19379
19379 2812
2815 2134
2134 2815
2815 2815
2815 2815
2831 814
814 2831
2831 1251
1251 2831
2831 2194
2194 2831
2831 2633
2633 2831
2831 3667
3667 2831
2831 3941
3941 2831
2831 6961
6961 2831
2831 14805
14805 2831
2831 15391
15391 2831
2831 21699
21699 2831
2831 23348
23348 2831
2831 24226
24226 2831
2840 3855
3855 2840
2840 22513
22513 2840
2862 2862
2862 2862
2864 7778
7778 2864
2876 726
726 2876
2918 10566
10566 2918
2931 3702
3702 2931
2939 1616
1616 2939
2939 3753
3753 2939
2997 21
21 2997
2997 1251
1251 2997
2997 1678
1678 2997
2997 2499
2499 2997
2997 3228
3228 2997
2997 3616
3616 2997
2997 3723
3723 2997
2997 5284
5284 2997
2997 14387
14387 2997
2997 17880
17880 2997
2997 19871
19871 2997
2997 20893
20893 2997
2997 23630
23630 2997
2998 410
410 2998
2998 934
934 2998
2998 1123
1123 2998
2998 2425
2425 2998
2998 8993
8993 2998
2998 16067
16067 2998
2998 17880
17880 2998
2998 23039
23039 2998
3019 3019
3019 3019
3019 3850
3850 3019
3033 3033
3033 3033
3049 3049
3049 3049
3049 3613
3613 3049
3049 3846
3846 3049
3049 14805
14805 3049
3049 19730
19730 3049
3051 3812
3812 3051
3051 8321
8321 3051
3060 19433
19433 3060
3067 9025
9025 3067
3072 20355
20355 3072
3091 3091
3091 3091
3091 13155
13155 3091
3113 3113
3113 3113
3113 3219
3219 3113
3113 9177
9177 3113
3113 10292
10292 3113
3113 11157
11157 3113
3113 18602
18602 3113
3122 3122
3122 3122
3123 3123
3123 3123
3130 3921
3921 3130
3130 12528
12528 3130
3130 18602
18602 3130
3139 3139
3139 3139
3139 13196
13196 3139
3143 1913
1913 3143
3143 3143
3143 3143
3143 3172
3172 3143
3143 3826
3826 3143
3143 3906
3906 3143
3143 24269
24269 3143
3143 24579
24579 3143
3153 1403
1403 3153
3162 3162
3162 3162
3171 642
642 3171
3171 3171
3171 3171
3171 3228
3228 3171
3171 3658
3658 3171
3171 3826
3826 3171
3171 13934
13934 3171
3171 15187
15187 3171
3172 934
934 3172
3172 2997
2997 3172
3172 3172
3172 3172
3172 3559
3559 3172
3172 3626
3626 3172
3172 3766
3766 3172
3172 11819
11819 3172
3172 19901
19901 3172
3172 20355
20355 3172
3172 23707
23707 3172
3175 15414
15414 3175
3200 3200
3200 3200
3200 21899
21899 3200
3203 3372
3372 3203
3206 1097
1097 3206
3206 3206
3206 3206
3206 11579
11579 3206
3206 12135
12135 3206
3206 14232
14232 3206
3206 20512
20512 3206
3206 21786
21786 3206
3218 213
213 3218
3218 3218
3218 3218
3219 1951
1951 3219
3219 3113
3113 3219
3219 3219
3219 3219
3219 18231
18231 3219
3222 3797
3797 3222
3226 1173
1173 3226
3227 2327
2327 3227
3227 3227
3227 3227
3227 3499
3499 3227
3227 3692
3692 3227
3227 3812
3812 3227
3227 5329
5329 3227
3227 7648
7648 3227
3227 16591
16591 3227
3227 21337
21337 3227
3228 3228
3228 3228
3228 12900
12900 3228
3250 929
929 3250
3258 3258
3258 3258
3275 2413
2413 3275
3275 3275
3275 3275
3276 902
902 3276
3276 3276
3276 3276
3288 3288
3288 3288
3288 3468
3468 3288
3288 3690
3690 3288
3288 3730
3730 3288
3288 3958
3958 3288
3288 9025
9025 3288
3292 3292
3292 3292
3292 3724
3724 3292
3292 3753
3753 3292
3292 18689
18689 3292
3292 24018
24018 3292
3293 13232
13232 3293
3317 1105
1105 3317
3330 3292
3292 3330
3330 3330
3330 3330
3330 3679
3679 3330
3335 3335
3335 3335
3363 2592
2592 3363
3363 3363
3363 3363
3372 3203
3203 3372
3372 21240
21240 3372
3397 54
54 3397
3415 3415
3415 3415
3425 2043
2043 3425
3425 2413
2413 3425
3425 2487
2487 3425
3425 3425
3425 3425
3425 24474
24474 3425
3433 18396
18396 3433
3439 2411
2411 3439
3439 3439
3439 3439
3448 3448
3448 3448
3452 3452
3452 3452
3452 7778
7778 3452
3455 3455
3455 3455
3460 19894
19894 3460
3462 642
642 3462
3462 934
934 3462
3462 1842
1842 3462
3462 2194
2194 3462
3462 3462
3462 3462
3462 3618
3618 3462
3462 3790
3790 3462
3462 8984
8984 3462
3462 17880
17880 3462
3462 20429
20429 3462
3462 24570
24570 3462
3464 1971
1971 3464
3471 2298
2298 3471
3471 3471
3471 3471
3471 3633
3633 3471
3471 13003
13003 3471
3471 18438
18438 3471
3471 20387
20387 3471
3471 21954
21954 3471
3486 21209
21209 3486
3496 1649
1649 3496
3496 3496
3496 3496
3506 24203
24203 3506
3516 3516
3516 3516
3524 124
124 3524
3524 3421
3421 3524
3524 3524
3524 3524
3531 12123
12123 3531
3536 1430
1430 3536
3541 3856
3856 3541
3541 19896
19896 3541
3546 11929
11929 3546
3553 23085
23085 3553
3554 3554
3554 3554
3555 642
642 3555
3555 1904
1904 3555
3555 3555
3555 3555
3555 4638
4638 3555
3555 19038
19038 3555
3555 21240
21240 3555
3555 24722
24722 3555
3559 3559
3559 3559
3567 3567
3567 3567
3576 20355
20355 3576
3579 20904
20904 3579
3580 3580
3580 3580
3586 18602
18602 3586
3587 3276
3276 3587
3587 3587
3587 3587
3587 19860
19860 3587
3597 2487
2487 3597
3597 3597
3597 3597
3597 13196
13196 3597
3604 2309
2309 3604
3604 3604
3604 3604
3604 5329
5329 3604
3605 3918
3918 3605
3608 1013
1013 3608
3608 3608
3608 3608
3608 23956
23956 3608
3609 3609
3609 3609
3610 2387
2387 3610
3610 3610
3610 3610
3611 3486
3486 3611
3611 3611
3611 3611
3611 6681
6681 3611
3611 14905
14905 3611
3613 6961
6961 3613
3614 11715
11715 3614
3617 3617
3617 3617
3618 1018
1018 3618
3618 1763
1763 3618
3618 2309
2309 3618
3618 3618
3618 3618
3618 3843
3843 3618
3618 23039
23039 3618
3619 23039
23039 3619
3620 4370
4370 3620
3622 12539
12539 3622
3623 701
701 3623
3623 3623
3623 3623
3623 9232
9232 3623
3623 13155
13155 3623
3625 3625
3625 3625
3625 5544
5544 3625
3626 3172
3172 3626
3626 3626
3626 3626
3626 23707
23707 3626
3627 3627
3627 3627
3628 253
253 3628
3628 306
306 3628
3628 7648
7648 3628
3631 3626
3626 3631
3632 2425
2425 3632
3632 3632
3632 3632
3632 10596
10596 3632
3633 3212
3212 3633
3633 3471
3471 3633
3636 3166
3166 3636
3636 24445
24445 3636
3638 1740
1740 3638
3639 3639
3639 3639
3640 745
745 3640
3642 3642
3642 3642
3642 22513
22513 3642
3645 3644
3644 3645
3646 3644
3644 3646
3647 3647
3647 3647
3650 2425
2425 3650
3651 3651
3651 3651
3652 3652
3652 3652
3652 3853
3853 3652
3652 9177
9177 3652
3652 14361
14361 3652
3652 18401
18401 3652
3653 3653
3653 3653
3653 4440
4440 3653
3653 10473
10473 3653
3654 3654
3654 3654
3654 4920
4920 3654
3654 6937
6937 3654
3654 19901
19901 3654
3654 21899
21899 3654
3655 3655
3655 3655
3656 3656
3656 3656
3658 348
348 3658
3658 726
726 3658
3658 3658
3658 3658
3658 4638
4638 3658
3658 18034
18034 3658
3658 24252
24252 3658
3659 19886
19886 3659
3660 11929
11929 3660
3661 3429
3429 3661
3661 3661
3661 3661
3663 3663
3663 3663
3664 3664
3664 3664
3664 22209
22209 3664
3665 1951
1951 3665
3666 2758
2758 3666
3666 3666
3666 3666
3667 3667
3667 3667
3667 14976
14976 3667
3667 17041
17041 3667
3667 22744
22744 3667
3668 1951
1951 3668
3668 3668
3668 3668
3668 22209
22209 3668
3669 10260
10260 3669
3671 3671
3671 3671
3671 21079
21079 3671
3674 3674
3674 3674
3674 6278
6278 3674
3676 3676
3676 3676
3678 3678
3678 3678
3680 5544
5544 3680
3681 3681
3681 3681
3683 3692
3692 3683
3683 6651
6651 3683
3683 7778
7778 3683
3684 380
380 3684
3684 18138
18138 3684
3684 18574
18574 3684
3684 19901
19901 3684
3685 4685
4685 3685
3686 1842
1842 3686
3687 1284
1284 3687
3687 3687
3687 3687
3690 3288
3288 3690
3690 3690
3690 3690
3691 642
642 3691
3691 3691
3691 3691
3692 3448
3448 3692
3692 3692
3692 3692
3692 6937
6937 3692
3692 13485
13485 3692
3692 14583
14583 3692
3695 3695
3695 3695
3696 1200
1200 3696
3697 3697
3697 3697
3697 6961
6961 3697
3699 487
487 3699
3699 1921
1921 3699
3699 3699
3699 3699
3699 3842
3842 3699
3699 6937
6937 3699
3699 23348
23348 3699
3702 3702
3702 3702
3703 3703
3703 3703
3704 3692
3692 3704
3707 14211
14211 3707
3708 3708
3708 3708
3709 3554
3554 3709
3709 3708
3708 3709
3710 3710
3710 3710
3710 18449
18449 3710
3712 1816
1816 3712
3712 3712
3712 3712
3713 231
231 3713
3717 642
642 3717
3718 17922
17922 3718
3719 9239
9239 3719
3720 3698
3698 3720
3721 3721
3721 3721
3721 16859
16859 3721
3725 3725
3725 3725
3725 3754
3754 3725
3726 3726
3726 3726
3726 24133
24133 3726
3727 17071
17071 3727
3728 22559
22559 3728
3729 3729
3729 3729
3729 10292
10292 3729
3729 24224
24224 3729
3730 3288
3288 3730
3731 2481
2481 3731
3732 3739
3739 3732
3734 3734
3734 3734
3734 21240
21240 3734
3735 3448
3448 3735
3737 9325
9325 3737
3744 19424
19424 3744
3744 20904
20904 3744
3748 1661
1661 3748
3748 21899
21899 3748
3750 3726
3726 3750
3751 929
929 3751
3753 3753
3753 3753
3753 7778
7778 3753
3753 21899
21899 3753
3754 194
194 3754
3754 934
934 3754
3754 2442
2442 3754
3754 3452
3452 3754
3754 3725
3725 3754
3754 3769
3769 3754
3754 3827
3827 3754
3754 17306
17306 3754
3754 20028
20028 3754
3754 24226
24226 3754
3756 23348
23348 3756
3758 11819
11819 3758
3759 24325
24325 3759
3761 3761
3761 3761
3764 3495
3495 3764
3767 3767
3767 3767
3767 4920
4920 3767
3769 3769
3769 3769
3770 3770
3770 3770
3771 3663
3663 3771
3773 726
726 3773
3773 9177
9177 3773
3777 2194
2194 3777
3777 2361
2361 3777
3777 3545
3545 3777
3777 3777
3777 3777
3777 13184
13184 3777
3777 16608
16608 3777
3777 19901
19901 3777
3785 17966
17966 3785
3786 231
231 3786
3786 906
906 3786
3788 3788
3788 3788
3788 24451
24451 3788
3789 3789
3789 3789
3795 3795
3795 3795
3797 3797
3797 3797
3799 16863
16863 3799
3800 938
938 3800
3801 14333
14333 3801
3802 2812
2812 3802
3803 81
81 3803
3803 3803
3803 3803
3803 3831
3831 3803
3803 5544
5544 3803
3803 9239
9239 3803
3804 24531
24531 3804
3806 21240
21240 3806
3807 5232
5232 3807
3808 3363
3363 3808
3809 8999
8999 3809
3809 20917
20917 3809
3817 24033
24033 3817
3817 24224
24224 3817
3818 401
401 3818
3819 11700
11700 3819
3821 3821
3821 3821
3822 240
240 3822
3824 54
54 3824
3824 903
903 3824
3824 3824
3824 3824
3824 3929
3929 3824
3824 9025
9025 3824
3824 12365
12365 3824
3824 14920
14920 3824
3824 18619
18619 3824
3824 20883
20883 3824
3826 3826
3826 3826
3827 386
386 3827
3827 3827
3827 3827
3828 1789
1789 3828
3829 3829
3829 3829
3829 10292
10292 3829
3830 3830
3830 3830
3831 3047
3047 3831
3831 3803
3803 3831
3831 3831
3831 3831
3832 3832
3832 3832
3832 14806
14806 3832
3833 3833
3833 3833
3835 3835
3835 3835
3836 23226
23226 3836
3839 3839
3839 3839
3841 15450
15450 3841
3841 17732
17732 3841
3842 3842
3842 3842
3843 2194
2194 3843
3843 3618
3618 3843
3843 3843
3843 3843
3843 3904
3904 3843
3843 14295
14295 3843
3843 15776
15776 3843
3843 16892
16892 3843
3843 19446
19446 3843
3843 24570
24570 3843
3843 24722
24722 3843
3846 3846
3846 3846
3847 3847
3847 3847
3847 23707
23707 3847
3848 3848
3848 3848
3849 3849
3849 3849
3850 3019
3019 3850
3850 3850
3850 3850
3850 24460
24460 3850
3853 3652
3652 3853
3853 3853
3853 3853
3855 3855
3855 3855
3855 6961
6961 3855
3855 24226
24226 3855
3856 19896
19896 3856
3857 7778
7778 3857
3860 3849
3849 3860
3860 3860
3860 3860
3861 3861
3861 3861
3862 3868
3868 3862
3864 12900
12900 3864
3864 19446
19446 3864
3865 3865
3865 3865
3866 3866
3866 3866
3866 13232
13232 3866
3867 16750
16750 3867
3870 3870
3870 3870
3871 13196
13196 3871
3872 1951
1951 3872
3872 3872
3872 3872
3874 1403
1403 3874
3874 3874
3874 3874
3875 438
438 3875
3875 2361
2361 3875
3875 3929
3929 3875
3875 5539
5539 3875
3875 8820
8820 3875
3875 13652
13652 3875
3875 22855
22855 3875
3876 22513
22513 3876
3877 20355
20355 3877
3878 3878
3878 3878
3878 20355
20355 3878
3879 3879
3879 3879
3880 3883
3883 3880
3881 3881
3881 3881
3881 11657
11657 3881
3883 3883
3883 3883
3883 3912
3912 3883
3884 3884
3884 3884
3884 14171
14171 3884
3884 23348
23348 3884
3885 642
642 3885
3886 12365
12365 3886
3890 6869
6869 3890
3891 20038
20038 3891
3892 10596
10596 3892
3893 10596
10596 3893
3898 23921
23921 3898
3900 3900
3900 3900
3900 24252
24252 3900
3901 3853
3853 3901
3904 3904
3904 3904
3910 1975
1975 3910
3911 2442
2442 3911
3911 23707
23707 3911
3912 3883
3883 3912
3917 3917
3917 3917
3918 3605
3605 3918
3918 3918
3918 3918
3918 3949
3949 3918
3920 2487
2487 3920
3920 3920
3920 3920
3921 2467
2467 3921
3923 269
269 3923
3925 213
213 3925
3925 2413
2413 3925
3925 3925
3925 3925
3926 906
906 3926
3926 3926
3926 3926
3927 19901
19901 3927
3928 2275
2275 3928
3929 3929
3929 3929
3931 4458
4458 3931
3932 20812
20812 3932
3935 14969
14969 3935
3940 3940
3940 3940
3942 15391
15391 3942
3945 3944
3944 3945
3948 3948
3948 3948
3949 3918
3918 3949
3956 3956
3956 3956
4084 701
701 4084
4084 4084
4084 4084
4196 3899
3899 4196
4196 7667
7667 4196
4340 1507
1507 4340
4340 17880
17880 4340
4340 19446
19446 4340
4370 4370
4370 4370
4393 13810
13810 4393
4406 2655
2655 4406
4406 20904
20904 4406
4406 21913
21913 4406
4407 23226
23226 4407
4440 285
285 4440
4440 574
574 4440
4440 3468
3468 4440
4440 3567
3567 4440
4440 3615
3615 4440
4440 3653
3653 4440
4440 3761
3761 4440
4440 3936
3936 4440
4440 4084
4084 4440
4440 4440
4440 4440
4440 6937
6937 4440
4440 14333
14333 4440
4440 18602
18602 4440
4447 15814
15814 4447
4638 2423
2423 4638
4638 3658
3658 4638
4638 4638
4638 4638
4638 14805
14805 4638
4685 608
608 4685
4685 1312
1312 4685
4685 1913
1913 4685
4685 1951
1951 4685
4685 2592
2592 4685
4685 3545
3545 4685
4685 3615
3615 4685
4685 3685
3685 4685
4685 3698
3698 4685
4685 3940
3940 4685
4685 4685
4685 4685
4685 12123
12123 4685
4685 18169
18169 4685
4685 18931
18931 4685
4685 20028
20028 4685
4685 22209
22209 4685
4685 22559
22559 4685
4685 23348
23348 4685
4685 23841
23841 4685
4781 3618
3618 4781
4920 630
630 4920
4920 644
644 4920
4920 966
966 4920
4920 1097
1097 4920
4920 1430
1430 4920
4920 1851
1851 4920
4920 2573
2573 4920
4920 2633
2633 4920
4920 3654
3654 4920
4920 3684
3684 4920
4920 3767
3767 4920
4920 3777
3777 4920
4920 3824
3824 4920
4920 3913
3913 4920
4920 4920
4920 4920
4920 11149
11149 4920
4920 11929
11929 4920
4920 13485
13485 4920
4920 15570
15570 4920
4920 15848
15848 4920
4920 16345
16345 4920
4920 18138
18138 4920
4920 19901
19901 4920
4920 20021
20021 4920
4920 20817
20817 4920
4920 21107
21107 4920
4920 23226
23226 4920
4920 23348
23348 4920
4920 23630
23630 4920
4920 24365
24365 4920
4920 24413
24413 4920
5107 287
287 5107
5152 5409
5409 5152
5152 20726
20726 5152
5178 285
285 5178
5178 1430
1430 5178
5178 2633
2633 5178
5178 3460
3460 5178
5178 3681
3681 5178
5178 3702
3702 5178
5178 3710
3710 5178
5178 3718
3718 5178
5178 3940
3940 5178
5178 4920
4920 5178
5178 5178
5178 5178
5178 6866
6866 5178
5178 8321
8321 5178
5178 10183
10183 5178
5178 11536
11536 5178
5178 13786
13786 5178
5178 16345
16345 5178
5178 17157
17157 5178
5178 18034
18034 5178
5178 18169
18169 5178
5178 19901
19901 5178
5178 21899
21899 5178
5178 22598
22598 5178
5178 23226
23226 5178
5178 23630
23630 5178
5178 24252
24252 5178
5178 24695
24695 5178
5196 410
410 5196
5196 1842
1842 5196
5196 2194
2194 5196
5196 5196
5196 5196
5196 16859
16859 5196
5232 3807
3807 5232
5232 5232
5232 5232
5232 6937
6937 5232
5284 2053
2053 5284
5284 2516
2516 5284
5284 11579
11579 5284
5284 12135
12135 5284
5284 17843
17843 5284
5284 19938
19938 5284
5313 3053
3053 5313
5313 9392
9392 5313
5329 2997
2997 5329
5329 3227
3227 5329
5329 3372
3372 5329
5329 3604
3604 5329
5329 3618
3618 5329
5329 3763
3763 5329
5329 3806
3806 5329
5329 7648
7648 5329
5329 10408
10408 5329
5329 11993
11993 5329
5329 16591
16591 5329
5329 16892
16892 5329
5329 20705
20705 5329
5329 20893
20893 5329
5329 24294
24294 5329
5345 20242
20242 5345
5409 412
412 5409
5409 6961
6961 5409
5409 24252
24252 5409
5544 804
804 5544
5544 2187
2187 5544
5544 3227
3227 5544
5544 3618
3618 5544
5544 3625
3625 5544
5544 3638
3638 5544
5544 3680
3680 5544
5544 3681
3681 5544
5544 3803
3803 5544
5544 5544
5544 5544
5544 9239
9239 5544
5544 11657
11657 5544
5544 12358
12358 5544
5544 16591
16591 5544
5544 16847
16847 5544
5729 2591
2591 5729
5729 12135
12135 5729
5845 2997
2997 5845
5855 9025
9025 5855
5914 20904
20904 5914
6049 13684
13684 6049
6054 205
205 6054
6095 814
814 6095
6095 3658
3658 6095
6095 3848
3848 6095
6095 3941
3941 6095
6095 6095
6095 6095
6095 11579
11579 6095
6095 13066
13066 6095
6095 21913
21913 6095
6233 2487
2487 6233
6278 1284
1284 6278
6278 3674
3674 6278
6278 3692
3692 6278
6278 6278
6278 6278
6285 23039
23039 6285
6403 6403
6403 6403
6403 9321
9321 6403
6437 3674
3674 6437
6437 6278
6278 6437
6437 6437
6437 6437
6457 11579
11579 6457
6457 13203
13203 6457
6457 23320
23320 6457
6485 2622
2622 6485
6485 3681
3681 6485
6485 24252
24252 6485
6557 1842
1842 6557
6557 3663
3663 6557
6557 3676
3676 6557
6557 3790
3790 6557
6557 3843
3843 6557
6557 6557
6557 6557
6557 13796
13796 6557
6557 14295
14295 6557
6557 15414
15414 6557
6557 16892
16892 6557
6557 19886
19886 6557
6557 20594
20594 6557
6557 24514
24514 6557
6575 3130
3130 6575
6575 18931
18931 6575
6627 6627
6627 6627
6627 12123
12123 6627
6640 3618
3618 6640
6806 349
349 6806
6806 2003
2003 6806
6806 6806
6806 6806
6811 3609
3609 6811
6811 6811
6811 6811
6811 11657
11657 6811
6845 2697
2697 6845
6845 3787
3787 6845
6845 3788
3788 6845
6845 3900
3900 6845
6845 6845
6845 6845
6845 17310
17310 6845
6845 21699
21699 6845
6850 3047
3047 6850
6866 6866
6866 6866
6866 8321
8321 6866
6866 24695
24695 6866
6874 15814
15814 6874
6937 3130
3130 6937
6937 3496
3496 6937
6937 3692
3692 6937
6937 3699
3699 6937
6937 5232
5232 6937
6937 6937
6937 6937
6937 10292
10292 6937
6937 23707
23707 6937
6944 14783
14783 6944
6955 13066
13066 6955
6961 20
20 6961
6961 130
130 6961
6961 253
253 6961
6961 510
510 6961
6961 642
642 6961
6961 2194
2194 6961
6961 2592
2592 6961
6961 2633
2633 6961
6961 3113
3113 6961
6961 3608
3608 6961
6961 3611
3611 6961
6961 3613
3613 6961
6961 3679
3679 6961
6961 3697
3697 6961
6961 3777
3777 6961
6961 3815
3815 6961
6961 3855
3855 6961
6961 3888
3888 6961
6961 5409
5409 6961
6961 6095
6095 6961
6961 6961
6961 6961
6961 7648
7648 6961
6961 9799
9799 6961
6961 9960
9960 6961
6961 10292
10292 6961
6961 11157
11157 6961
6961 11929
11929 6961
6961 12135
12135 6961
6961 14224
14224 6961
6961 18396
18396 6961
6961 18602
18602 6961
6961 19051
19051 6961
6961 19454
19454 6961
6961 20355
20355 6961
6961 20638
20638 6961
6961 21337
21337 6961
6961 23348
23348 6961
6961 24223
24223 6961
6961 24640
24640 6961
6961 24695
24695 6961
6974 6974
6974 6974
6991 348
348 6991
6991 6991
6991 6991
7291 7291
7291 7291
7291 14595
14595 7291
7405 3627
3627 7405
7405 7405
7405 7405
7410 3081
3081 7410
7410 7410
7410 7410
7410 21878
21878 7410
7498 2516
2516 7498
7499 11536
11536 7499
7648 642
642 7648
7648 2387
2387 7648
7648 3130
3130 7648
7648 3628
3628 7648
7648 3826
3826 7648
7648 3862
3862 7648
7648 3934
3934 7648
7648 5329
5329 7648
7648 6095
6095 7648
7648 7648
7648 7648
7648 8996
8996 7648
7648 9239
9239 7648
7648 9799
9799 7648
7648 11149
11149 7648
7648 12123
12123 7648
7648 13232
13232 7648
7648 13406
13406 7648
7648 16420
16420 7648
7648 19730
19730 7648
7648 20893
20893 7648
7648 24294
24294 7648
7667 3597
3597 7667
7667 16859
16859 7667
7778 3452
3452 7778
7778 3683
3683 7778
7778 3753
3753 7778
7778 3857
3857 7778
7778 3929
3929 7778
7778 3957
3957 7778
7778 7778
7778 7778
7778 23348
23348 7778
7785 19742
19742 7785
7862 1971
1971 7862
7892 7892
7892 7892
8052 3903
3903 8052
8098 11760
11760 8098
8102 8102
8102 8102
8102 12123
12123 8102
8102 23348
23348 8102
8107 3855
3855 8107
8107 8107
8107 8107
8127 2997
2997 8127
8127 13796
13796 8127
8199 935
935 8199
8199 3804
3804 8199
8199 10090
10090 8199
8235 1018
1018 8235
8235 14888
14888 8235
8305 554
554 8305
8305 18056
18056 8305
8305 19554
19554 8305
8305 20512
20512 8305
8321 876
876 8321
8321 1430
1430 8321
8321 3130
3130 8321
8321 6866
6866 8321
8321 8321
8321 8321
8363 3883
3883 8363
8363 14361
14361 8363
8363 24018
24018 8363
8436 642
642 8436
8436 1383
1383 8436
8436 3527
3527 8436
8436 3692
3692 8436
8436 3729
3729 8436
8436 14054
14054 8436
8456 3667
3667 8456
8733 3670
3670 8733
8820 348
348 8820
8820 8820
8820 8820
8876 24252
24252 8876
8921 8820
8820 8921
8984 1740
1740 8984
8984 1842
1842 8984
8984 9239
9239 8984
8984 10566
10566 8984
8984 11579
11579 8984
8984 11715
11715 8984
8984 11725
11725 8984
8984 24570
24570 8984
8984 24626
24626 8984
8991 19901
19901 8991
8993 8993
8993 8993
8993 9025
9025 8993
8995 8995
8995 8995
8995 10168
10168 8995
8995 11698
11698 8995
8995 17675
17675 8995
8996 642
642 8996
8996 1587
1587 8996
8996 2187
2187 8996
8996 2194
2194 8996
8996 3172
3172 8996
8996 3227
3227 8996
8996 3618
3618 8996
8996 3803
3803 8996
8996 5329
5329 8996
8996 7648
7648 8996
8996 8996
8996 8996
8996 9025
9025 8996
8996 9461
9461 8996
8996 11313
11313 8996
8996 12181
12181 8996
8996 13118
13118 8996
8996 13211
13211 8996
8996 14806
14806 8996
8996 14888
14888 8996
8996 18396
18396 8996
8996 19434
19434 8996
8996 19901
19901 8996
8996 22214
22214 8996
8996 22559
22559 8996
8996 24531
24531 8996
8996 24722
24722 8996
9011 606
606 9011
9011 946
946 9011
9011 1934
1934 9011
9011 2053
2053 9011
9011 2516
2516 9011
9011 3227
3227 9011
9011 9011
9011 9011
9011 11313
11313 9011
9011 12123
12123 9011
9011 13203
13203 9011
9011 17276
17276 9011
9011 17880
17880 9011
9022 9022
9022 9022
9025 410
410 9025
9025 642
642 9025
9025 814
814 9025
9025 1123
1123 9025
9025 1173
1173 9025
9025 1313
1313 9025
9025 1632
1632 9025
9025 1694
1694 9025
9025 1913
1913 9025
9025 2633
2633 9025
9025 2700
2700 9025
9025 2997
2997 9025
9025 3067
3067 9025
9025 3471
3471 9025
9025 3618
3618 9025
9025 3619
3619 9025
9025 3647
3647 9025
9025 3687
3687 9025
9025 3692
3692 9025
9025 3751
3751 9025
9025 3824
3824 9025
9025 4685
4685 9025
9025 6961
6961 9025
9025 8996
8996 9025
9025 9025
9025 9025
9025 9239
9239 9025
9025 16256
16256 9025
9025 16345
16345 9025
9025 17880
17880 9025
9025 18034
18034 9025
9025 20787
20787 9025
9025 21954
21954 9025
9025 23348
23348 9025
9025 23630
23630 9025
9025 23683
23683 9025
9025 24252
24252 9025
9025 24442
24442 9025
9030 1384
1384 9030
9057 1244
1244 9057
9057 1613
1613 9057
9057 1899
1899 9057
9057 2283
2283 9057
9057 2516
2516 9057
9057 2655
2655 9057
9057 3172
3172 9057
9057 3627
3627 9057
9057 3658
3658 9057
9057 3684
3684 9057
9057 5196
5196 9057
9057 9025
9025 9057
9057 9057
9057 9057
9057 10121
10121 9057
9057 11817
11817 9057
9057 13184
13184 9057
9057 20681
20681 9057
9057 20787
20787 9057
9057 20812
20812 9057
9057 20892
20892 9057
9057 23348
23348 9057
9057 24442
24442 9057
9136 2491
2491 9136
9177 726
726 9177
9177 2516
2516 9177
9177 2763
2763 9177
9177 3627
3627 9177
9177 3666
3666 9177
9177 3679
3679 9177
9177 3773
3773 9177
9177 3791
3791 9177
9177 3839
3839 9177
9177 6991
6991 9177
9177 9177
9177 9177
9177 10473
10473 9177
9177 14976
14976 9177
9232 3623
3623 9232
9232 9232
9232 9232
9232 18602
18602 9232
9239 519
519 9239
9239 934
934 9239
9239 1551
1551 9239
9239 2197
2197 9239
9239 2387
2387 9239
9239 3651
3651 9239
9239 3663
3663 9239
9239 3719
3719 9239
9239 3761
3761 9239
9239 3783
3783 9239
9239 3803
3803 9239
9239 3844
3844 9239
9239 3873
3873 9239
9239 3935
3935 9239
9239 7648
7648 9239
9239 8984
8984 9239
9239 9239
9239 9239
9239 11579
11579 9239
9239 11657
11657 9239
9239 11715
11715 9239
9239 12231
12231 9239
9239 12834
12834 9239
9239 14295
14295 9239
9239 20893
20893 9239
9239 23226
23226 9239
9239 24722
24722 9239
9325 9011
9011 9325
9325 9325
9325 9325
9325 15406
15406 9325
9365 2655
2655 9365
9365 3681
3681 9365
9516 213
213 9516
9553 9025
9025 9553
9724 285
285 9724
9724 6627
6627 9724
9724 9239
9239 9724
9724 9724
9724 9724
9724 24226
24226 9724
9799 9799
9799 9799
9842 2633
2633 9842
9842 3626
3626 9842
9842 3647
3647 9842
9842 4920
4920 9842
9842 5409
5409 9842
9842 9025
9025 9842
9842 11715
11715 9842
9842 14414
14414 9842
9842 16345
16345 9842
9842 18405
18405 9842
9842 18764
18764 9842
9842 20285
20285 9842
9842 20883
20883 9842
9842 24252
24252 9842
9842 24508
24508 9842
9851 8305
8305 9851
9960 9960
9960 9960
9960 11715
11715 9960
9960 14783
14783 9960
9960 16897
16897 9960
9960 19938
19938 9960
10090 8199
8199 10090
10090 10090
10090 10090
10121 3783
3783 10121
10121 10121
10121 10121
10168 3755
3755 10168
10168 3810
3810 10168
10168 10168
10168 10168
10183 630
630 10183
10183 11872
11872 10183
10183 19901
19901 10183
10253 2467
2467 10253
10253 18405
18405 10253
10292 510
510 10292
10292 642
642 10292
10292 907
907 10292
10292 1925
1925 10292
10292 1934
1934 10292
10292 2275
2275 10292
10292 2387
2387 10292
10292 2592
2592 10292
10292 2763
2763 10292
10292 3051
3051 10292
10292 3206
3206 10292
10292 3524
3524 10292
10292 3658
3658 10292
10292 3681
3681 10292
10292 3691
3691 10292
10292 3697
3697 10292
10292 3729
3729 10292
10292 3740
3740 10292
10292 3745
3745 10292
10292 3773
3773 10292
10292 3777
3777 10292
10292 3789
3789 10292
10292 3829
3829 10292
10292 3849
3849 10292
10292 3853
3853 10292
10292 3860
3860 10292
10292 3868
3868 10292
10292 3872
3872 10292
10292 3884
3884 10292
10292 6937
6937 10292
10292 6961
6961 10292
10292 8321
8321 10292
10292 8820
8820 10292
10292 8984
8984 10292
10292 9724
9724 10292
10292 10292
10292 10292
10292 11076
11076 10292
10292 11149
11149 10292
10292 11157
11157 10292
10292 11929
11929 10292
10292 12106
12106 10292
10292 12123
12123 10292
10292 13184
13184 10292
10292 14224
14224 10292
10292 14583
14583 10292
10292 14905
14905 10292
10292 14920
14920 10292
10292 17157
17157 10292
10292 18405
18405 10292
10292 18449
18449 10292
10292 18602
18602 10292
10292 19901
19901 10292
10292 20355
20355 10292
10292 22598
22598 10292
10292 24226
24226 10292
10292 24252
24252 10292
10292 24325
24325 10292
10292 24579
24579 10292
10307 12834
12834 10307
10307 15776
15776 10307
10307 18927
18927 10307
10408 10408
10408 10408
10408 14595
14595 10408
10473 3653
3653 10473
10558 11715
11715 10558
10566 804
804 10566
10566 1403
1403 10566
10566 2194
2194 10566
10566 2918
2918 10566
10566 24332
24332 10566
10811 726
726 10811
10811 1013
1013 10811
10811 1123
1123 10811
10811 1846
1846 10811
10811 2370
2370 10811
10811 3162
3162 10811
10811 3627
3627 10811
10811 3656
3656 10811
10811 3658
3658 10811
10811 3681
3681 10811
10811 3690
3690 10811
10811 3706
3706 10811
10811 3719
3719 10811
10811 3777
3777 10811
10811 3829
3829 10811
10811 3840
3840 10811
10811 3849
3849 10811
10811 3860
3860 10811
10811 3898
3898 10811
10811 3941
3941 10811
10811 9025
9025 10811
10811 10811
10811 10811
10811 11157
11157 10811
10811 11929
11929 10811
10811 18602
18602 10811
10811 19038
19038 10811
10811 19871
19871 10811
10811 20783
20783 10811
10811 23226
23226 10811
10811 23348
23348 10811
10862 776
776 10862
10862 2592
2592 10862
10862 10862
10862 10862
11045 18602
18602 11045
11076 934
934 11076
11076 1312
1312 11076
11076 2592
2592 11076
11076 11076
11076 11076
11076 14224
14224 11076
11130 4123
4123 11130
11149 11149
11149 11149
11157 510
510 11157
11157 642
642 11157
11157 1312
1312 11157
11157 3219
3219 11157
11157 3288
3288 11157
11157 3691
3691 11157
11157 3730
3730 11157
11157 4920
4920 11157
11157 6961
6961 11157
11157 8820
8820 11157
11157 9799
9799 11157
11157 10292
10292 11157
11157 11157
11157 11157
11157 11929
11929 11157
11157 20285
20285 11157
11157 20355
20355 11157
11157 22613
22613 11157
11157 24226
24226 11157
11157 24514
24514 11157
11276 253
253 11276
11313 0
0 11313
11313 1976
1976 11313
11313 3618
3618 11313
11313 3832
3832 11313
11313 11313
11313 11313
11313 12198
12198 11313
11313 12900
12900 11313
11313 13684
13684 11313
11313 14806
14806 11313
11313 21884
21884 11313
11460 11460
11460 11460
11460 13270
13270 11460
11503 7892
7892 11503
11503 12900
12900 11503
11503 17276
17276 11503
11536 1934
1934 11536
11536 2592
2592 11536
11536 3729
3729 11536
11536 3932
3932 11536
11536 3941
3941 11536
11536 7648
7648 11536
11536 10292
10292 11536
11536 11536
11536 11536
11536 11929
11929 11536
11536 18602
18602 11536
11536 23630
23630 11536
11536 24325
24325 11536
11577 130
130 11577
11577 2655
2655 11577
11577 3860
3860 11577
11577 3868
3868 11577
11577 3920
3920 11577
11577 10292
10292 11577
11577 11577
11577 11577
11577 14920
14920 11577
11579 253
253 11579
11579 934
934 11579
11579 1403
1403 11579
11579 2194
2194 11579
11579 2592
2592 11579
11579 3462
3462 11579
11579 3694
3694 11579
11579 3795
3795 11579
11579 8996
8996 11579
11579 9239
9239 11579
11579 11579
11579 11579
11657 0
0 11657
11657 1264
1264 11657
11657 1551
1551 11657
11657 2254
2254 11657
11657 2423
2423 11657
11657 3555
3555 11657
11657 3618
3618 11657
11657 3881
3881 11657
11657 6811
6811 11657
11657 9239
9239 11657
11657 11657
11657 11657
11657 18955
18955 11657
11657 24722
24722 11657
11669 17299
17299 11669
11684 213
213 11684
11684 642
642 11684
11684 814
814 11684
11684 966
966 11684
11684 2043
2043 11684
11684 2195
2195 11684
11684 3151
3151 11684
11684 3258
3258 11684
11684 3425
3425 11684
11684 3554
3554 11684
11684 3653
3653 11684
11684 3689
3689 11684
11684 3821
3821 11684
11684 6937
6937 11684
11684 6961
6961 11684
11684 11684
11684 11684
11684 12135
12135 11684
11684 14224
14224 11684
11684 18271
18271 11684
11684 18602
18602 11684
11684 24246
24246 11684
11684 24325
24325 11684
11687 23348
23348 11687
11698 1846
1846 11698
11698 3914
3914 11698
11698 11698
11698 11698
11698 16847
16847 11698
11698 19177
19177 11698
11698 19434
19434 11698
11700 1976
1976 11700
11700 3626
3626 11700
11700 14920
14920 11700
11700 16163
16163 11700
11715 156
156 11715
11715 1020
1020 11715
11715 2387
2387 11715
11715 3614
3614 11715
11715 3803
3803 11715
11715 9960
9960 11715
11715 11715
11715 11715
11715 13406
13406 11715
11715 24252
24252 11715
11725 9239
9239 11725
11725 11725
11725 11725
11727 484
484 11727
11727 1403
1403 11727
11727 2442
2442 11727
11727 10121
10121 11727
11756 2134
2134 11756
11756 3884
3884 11756
11760 8098
8098 11760
11760 11760
11760 11760
11817 3471
3471 11817
11817 3681
3681 11817
11817 3826
3826 11817
11817 8993
8993 11817
11817 11313
11313 11817
11817 11817
11817 11817
11817 13786
13786 11817
11817 17675
17675 11817
11817 20021
20021 11817
11817 23348
23348 11817
11819 1639
1639 11819
11819 3172
3172 11819
11819 3758
3758 11819
11819 3797
3797 11819
11819 3878
3878 11819
11819 11819
11819 11819
11819 20355
20355 11819
11861 3823
3823 11861
11861 19683
19683 11861
11861 20242
20242 11861
11861 20355
20355 11861
11899 814
814 11899
11899 3228
3228 11899
11899 3681
3681 11899
11929 642
642 11929
11929 3546
3546 11929
11929 3660
3660 11929
11929 4920
4920 11929
11929 11929
11929 11929
11929 12135
12135 11929
11929 21786
21786 11929
11929 24365
24365 11929
11964 11076
11076 11964
11964 11964
11964 11964
11967 4920
4920 11967
11971 3613
3613 11971
11993 1741
1741 11993
11993 11993
11993 11993
12053 1013
1013 12053
12053 3363
3363 12053
12053 3651
3651 12053
12123 155
155 12123
12123 1158
1158 12123
12123 2413
2413 12123
12123 3227
3227 12123
12123 3703
3703 12123
12123 8102
8102 12123
12123 9011
9011 12123
12123 12123
12123 12123
12123 17866
17866 12123
12123 22214
22214 12123
12123 23348
23348 12123
12135 410
410 12135
12135 510
510 12135
12135 1318
1318 12135
12135 1913
1913 12135
12135 2194
2194 12135
12135 2516
2516 12135
12135 3151
3151 12135
12135 3206
3206 12135
12135 3228
3228 12135
12135 3468
3468 12135
12135 3471
3471 12135
12135 3608
3608 12135
12135 3611
3611 12135
12135 3627
3627 12135
12135 3648
3648 12135
12135 3668
3668 12135
12135 3690
3690 12135
12135 3691
3691 12135
12135 3708
3708 12135
12135 3710
3710 12135
12135 3738
3738 12135
12135 3740
3740 12135
12135 3745
3745 12135
12135 3773
3773 12135
12135 3898
3898 12135
12135 3948
3948 12135
12135 5232
5232 12135
12135 6961
6961 12135
12135 9799
9799 12135
12135 10292
10292 12135
12135 11157
11157 12135
12135 11579
11579 12135
12135 11929
11929 12135
12135 18602
18602 12135
12135 24562
24562 12135
12190 3578
3578 12190
12198 3783
3783 12198
12198 12198
12198 12198
12198 13684
13684 12198
12198 16859
16859 12198
12198 17880
17880 12198
12209 24180
24180 12209
12231 12231
12231 12231
12358 5544
5544 12358
12358 23782
23782 12358
12365 3886
3886 12365
12369 12369
12369 12369
12375 3618
3618 12375
12528 3130
3130 12528
12528 3172
3172 12528
12528 20355
20355 12528
12528 21209
21209 12528
12539 3622
3622 12539
12539 11460
11460 12539
12539 21954
21954 12539
12560 18271
18271 12560
12564 14736
14736 12564
12564 18169
18169 12564
12564 20028
20028 12564
12634 8993
8993 12634
12634 12634
12634 12634
12774 3762
3762 12774
12774 3831
3831 12774
12774 13786
13786 12774
12834 9239
9239 12834
12834 10307
10307 12834
12834 12900
12900 12834
12870 3619
3619 12870
12870 3714
3714 12870
12870 5345
5345 12870
12870 12870
12870 12870
12870 22513
22513 12870
12874 287
287 12874
12874 642
642 12874
12874 2416
2416 12874
12874 9025
9025 12874
12874 9177
9177 12874
12874 19434
19434 12874
12874 24442
24442 12874
12898 800
800 12898
12898 3665
3665 12898
12900 213
213 12900
12900 2194
2194 12900
12900 3051
3051 12900
12900 3228
3228 12900
12900 3554
3554 12900
12900 3618
3618 12900
12900 3864
3864 12900
12900 3868
3868 12900
12900 3940
3940 12900
12900 12834
12834 12900
12900 12900
12900 12900
12900 13232
13232 12900
12900 15450
15450 12900
12900 16859
16859 12900
12900 24699
24699 12900
13003 205
205 13003
13003 642
642 13003
13003 2425
2425 13003
13003 3471
3471 13003
13003 3506
3506 13003
13003 3554
3554 13003
13003 3564
3564 13003
13003 3827
3827 13003
13003 4370
4370 13003
13003 15450
15450 13003
13003 16608
16608 13003
13003 16847
16847 13003
13003 18438
18438 13003
13003 19087
19087 13003
13027 1384
1384 13027
13027 2134
2134 13027
13027 2167
2167 13027
13027 3656
3656 13027
13027 3763
3763 13027
13027 3880
3880 13027
13027 3883
3883 13027
13027 15814
15814 13027
13027 18271
18271 13027
13027 18602
18602 13027
13027 18689
18689 13027
13027 19051
19051 13027
13027 20883
20883 13027
13027 22882
22882 13027
13059 20355
20355 13059
13066 3848
3848 13066
13066 6095
6095 13066
13066 13066
13066 13066
13066 17675
17675 13066
13118 13118
13118 13118
13155 3091
3091 13155
13155 3623
3623 13155
13155 3653
3653 13155
13155 3692
3692 13155
13155 3764
3764 13155
13155 3770
3770 13155
13155 3824
3824 13155
13155 13155
13155 13155
13155 19871
19871 13155
13181 2516
2516 13181
13181 3868
3868 13181
13181 13181
13181 13181
13184 9057
9057 13184
13184 13184
13184 13184
13191 12900
12900 13191
13196 2025
2025 13196
13196 3139
3139 13196
13196 3597
3597 13196
13196 3742
3742 13196
13196 3844
3844 13196
13196 3871
3871 13196
13196 13196
13196 13196
13196 13518
13518 13196
13196 14295
14295 13196
13196 18602
18602 13196
13203 1018
1018 13203
13203 13203
13203 13203
13203 14224
14224 13203
13232 533
533 13232
13232 1658
1658 13232
13232 1865
1865 13232
13232 1976
1976 13232
13232 3293
3293 13232
13232 3618
3618 13232
13232 3866
3866 13232
13232 3899
3899 13232
13232 7648
7648 13232
13232 13232
13232 13232
13232 16591
16591 13232
13232 17055
17055 13232
13232 19038
19038 13232
13232 19446
19446 13232
13232 22513
22513 13232
13232 23039
23039 13232
13232 24269
24269 13232
13232 24460
24460 13232
13232 24570
24570 13232
13270 642
642 13270
13270 1613
1613 13270
13270 3678
3678 13270
13270 13270
13270 13270
13270 17675
17675 13270
13270 19087
19087 13270
13343 20787
20787 13343
13379 40
40 13379
13379 2978
2978 13379
13406 438
438 13406
13406 12123
12123 13406
13406 13406
13406 13406
13466 17306
17306 13466
13466 18969
18969 13466
13483 12572
12572 13483
13485 2831
2831 13485
13485 13485
13485 13485
13485 19901
19901 13485
13489 3681
3681 13489
13489 13489
13489 13489
13489 20021
20021 13489
13518 3844
3844 13518
13518 13518
13518 13518
13518 21800
21800 13518
13552 24445
24445 13552
13652 2569
2569 13652
13684 349
349 13684
13684 533
533 13684
13684 902
902 13684
13684 934
934 13684
13684 1740
1740 13684
13684 1976
1976 13684
13684 2194
2194 13684
13684 3122
3122 13684
13684 3228
3228 13684
13684 3292
3292 13684
13684 3415
3415 13684
13684 3494
3494 13684
13684 3618
3618 13684
13684 3681
3681 13684
13684 3761
3761 13684
13684 3769
3769 13684
13684 3841
3841 13684
13684 3915
3915 13684
13684 3919
3919 13684
13684 3925
3925 13684
13684 3944
3944 13684
13684 6806
6806 13684
13684 7892
7892 13684
13684 11313
11313 13684
13684 11657
11657 13684
13684 13684
13684 13684
13684 13786
13786 13684
13684 15181
15181 13684
13684 16859
16859 13684
13684 17880
17880 13684
13684 23039
23039 13684
13684 24640
24640 13684
13694 11579
11579 13694
13756 13756
13756 13756
13786 830
830 13786
13786 1842
1842 13786
13786 2053
2053 13786
13786 2413
2413 13786
13786 2425
2425 13786
13786 2578
2578 13786
13786 3462
3462 13786
13786 3627
3627 13786
13786 3651
3651 13786
13786 3656
3656 13786
13786 3668
3668 13786
13786 3671
3671 13786
13786 3679
3679 13786
13786 3690
3690 13786
13786 3695
3695 13786
13786 3702
3702 13786
13786 3762
3762 13786
13786 3783
3783 13786
13786 3827
3827 13786
13786 8321
8321 13786
13786 10292
10292 13786
13786 11929
11929 13786
13786 13786
13786 13786
13786 15688
15688 13786
13786 17276
17276 13786
13786 23226
23226 13786
13786 23348
23348 13786
13786 23581
23581 13786
13786 23956
23956 13786
13786 24442
24442 13786
13786 24451
24451 13786
13796 1018
1018 13796
13796 1842
1842 13796
13796 3608
3608 13796
13796 3610
3610 13796
13796 3663
3663 13796
13796 8996
8996 13796
13796 13796
13796 13796
13796 17843
17843 13796
13796 20594
20594 13796
13845 1064
1064 13845
13845 22513
22513 13845
13969 993
993 13969
13969 1507
1507 13969
13969 2499
2499 13969
13969 3172
3172 13969
13969 3471
3471 13969
13969 3613
3613 13969
13969 8305
8305 13969
13969 15542
15542 13969
13969 19554
19554 13969
14010 3554
3554 14010
14010 3943
3943 14010
14054 814
814 14054
14054 934
934 14054
14054 8436
8436 14054
14054 14054
14054 14054
14054 20705
20705 14054
14147 3639
3639 14147
14211 814
814 14211
14211 1318
1318 14211
14211 1424
1424 14211
14211 2497
2497 14211
14211 11698
11698 14211
14211 18438
18438 14211
14211 19051
19051 14211
14211 21954
21954 14211
14211 24702
24702 14211
14221 14221
14221 14221
14224 1740
1740 14224
14224 11076
11076 14224
14224 11684
11684 14224
14224 11929
11929 14224
14224 13203
13203 14224
14224 14224
14224 14224
14224 15229
15229 14224
14224 23320
23320 14224
14232 608
608 14232
14232 642
642 14232
14232 3123
3123 14232
14232 3206
3206 14232
14232 3219
3219 14232
14232 3564
3564 14232
14232 3851
3851 14232
14232 14232
14232 14232
14232 18449
18449 14232
14232 23956
23956 14232
14295 3618
3618 14295
14295 3881
3881 14295
14295 6557
6557 14295
14295 9239
9239 14295
14295 14295
14295 14295
14295 21240
21240 14295
14333 2318
2318 14333
14333 3801
3801 14333
14361 3652
3652 14361
14361 3956
3956 14361
14361 24018
24018 14361
14387 1784
1784 14387
14387 3564
3564 14387
14387 3679
3679 14387
14387 3824
3824 14387
14387 14387
14387 14387
14387 15181
15181 14387
14424 3903
3903 14424
14469 7291
7291 14469
14469 14469
14469 14469
14469 24451
24451 14469
14496 2997
2997 14496
14500 3667
3667 14500
14500 23348
23348 14500
14507 7554
7554 14507
14595 519
519 14595
14595 7291
7291 14595
14595 10408
10408 14595
14713 14713
14713 14713
14736 12564
12564 14736
14783 9960
9960 14783
14783 14783
14783 14783
14805 1430
1430 14805
14805 2167
2167 14805
14805 2643
2643 14805
14805 3049
3049 14805
14805 3171
3171 14805
14805 3228
3228 14805
14805 3842
3842 14805
14805 3940
3940 14805
14805 9057
9057 14805
14805 12900
12900 14805
14805 13184
13184 14805
14805 14805
14805 14805
14806 766
766 14806
14806 946
946 14806
14806 3618
3618 14806
14806 3806
3806 14806
14806 3832
3832 14806
14806 3925
3925 14806
14806 5544
5544 14806
14806 11669
11669 14806
14806 13489
13489 14806
14806 14806
14806 14806
14806 17299
17299 14806
14835 1676
1676 14835
14835 7795
7795 14835
14888 14888
14888 14888
14920 642
642 14920
14920 1913
1913 14920
14920 2413
2413 14920
14920 2499
2499 14920
14920 3575
3575 14920
14920 3626
3626 14920
14920 3627
3627 14920
14920 3644
3644 14920
14920 3695
3695 14920
14920 3735
3735 14920
14920 3776
3776 14920
14920 3839
3839 14920
14920 3868
3868 14920
14920 8820
8820 14920
14920 9011
9011 14920
14920 11687
11687 14920
14920 12123
12123 14920
14920 13489
13489 14920
14920 14387
14387 14920
14920 14806
14806 14920
14920 14920
14920 14920
14920 16340
16340 14920
14920 16345
16345 14920
14920 18034
18034 14920
14920 18063
18063 14920
14920 20028
20028 14920
14920 20904
20904 14920
14920 21878
21878 14920
14920 22214
22214 14920
14920 22598
22598 14920
14920 23213
23213 14920
14920 23348
23348 14920
14920 23630
23630 14920
14920 24695
24695 14920
14927 3789
3789 14927
14969 3934
3934 14969
14976 3667
3667 14976
14976 14976
14976 14976
14976 24445
24445 14976
15116 5544
5544 15116
15116 11657
11657 15116
15116 12870
12870 15116
15116 24722
24722 15116
15181 15181
15181 15181
15187 4370
4370 15187
15196 6095
6095 15196
15196 21954
21954 15196
15196 24451
24451 15196
15229 934
934 15229
15229 1842
1842 15229
15229 11725
11725 15229
15229 14224
14224 15229
15229 15229
15229 15229
15229 17081
17081 15229
15229 20889
20889 15229
15229 22341
22341 15229
15277 7291
7291 15277
15282 642
642 15282
15282 2110
2110 15282
15282 2442
2442 15282
15282 2763
2763 15282
15282 3839
3839 15282
15282 15282
15282 15282
15282 18034
18034 15282
15282 24226
24226 15282
15282 24282
24282 15282
15324 3471
3471 15324
15345 2053
2053 15345
15345 2387
2387 15345
15391 15391
15391 15391
15404 19896
19896 15404
15410 13726
13726 15410
15410 20517
20517 15410
15414 3175
3175 15414
15414 15414
15414 15414
15437 2425
2425 15437
15447 2592
2592 15447
15447 3941
3941 15447
15447 13489
13489 15447
15447 14806
14806 15447
15447 15447
15447 15447
15447 18602
18602 15447
15447 24695
24695 15447
15450 213
213 15450
15450 287
287 15450
15450 438
438 15450
15450 1658
1658 15450
15450 1718
1718 15450
15450 2194
2194 15450
15450 2467
2467 15450
15450 3564
3564 15450
15450 3618
3618 15450
15450 3817
3817 15450
15450 3827
3827 15450
15450 3841
3841 15450
15450 3906
3906 15450
15450 5329
5329 15450
15450 6961
6961 15450
15450 9057
9057 15450
15450 15450
15450 15450
15450 17576
17576 15450
15450 18917
18917 15450
15450 19577
19577 15450
15450 21240
21240 15450
15450 23630
23630 15450
15570 4920
4920 15570
15594 642
642 15594
15688 934
934 15688
15688 1105
1105 15688
15688 12900
12900 15688
15688 13786
13786 15688
15688 14224
14224 15688
15688 15688
15688 15688
15688 19446
19446 15688
15688 19883
19883 15688
15688 20429
20429 15688
15698 2129
2129 15698
15698 3832
3832 15698
15698 17299
17299 15698
15814 6874
6874 15814
16018 13786
13786 16018
16018 16018
16018 16018
16018 23630
23630 16018
16047 2655
2655 16047
16047 16047
16047 16047
16047 20355
20355 16047
16067 16067
16067 16067
16067 19105
19105 16067
16067 19446
19446 16067
16163 18424
18424 16163
16163 20028
20028 16163
16186 800
800 16186
16186 1384
1384 16186
16186 2497
2497 16186
16186 16340
16340 16186
16213 213
213 16213
16213 465
465 16213
16256 567
567 16256
16256 23348
23348 16256
16268 3523
3523 16268
16300 13726
13726 16300
16340 14920
14920 16340
16340 16340
16340 16340
16345 16345
16345 16345
16420 1520
1520 16420
16548 18955
18955 16548
16581 510
510 16581
16581 2467
2467 16581
16581 3627
3627 16581
16581 11157
11157 16581
16591 5544
5544 16591
16608 205
205 16608
16608 23535
23535 16608
16775 16775
16775 16775
16847 2831
2831 16847
16847 11698
11698 16847
16847 16847
16847 16847
16847 17675
17675 16847
16859 0
0 16859
16859 349
349 16859
16859 766
766 16859
16859 934
934 16859
16859 1270
1270 16859
16859 1551
1551 16859
16859 2918
2918 16859
16859 3372
3372 16859
16859 3618
3618 16859
16859 3721
3721 16859
16859 3775
3775 16859
16859 3806
3806 16859
16859 3811
3811 16859
16859 3846
3846 16859
16859 3850
3850 16859
16859 6557
6557 16859
16859 6806
6806 16859
16859 7892
7892 16859
16859 11313
11313 16859
16859 12198
12198 16859
16859 13518
13518 16859
16859 13684
13684 16859
16859 14295
14295 16859
16859 16859
16859 16859
16859 17055
17055 16859
16859 17880
17880 16859
16859 24460
24460 16859
16859 24570
24570 16859
16863 726
726 16863
16863 1430
1430 16863
16863 16863
16863 16863
16863 19901
19901 16863
16892 5329
5329 16892
16892 22513
22513 16892
16892 23782
23782 16892
16892 24722
24722 16892
16897 156
156 16897
16897 510
510 16897
16897 934
934 16897
16897 2387
2387 16897
16897 3651
3651 16897
16897 6961
6961 16897
16897 8984
8984 16897
16897 9239
9239 16897
16897 9960
9960 16897
16897 11715
11715 16897
16897 16897
16897 16897
16897 18449
18449 16897
16897 19871
19871 16897
16897 19938
19938 16897
16897 24226
24226 16897
16897 24252
24252 16897
17050 17050
17050 17050
17050 20355
20355 17050
17057 13099
13099 17057
17058 4920
4920 17058
17066 3663
3663 17066
17071 3727
3727 17071
17071 17071
17071 17071
17081 115
115 17081
17097 2425
2425 17097
17157 1493
1493 17157
17157 2633
2633 17157
17157 3751
3751 17157
17157 17157
17157 17157
17157 19901
19901 17157
17157 23630
23630 17157
17157 24695
24695 17157
17299 3081
3081 17299
17299 3516
3516 17299
17299 11669
11669 17299
17299 11715
11715 17299
17299 17299
17299 17299
17300 3832
3832 17300
17300 3835
3835 17300
17300 24722
24722 17300
17306 3754
3754 17306
17306 13466
13466 17306
17310 6845
6845 17310
17312 22708
22708 17312
17338 10856
10856 17338
17338 14976
14976 17338
17338 18034
18034 17338
17339 18602
18602 17339
17475 726
726 17475
17576 3763
3763 17576
17576 3769
3769 17576
17576 3841
3841 17576
17576 13196
13196 17576
17576 17576
17576 17576
17576 17732
17732 17576
17675 1846
1846 17675
17675 1913
1913 17675
17675 2413
2413 17675
17675 2633
2633 17675
17675 3626
3626 17675
17675 3681
3681 17675
17675 3716
3716 17675
17675 3721
3721 17675
17675 3740
3740 17675
17675 3833
3833 17675
17675 3868
3868 17675
17675 3900
3900 17675
17675 8995
8995 17675
17675 8996
8996 17675
17675 9025
9025 17675
17675 9057
9057 17675
17675 11460
11460 17675
17675 12528
12528 17675
17675 13003
13003 17675
17675 16047
16047 17675
17675 16847
16847 17675
17675 17675
17675 17675
17675 23407
23407 17675
17706 574
574 17706
17706 3777
3777 17706
17732 3841
3841 17732
17732 10473
10473 17732
17732 18034
18034 17732
17749 24722
24722 17749
17830 8305
8305 17830
17830 12365
12365 17830
17843 1013
1013 17843
17843 2053
2053 17843
17843 3779
3779 17843
17843 5284
5284 17843
17843 13796
13796 17843
17843 17843
17843 17843
17866 12123
12123 17866
17866 12369
12369 17866
17866 13489
13489 17866
17866 17866
17866 17866
17880 9011
9011 17880
17880 15688
15688 17880
17880 16859
16859 17880
17880 17843
17843 17880
17880 17880
17880 17880
17950 2763
2763 17950
17950 3773
3773 17950
17950 5232
5232 17950
18034 1913
1913 18034
18034 2862
2862 18034
18034 3335
3335 18034
18034 3536
3536 18034
18034 3554
3554 18034
18034 3567
3567 18034
18034 3624
3624 18034
18034 3658
3658 18034
18034 3777
3777 18034
18034 11929
11929 18034
18034 13232
13232 18034
18034 13786
13786 18034
18034 18034
18034 18034
18034 18602
18602 18034
18034 20783
20783 18034
18034 21899
21899 18034
18034 24252
24252 18034
18034 24365
24365 18034
18056 8305
8305 18056
18056 8995
8995 18056
18056 19446
19446 18056
18056 21954
21954 18056
18063 3527
3527 18063
18138 3684
3684 18138
18138 4920
4920 18138
18138 18138
18138 18138
18169 1694
1694 18169
18169 1913
1913 18169
18169 2361
2361 18169
18169 2655
2655 18169
18169 2713
2713 18169
18169 3692
3692 18169
18169 3941
3941 18169
18169 12564
12564 18169
18169 13363
13363 18169
18169 14888
14888 18169
18169 16256
16256 18169
18169 17675
17675 18169
18169 17880
17880 18169
18169 18169
18169 18169
18169 19901
19901 18169
18169 23348
23348 18169
18169 23535
23535 18169
18169 23630
23630 18169
18169 24640
24640 18169
18231 3219
3219 18231
18231 16345
16345 18231
18271 1833
1833 18271
18271 3847
3847 18271
18271 18271
18271 18271
18271 20812
20812 18271
18323 929
929 18323
18323 1859
1859 18323
18401 2370
2370 18401
18401 3652
3652 18401
18401 10811
10811 18401
18401 18401
18401 18401
18401 23348
23348 18401
18401 24033
24033 18401
18402 3486
3486 18402
18405 18405
18405 18405
18407 1424
1424 18407
18424 1105
1105 18424
18424 2592
2592 18424
18424 18424
18424 18424
18424 20242
20242 18424
18426 18426
18426 18426
18438 3471
3471 18438
18438 3826
3826 18438
18438 9025
9025 18438
18438 18438
18438 18438
18440 18440
18440 18440
18449 2516
2516 18449
18449 3608
3608 18449
18449 3710
3710 18449
18449 18449
18449 18449
18472 574
574 18472
18568 2491
2491 18568
18568 3698
3698 18568
18574 3162
3162 18574
18574 3684
3684 18574
18574 18574
18574 18574
18574 20817
20817 18574
18574 22598
22598 18574
18574 23226
23226 18574
18574 24365
24365 18574
18602 1116
1116 18602
18602 1721
1721 18602
18602 1951
1951 18602
18602 3113
3113 18602
18602 3130
3130 18602
18602 3706
3706 18602
18602 3729
3729 18602
18602 3849
3849 18602
18602 3853
3853 18602
18602 3860
3860 18602
18602 3919
3919 18602
18602 6961
6961 18602
18602 9232
9232 18602
18602 10292
10292 18602
18602 11684
11684 18602
18602 12135
12135 18602
18602 12898
12898 18602
18602 14920
14920 18602
18602 15447
15447 18602
18602 17830
17830 18602
18602 18034
18034 18602
18602 18602
18602 18602
18602 19901
19901 18602
18604 3786
3786 18604
18619 285
285 18619
18619 1013
1013 18619
18619 1976
1976 18619
18619 2361
2361 18619
18619 2467
2467 18619
18619 3452
3452 18619
18619 3621
3621 18619
18619 3715
3715 18619
18619 3723
3723 18619
18619 3824
3824 18619
18619 3869
3869 18619
18619 3870
3870 18619
18619 3873
3873 18619
18619 6937
6937 18619
18619 6961
6961 18619
18619 7554
7554 18619
18619 13155
13155 18619
18619 14805
14805 18619
18619 18619
18619 18619
18619 18919
18919 18619
18619 21786
21786 18619
18619 22559
22559 18619
18619 23213
23213 18619
18619 24288
24288 18619
18619 24413
24413 18619
18689 252
252 18689
18689 642
642 18689
18689 1833
1833 18689
18689 2750
2750 18689
18689 3123
3123 18689
18689 3292
3292 18689
18689 3506
3506 18689
18689 3658
3658 18689
18689 3753
3753 18689
18689 3798
3798 18689
18689 3827
3827 18689
18689 3841
3841 18689
18689 3880
3880 18689
18689 3940
3940 18689
18689 16340
16340 18689
18689 18169
18169 18689
18689 18689
18689 18689
18689 20762
20762 18689
18689 24033
24033 18689
18754 22598
22598 18754
18764 386
386 18764
18764 3564
3564 18764
18764 3626
3626 18764
18764 18764
18764 18764
18855 19554
19554 18855
18917 2025
2025 18917
18917 3810
3810 18917
18917 18917
18917 18917
18919 13726
13726 18919
18919 22214
22214 18919
18931 18931
18931 18931
18940 13684
13684 18940
18940 24312
24312 18940
18969 2197
2197 18969
18969 18969
18969 18969
19023 15332
15332 19023
19038 1105
1105 19038
19038 1846
1846 19038
19038 3618
3618 19038
19038 19038
19038 19038
19051 19051
19051 19051
19059 2467
2467 19059
19059 3644
3644 19059
19059 3776
3776 19059
19059 13485
13485 19059
19059 19059
19059 19059
19087 2425
2425 19087
19087 2499
2499 19087
19087 3626
3626 19087
19087 11577
11577 19087
19087 11704
11704 19087
19087 23348
23348 19087
19105 1384
1384 19105
19105 3671
3671 19105
19105 16067
16067 19105
19105 19105
19105 19105
19105 19446
19446 19105
19143 22598
22598 19143
19149 124
124 19149
19149 285
285 19149
19149 642
642 19149
19149 2134
2134 19149
19149 2467
2467 19149
19149 2592
2592 19149
19149 2763
2763 19149
19149 3608
3608 19149
19149 3666
3666 19149
19149 3681
3681 19149
19149 3685
3685 19149
19149 3695
3695 19149
19149 13489
13489 19149
19149 17922
17922 19149
19149 19149
19149 19149
19149 21899
21899 19149
19149 22598
22598 19149
19149 23348
23348 19149
19149 24325
24325 19149
19172 3618
3618 19172
19177 11698
11698 19177
19177 19177
19177 19177
19301 6806
6806 19301
19383 410
410 19383
19383 14976
14976 19383
19421 1123
1123 19421
19424 2621
2621 19424
19424 2655
2655 19424
19424 3744
3744 19424
19424 19424
19424 19424
19424 20355
20355 19424
19434 2195
2195 19434
19434 19434
19434 19434
19434 22276
22276 19434
19437 2100
2100 19437
19438 19438
19438 19438
19445 3906
3906 19445
19446 606
606 19446
19446 3864
3864 19446
19446 7892
7892 19446
19446 13232
13232 19446
19446 15688
15688 19446
19446 16067
16067 19446
19446 19105
19105 19446
19446 19446
19446 19446
19446 19883
19883 19446
19446 23348
23348 19446
19454 1976
1976 19454
19454 3335
3335 19454
19454 3940
3940 19454
19554 2997
2997 19554
19554 3051
3051 19554
19554 3172
3172 19554
19554 3941
3941 19554
19554 8305
8305 19554
19577 2425
2425 19577
19683 3714
3714 19683
19683 19683
19683 19683
19683 21954
21954 19683
19685 630
630 19685
19685 2467
2467 19685
19685 3200
3200 19685
19685 3206
3206 19685
19685 5178
5178 19685
19685 12167
12167 19685
19685 19901
19901 19685
19730 1507
1507 19730
19730 3049
3049 19730
19730 3827
3827 19730
19730 3888
3888 19730
19730 19730
19730 19730
19730 20893
20893 19730
19730 24640
24640 19730
19742 7785
7785 19742
19870 3929
3929 19870
19870 12870
12870 19870
19870 19870
19870 19870
19871 3363
3363 19871
19871 19871
19871 19871
19871 24326
24326 19871
19879 3826
3826 19879
19883 15688
15688 19883
19890 2763
2763 19890
19894 2633
2633 19894
19894 3460
3460 19894
19894 3824
3824 19894
19894 3917
3917 19894
19894 19894
19894 19894
19894 19901
19901 19894
19896 3851
3851 19896
19896 3856
3856 19896
19896 19896
19896 19896
19901 608
608 19901
19901 610
610 19901
19901 1679
1679 19901
19901 2516
2516 19901
19901 3172
3172 19901
19901 3228
3228 19901
19901 3575
3575 19901
19901 3654
3654 19901
19901 3702
3702 19901
19901 3769
3769 19901
19901 3777
3777 19901
19901 3829
3829 19901
19901 3851
3851 19901
19901 3853
3853 19901
19901 3861
3861 19901
19901 3885
3885 19901
19901 3917
3917 19901
19901 3927
3927 19901
19901 4920
4920 19901
19901 5178
5178 19901
19901 6095
6095 19901
19901 6937
6937 19901
19901 8321
8321 19901
19901 10183
10183 19901
19901 13485
13485 19901
19901 15450
15450 19901
19901 16863
16863 19901
19901 17157
17157 19901
19901 18602
18602 19901
19901 19149
19149 19901
19901 19685
19685 19901
19901 19901
19901 19901
19901 20817
20817 19901
19901 21107
21107 19901
19901 22209
22209 19901
19901 23226
23226 19901
19901 23630
23630 19901
19901 24413
24413 19901
19938 3143
3143 19938
19938 3906
3906 19938
19938 6961
6961 19938
19938 9960
9960 19938
19938 11715
11715 19938
19938 19938
19938 19938
19958 11936
11936 19958
20021 4920
4920 20021
20021 20021
20021 20021
20028 20028
20028 20028
20028 23348
23348 20028
20038 2516
2516 20038
20038 2661
2661 20038
20058 3415
3415 20058
20058 3726
3726 20058
20058 11725
11725 20058
20058 14010
14010 20058
20058 14387
14387 20058
20061 22513
22513 20061
20087 3647
3647 20087
20242 213
213 20242
20242 3642
3642 20242
20242 3823
3823 20242
20242 5345
5345 20242
20242 20242
20242 20242
20242 21884
21884 20242
20285 348
348 20285
20285 1639
1639 20285
20285 2763
2763 20285
20285 3626
3626 20285
20285 3681
3681 20285
20285 14054
14054 20285
20285 18440
18440 20285
20285 20285
20285 20285
20292 1013
1013 20292
20355 642
642 20355
20355 1493
1493 20355
20355 1639
1639 20355
20355 2497
2497 20355
20355 3072
3072 20355
20355 3172
3172 20355
20355 3613
3613 20355
20355 3626
3626 20355
20355 3681
3681 20355
20355 3877
3877 20355
20355 3878
3878 20355
20355 3917
3917 20355
20355 3941
3941 20355
20355 11684
11684 20355
20355 11698
11698 20355
20355 12528
12528 20355
20355 13059
13059 20355
20355 13099
13099 20355
20355 14224
14224 20355
20355 16047
16047 20355
20355 17050
17050 20355
20355 19434
19434 20355
20355 20355
20355 20355
20355 20726
20726 20355
20355 20889
20889 20355
20387 1313
1313 20387
20387 3228
3228 20387
20387 3471
3471 20387
20387 3618
3618 20387
20387 8995
8995 20387
20387 9025
9025 20387
20435 2918
2918 20435
20435 3663
3663 20435
20512 993
993 20512
20512 3206
3206 20512
20512 3826
3826 20512
20512 20512
20512 20512
20517 3919
3919 20517
20517 13181
13181 20517
20594 13796
13796 20594
20594 20594
20594 20594
20638 3206
3206 20638
20638 3705
3705 20638
20681 13184
13184 20681
20681 20681
20681 20681
20705 14054
14054 20705
20705 20705
20705 20705
20762 9113
9113 20762
20762 18689
18689 20762
20778 804
804 20778
20783 10811
10811 20783
20787 9057
9057 20787
20787 19896
19896 20787
20812 9
9 20812
20812 2467
2467 20812
20812 3679
3679 20812
20812 3932
3932 20812
20812 8996
8996 20812
20812 12123
12123 20812
20812 14147
14147 20812
20812 14387
14387 20812
20812 21786
21786 20812
20812 24033
24033 20812
20817 804
804 20817
20817 3684
3684 20817
20817 3776
3776 20817
20817 3886
3886 20817
20817 4920
4920 20817
20817 19901
19901 20817
20817 20817
20817 20817
20883 20292
20292 20883
20883 22882
22882 20883
20889 1780
1780 20889
20889 1846
1846 20889
20889 15229
15229 20889
20889 20355
20355 20889
20889 20889
20889 20889
20892 15450
15450 20892
20892 20892
20892 20892
20892 23348
23348 20892
20893 2997
2997 20893
20893 9239
9239 20893
20893 20893
20893 20893
20897 3564
3564 20897
20897 3714
3714 20897
20897 20897
20897 20897
20904 287
287 20904
20904 1430
1430 20904
20904 2700
2700 20904
20904 3579
3579 20904
20904 3884
3884 20904
20904 20904
20904 20904
21058 285
285 21058
21058 1116
1116 21058
21058 1251
1251 21058
21058 2499
2499 21058
21058 3143
3143 21058
21058 3726
3726 21058
21058 4407
4407 21058
21058 15814
15814 21058
21058 23226
23226 21058
21079 3139
3139 21079
21079 3671
3671 21079
21079 10408
10408 21079
21079 24722
24722 21079
21107 19901
19901 21107
21177 11899
11899 21177
21177 12123
12123 21177
21192 10566
10566 21192
21209 21209
21209 21209
21213 0
0 21213
21213 13184
13184 21213
21233 3777
3777 21233
21233 21233
21233 21233
21233 23348
23348 21233
21240 902
902 21240
21240 1018
1018 21240
21240 1740
1740 21240
21240 2194
2194 21240
21240 3372
3372 21240
21240 3618
3618 21240
21240 3667
3667 21240
21240 3681
3681 21240
21240 3734
3734 21240
21240 3806
3806 21240
21240 3844
3844 21240
21240 9239
9239 21240
21240 13196
13196 21240
21240 13684
13684 21240
21240 14295
14295 21240
21240 14920
14920 21240
21240 16847
16847 21240
21240 16859
16859 21240
21240 21240
21240 21240
21240 24294
24294 21240
21240 24722
24722 21240
21337 21337
21337 21337
21356 1018
1018 21356
21356 1430
1430 21356
21356 3887
3887 21356
21356 8820
8820 21356
21356 21356
21356 21356
21356 22598
22598 21356
21356 24514
24514 21356
21402 3913
3913 21402
21402 4920
4920 21402
21699 1913
1913 21699
21699 1993
1993 21699
21699 2158
2158 21699
21699 2413
2413 21699
21699 3051
3051 21699
21699 3162
3162 21699
21699 3228
3228 21699
21699 3452
3452 21699
21699 3471
3471 21699
21699 3496
3496 21699
21699 3554
3554 21699
21699 3610
3610 21699
21699 3617
3617 21699
21699 3618
3618 21699
21699 3627
3627 21699
21699 3681
3681 21699
21699 3716
3716 21699
21699 3761
3761 21699
21699 3763
3763 21699
21699 3766
3766 21699
21699 3770
3770 21699
21699 3773
3773 21699
21699 3776
3776 21699
21699 3783
3783 21699
21699 3793
3793 21699
21699 3816
3816 21699
21699 3821
3821 21699
21699 3824
3824 21699
21699 3826
3826 21699
21699 3830
3830 21699
21699 3833
3833 21699
21699 3842
3842 21699
21699 3850
3850 21699
21699 3940
3940 21699
21699 3941
3941 21699
21699 3944
3944 21699
21699 11698
11698 21699
21699 12123
12123 21699
21699 20355
20355 21699
21699 21337
21337 21699
21699 22214
22214 21699
21699 22276
22276 21699
21699 22708
22708 21699
21699 23226
23226 21699
21699 23535
23535 21699
21699 23630
23630 21699
21786 21
21 21786
21786 3679
3679 21786
21786 11929
11929 21786
21786 20812
20812 21786
21786 21786
21786 21786
21800 0
0 21800
21800 606
606 21800
21800 9239
9239 21800
21800 13518
13518 21800
21800 21800
21800 21800
21800 24722
24722 21800
21813 3372
3372 21813
21813 3627
3627 21813
21858 22598
22598 21858
21872 3195
3195 21872
21872 11760
11760 21872
21876 3691
3691 21876
21878 410
410 21878
21878 1318
1318 21878
21878 3363
3363 21878
21878 3545
3545 21878
21878 21878
21878 21878
21884 11313
11313 21884
21884 20242
20242 21884
21898 7648
7648 21898
21899 3200
3200 21899
21899 3748
3748 21899
21899 3751
3751 21899
21899 3753
3753 21899
21899 3812
3812 21899
21899 3941
3941 21899
21899 4920
4920 21899
21899 13489
13489 21899
21899 15570
15570 21899
21899 16018
16018 21899
21899 18405
18405 21899
21899 19059
19059 21899
21899 21899
21899 21899
21899 23630
23630 21899
21913 934
934 21913
21913 4406
4406 21913
21913 6095
6095 21913
21954 814
814 21954
21954 3524
3524 21954
21954 3652
3652 21954
21954 3753
3753 21954
21954 3902
3902 21954
21954 9025
9025 21954
21954 11698
11698 21954
21954 13270
13270 21954
21954 14387
14387 21954
21954 18405
18405 21954
21954 21954
21954 21954
22092 3615
3615 22092
22134 15688
15688 22134
22208 8993
8993 22208
22209 1951
1951 22209
22209 3545
3545 22209
22209 3664
3664 22209
22209 3668
3668 22209
22209 3712
3712 22209
22209 18931
18931 22209
22209 22209
22209 22209
22209 24029
24029 22209
22209 24326
24326 22209
22214 410
410 22214
22214 2569
2569 22214
22214 2622
2622 22214
22214 10473
10473 22214
22214 12123
12123 22214
22214 22214
22214 22214
22214 24531
24531 22214
22217 9365
9365 22217
22227 3667
3667 22227
22227 18602
18602 22227
22227 23348
23348 22227
22276 642
642 22276
22276 2110
2110 22276
22276 3038
3038 22276
22276 3575
3575 22276
22276 11698
11698 22276
22276 19434
19434 22276
22341 130
130 22341
22341 934
934 22341
22341 20242
20242 22341
22341 22341
22341 22341
22412 253
253 22412
22412 24695
24695 22412
22513 2633
2633 22513
22513 3151
3151 22513
22513 3292
3292 22513
22513 3619
3619 22513
22513 3642
3642 22513
22513 3876
3876 22513
22513 3925
3925 22513
22513 6811
6811 22513
22513 13232
13232 22513
22513 13845
13845 22513
22513 16892
16892 22513
22513 18437
18437 22513
22513 20242
20242 22513
22513 22513
22513 22513
22598 18574
18574 22598
22598 22598
22598 22598
22598 24365
24365 22598
22708 3576
3576 22708
22708 18602
18602 22708
22708 22708
22708 22708
22807 227
227 22807
22807 642
642 22807
22807 673
673 22807
22807 726
726 22807
22807 1244
1244 22807
22807 3219
3219 22807
22807 3627
3627 22807
22807 3681
3681 22807
22807 3690
3690 22807
22807 3702
3702 22807
22807 3826
3826 22807
22807 3829
3829 22807
22807 3868
3868 22807
22807 3873
3873 22807
22807 3884
3884 22807
22807 3929
3929 22807
22807 6845
6845 22807
22807 8107
8107 22807
22807 8921
8921 22807
22807 11488
11488 22807
22807 11536
11536 22807
22807 13684
13684 22807
22807 16256
16256 22807
22807 17922
17922 22807
22807 22559
22559 22807
22807 23348
23348 22807
22880 6627
6627 22880
22880 12123
12123 22880
22882 41
41 22882
22882 3620
3620 22882
22882 8975
8975 22882
22882 19693
19693 22882
22882 20883
20883 22882
22906 3702
3702 22906
23039 1384
1384 23039
23039 2152
2152 23039
23039 2998
2998 23039
23039 3618
3618 23039
23039 6285
6285 23039
23039 12198
12198 23039
23039 23039
23039 23039
23039 24442
24442 23039
23085 3553
3553 23085
23085 23085
23085 23085
23130 23130
23130 23130
23226 2413
2413 23226
23226 3690
3690 23226
23226 3836
3836 23226
23226 4920
4920 23226
23226 5178
5178 23226
23226 23226
23226 23226
23226 23348
23348 23226
23254 1244
1244 23254
23254 12135
12135 23254
23348 155
155 23348
23348 252
252 23348
23348 1116
1116 23348
23348 2167
2167 23348
23348 2254
2254 23348
23348 2370
2370 23348
23348 2387
2387 23348
23348 2416
2416 23348
23348 2592
2592 23348
23348 2831
2831 23348
23348 3206
3206 23348
23348 3699
3699 23348
23348 3868
3868 23348
23348 3884
3884 23348
23348 3918
3918 23348
23348 4685
4685 23348
23348 4920
4920 23348
23348 6961
6961 23348
23348 7778
7778 23348
23348 9025
9025 23348
23348 12123
12123 23348
23348 14920
14920 23348
23348 15814
15814 23348
23348 16256
16256 23348
23348 18931
18931 23348
23348 19087
19087 23348
23348 20028
20028 23348
23348 20892
20892 23348
23348 21233
21233 23348
23348 22559
22559 23348
23348 23348
23348 23348
23348 23630
23630 23348
23348 24033
24033 23348
23348 24326
24326 23348
23407 2283
2283 23407
23407 13363
13363 23407
23473 7778
7778 23473
23535 6866
6866 23535
23535 16608
16608 23535
23535 23535
23535 23535
23630 3725
3725 23630
23630 4920
4920 23630
23630 5178
5178 23630
23630 14920
14920 23630
23630 17157
17157 23630
23630 18574
18574 23630
23630 19901
19901 23630
23630 23348
23348 23630
23630 23630
23630 23630
23683 412
412 23683
23683 9025
9025 23683
23707 2043
2043 23707
23707 3626
3626 23707
23707 3847
3847 23707
23707 3869
3869 23707
23707 3898
3898 23707
23707 3911
3911 23707
23707 6937
6937 23707
23707 14224
14224 23707
23707 23707
23707 23707
23711 7816
7816 23711
23782 1904
1904 23782
23782 6806
6806 23782
23782 12358
12358 23782
23782 16892
16892 23782
23782 23782
23782 23782
23799 8623
8623 23799
23841 642
642 23841
23841 701
701 23841
23841 4685
4685 23841
23841 23841
23841 23841
23846 23348
23348 23846
23906 16340
16340 23906
23921 3898
3898 23921
23921 6937
6937 23921
23921 23921
23921 23921
23946 934
934 23946
23946 4638
4638 23946
23946 6437
6437 23946
23946 7892
7892 23946
23946 16859
16859 23946
23946 23946
23946 23946
23956 642
642 23956
23956 3335
3335 23956
23956 3608
3608 23956
23956 3885
3885 23956
23956 23956
23956 23956
24018 3292
3292 24018
24018 23535
23535 24018
24033 3817
3817 24033
24033 23348
23348 24033
24033 24033
24033 24033
24033 24226
24226 24033
24033 24692
24692 24033
24042 2413
2413 24042
24133 3726
3726 24133
24133 24133
24133 24133
24142 3545
3545 24142
24150 15450
15450 24150
24150 18689
18689 24150
24167 0
0 24167
24167 3604
3604 24167
24167 16859
16859 24167
24174 24174
24174 24174
24180 24180
24180 24180
24191 804
804 24191
24223 5767
5767 24223
24223 6961
6961 24223
24224 3729
3729 24224
24224 3817
3817 24224
24224 4685
4685 24224
24224 24224
24224 24224
24224 24392
24392 24224
24226 502
502 24226
24226 642
642 24226
24226 2110
2110 24226
24226 2592
2592 24226
24226 2831
2831 24226
24226 3705
3705 24226
24226 3830
3830 24226
24226 3855
3855 24226
24226 5232
5232 24226
24226 6961
6961 24226
24226 14976
14976 24226
24226 15282
15282 24226
24226 22205
22205 24226
24226 24226
24226 24226
24226 24282
24282 24226
24226 24695
24695 24226
24252 763
763 24252
24252 1934
1934 24252
24252 2195
2195 24252
24252 2633
2633 24252
24252 3206
3206 24252
24252 3363
3363 24252
24252 3639
3639 24252
24252 3658
3658 24252
24252 3663
3663 24252
24252 3829
3829 24252
24252 3862
3862 24252
24252 3900
3900 24252
24252 3940
3940 24252
24252 3941
3941 24252
24252 6095
6095 24252
24252 12123
12123 24252
24252 13406
13406 24252
24252 15450
15450 24252
24252 23348
23348 24252
24252 24252
24252 24252
24252 24695
24695 24252
24266 24445
24445 24266
24269 24269
24269 24269
24276 23348
23348 24276
24281 3777
3777 24281
24281 19730
19730 24281
24281 23348
23348 24281
24312 3681
3681 24312
24322 15229
15229 24322
24325 3759
3759 24325
24325 24325
24325 24325
24326 3729
3729 24326
24326 24326
24326 24326
24365 1430
1430 24365
24365 2516
2516 24365
24365 4920
4920 24365
24365 10183
10183 24365
24365 11929
11929 24365
24365 19901
19901 24365
24365 21107
21107 24365
24365 24365
24365 24365
24390 16750
16750 24390
24392 3817
3817 24392
24409 6095
6095 24409
24442 285
285 24442
24442 3681
3681 24442
24442 3824
3824 24442
24442 8995
8995 24442
24442 11698
11698 24442
24442 19730
19730 24442
24442 24442
24442 24442
24448 3660
3660 24448
24451 3788
3788 24451
24451 14469
14469 24451
24451 15196
15196 24451
24460 1658
1658 24460
24460 3841
3841 24460
24460 3850
3850 24460
24460 3899
3899 24460
24460 9011
9011 24460
24460 19154
19154 24460
24460 20892
20892 24460
24460 23039
23039 24460
24460 24460
24460 24460
24460 24570
24570 24460
24463 194
194 24463
24472 24442
24442 24472
24474 3699
3699 24474
24475 2487
2487 24475
24492 24722
24722 24492
24498 3172
3172 24498
24498 24498
24498 24498
24508 3919
3919 24508
24514 6557
6557 24514
24514 11157
11157 24514
24515 3692
3692 24515
24518 1018
1018 24518
24518 3697
3697 24518
24518 24518
24518 24518
24531 2569
2569 24531
24531 3153
3153 24531
24531 3804
3804 24531
24531 3868
3868 24531
24531 6937
6937 24531
24531 10473
10473 24531
24531 14805
14805 24531
24531 23841
23841 24531
24531 24445
24445 24531
24531 24531
24531 24531
24570 1842
1842 24570
24570 3843
3843 24570
24570 24570
24570 24570
24579 285
285 24579
24579 1158
1158 24579
24579 3143
3143 24579
24579 3554
3554 24579
24579 3692
3692 24579
24579 24579
24579 24579
24591 6575
6575 24591
24626 24626
24626 24626
24640 830
830 24640
24640 24640
24640 24640
24664 9842
9842 24664
24692 2750
2750 24692
24692 3793
3793 24692
24692 3798
3798 24692
24692 3956
3956 24692
24692 11929
11929 24692
24692 18602
18602 24692
24692 24692
24692 24692
24692 24702
24702 24692
24695 6961
6961 24695
24695 12135
12135 24695
24702 24692
24692 24702
24702 24702
24702 24702
24707 3697
3697 24707
24707 6961
6961 24707
24707 14976
14976 24707
24710 8115
8115 24710
24722 3843
3843 24722
24722 11657
11657 24722
24722 21240
21240 24722
24722 24722
24722 24722
