7 7
7 7
20 20
20 20
20 2497
2497 20
20 7961
7961 20
20 9113
9113 20
21 2837
2837 21
21 7935
7935 21
21 10090
10090 21
21 17568
17568 21
44 44
44 44
44 5856
5856 44
44 6557
6557 44
44 7672
7672 44
44 7809
7809 44
44 12670
12670 44
44 24367
24367 44
54 54
54 54
54 4186
4186 54
54 6047
6047 54
54 7136
7136 54
54 9025
9025 54
54 18602
18602 54
54 18689
18689 54
90 18169
18169 90
105 8036
8036 105
115 20
20 115
115 115
115 115
115 1430
1430 115
115 3736
3736 115
115 5311
5311 115
115 5544
5544 115
115 7540
7540 115
115 7784
7784 115
115 7809
7809 115
115 7831
7831 115
115 7857
7857 115
115 7929
7929 115
115 18401
18401 115
115 19901
19901 115
115 22513
22513 115
125 1110
1110 125
155 155
155 155
155 13191
13191 155
156 156
156 156
156 1520
1520 156
156 3172
3172 156
156 6124
6124 156
156 8321
8321 156
156 14034
14034 156
156 21194
21194 156
160 160
160 160
194 194
194 194
194 6113
6113 194
215 12789
12789 215
231 255
255 231
231 1110
1110 231
231 7370
7370 231
231 7786
7786 231
231 7825
7825 231
231 14029
14029 231
245 14029
14029 245
252 6226
6226 252
252 7144
7144 252
252 7925
7925 252
252 19181
19181 252
255 255
255 255
255 276
276 255
255 642
642 255
255 814
814 255
255 1215
1215 255
255 1716
1716 255
255 2387
2387 255
255 2514
2514 255
255 2997
2997 255
255 3172
3172 255
255 3946
3946 255
255 4242
4242 255
255 4685
4685 255
255 6346
6346 255
255 7294
7294 255
255 7422
7422 255
255 7427
7427 255
255 7779
7779 255
255 7961
7961 255
255 9239
9239 255
255 13337
13337 255
255 13969
13969 255
255 14034
14034 255
255 15447
15447 255
255 17675
17675 255
255 19421
19421 255
255 23933
23933 255
255 24033
24033 255
255 24368
24368 255
255 24588
24588 255
260 24246
24246 260
276 276
276 276
276 1632
1632 276
280 7563
7563 280
285 285
285 285
285 1018
1018 285
285 2467
2467 285
285 4343
4343 285
285 6780
6780 285
285 9025
9025 285
285 16163
16163 285
287 287
287 287
287 2036
2036 287
287 3523
3523 287
287 6041
6041 287
287 6322
6322 287
287 6514
6514 287
287 6589
6589 287
287 6780
6780 287
287 7159
7159 287
287 7950
7950 287
287 8034
8034 287
287 11657
11657 287
292 17706
17706 292
320 320
320 320
320 1462
1462 320
320 7920
7920 320
320 11835
11835 320
335 24368
24368 335
348 4556
4556 348
348 5014
5014 348
349 1740
1740 349
349 4208
4208 349
375 7702
7702 375
438 155
155 438
438 6747
6747 438
438 13191
13191 438
438 15450
15450 438
438 19379
19379 438
438 23535
23535 438
465 3588
3588 465
465 15056
15056 465
491 17090
17090 491
502 502
502 502
503 503
503 503
503 3101
3101 503
503 6747
6747 503
503 7838
7838 503
503 11725
11725 503
524 2008
2008 524
525 525
525 525
540 929
929 540
556 7055
7055 556
560 560
560 560
560 847
847 560
560 4343
4343 560
560 8020
8020 560
572 858
858 572
601 1403
1403 601
601 6832
6832 601
601 7731
7731 601
601 7821
7821 601
601 10811
10811 601
601 12789
12789 601
601 16163
16163 601
601 18602
18602 601
601 18619
18619 601
601 22559
22559 601
610 610
610 610
610 4121
4121 610
610 6589
6589 610
610 22513
22513 610
622 5572
5572 622
623 23138
23138 623
626 6961
6961 626
633 4343
4343 633
633 7949
7949 633
642 20
20 642
642 255
255 642
642 642
642 642
642 728
728 642
642 976
976 642
642 1001
1001 642
642 1013
1013 642
642 1221
1221 642
642 1377
1377 642
642 1403
1403 642
642 1851
1851 642
642 2036
2036 642
642 2084
2084 642
642 2134
2134 642
642 3162
3162 642
642 3729
3729 642
642 3874
3874 642
642 3951
3951 642
642 3993
3993 642
642 4234
4234 642
642 4255
4255 642
642 4685
4685 642
642 4769
4769 642
642 5105
5105 642
642 5120
5120 642
642 5158
5158 642
642 5362
5362 642
642 5377
5377 642
642 5400
5400 642
642 5448
5448 642
642 5519
5519 642
642 5694
5694 642
642 5946
5946 642
642 6478
6478 642
642 6770
6770 642
642 6832
6832 642
642 6836
6836 642
642 7037
7037 642
642 7294
7294 642
642 7318
7318 642
642 7616
7616 642
642 7716
7716 642
642 7722
7722 642
642 7723
7723 642
642 7724
7724 642
642 7725
7725 642
642 7730
7730 642
642 7749
7749 642
642 7783
7783 642
642 7790
7790 642
642 7793
7793 642
642 7809
7809 642
642 7821
7821 642
642 7823
7823 642
642 7837
7837 642
642 7855
7855 642
642 7869
7869 642
642 7871
7871 642
642 7875
7875 642
642 7878
7878 642
642 7879
7879 642
642 7906
7906 642
642 7925
7925 642
642 7933
7933 642
642 7948
7948 642
642 7950
7950 642
642 7976
7976 642
642 8015
8015 642
642 8045
8045 642
642 9177
9177 642
642 9239
9239 642
642 9325
9325 642
642 10121
10121 642
642 11698
11698 642
642 13003
13003 642
642 13027
13027 642
642 13131
13131 642
642 14224
14224 642
642 14920
14920 642
642 16087
16087 642
642 16781
16781 642
642 17068
17068 642
642 18602
18602 642
642 18619
18619 642
642 19087
19087 642
642 19683
19683 642
642 21786
21786 642
642 21919
21919 642
642 22075
22075 642
642 22188
22188 642
642 22225
22225 642
642 23138
23138 642
642 23348
23348 642
642 24226
24226 642
642 24252
24252 642
642 24545
24545 642
684 23711
23711 684
701 701
701 701
701 3714
3714 701
701 7037
7037 701
701 7864
7864 701
701 8010
8010 701
701 22882
22882 701
726 726
726 726
726 1951
1951 726
726 4113
4113 726
726 6836
6836 726
726 7171
7171 726
726 7869
7869 726
726 19498
19498 726
726 22381
22381 726
726 22513
22513 726
728 5311
5311 728
737 737
737 737
737 3192
3192 737
763 2831
2831 763
776 23138
23138 776
804 583
583 804
804 804
804 804
804 1430
1430 804
804 2361
2361 804
804 6514
6514 804
804 14029
14029 804
814 814
814 814
814 3172
3172 814
814 4021
4021 814
814 6095
6095 814
814 13181
13181 814
830 115
115 830
830 830
830 830
830 2384
2384 830
830 2512
2512 830
830 3523
3523 830
830 6353
6353 830
830 6485
6485 830
830 7055
7055 830
830 7818
7818 830
830 11313
11313 830
830 15493
15493 830
830 16018
16018 830
830 16601
16601 830
830 19059
19059 830
830 21336
21336 830
833 833
833 833
833 5331
5331 833
847 7759
7759 847
858 11657
11657 858
866 7759
7759 866
876 876
876 876
876 3778
3778 876
876 5115
5115 876
876 8019
8019 876
876 9057
9057 876
876 19059
19059 876
895 1234
1234 895
895 7956
7956 895
906 3820
3820 906
906 6770
6770 906
906 12123
12123 906
906 18602
18602 906
906 21079
21079 906
909 909
909 909
909 9025
9025 909
929 929
929 929
929 5178
5178 929
929 7922
7922 929
929 12874
12874 929
929 20817
20817 929
934 24483
24483 934
935 935
935 935
935 23707
23707 935
947 503
503 947
947 6074
6074 947
947 16892
16892 947
976 976
976 976
976 7815
7815 976
976 8040
8040 976
979 6811
6811 979
988 21768
21768 988
1001 642
642 1001
1001 1001
1001 1001
1001 2497
2497 1001
1001 7798
7798 1001
1001 22341
22341 1001
1013 285
285 1013
1013 642
642 1013
1013 1013
1013 1013
1013 3777
3777 1013
1013 5899
5899 1013
1013 5946
5946 1013
1013 7793
7793 1013
1013 7871
7871 1013
1013 7911
7911 1013
1013 7958
7958 1013
1013 7980
7980 1013
1013 7997
7997 1013
1013 14029
14029 1013
1013 16163
16163 1013
1018 285
285 1018
1018 6201
6201 1018
1018 22506
22506 1018
1050 11522
11522 1050
1063 14387
14387 1063
1063 20999
20999 1063
1092 2837
2837 1092
1092 7681
7681 1092
1105 2794
2794 1105
1105 3777
3777 1105
1105 4837
4837 1105
1105 5625
5625 1105
1105 7720
7720 1105
1105 7748
7748 1105
1105 7781
7781 1105
1105 7838
7838 1105
1105 7935
7935 1105
1105 8043
8043 1105
1105 9002
9002 1105
1105 9239
9239 1105
1105 14386
14386 1105
1105 17675
17675 1105
1105 24126
24126 1105
1109 6747
6747 1109
1109 9239
9239 1109
1110 1110
1110 1110
1110 1264
1264 1110
1110 2794
2794 1110
1110 5899
5899 1110
1116 7918
7918 1116
1116 7948
7948 1116
1133 1221
1221 1133
1133 1384
1384 1133
1133 6832
6832 1133
1133 20907
20907 1133
1137 7
7 1137
1137 40
40 1137
1137 115
115 1137
1137 1137
1137 1137
1137 1221
1221 1137
1137 1547
1547 1137
1137 1658
1658 1137
1137 6041
6041 1137
1137 6232
6232 1137
1137 6514
6514 1137
1137 7849
7849 1137
1137 7857
7857 1137
1137 11725
11725 1137
1137 13786
13786 1137
1137 23711
23711 1137
1139 13969
13969 1139
1141 285
285 1141
1141 3523
3523 1141
1158 6569
6569 1158
1173 255
255 1173
1215 255
255 1215
1215 4920
4920 1215
1215 18602
18602 1215
1220 1220
1220 1220
1220 13518
13518 1220
1221 285
285 1221
1221 642
642 1221
1221 1221
1221 1221
1221 2384
2384 1221
1221 6027
6027 1221
1221 6638
6638 1221
1221 24381
24381 1221
1233 2307
2307 1233
1235 20108
20108 1235
1244 1244
1244 1244
1244 6478
6478 1244
1244 7961
7961 1244
1264 1110
1110 1264
1264 1264
1264 1264
1264 11657
11657 1264
1264 15688
15688 1264
1280 11889
11889 1280
1312 1312
1312 1312
1312 6205
6205 1312
1312 6487
6487 1312
1312 10811
10811 1312
1312 24226
24226 1312
1346 1346
1346 1346
1346 8996
8996 1346
1346 16018
16018 1346
1368 1951
1951 1368
1384 1384
1384 1384
1384 7680
7680 1384
1384 15024
15024 1384
1384 20242
20242 1384
1384 20892
20892 1384
1384 24152
24152 1384
1396 4769
4769 1396
1403 1403
1403 1403
1403 7775
7775 1403
1403 7920
7920 1403
1403 9239
9239 1403
1407 11669
11669 1407
1407 22990
22990 1407
1422 1422
1422 1422
1422 7159
7159 1422
1422 19901
19901 1422
1430 929
929 1430
1430 1430
1430 1430
1430 4141
4141 1430
1430 4920
4920 1430
1430 5115
5115 1430
1430 5447
5447 1430
1430 5694
5694 1430
1430 6104
6104 1430
1430 6124
6124 1430
1430 6755
6755 1430
1430 7781
7781 1430
1430 7827
7827 1430
1430 7898
7898 1430
1430 7922
7922 1430
1430 7989
7989 1430
1430 8005
8005 1430
1430 8321
8321 1430
1430 9057
9057 1430
1430 12658
12658 1430
1430 21899
21899 1430
1430 24498
24498 1430
1430 24657
24657 1430
1459 2307
2307 1459
1459 14920
14920 1459
1473 1473
1473 1473
1503 3523
3523 1503
1503 5311
5311 1503
1503 6589
6589 1503
1520 1520
1520 1520
1520 6961
6961 1520
1520 7863
7863 1520
1523 1523
1523 1523
1538 619
619 1538
1538 7294
7294 1538
1538 7621
7621 1538
1538 7636
7636 1538
1538 7887
7887 1538
1538 7899
7899 1538
1547 213
213 1547
1547 1137
1137 1547
1547 1547
1547 1547
1547 5152
5152 1547
1551 1551
1551 1551
1551 5544
5544 1551
1551 6917
6917 1551
1581 5178
5178 1581
1581 6104
6104 1581
1613 1613
1613 1613
1632 276
276 1632
1632 1632
1632 1632
1632 1951
1951 1632
1632 2036
2036 1632
1632 3143
3143 1632
1632 5694
5694 1632
1632 7478
7478 1632
1632 8005
8005 1632
1632 8008
8008 1632
1632 11881
11881 1632
1632 20512
20512 1632
1658 2794
2794 1658
1658 7857
7857 1658
1658 7956
7956 1658
1658 8007
8007 1658
1658 9239
9239 1658
1658 11779
11779 1658
1658 16047
16047 1658
1667 503
503 1667
1667 6027
6027 1667
1676 1676
1676 1676
1692 2166
2166 1692
1692 2911
2911 1692
1692 3388
3388 1692
1692 7529
7529 1692
1692 7744
7744 1692
1692 7796
7796 1692
1692 12894
12894 1692
1716 1716
1716 1716
1716 6346
6346 1716
1716 17675
17675 1716
1740 1110
1110 1740
1740 1307
1307 1740
1740 1473
1473 1740
1740 1740
1740 1740
1740 3843
3843 1740
1740 6039
6039 1740
1740 6201
6201 1740
1740 6232
6232 1740
1740 6557
6557 1740
1740 7656
7656 1740
1740 7744
7744 1740
1740 7794
7794 1740
1740 7800
7800 1740
1740 7831
7831 1740
1740 7870
7870 1740
1740 7921
7921 1740
1740 7935
7935 1740
1740 7946
7946 1740
1740 11669
11669 1740
1740 13383
13383 1740
1740 13518
13518 1740
1740 14224
14224 1740
1740 14595
14595 1740
1740 14691
14691 1740
1740 15056
15056 1740
1740 16591
16591 1740
1740 19059
19059 1740
1740 20285
20285 1740
1740 24313
24313 1740
1740 24367
24367 1740
1741 1904
1904 1741
1741 9113
9113 1741
1763 1763
1763 1763
1763 3562
3562 1763
1780 642
642 1780
1780 1001
1001 1780
1780 7793
7793 1780
1786 14920
14920 1786
1846 503
503 1846
1846 1001
1001 1846
1846 1377
1377 1846
1846 1846
1846 1846
1846 3049
3049 1846
1846 5409
5409 1846
1846 6027
6027 1846
1846 7529
7529 1846
1846 7976
7976 1846
1846 9025
9025 1846
1846 11698
11698 1846
1846 14224
14224 1846
1846 14835
14835 1846
1846 15056
15056 1846
1846 17675
17675 1846
1846 18169
18169 1846
1846 18602
18602 1846
1846 20907
20907 1846
1850 1850
1850 1850
1851 24252
24252 1851
1861 3778
3778 1861
1887 19901
19901 1887
1899 255
255 1899
1899 285
285 1899
1899 1384
1384 1899
1899 1899
1899 1899
1899 2413
2413 1899
1899 2491
2491 1899
1899 4343
4343 1899
1899 4638
4638 1899
1899 6201
6201 1899
1899 6610
6610 1899
1899 6869
6869 1899
1899 17290
17290 1899
1899 17830
17830 1899
1899 19803
19803 1899
1899 20674
20674 1899
1899 22410
22410 1899
1904 1904
1904 1904
1913 728
728 1913
1921 4556
4556 1921
1921 24033
24033 1921
1934 1934
1934 1934
1934 11756
11756 1934
1934 19138
19138 1934
1949 6201
6201 1949
1951 287
287 1951
1951 642
642 1951
1951 976
976 1951
1951 1368
1368 1951
1951 1951
1951 1951
1951 4837
4837 1951
1951 5014
5014 1951
1951 5311
5311 1951
1951 5489
5489 1951
1951 6047
6047 1951
1951 6124
6124 1951
1951 6836
6836 1951
1951 7159
7159 1951
1951 7294
7294 1951
1951 7318
7318 1951
1951 7444
7444 1951
1951 7635
7635 1951
1951 7655
7655 1951
1951 7723
7723 1951
1951 7731
7731 1951
1951 7749
7749 1951
1951 7773
7773 1951
1951 7834
7834 1951
1951 7903
7903 1951
1951 7920
7920 1951
1951 7931
7931 1951
1951 7952
7952 1951
1951 7990
7990 1951
1951 8001
8001 1951
1951 8003
8003 1951
1951 8020
8020 1951
1951 21786
21786 1951
1951 22238
22238 1951
1951 24226
24226 1951
1952 633
633 1952
1952 7904
7904 1952
1971 1971
1971 1971
1971 3591
3591 1971
1971 4920
4920 1971
1971 5746
5746 1971
1971 21899
21899 1971
1998 14386
14386 1998
2008 2008
2008 2008
2008 19059
19059 2008
2014 2014
2014 2014
2014 3736
3736 2014
2036 287
287 2036
2036 2036
2036 2036
2053 6201
6201 2053
2053 7738
7738 2053
2134 1001
1001 2134
2134 2134
2134 2134
2134 2486
2486 2134
2134 2911
2911 2134
2134 2924
2924 2134
2134 3738
3738 2134
2134 4234
4234 2134
2134 5311
5311 2134
2134 5377
5377 2134
2134 7478
7478 2134
2134 7724
7724 2134
2134 7759
7759 2134
2134 7764
7764 2134
2134 7765
7765 2134
2134 7905
7905 2134
2134 8038
8038 2134
2134 11698
11698 2134
2134 20517
20517 2134
2134 22882
22882 2134
2148 1221
1221 2148
2148 5311
5311 2148
2158 7759
7759 2158
2166 2166
2166 2166
2194 255
255 2194
2194 1001
1001 2194
2194 1523
1523 2194
2194 1716
1716 2194
2194 2194
2194 2194
2194 2742
2742 2194
2194 5539
5539 2194
2194 6027
6027 2194
2194 6346
6346 2194
2194 7037
7037 2194
2194 7055
7055 2194
2194 7198
7198 2194
2194 7478
7478 2194
2194 7720
7720 2194
2194 7724
7724 2194
2194 7755
7755 2194
2194 7784
7784 2194
2194 7796
7796 2194
2194 7815
7815 2194
2194 7844
7844 2194
2194 7950
7950 2194
2194 7959
7959 2194
2194 8939
8939 2194
2194 9025
9025 2194
2194 9239
9239 2194
2194 15450
15450 2194
2194 16601
16601 2194
2194 20512
20512 2194
2194 20892
20892 2194
2194 24568
24568 2194
2197 54
54 2197
2197 1221
1221 2197
2197 2197
2197 2197
2197 3049
3049 2197
2197 5519
5519 2197
2197 6121
6121 2197
2197 6354
6354 2197
2197 7427
7427 2197
2197 7797
7797 2197
2197 7917
7917 2197
2197 7976
7976 2197
2197 8017
8017 2197
2197 9025
9025 2197
2197 12012
12012 2197
2197 15056
15056 2197
2197 19437
19437 2197
2197 20355
20355 2197
2197 23223
23223 2197
2197 23320
23320 2197
2239 495
495 2239
2239 7583
7583 2239
2239 24722
24722 2239
2274 2274
2274 2274
2304 7954
7954 2304
2304 14224
14224 2304
2304 19298
19298 2304
2307 2307
2307 2307
2307 6589
6589 2307
2307 7879
7879 2307
2307 7912
7912 2307
2307 7969
7969 2307
2307 18602
18602 2307
2343 7400
7400 2343
2349 2811
2811 2349
2349 3523
3523 2349
2349 7744
7744 2349
2349 18401
18401 2349
2349 23711
23711 2349
2352 20280
20280 2352
2361 503
503 2361
2361 804
804 2361
2361 1846
1846 2361
2361 2361
2361 2361
2361 2617
2617 2361
2361 3736
3736 2361
2361 5023
5023 2361
2361 6961
6961 2361
2361 7295
7295 2361
2361 7338
7338 2361
2361 7529
7529 2361
2361 14835
14835 2361
2361 19683
19683 2361
2361 24518
24518 2361
2384 830
830 2384
2384 2384
2384 2384
2384 3762
3762 2384
2384 7055
7055 2384
2384 7478
7478 2384
2384 7913
7913 2384
2384 11522
11522 2384
2384 13191
13191 2384
2387 255
255 2387
2387 642
642 2387
2387 1215
1215 2387
2387 2387
2387 2387
2387 2997
2997 2387
2387 3946
3946 2387
2387 4154
4154 2387
2387 6652
6652 2387
2387 7427
7427 2387
2387 7751
7751 2387
2387 7786
7786 2387
2387 7961
7961 2387
2387 7967
7967 2387
2387 8013
8013 2387
2387 9025
9025 2387
2387 14920
14920 2387
2387 16163
16163 2387
2387 23320
23320 2387
2392 2392
2392 2392
2392 2687
2687 2392
2392 7902
7902 2392
2392 7936
7936 2392
2392 12012
12012 2392
2392 19437
19437 2392
2392 24451
24451 2392
2411 6104
6104 2411
2411 7742
7742 2411
2411 7759
7759 2411
2411 18619
18619 2411
2413 1708
1708 2413
2413 4683
4683 2413
2413 7833
7833 2413
2413 13969
13969 2413
2413 22708
22708 2413
2416 2416
2416 2416
2416 3055
3055 2416
2416 5311
5311 2416
2486 7478
7478 2486
2487 115
115 2487
2487 642
642 2487
2487 1520
1520 2487
2487 2487
2487 2487
2487 3172
3172 2487
2487 6232
6232 2487
2487 6489
6489 2487
2487 7338
7338 2487
2487 7855
7855 2487
2487 7950
7950 2487
2487 14034
14034 2487
2487 19437
19437 2487
2487 22513
22513 2487
2487 23223
23223 2487
2491 2491
2491 2491
2491 2997
2997 2491
2491 5504
5504 2491
2497 503
503 2497
2497 1001
1001 2497
2497 2384
2384 2497
2497 2497
2497 2497
2497 3049
3049 2497
2497 3736
3736 2497
2497 5152
5152 2497
2497 5377
5377 2497
2497 5409
5409 2497
2497 6027
6027 2497
2497 7961
7961 2497
2497 8001
8001 2497
2497 9553
9553 2497
2497 11522
11522 2497
2497 14224
14224 2497
2497 14806
14806 2497
2497 18602
18602 2497
2497 21919
21919 2497
2497 22225
22225 2497
2497 24442
24442 2497
2499 7682
7682 2499
2508 3415
3415 2508
2514 255
255 2514
2514 2514
2514 2514
2549 2549
2549 2549
2549 9842
9842 2549
2583 7909
7909 2583
2583 24379
24379 2583
2592 642
642 2592
2592 1951
1951 2592
2592 2307
2307 2592
2592 2592
2592 2592
2592 4242
4242 2592
2592 5105
5105 2592
2592 6836
6836 2592
2592 7616
7616 2592
2592 7737
7737 2592
2592 7780
7780 2592
2592 7815
7815 2592
2592 7830
7830 2592
2592 7860
7860 2592
2592 7982
7982 2592
2592 7995
7995 2592
2592 8996
8996 2592
2592 11149
11149 2592
2592 15447
15447 2592
2592 17843
17843 2592
2592 22075
22075 2592
2617 2361
2361 2617
2622 934
934 2622
2622 1375
1375 2622
2622 2622
2622 2622
2622 7874
7874 2622
2628 6747
6747 2628
2629 4920
4920 2629
2629 5178
5178 2629
2629 8019
8019 2629
2633 2633
2633 2633
2633 3192
3192 2633
2633 7848
7848 2633
2655 8321
8321 2655
2670 2670
2670 2670
2687 2392
2392 2687
2700 18602
18602 2700
2700 20280
20280 2700
2701 9842
9842 2701
2713 5856
5856 2713
2720 7759
7759 2720
2742 2742
2742 2742
2748 2748
2748 2748
2748 4343
4343 2748
2748 8984
8984 2748
2748 15056
15056 2748
2787 24707
24707 2787
2794 2794
2794 2794
2794 4242
4242 2794
2794 12962
12962 2794
2794 24037
24037 2794
2811 2811
2811 2811
2811 7478
7478 2811
2819 6232
6232 2819
2831 2831
2831 2831
2831 5448
5448 2831
2837 935
935 2837
2837 1092
1092 2837
2837 2837
2837 2837
2837 4113
4113 2837
2837 6736
6736 2837
2837 22882
22882 2837
2854 16608
16608 2854
2872 54
54 2872
2872 4186
4186 2872
2872 7636
7636 2872
2872 7760
7760 2872
2906 22412
22412 2906
2924 2134
2134 2924
2924 9025
9025 2924
2931 255
255 2931
2931 7860
7860 2931
2961 642
642 2961
2961 2961
2961 2961
2961 4242
4242 2961
2961 6226
6226 2961
2961 24169
24169 2961
2984 6917
6917 2984
2997 255
255 2997
2997 285
285 2997
2997 701
701 2997
2997 1039
1039 2997
2997 2997
2997 2997
2997 5504
5504 2997
2997 6589
6589 2997
2997 7731
7731 2997
2997 7780
7780 2997
2997 7918
7918 2997
2997 8001
8001 2997
2997 9025
9025 2997
2997 10910
10910 2997
2997 11779
11779 2997
2997 11817
11817 2997
2997 14029
14029 2997
2997 17794
17794 2997
2998 7720
7720 2998
2998 11313
11313 2998
3049 1846
1846 3049
3049 2497
2497 3049
3049 3049
3049 3049
3049 3736
3736 3049
3049 6027
6027 3049
3049 18917
18917 3049
3055 1001
1001 3055
3055 3055
3055 3055
3101 3101
3101 3101
3101 7759
7759 3101
3111 13969
13969 3111
3113 6478
6478 3113
3113 7401
7401 3113
3113 18602
18602 3113
3143 1632
1632 3143
3143 3143
3143 3143
3143 4578
4578 3143
3143 5600
5600 3143
3172 255
255 3172
3172 814
814 3172
3172 2036
2036 3172
3172 2194
2194 3172
3172 3172
3172 3172
3172 3452
3452 3172
3172 3946
3946 3172
3172 4343
4343 3172
3172 4459
4459 3172
3172 5115
5115 3172
3172 5178
5178 3172
3172 5311
5311 3172
3172 5519
5519 3172
3172 6027
6027 3172
3172 6780
6780 3172
3172 7197
7197 3172
3172 7751
7751 3172
3172 7838
7838 3172
3172 7844
7844 3172
3172 7857
7857 3172
3172 7934
7934 3172
3172 7961
7961 3172
3172 9025
9025 3172
3172 9057
9057 3172
3172 9177
9177 3172
3172 11569
11569 3172
3172 13969
13969 3172
3172 14034
14034 3172
3172 14501
14501 3172
3172 18169
18169 3172
3172 19437
19437 3172
3172 20878
20878 3172
3172 23223
23223 3172
3172 24381
24381 3172
3192 215
215 3192
3192 2633
2633 3192
3192 3192
3192 3192
3203 6780
6780 3203
3218 6832
6832 3218
3225 6772
6772 3225
3227 4154
4154 3227
3231 3231
3231 3231
3231 7748
7748 3231
3233 7422
7422 3233
3256 12870
12870 3256
3262 3262
3262 3262
3275 3275
3275 3275
3275 6283
6283 3275
3302 5645
5645 3302
3330 2194
2194 3330
3330 3330
3330 3330
3330 8939
8939 3330
3330 13191
13191 3330
3405 5539
5539 3405
3415 19105
19105 3415
3425 13184
13184 3425
3437 5409
5409 3437
3437 11899
11899 3437
3439 7826
7826 3439
3439 7961
7961 3439
3452 3172
3172 3452
3452 3452
3452 3452
3471 830
830 3471
3471 3471
3471 3471
3483 22882
22882 3483
3506 3506
3506 3506
3506 5435
5435 3506
3506 6761
6761 3506
3506 7625
7625 3506
3515 4343
4343 3515
3515 9113
9113 3515
3523 3523
3523 3523
3555 3555
3555 3555
3555 6917
6917 3555
3561 12789
12789 3561
3562 1763
1763 3562
3570 1001
1001 3570
3579 24252
24252 3579
3588 11599
11599 3588
3591 929
929 3591
3591 1430
1430 3591
3591 1971
1971 3591
3591 3591
3591 3591
3591 4920
4920 3591
3591 5394
5394 3591
3591 7082
7082 3591
3591 7731
7731 3591
3591 7741
7741 3591
3591 7748
7748 3591
3591 7827
7827 3591
3591 9549
9549 3591
3591 17675
17675 3591
3591 20817
20817 3591
3591 24657
24657 3591
3620 12588
12588 3620
3657 7493
7493 3657
3657 7961
7961 3657
3657 21240
21240 3657
3729 642
642 3729
3729 3729
3729 3729
3729 4854
4854 3729
3733 3733
3733 3733
3733 4769
4769 3733
3736 115
115 3736
3736 876
876 3736
3736 2014
2014 3736
3736 2361
2361 3736
3736 2497
2497 3736
3736 9713
9713 3736
3736 19730
19730 3736
3738 3738
3738 3738
3756 3729
3729 3756
3756 3756
3756 3756
3756 4242
4242 3756
3756 6124
6124 3756
3757 7294
7294 3757
3757 22381
22381 3757
3760 3760
3760 3760
3760 4113
4113 3760
3760 7636
7636 3760
3760 22882
22882 3760
3762 2384
2384 3762
3762 3762
3762 3762
3777 866
866 3777
3777 1951
1951 3777
3777 3777
3777 3777
3777 7171
7171 3777
3777 7920
7920 3777
3777 7948
7948 3777
3777 21079
21079 3777
3777 21233
21233 3777
3777 22238
22238 3777
3777 24252
24252 3777
3777 24409
24409 3777
3782 3782
3782 3782
3782 4343
4343 3782
3782 8102
8102 3782
3824 2491
2491 3824
3824 5489
5489 3824
3824 17262
17262 3824
3843 287
287 3843
3843 503
503 3843
3843 1264
1264 3843
3843 1422
1422 3843
3843 1613
1613 3843
3843 1676
1676 3843
3843 1763
1763 3843
3843 3843
3843 3843
3843 4399
4399 3843
3843 5311
5311 3843
3843 5600
5600 3843
3843 5856
5856 3843
3843 6201
6201 3843
3843 6232
6232 3843
3843 6514
6514 3843
3843 6557
6557 3843
3843 6917
6917 3843
3843 7656
7656 3843
3843 7794
7794 3843
3843 7870
7870 3843
3843 7929
7929 3843
3843 7935
7935 3843
3843 7946
7946 3843
3843 8993
8993 3843
3843 9325
9325 3843
3843 11657
11657 3843
3843 17794
17794 3843
3843 17843
17843 3843
3843 20285
20285 3843
3843 24313
24313 3843
3843 24657
24657 3843
3843 24722
24722 3843
3874 3874
3874 3874
3874 4735
4735 3874
3874 7422
7422 3874
3874 13337
13337 3874
3946 156
156 3946
3946 209
209 3946
3946 255
255 3946
3946 642
642 3946
3946 1547
1547 3946
3946 2549
2549 3946
3946 3946
3946 3946
3946 4154
4154 3946
3946 4242
4242 3946
3946 7427
7427 3946
3946 7715
7715 3946
3946 14034
14034 3946
3946 19866
19866 3946
3946 24265
24265 3946
3946 24381
24381 3946
3951 3951
3951 3951
3957 7778
7778 3957
3986 3986
3986 3986
3986 7504
7504 3986
3986 24033
24033 3986
3986 24518
24518 3986
3993 3993
3993 3993
4021 4021
4021 4021
4021 8995
8995 4021
4066 4066
4066 4066
4066 7540
7540 4066
4086 726
726 4086
4113 4113
4113 4113
4113 10308
10308 4113
4121 2947
2947 4121
4121 6104
6104 4121
4121 6322
6322 4121
4121 6740
6740 4121
4121 7295
7295 4121
4121 7904
7904 4121
4121 21079
21079 4121
4125 7755
7755 4125
4127 619
619 4127
4141 4141
4141 4141
4154 4154
4154 4154
4154 5544
5544 4154
4154 7818
7818 4154
4154 17935
17935 4154
4158 976
976 4158
4158 7815
7815 4158
4158 8008
8008 4158
4158 24313
24313 4158
4186 54
54 4186
4186 2961
2961 4186
4186 4186
4186 4186
4186 5539
5539 4186
4186 6332
6332 4186
4186 7979
7979 4186
4186 20907
20907 4186
4196 4196
4196 4196
4196 4459
4459 4196
4196 6496
6496 4196
4208 4208
4208 4208
4234 2134
2134 4234
4234 4234
4234 4234
4237 40
40 4237
4242 44
44 4242
4242 115
115 4242
4242 255
255 4242
4242 285
285 4242
4242 503
503 4242
4242 728
728 4242
4242 979
979 4242
4242 1013
1013 4242
4242 1137
1137 4242
4242 1221
1221 4242
4242 2166
2166 4242
4242 2361
2361 4242
4242 2387
2387 4242
4242 2592
2592 4242
4242 2742
2742 4242
4242 2794
2794 4242
4242 2961
2961 4242
4242 3101
3101 4242
4242 3262
3262 4242
4242 3384
3384 4242
4242 3610
3610 4242
4242 3835
3835 4242
4242 3946
3946 4242
4242 4242
4242 4242
4242 4308
4308 4242
4242 4343
4343 4242
4242 4399
4399 4242
4242 4567
4567 4242
4242 4735
4735 4242
4242 5014
5014 4242
4242 5692
5692 4242
4242 5899
5899 4242
4242 6232
6232 4242
4242 6497
6497 4242
4242 6557
6557 4242
4242 6917
6917 4242
4242 7014
7014 4242
4242 7427
7427 4242
4242 7656
7656 4242
4242 7715
7715 4242
4242 7759
7759 4242
4242 7793
7793 4242
4242 7796
7796 4242
4242 7797
7797 4242
4242 7825
7825 4242
4242 7878
7878 4242
4242 7898
7898 4242
4242 7902
7902 4242
4242 7912
7912 4242
4242 7959
7959 4242
4242 7980
7980 4242
4242 7989
7989 4242
4242 7998
7998 4242
4242 8033
8033 4242
4242 8039
8039 4242
4242 8321
8321 4242
4242 9025
9025 4242
4242 9239
9239 4242
4242 9842
9842 4242
4242 11725
11725 4242
4242 11779
11779 4242
4242 12670
12670 4242
4242 13184
13184 4242
4242 13196
13196 4242
4242 13684
13684 4242
4242 13969
13969 4242
4242 19866
19866 4242
4242 21079
21079 4242
4242 21233
21233 4242
4242 22075
22075 4242
4242 22188
22188 4242
4242 22513
22513 4242
4242 23226
23226 4242
4242 23927
23927 4242
4242 24169
24169 4242
4242 24313
24313 4242
4242 24568
24568 4242
4255 642
642 4255
4255 4255
4255 4255
4255 4343
4343 4255
4255 5105
5105 4255
4255 6589
6589 4255
4255 7865
7865 4255
4255 9842
9842 4255
4255 18602
18602 4255
4255 20907
20907 4255
4270 4270
4270 4270
4274 13786
13786 4274
4324 11698
11698 4324
4331 4331
4331 4331
4331 7761
7761 4331
4331 22210
22210 4331
4340 6354
6354 4340
4340 9239
9239 4340
4340 11313
11313 4340
4340 12977
12977 4340
4340 13969
13969 4340
4343 2748
2748 4343
4343 2831
2831 4343
4343 4242
4242 4343
4343 4343
4343 4343
4343 5409
5409 4343
4343 5769
5769 4343
4343 6780
6780 4343
4343 7171
7171 4343
4343 7529
7529 4343
4343 7759
7759 4343
4343 7801
7801 4343
4343 7815
7815 4343
4343 9177
9177 4343
4343 9553
9553 4343
4343 12415
12415 4343
4343 18602
18602 4343
4343 22276
22276 4343
4343 23226
23226 4343
4356 22256
22256 4356
4406 4406
4406 4406
4406 7055
7055 4406
4406 7770
7770 4406
4440 3777
3777 4440
4440 4343
4343 4440
4440 5014
5014 4440
4440 5261
5261 4440
4440 5393
5393 4440
4440 7554
7554 4440
4440 7775
7775 4440
4440 7926
7926 4440
4440 7933
7933 4440
4440 7938
7938 4440
4440 7949
7949 4440
4440 22238
22238 4440
4459 255
255 4459
4459 4196
4196 4459
4459 4459
4459 4459
4462 1221
1221 4462
4482 1951
1951 4482
4482 4482
4482 4482
4482 7936
7936 4482
4556 4556
4556 4556
4556 21899
21899 4556
4567 22506
22506 4567
4577 3736
3736 4577
4578 3143
3143 4578
4578 4578
4578 4578
4583 4583
4583 4583
4598 5324
5324 4598
4664 5447
5447 4664
4666 13684
13684 4666
4681 4681
4681 4681
4681 24707
24707 4681
4683 4683
4683 4683
4683 7778
7778 4683
4685 255
255 4685
4685 642
642 4685
4685 3729
3729 4685
4685 4685
4685 4685
4685 6124
6124 4685
4685 7238
7238 4685
4685 7422
7422 4685
4685 7887
7887 4685
4685 24169
24169 4685
4712 4255
4255 4712
4712 4712
4712 4712
4712 18602
18602 4712
4719 572
572 4719
4719 858
858 4719
4735 4735
4735 4735
4735 6747
6747 4735
4735 7025
7025 4735
4735 7427
7427 4735
4737 320
320 4737
4737 7996
7996 4737
4769 1396
1396 4769
4769 3733
3733 4769
4769 9025
9025 4769
4802 4802
4802 4802
4805 2384
2384 4805
4829 6478
6478 4829
4837 4837
4837 4837
4903 7759
7759 4903
4920 642
642 4920
4920 729
729 4920
4920 1971
1971 4920
4920 2947
2947 4920
4920 3192
3192 4920
4920 3591
3591 4920
4920 4255
4255 4920
4920 4920
4920 4920
4920 5394
5394 4920
4920 5447
5447 4920
4920 6435
6435 4920
4920 7741
7741 4920
4920 7827
7827 4920
4920 7934
7934 4920
4920 7943
7943 4920
4920 7985
7985 4920
4920 8019
8019 4920
4920 9239
9239 4920
4920 18602
18602 4920
4920 19901
19901 4920
4920 20817
20817 4920
4920 21899
21899 4920
4920 22598
22598 4920
4926 4113
4113 4926
4926 10308
10308 4926
4928 4928
4928 4928
4952 1368
1368 4952
4952 4952
4952 4952
4952 6638
6638 4952
4952 7724
7724 4952
4960 6589
6589 4960
4967 726
726 4967
4967 4967
4967 4967
5014 1951
1951 5014
5014 9232
9232 5014
5079 13337
13337 5079
5084 4331
4331 5084
5084 7761
7761 5084
5105 642
642 5105
5105 5105
5105 5105
5107 5107
5107 5107
5107 11579
11579 5107
5115 5115
5115 5115
5115 19554
19554 5115
5120 642
642 5120
5120 5120
5120 5120
5125 3951
3951 5125
5125 6971
6971 5125
5125 11779
11779 5125
5127 1523
1523 5127
5147 6832
6832 5147
5147 7823
7823 5147
5147 7941
7941 5147
5152 1221
1221 5152
5152 1547
1547 5152
5152 2361
2361 5152
5152 2655
2655 5152
5152 3523
3523 5152
5152 5152
5152 5152
5152 7926
7926 5152
5152 11313
11313 5152
5152 11698
11698 5152
5152 22513
22513 5152
5158 5158
5158 5158
5178 1430
1430 5178
5178 1971
1971 5178
5178 3777
3777 5178
5178 4735
4735 5178
5178 4920
4920 5178
5178 5178
5178 5178
5178 5311
5311 5178
5178 6104
6104 5178
5178 7370
7370 5178
5178 7649
7649 5178
5178 8277
8277 5178
5178 12789
12789 5178
5178 18169
18169 5178
5178 20817
20817 5178
5178 22598
22598 5178
5178 24657
24657 5178
5189 7752
7752 5189
5189 17568
17568 5189
5192 8321
8321 5192
5203 13969
13969 5203
5204 3820
3820 5204
5261 503
503 5261
5261 4343
4343 5261
5261 5261
5261 5261
5261 6589
6589 5261
5261 7748
7748 5261
5261 7899
7899 5261
5284 6487
6487 5284
5310 19901
19901 5310
5311 115
115 5311
5311 285
285 5311
5311 728
728 5311
5311 1221
1221 5311
5311 2134
2134 5311
5311 2924
2924 5311
5311 5311
5311 5311
5311 7144
7144 5311
5311 7159
7159 5311
5311 7734
7734 5311
5311 7815
7815 5311
5311 11835
11835 5311
5311 12123
12123 5311
5311 13027
13027 5311
5311 15024
15024 5311
5311 15056
15056 5311
5311 22513
22513 5311
5311 23348
23348 5311
5312 3777
3777 5312
5338 5946
5946 5338
5345 9025
9025 5345
5345 11861
11861 5345
5345 17977
17977 5345
5345 22513
22513 5345
5377 2134
2134 5377
5377 5377
5377 5377
5377 13518
13518 5377
5386 6569
6569 5386
5393 5393
5393 5393
5394 4920
4920 5394
5394 5394
5394 5394
5400 642
642 5400
5409 503
503 5409
5409 1658
1658 5409
5409 1846
1846 5409
5409 2497
2497 5409
5409 3437
3437 5409
5409 3523
3523 5409
5409 4021
4021 5409
5409 5409
5409 5409
5409 6489
6489 5409
5409 7716
7716 5409
5409 7815
7815 5409
5409 21919
21919 5409
5409 22513
22513 5409
5411 4160
4160 5411
5411 6124
6124 5411
5411 13786
13786 5411
5411 20058
20058 5411
5414 5414
5414 5414
5428 5428
5428 5428
5430 2831
2831 5430
5430 9275
9275 5430
5430 18602
18602 5430
5447 4664
4664 5447
5447 4920
4920 5447
5447 21899
21899 5447
5448 2831
2831 5448
5448 5448
5448 5448
5448 6780
6780 5448
5504 5504
5504 5504
5504 8984
8984 5504
5504 19650
19650 5504
5519 115
115 5519
5519 642
642 5519
5519 1658
1658 5519
5519 3736
3736 5519
5519 3777
3777 5519
5519 3782
3782 5519
5519 4343
4343 5519
5519 5519
5519 5519
5519 6120
6120 5519
5519 6283
6283 5519
5519 6780
6780 5519
5519 7037
7037 5519
5519 7357
7357 5519
5519 7720
7720 5519
5519 7844
7844 5519
5519 7867
7867 5519
5519 9177
9177 5519
5519 15056
15056 5519
5519 24545
24545 5519
5531 18602
18602 5531
5534 4
4 5534
5534 4331
4331 5534
5534 17840
17840 5534
5539 5539
5539 5539
5544 44
44 5544
5544 115
115 5544
5544 7809
7809 5544
5544 11657
11657 5544
5544 24367
24367 5544
5583 7680
7680 5583
5583 13786
13786 5583
5600 5600
5600 5600
5604 5604
5604 5604
5604 6964
6964 5604
5604 7970
7970 5604
5622 18602
18602 5622
5623 5623
5623 5623
5625 5625
5625 5625
5625 7982
7982 5625
5625 8039
8039 5625
5625 16601
16601 5625
5639 726
726 5639
5639 935
935 5639
5639 6047
6047 5639
5639 6638
6638 5639
5639 6666
6666 5639
5639 6747
6747 5639
5639 8031
8031 5639
5639 14920
14920 5639
5645 5645
5645 5645
5677 7680
7680 5677
5692 4242
4242 5692
5694 5694
5694 5694
5746 1971
1971 5746
5746 5746
5746 5746
5753 1001
1001 5753
5753 6027
6027 5753
5753 7811
7811 5753
5753 19866
19866 5753
5769 21699
21699 5769
5795 5795
5795 5795
5795 7671
7671 5795
5795 13323
13323 5795
5795 23707
23707 5795
5801 1001
1001 5801
5801 1109
1109 5801
5801 2361
2361 5801
5801 7719
7719 5801
5801 7773
7773 5801
5801 9177
9177 5801
5801 17053
17053 5801
5801 20108
20108 5801
5801 22238
22238 5801
5829 285
285 5829
5855 2961
2961 5855
5865 7815
7815 5865
5865 21786
21786 5865
5892 7636
7636 5892
5893 5893
5893 5893
5946 194
194 5946
5946 613
613 5946
5946 642
642 5946
5946 1846
1846 5946
5946 2361
2361 5946
5946 2487
2487 5946
5946 3049
3049 5946
5946 5311
5311 5946
5946 5409
5409 5946
5946 5519
5519 5946
5946 5539
5539 5946
5946 5946
5946 5946
5946 6811
6811 5946
5946 7037
7037 5946
5946 7725
7725 5946
5946 7759
7759 5946
5946 7793
7793 5946
5946 7811
7811 5946
5946 7844
7844 5946
5946 7855
7855 5946
5946 7876
7876 5946
5946 7976
7976 5946
5946 19683
19683 5946
5946 20292
20292 5946
5946 21919
21919 5946
5946 23223
23223 5946
5946 24693
24693 5946
5993 5993
5993 5993
6027 2194
2194 6027
6041 287
287 6041
6047 20
20 6047
6047 54
54 6047
6047 6047
6047 6047
6047 6638
6638 6047
6047 6765
6765 6047
6047 6770
6770 6047
6047 7238
7238 6047
6047 7732
7732 6047
6047 7821
7821 6047
6047 7829
7829 6047
6047 7897
7897 6047
6047 7920
7920 6047
6047 22882
22882 6047
6054 3934
3934 6054
6070 6070
6070 6070
6074 6074
6074 6074
6095 814
814 6095
6095 6095
6095 6095
6095 9365
9365 6095
6098 5178
5178 6098
6098 12242
12242 6098
6098 16018
16018 6098
6104 255
255 6104
6104 1581
1581 6104
6104 4121
4121 6104
6104 6104
6104 6104
6104 21899
21899 6104
6110 6110
6110 6110
6113 194
194 6113
6113 1221
1221 6113
6113 5311
5311 6113
6113 5993
5993 6113
6113 6113
6113 6113
6113 12123
12123 6113
6121 6121
6121 6121
6121 12012
12012 6121
6124 2652
2652 6124
6124 3192
3192 6124
6124 3756
3756 6124
6124 5519
5519 6124
6124 5692
5692 6124
6124 6124
6124 6124
6124 7371
7371 6124
6124 7765
7765 6124
6124 7916
7916 6124
6124 7920
7920 6124
6124 8026
8026 6124
6124 9025
9025 6124
6124 19901
19901 6124
6124 23348
23348 6124
6124 24033
24033 6124
6125 5120
5120 6125
6125 24265
24265 6125
6133 6133
6133 6133
6176 20355
20355 6176
6201 6201
6201 6201
6205 1312
1312 6205
6210 2194
2194 6210
6210 3162
3162 6210
6210 6210
6210 6210
6210 9177
9177 6210
6226 6226
6226 6226
6232 830
830 6232
6232 2819
2819 6232
6232 6232
6232 6232
6232 13684
13684 6232
6232 18169
18169 6232
6247 3777
3777 6247
6247 7787
7787 6247
6247 21079
21079 6247
6264 3523
3523 6264
6264 11835
11835 6264
6278 7996
7996 6278
6283 3275
3275 6283
6283 6283
6283 6283
6285 8321
8321 6285
6312 6312
6312 6312
6312 7688
7688 6312
6318 6318
6318 6318
6318 7818
7818 6318
6322 701
701 6322
6322 6322
6322 6322
6328 7554
7554 6328
6346 1716
1716 6346
6346 6346
6346 6346
6346 9239
9239 6346
6354 1551
1551 6354
6354 1613
1613 6354
6354 2794
2794 6354
6354 4242
4242 6354
6354 5107
5107 6354
6354 6201
6201 6354
6354 6354
6354 6354
6354 7797
7797 6354
6354 7838
7838 6354
6354 7870
7870 6354
6354 7946
7946 6354
6354 9239
9239 6354
6354 11313
11313 6354
6354 13969
13969 6354
6354 24722
24722 6354
6435 4920
4920 6435
6435 6435
6435 6435
6442 17568
17568 6442
6478 269
269 6478
6478 1708
1708 6478
6478 6478
6478 6478
6478 6487
6487 6478
6478 7750
7750 6478
6478 15447
15447 6478
6478 17053
17053 6478
6478 24252
24252 6478
6483 5311
5311 6483
6487 1312
1312 6487
6487 6487
6487 6487
6487 10811
10811 6487
6496 4196
4196 6496
6496 4459
4459 6496
6496 6496
6496 6496
6497 935
935 6497
6497 4242
4242 6497
6497 6497
6497 6497
6497 6836
6836 6497
6497 7753
7753 6497
6497 7928
7928 6497
6497 7929
7929 6497
6557 3843
3843 6557
6557 4158
4158 6557
6557 4208
4208 6557
6557 6201
6201 6557
6557 6557
6557 6557
6557 7037
7037 6557
6557 7239
7239 6557
6557 7815
7815 6557
6557 7958
7958 6557
6557 7963
7963 6557
6557 7972
7972 6557
6557 13518
13518 6557
6557 17843
17843 6557
6569 1158
1158 6569
6569 6569
6569 6569
6569 18619
18619 6569
6589 1520
1520 6589
6589 2307
2307 6589
6589 3162
3162 6589
6589 4960
4960 6589
6589 5178
5178 6589
6589 6124
6124 6589
6589 6589
6589 6589
6589 6647
6647 6589
6589 7780
7780 6589
6589 7836
7836 6589
6589 7908
7908 6589
6589 8030
8030 6589
6589 8864
8864 6589
6589 9842
9842 6589
6589 17090
17090 6589
6606 8102
8102 6606
6638 4952
4952 6638
6638 5639
5639 6638
6638 6047
6047 6638
6638 6638
6638 6638
6653 6780
6780 6653
6660 642
642 6660
6660 2497
2497 6660
6660 7961
7961 6660
6662 6662
6662 6662
6662 22513
22513 6662
6666 1846
1846 6666
6666 5310
5310 6666
6666 5519
5519 6666
6666 6666
6666 6666
6666 7753
7753 6666
6666 7823
7823 6666
6666 7998
7998 6666
6666 8031
8031 6666
6666 17675
17675 6666
6666 19087
19087 6666
6666 19901
19901 6666
6666 22882
22882 6666
6687 24518
24518 6687
6714 3439
3439 6714
6736 1951
1951 6736
6736 2837
2837 6736
6736 6736
6736 6736
6747 6247
6247 6747
6747 6497
6497 6747
6747 6747
6747 6747
6747 7990
7990 6747
6747 7999
7999 6747
6747 18619
18619 6747
6755 6755
6755 6755
6755 24519
24519 6755
6761 6761
6761 6761
6761 7992
7992 6761
6761 8005
8005 6761
6780 255
255 6780
6780 285
285 6780
6780 320
320 6780
6780 619
619 6780
6780 737
737 6780
6780 847
847 6780
6780 1846
1846 6780
6780 2384
2384 6780
6780 3203
3203 6780
6780 4396
4396 6780
6780 4482
4482 6780
6780 6780
6780 6780
6780 6961
6961 6780
6780 7648
7648 6780
6780 7774
7774 6780
6780 7908
7908 6780
6780 7961
7961 6780
6780 9025
9025 6780
6780 9057
9057 6780
6780 9842
9842 6780
6780 11835
11835 6780
6780 12012
12012 6780
6780 13379
13379 6780
6780 18169
18169 6780
6780 19498
19498 6780
6794 285
285 6794
6811 255
255 6811
6811 979
979 6811
6811 1547
1547 6811
6811 1658
1658 6811
6811 4242
4242 6811
6811 6811
6811 6811
6811 7656
7656 6811
6811 7794
7794 6811
6811 7849
7849 6811
6811 7855
7855 6811
6811 7857
7857 6811
6811 7929
7929 6811
6811 14927
14927 6811
6832 642
642 6832
6832 6832
6832 6832
6836 642
642 6836
6850 2497
2497 6850
6869 6869
6869 6869
6869 19328
19328 6869
6874 7948
7948 6874
6885 6885
6885 6885
6917 2984
2984 6917
6917 3555
3555 6917
6917 4242
4242 6917
6917 5031
5031 6917
6917 6917
6917 6917
6931 22882
22882 6931
6944 4735
4735 6944
6953 23138
23138 6953
6961 502
502 6961
6961 626
626 6961
6961 1520
1520 6961
6961 1913
1913 6961
6961 6961
6961 6961
6961 7556
7556 6961
6961 18602
18602 6961
6964 2491
2491 6964
6975 8102
8102 6975
6975 13379
13379 6975
7025 7025
7025 7025
7026 2938
2938 7026
7037 642
642 7037
7037 7037
7037 7037
7045 1137
1137 7045
7045 7826
7826 7045
7050 1658
1658 7050
7055 2384
2384 7055
7055 4343
4343 7055
7055 7055
7055 7055
7055 7499
7499 7055
7055 13786
13786 7055
7055 23138
23138 7055
7144 4952
4952 7144
7144 5311
5311 7144
7159 287
287 7159
7159 1951
1951 7159
7171 7171
7171 7171
7188 1585
1585 7188
7188 7188
7188 7188
7188 7625
7625 7188
7188 7747
7747 7188
7188 20812
20812 7188
7197 2947
2947 7197
7197 13066
13066 7197
7197 18169
18169 7197
7198 7198
7198 7198
7211 2811
2811 7211
7211 7211
7211 7211
7211 8002
8002 7211
7211 13969
13969 7211
7238 7238
7238 7238
7239 1462
1462 7239
7239 1473
1473 7239
7239 7959
7959 7239
7239 8033
8033 7239
7262 3228
3228 7262
7283 8005
8005 7283
7294 7294
7294 7294
7294 9177
9177 7294
7318 642
642 7318
7318 1951
1951 7318
7338 7338
7338 7338
7352 7798
7798 7352
7370 231
231 7370
7370 7370
7370 7370
7370 18088
18088 7370
7371 7371
7371 7371
7371 23348
23348 7371
7401 255
255 7401
7410 285
285 7410
7410 1110
1110 7410
7410 5899
5899 7410
7410 7763
7763 7410
7421 7421
7421 7421
7421 22381
22381 7421
7422 54
54 7422
7422 3729
3729 7422
7422 3860
3860 7422
7422 4735
4735 7422
7422 6124
6124 7422
7422 7294
7294 7422
7422 7421
7421 7422
7422 7422
7422 7422
7422 7810
7810 7422
7422 7823
7823 7422
7422 7881
7881 7422
7422 7898
7898 7422
7422 22381
22381 7422
7427 255
255 7427
7427 2387
2387 7427
7427 4735
4735 7427
7427 7427
7427 7427
7427 24579
24579 7427
7442 115
115 7442
7442 209
209 7442
7442 4343
4343 7442
7452 5856
5856 7452
7470 4113
4113 7470
7470 6226
6226 7470
7470 7470
7470 7470
7470 7625
7625 7470
7470 7779
7779 7470
7470 10308
10308 7470
7470 17568
17568 7470
7478 1632
1632 7478
7478 7478
7478 7478
7478 12977
12977 7478
7478 13969
13969 7478
7478 19554
19554 7478
7493 7961
7961 7493
7504 7504
7504 7504
7514 9177
9177 7514
7520 7520
7520 7520
7529 1846
1846 7529
7529 7529
7529 7529
7529 9025
9025 7529
7540 115
115 7540
7540 7540
7540 7540
7540 7751
7751 7540
7553 7553
7553 7553
7553 13181
13181 7553
7558 7752
7752 7558
7575 4952
4952 7575
7575 17966
17966 7575
7583 7583
7583 7583
7583 12789
12789 7583
7596 255
255 7596
7598 10811
10811 7598
7601 7950
7950 7601
7601 18602
18602 7601
7608 231
231 7608
7616 642
642 7616
7616 7616
7616 7616
7616 15935
15935 7616
7625 7625
7625 7625
7625 7759
7759 7625
7625 18619
18619 7625
7630 7478
7478 7630
7630 7684
7684 7630
7630 7978
7978 7630
7630 20512
20512 7630
7635 1951
1951 7635
7635 7635
7635 7635
7635 23348
23348 7635
7636 3760
3760 7636
7636 7636
7636 7636
7648 1632
1632 7648
7648 2549
2549 7648
7648 6478
6478 7648
7648 21899
21899 7648
7656 597
597 7656
7656 6811
6811 7656
7656 7656
7656 7656
7656 7794
7794 7656
7656 7799
7799 7656
7656 8993
8993 7656
7656 9113
9113 7656
7656 13518
13518 7656
7656 14927
14927 7656
7656 18169
18169 7656
7656 19469
19469 7656
7658 7658
7658 7658
7664 2831
2831 7664
7664 24169
24169 7664
7666 7728
7728 7666
7673 3172
3172 7673
7680 3225
3225 7680
7680 4343
4343 7680
7680 5583
5583 7680
7680 6772
6772 7680
7680 7680
7680 7680
7680 7744
7744 7680
7680 7779
7779 7680
7680 8939
8939 7680
7680 11881
11881 7680
7680 13786
13786 7680
7680 17066
17066 7680
7681 1092
1092 7681
7681 3384
3384 7681
7681 3523
3523 7681
7681 5120
5120 7681
7681 5428
5428 7681
7681 7681
7681 7681
7681 7799
7799 7681
7681 7872
7872 7681
7684 7684
7684 7684
7688 6312
6312 7688
7688 7688
7688 7688
7695 7695
7695 7695
7695 11779
11779 7695
7714 7714
7714 7714
7715 7715
7715 7715
7720 7720
7720 7720
7720 11313
11313 7720
7720 16047
16047 7720
7720 21177
21177 7720
7723 642
642 7723
7725 7725
7725 7725
7727 7744
7744 7727
7731 7731
7731 7731
7731 24226
24226 7731
7733 7728
7728 7733
7735 18784
18784 7735
7737 18602
18602 7737
7738 7738
7738 7738
7739 7730
7730 7739
7741 22598
22598 7741
7744 7744
7744 7744
7745 14500
14500 7745
7745 18602
18602 7745
7747 7188
7188 7747
7748 7748
7748 7748
7749 642
642 7749
7749 1951
1951 7749
7749 7749
7749 7749
7750 6478
6478 7750
7751 7540
7540 7751
7751 7751
7751 7751
7751 19901
19901 7751
7753 6497
6497 7753
7753 6666
6666 7753
7753 19087
19087 7753
7756 7756
7756 7756
7759 371
371 7759
7759 495
495 7759
7759 503
503 7759
7759 701
701 7759
7759 791
791 7759
7759 847
847 7759
7759 866
866 7759
7759 1039
1039 7759
7759 1314
1314 7759
7759 2158
2158 7759
7759 2411
2411 7759
7759 2720
2720 7759
7759 2992
2992 7759
7759 3523
3523 7759
7759 3777
3777 7759
7759 3975
3975 7759
7759 4242
4242 7759
7759 4343
4343 7759
7759 4903
4903 7759
7759 5120
5120 7759
7759 5880
5880 7759
7759 5883
5883 7759
7759 6027
6027 7759
7759 6124
6124 7759
7759 6390
6390 7759
7759 7028
7028 7759
7759 7352
7352 7759
7759 7357
7357 7759
7759 7540
7540 7759
7759 7625
7625 7759
7759 7759
7759 7759
7759 7821
7821 7759
7759 7826
7826 7759
7759 7990
7990 7759
7759 8034
8034 7759
7759 9113
9113 7759
7759 9239
9239 7759
7759 10308
10308 7759
7759 11698
11698 7759
7759 11894
11894 7759
7759 12123
12123 7759
7759 14386
14386 7759
7759 15181
15181 7759
7759 16588
16588 7759
7759 16843
16843 7759
7759 17066
17066 7759
7759 17306
17306 7759
7759 18034
18034 7759
7759 18169
18169 7759
7759 18619
18619 7759
7759 19498
19498 7759
7759 21233
21233 7759
7759 21746
21746 7759
7759 22188
22188 7759
7759 22651
22651 7759
7759 22990
22990 7759
7759 23511
23511 7759
7759 24246
24246 7759
7759 24303
24303 7759
7759 24707
24707 7759
7759 24730
24730 7759
7760 7760
7760 7760
7761 24393
24393 7761
7763 17840
17840 7763
7764 2134
2134 7764
7764 8102
8102 7764
7764 18689
18689 7764
7765 2134
2134 7765
7765 3523
3523 7765
7765 6124
6124 7765
7765 18169
18169 7765
7767 6478
6478 7767
7767 6589
6589 7767
7768 11657
11657 7768
7770 2491
2491 7770
7770 4406
4406 7770
7770 7770
7770 7770
7770 9057
9057 7770
7770 12789
12789 7770
7770 16018
16018 7770
7772 22075
22075 7772
7774 7774
7774 7774
7774 9177
9177 7774
7774 13370
13370 7774
7775 1403
1403 7775
7775 7775
7775 7775
7776 7776
7776 7776
7777 7777
7777 7777
7778 4683
4683 7778
7778 6226
6226 7778
7778 14920
14920 7778
7778 19087
19087 7778
7778 22603
22603 7778
7779 20512
20512 7779
7780 7780
7780 7780
7781 255
255 7781
7781 7781
7781 7781
7784 7784
7784 7784
7788 7742
7742 7788
7789 2361
2361 7789
7790 642
642 7790
7790 7790
7790 7790
7791 7773
7773 7791
7793 4242
4242 7793
7794 7656
7656 7794
7794 7794
7794 7794
7796 4242
4242 7796
7796 7796
7796 7796
7796 14595
14595 7796
7797 4242
4242 7797
7797 7797
7797 7797
7798 1001
1001 7798
7798 6027
6027 7798
7799 7656
7656 7799
7799 7799
7799 7799
7799 12774
12774 7799
7801 4343
4343 7801
7801 7801
7801 7801
7805 6937
6937 7805
7806 9177
9177 7806
7809 115
115 7809
7809 5544
5544 7809
7809 7809
7809 7809
7809 11779
11779 7809
7809 22276
22276 7809
7810 7422
7422 7810
7810 7810
7810 7810
7810 24252
24252 7810
7811 5946
5946 7811
7811 7811
7811 7811
7812 22238
22238 7812
7814 9177
9177 7814
7814 24226
24226 7814
7815 714
714 7815
7815 976
976 7815
7815 1951
1951 7815
7815 2022
2022 7815
7815 2194
2194 7815
7815 5311
5311 7815
7815 7815
7815 7815
7815 7882
7882 7815
7815 7950
7950 7815
7815 8921
8921 7815
7815 13027
13027 7815
7815 18619
18619 7815
7815 19087
19087 7815
7816 18169
18169 7816
7818 24492
24492 7818
7819 7819
7819 7819
7819 9005
9005 7819
7820 19498
19498 7820
7821 7821
7821 7821
7822 7822
7822 7822
7823 6666
6666 7823
7823 7823
7823 7823
7823 22092
22092 7823
7823 24224
24224 7823
7823 24226
24226 7823
7825 4242
4242 7825
7826 7759
7759 7826
7826 7826
7826 7826
7827 1430
1430 7827
7827 7827
7827 7827
7829 6047
6047 7829
7829 22882
22882 7829
7831 1740
1740 7831
7831 7831
7831 7831
7831 19938
19938 7831
7833 7833
7833 7833
7836 7836
7836 7836
7838 7838
7838 7838
7839 3777
3777 7839
7841 6806
6806 7841
7841 7841
7841 7841
7842 7842
7842 7842
7842 22882
22882 7842
7844 5946
5946 7844
7848 2633
2633 7848
7849 7849
7849 7849
7849 15698
15698 7849
7853 5051
5051 7853
7854 7854
7854 7854
7855 2487
2487 7855
7855 7855
7855 7855
7857 115
115 7857
7857 1658
1658 7857
7857 7857
7857 7857
7857 13786
13786 7857
7859 16892
16892 7859
7860 7860
7860 7860
7861 9619
9619 7861
7863 1520
1520 7863
7863 3946
3946 7863
7863 6007
6007 7863
7863 7863
7863 7863
7865 7865
7865 7865
7868 18619
18619 7868
7869 642
642 7869
7869 9025
9025 7869
7871 7871
7871 7871
7872 7872
7872 7872
7872 18619
18619 7872
7873 7873
7873 7873
7874 1462
1462 7874
7874 2622
2622 7874
7874 7874
7874 7874
7874 15617
15617 7874
7874 20799
20799 7874
7876 7876
7876 7876
7879 7879
7879 7879
7879 9177
9177 7879
7883 9002
9002 7883
7884 7882
7882 7884
7885 7882
7882 7885
7886 8102
8102 7886
7889 9695
9695 7889
7891 269
269 7891
7893 6780
6780 7893
7893 7893
7893 7893
7894 4242
4242 7894
7894 7894
7894 7894
7894 7929
7929 7894
7894 12670
12670 7894
7896 4343
4343 7896
7897 6047
6047 7897
7897 7897
7897 7897
7898 7898
7898 7898
7898 9177
9177 7898
7898 11700
11700 7898
7900 7900
7900 7900
7900 20512
20512 7900
7905 7905
7905 7905
7906 642
642 7906
7906 7906
7906 7906
7906 18602
18602 7906
7908 7908
7908 7908
7909 15116
15116 7909
7913 2384
2384 7913
7914 1221
1221 7914
7916 6124
6124 7916
7918 1116
1116 7918
7918 7918
7918 7918
7920 1951
1951 7920
7920 6124
6124 7920
7920 7920
7920 7920
7922 929
929 7922
7922 17157
17157 7922
7927 22135
22135 7927
7928 6497
6497 7928
7929 115
115 7929
7930 22214
22214 7930
7931 1951
1951 7931
7933 7933
7933 7933
7933 18602
18602 7933
7934 4920
4920 7934
7934 7934
7934 7934
7935 7935
7935 7935
7941 6832
6832 7941
7942 7942
7942 7942
7942 9177
9177 7942
7944 13726
13726 7944
7945 6780
6780 7945
7946 7946
7946 7946
7948 1116
1116 7948
7949 7949
7949 7949
7950 7950
7950 7950
7951 7682
7682 7951
7952 7920
7920 7952
7952 7952
7952 7952
7954 11835
11835 7954
7956 7956
7956 7956
7956 21954
21954 7956
7958 7958
7958 7958
7959 7959
7959 7959
7960 7960
7960 7960
7961 7961
7961 7961
7963 6124
6124 7963
7963 7961
7961 7963
7968 2831
2831 7968
7969 11779
11779 7969
7970 5604
5604 7970
7971 13066
13066 7971
7972 6557
6557 7972
7973 2467
2467 7973
7973 3083
3083 7973
7974 18088
18088 7974
7975 7400
7400 7975
7976 1846
1846 7976
7976 7976
7976 7976
7976 18919
18919 7976
7979 23917
23917 7979
7983 7983
7983 7983
7988 7988
7988 7988
7988 8000
8000 7988
7989 7989
7989 7989
7990 20
20 7990
7990 2491
2491 7990
7990 5120
5120 7990
7990 6747
6747 7990
7990 7990
7990 7990
7990 15814
15814 7990
7991 7991
7991 7991
7992 6761
6761 7992
7992 7992
7992 7992
7998 24252
24252 7998
7999 6747
6747 7999
8000 7988
7988 8000
8000 23348
23348 8000
8001 1951
1951 8001
8001 2997
2997 8001
8002 7211
7211 8002
8005 3192
3192 8005
8005 4196
4196 8005
8005 6761
6761 8005
8005 7979
7979 8005
8005 8005
8005 8005
8007 1658
1658 8007
8012 8012
8012 8012
8014 8014
8014 8014
8017 8017
8017 8017
8019 4920
4920 8019
8020 1951
1951 8020
8022 16186
16186 8022
8024 2491
2491 8024
8026 8026
8026 8026
8027 14232
14232 8027
8028 24518
24518 8028
8029 17330
17330 8029
8030 8030
8030 8030
8034 19901
19901 8034
8035 13379
13379 8035
8036 8036
8036 8036
8040 8040
8040 8040
8043 6027
6027 8043
8102 3782
3782 8102
8102 6124
6124 8102
8102 6747
6747 8102
8102 6975
6975 8102
8102 7028
7028 8102
8102 7764
7764 8102
8102 7886
7886 8102
8102 8102
8102 8102
8102 20892
20892 8102
8127 7616
7616 8127
8305 7681
7681 8305
8305 22513
22513 8305
8321 1581
1581 8321
8321 2194
2194 8321
8321 8321
8321 8321
8921 255
255 8921
8921 4578
4578 8921
8921 8037
8037 8921
8939 16018
16018 8939
8975 2134
2134 8975
8984 5504
5504 8984
8984 7763
7763 8984
8984 8984
8984 8984
8984 13969
13969 8984
8984 14295
14295 8984
8993 3620
3620 8993
8993 7656
7656 8993
8993 8993
8993 8993
8995 2384
2384 8995
8995 4021
4021 8995
8995 6489
6489 8995
8995 7912
7912 8995
8995 8995
8995 8995
8995 11313
11313 8995
8995 11881
11881 8995
8995 14806
14806 8995
9002 9002
9002 9002
9002 15447
15447 9002
9002 24252
24252 9002
9005 4242
4242 9005
9005 4928
4928 9005
9005 7819
7819 9005
9005 11657
11657 9005
9011 1899
1899 9011
9011 7656
7656 9011
9011 22990
22990 9011
9016 8995
8995 9016
9025 40
40 9025
9025 54
54 9025
9025 255
255 9025
9025 285
285 9025
9025 502
502 9025
9025 503
503 9025
9025 810
810 9025
9025 909
909 9025
9025 976
976 9025
9025 1215
1215 9025
9025 1221
1221 9025
9025 2134
2134 9025
9025 2794
2794 9025
9025 2924
2924 9025
9025 2947
2947 9025
9025 3162
3162 9025
9025 3172
3172 9025
9025 4769
4769 9025
9025 5105
5105 9025
9025 5115
5115 9025
9025 5623
5623 9025
9025 6027
6027 9025
9025 6747
6747 9025
9025 6780
6780 9025
9025 7055
7055 9025
9025 7198
7198 9025
9025 7295
7295 9025
9025 7478
7478 9025
9025 7529
7529 9025
9025 7724
7724 9025
9025 7755
7755 9025
9025 7759
7759 9025
9025 7770
7770 9025
9025 7775
7775 9025
9025 7793
7793 9025
9025 7815
7815 9025
9025 7869
7869 9025
9025 7878
7878 9025
9025 7936
7936 9025
9025 7982
7982 9025
9025 8939
8939 9025
9025 9025
9025 9025
9025 9057
9057 9025
9025 9239
9239 9025
9025 13003
13003 9025
9025 15056
15056 9025
9025 15688
15688 9025
9025 17262
17262 9025
9025 18602
18602 9025
9025 21919
21919 9025
9025 24313
24313 9025
9026 5625
5625 9026
9027 1109
1109 9027
9030 847
847 9030
9030 9030
9030 9030
9030 14224
14224 9030
9030 18602
18602 9030
9057 545
545 9057
9057 1105
1105 9057
9057 1375
1375 9057
9057 1581
1581 9057
9057 1922
1922 9057
9057 2384
2384 9057
9057 2831
2831 9057
9057 3101
3101 9057
9057 3113
3113 9057
9057 4121
4121 9057
9057 6232
6232 9057
9057 7609
7609 9057
9057 7770
7770 9057
9057 7871
7871 9057
9057 7961
7961 9057
9057 8034
8034 9057
9057 9057
9057 9057
9057 9392
9392 9057
9057 10844
10844 9057
9057 12394
12394 9057
9057 13379
13379 9057
9057 16018
16018 9057
9057 18169
18169 9057
9057 19023
19023 9057
9057 22089
22089 9057
9057 24393
24393 9057
9177 503
503 9177
9177 642
642 9177
9177 1001
1001 9177
9177 1403
1403 9177
9177 1846
1846 9177
9177 1913
1913 9177
9177 1951
1951 9177
9177 2633
2633 9177
9177 2961
2961 9177
9177 3113
3113 9177
9177 3523
3523 9177
9177 4343
4343 9177
9177 4920
4920 9177
9177 5158
5158 9177
9177 5428
5428 9177
9177 6124
6124 9177
9177 6210
6210 9177
9177 6770
6770 9177
9177 7037
7037 9177
9177 7294
7294 9177
9177 7371
7371 9177
9177 7514
7514 9177
9177 7529
7529 9177
9177 7731
7731 9177
9177 7757
7757 9177
9177 7774
7774 9177
9177 7775
7775 9177
9177 7776
7776 9177
9177 7777
7777 9177
9177 7814
7814 9177
9177 7834
7834 9177
9177 7848
7848 9177
9177 7873
7873 9177
9177 7879
7879 9177
9177 7881
7881 9177
9177 7898
7898 9177
9177 7903
7903 9177
9177 7908
7908 9177
9177 7933
7933 9177
9177 7936
7936 9177
9177 7939
7939 9177
9177 7942
7942 9177
9177 7958
7958 9177
9177 8026
8026 9177
9177 9177
9177 9177
9177 10121
10121 9177
9177 11779
11779 9177
9177 13370
13370 9177
9177 14267
14267 9177
9177 17809
17809 9177
9177 18602
18602 9177
9177 18619
18619 9177
9177 21233
21233 9177
9177 23348
23348 9177
9177 24568
24568 9177
9177 24670
24670 9177
9232 5014
5014 9232
9232 9232
9232 9232
9239 255
255 9239
9239 814
814 9239
9239 1403
1403 9239
9239 1740
1740 9239
9239 1899
1899 9239
9239 2387
2387 9239
9239 2549
2549 9239
9239 2592
2592 9239
9239 2947
2947 9239
9239 3415
3415 9239
9239 4242
4242 9239
9239 4737
4737 9239
9239 4920
4920 9239
9239 6346
6346 9239
9239 6569
6569 9239
9239 6836
6836 9239
9239 7715
7715 9239
9239 7722
7722 9239
9239 7759
7759 9239
9239 7995
7995 9239
9239 8068
8068 9239
9239 9239
9239 9239
9239 11657
11657 9239
9239 12977
12977 9239
9239 13518
13518 9239
9239 15450
15450 9239
9239 19871
19871 9239
9239 21786
21786 9239
9239 24252
24252 9239
9325 642
642 9325
9325 4123
4123 9325
9325 9325
9325 9325
9325 18955
18955 9325
9365 6095
6095 9365
9365 13066
13066 9365
9549 3591
3591 9549
9549 7326
7326 9549
9553 4343
4343 9553
9553 13184
13184 9553
9553 20512
20512 9553
9555 9555
9555 9555
9555 20280
20280 9555
9611 1951
1951 9611
9713 3736
3736 9713
9724 7961
7961 9724
9842 4242
4242 9842
9842 9842
9842 9842
9842 14806
14806 9842
9969 11725
11725 9969
10090 10090
10090 10090
10121 642
642 10121
10121 7855
7855 10121
10121 10121
10121 10121
10121 11698
11698 10121
10121 14224
14224 10121
10168 3736
3736 10168
10168 8036
8036 10168
10168 13191
13191 10168
10227 7586
7586 10227
10308 4113
4113 10308
10308 10308
10308 10308
10648 20108
20108 10648
10811 2622
2622 10811
10811 6487
6487 10811
10811 7625
7625 10811
10811 7907
7907 10811
10811 7950
7950 10811
10811 7982
7982 10811
10811 9239
9239 10811
10811 10811
10811 10811
10811 19087
19087 10811
10811 19498
19498 10811
10811 23934
23934 10811
10910 11076
11076 10910
11062 8017
8017 11062
11076 285
285 11076
11076 1899
1899 11076
11076 3610
3610 11076
11076 7370
7370 11076
11076 8033
8033 11076
11076 10910
10910 11076
11130 1740
1740 11130
11130 11130
11130 11130
11149 3523
3523 11149
11149 7926
7926 11149
11149 16163
16163 11149
11157 4920
4920 11157
11157 7294
7294 11157
11157 9177
9177 11157
11157 24252
24252 11157
11313 830
830 11313
11313 2384
2384 11313
11313 6354
6354 11313
11313 6961
6961 11313
11313 7055
7055 11313
11313 7720
7720 11313
11313 11313
11313 11313
11313 19328
19328 11313
11412 3591
3591 11412
11460 17013
17013 11460
11460 17180
17180 11460
11488 1716
1716 11488
11488 7956
7956 11488
11488 7991
7991 11488
11488 21954
21954 11488
11503 858
858 11503
11503 7946
7946 11503
11503 11503
11503 11503
11522 11522
11522 11522
11577 4343
4343 11577
11579 285
285 11579
11579 9239
9239 11579
11657 858
858 11657
11657 1264
1264 11657
11657 1899
1899 11657
11657 7720
7720 11657
11657 7768
7768 11657
11657 7915
7915 11657
11657 11657
11657 11657
11657 24167
24167 11657
11657 24367
24367 11657
11669 11669
11669 11669
11684 5393
5393 11684
11684 7253
7253 11684
11698 642
642 11698
11698 1904
1904 11698
11698 4324
4324 11698
11698 7739
7739 11698
11698 11698
11698 11698
11698 15024
15024 11698
11698 22341
22341 11698
11700 4343
4343 11700
11700 7651
7651 11700
11700 7898
7898 11700
11700 8102
8102 11700
11700 9553
9553 11700
11700 11700
11700 11700
11700 12090
12090 11700
11715 7755
7755 11715
11725 503
503 11725
11725 1312
1312 11725
11725 4242
4242 11725
11725 11725
11725 11725
11729 21899
21899 11729
11779 287
287 11779
11779 642
642 11779
11779 1523
1523 11779
11779 1934
1934 11779
11779 2036
2036 11779
11779 2307
2307 11779
11779 2617
2617 11779
11779 2622
2622 11779
11779 2633
2633 11779
11779 2831
2831 11779
11779 3162
3162 11779
11779 3172
3172 11779
11779 3192
3192 11779
11779 3523
3523 11779
11779 3874
3874 11779
11779 4343
4343 11779
11779 5270
5270 11779
11779 5448
5448 11779
11779 5604
5604 11779
11779 5893
5893 11779
11779 6478
6478 11779
11779 7514
7514 11779
11779 7695
7695 11779
11779 7748
7748 11779
11779 7777
7777 11779
11779 7809
7809 11779
11779 7848
7848 11779
11779 7865
7865 11779
11779 7883
7883 11779
11779 7912
7912 11779
11779 7926
7926 11779
11779 7936
7936 11779
11779 7938
7938 11779
11779 7969
7969 11779
11779 9025
9025 11779
11779 9177
9177 11779
11779 10121
10121 11779
11779 11779
11779 11779
11779 12090
12090 11779
11779 17742
17742 11779
11779 18602
18602 11779
11779 21786
21786 11779
11779 22276
22276 11779
11779 24568
24568 11779
11779 24670
24670 11779
11796 17809
17809 11796
11861 830
830 11861
11861 833
833 11861
11861 1221
1221 11861
11861 1346
1346 11861
11861 7055
7055 11861
11861 8996
8996 11861
11861 11861
11861 11861
11861 16018
16018 11861
11872 12874
12874 11872
11881 3736
3736 11881
11899 40
40 11899
11899 3437
3437 11899
11899 5409
5409 11899
11899 11899
11899 11899
11967 7338
7338 11967
12012 6121
6121 12012
12012 12012
12012 12012
12012 20355
20355 12012
12090 12090
12090 12090
12090 14920
14920 12090
12123 5311
5311 12123
12123 7759
7759 12123
12123 7864
7864 12123
12123 12123
12123 12123
12123 18619
18619 12123
12123 22882
22882 12123
12135 502
502 12135
12135 1899
1899 12135
12135 2413
2413 12135
12135 2622
2622 12135
12135 4343
4343 12135
12135 4967
4967 12135
12135 6569
6569 12135
12135 6589
6589 12135
12135 7171
7171 12135
12135 7772
7772 12135
12135 7809
7809 12135
12135 7815
7815 12135
12135 7865
7865 12135
12135 7869
7869 12135
12135 7882
7882 12135
12135 7926
7926 12135
12135 7936
7936 12135
12135 8321
8321 12135
12135 12135
12135 12135
12135 19138
19138 12135
12135 22238
22238 12135
12198 1763
1763 12198
12198 7656
7656 12198
12198 8993
8993 12198
12198 13684
13684 12198
12209 22513
22513 12209
12415 5331
5331 12415
12658 2633
2633 12658
12658 5769
5769 12658
12658 7793
7793 12658
12658 11889
11889 12658
12658 12658
12658 12658
12670 44
44 12670
12670 4242
4242 12670
12670 6806
6806 12670
12670 7841
7841 12670
12670 7894
7894 12670
12670 8037
8037 12670
12670 8039
8039 12670
12670 12670
12670 12670
12774 7784
7784 12774
12774 7799
7799 12774
12774 12774
12774 12774
12789 830
830 12789
12789 6232
6232 12789
12789 7583
7583 12789
12789 7770
7770 12789
12789 9057
9057 12789
12789 12789
12789 12789
12789 16018
16018 12789
12789 18169
18169 12789
12789 19685
19685 12789
12870 2384
2384 12870
12870 6662
6662 12870
12870 7055
7055 12870
12870 7478
7478 12870
12870 11313
11313 12870
12870 11522
11522 12870
12874 929
929 12874
12874 12874
12874 12874
12874 24657
24657 12874
12878 6063
6063 12878
12894 7338
7338 12894
12894 7857
7857 12894
12900 255
255 12900
12900 7680
7680 12900
12900 12900
12900 12900
12977 2384
2384 12977
12977 7478
7478 12977
12977 12977
12977 12977
12977 13969
13969 12977
12977 20108
20108 12977
13003 7478
7478 13003
13003 7837
7837 13003
13003 17675
17675 13003
13019 13019
13019 13019
13027 2416
2416 13027
13027 4343
4343 13027
13027 5311
5311 13027
13027 7732
7732 13027
13027 23226
23226 13027
13065 7540
7540 13065
13066 3172
3172 13066
13066 7197
7197 13066
13066 7478
7478 13066
13066 7971
7971 13066
13066 9025
9025 13066
13066 9365
9365 13066
13066 21079
21079 13066
13112 10057
10057 13112
13112 17157
17157 13112
13131 1276
1276 13131
13131 13131
13131 13131
13131 14224
14224 13131
13155 2416
2416 13155
13181 814
814 13181
13181 1613
1613 13181
13181 5600
5600 13181
13181 13181
13181 13181
13184 4242
4242 13184
13184 9553
9553 13184
13184 13184
13184 13184
13184 23711
23711 13184
13191 155
155 13191
13191 1221
1221 13191
13196 7818
7818 13196
13196 8008
8008 13196
13196 12670
12670 13196
13196 13196
13196 13196
13270 17180
17180 13270
13270 23535
23535 13270
13323 5795
5795 13323
13323 13323
13323 13323
13337 255
255 13337
13337 13337
13337 13337
13343 13191
13191 13343
13370 7774
7774 13370
13370 7908
7908 13370
13379 7751
7751 13379
13379 9057
9057 13379
13379 13379
13379 13379
13383 1740
1740 13383
13383 7794
7794 13383
13383 13383
13383 13383
13383 18602
18602 13383
13431 13431
13431 13431
13466 3820
3820 13466
13518 1220
1220 13518
13518 5377
5377 13518
13518 6557
6557 13518
13518 7656
7656 13518
13518 14595
14595 13518
13637 9177
9177 13637
13662 4920
4920 13662
13684 503
503 13684
13684 2134
2134 13684
13684 6201
6201 13684
13684 6232
6232 13684
13684 7794
7794 13684
13684 12198
12198 13684
13684 13684
13684 13684
13684 23927
23927 13684
13717 13717
13717 13717
13726 7944
7944 13726
13786 2008
2008 13786
13786 2014
2014 13786
13786 4837
4837 13786
13786 5394
5394 13786
13786 7055
7055 13786
13786 7338
7338 13786
13786 7750
7750 13786
13786 7776
7776 13786
13786 7811
7811 13786
13786 7857
7857 13786
13786 7860
7860 13786
13786 7934
7934 13786
13786 7974
7974 13786
13786 8939
8939 13786
13786 9057
9057 13786
13786 10121
10121 13786
13786 11881
11881 13786
13786 12789
12789 13786
13786 13066
13066 13786
13786 13786
13786 13786
13786 16018
16018 13786
13786 17013
17013 13786
13786 17157
17157 13786
13786 17675
17675 13786
13786 19454
19454 13786
13786 19901
19901 13786
13786 20817
20817 13786
13786 22210
22210 13786
13786 24169
24169 13786
13934 18169
18169 13934
13969 255
255 13969
13969 642
642 13969
13969 814
814 13969
13969 1215
1215 13969
13969 1851
1851 13969
13969 2387
2387 13969
13969 2811
2811 13969
13969 4735
4735 13969
13969 4928
4928 13969
13969 5115
5115 13969
13969 5203
5203 13969
13969 5414
5414 13969
13969 5600
5600 13969
13969 6041
6041 13969
13969 7014
7014 13969
13969 7211
7211 13969
13969 7427
7427 13969
13969 7478
7478 13969
13969 7797
7797 13969
13969 7917
7917 13969
13969 7991
7991 13969
13969 8002
8002 13969
13969 8984
8984 13969
13969 8993
8993 13969
13969 9025
9025 13969
13969 9239
9239 13969
13969 10121
10121 13969
13969 12977
12977 13969
13969 13969
13969 13969
13969 19554
19554 13969
14010 1221
1221 14010
14029 245
245 14029
14029 804
804 14029
14029 1013
1013 14029
14029 7370
7370 14029
14029 11579
11579 14029
14029 12834
12834 14029
14029 15145
15145 14029
14034 3172
3172 14034
14034 14034
14034 14034
14034 24722
24722 14034
14054 3835
3835 14054
14189 7338
7338 14189
14211 21919
21919 14211
14224 1581
1581 14224
14224 1846
1846 14224
14224 1899
1899 14224
14224 2794
2794 14224
14224 4343
4343 14224
14224 5362
5362 14224
14224 6569
6569 14224
14224 7690
7690 14224
14224 7854
7854 14224
14224 8939
8939 14224
14224 11313
11313 14224
14224 13131
13131 14224
14224 14224
14224 14224
14224 17843
17843 14224
14224 21888
21888 14224
14232 4141
4141 14232
14232 7783
7783 14232
14232 8027
8027 14232
14232 21746
21746 14232
14267 9177
9177 14267
14295 7014
7014 14295
14355 7804
7804 14355
14355 8037
8037 14355
14387 1001
1001 14387
14387 6074
6074 14387
14387 8102
8102 14387
14387 15450
15450 14387
14387 18619
18619 14387
14401 3523
3523 14401
14496 2997
2997 14496
14500 7745
7745 14500
14500 14500
14500 14500
14592 7815
7815 14592
14595 814
814 14595
14595 6497
6497 14595
14595 7742
7742 14595
14595 7796
7796 14595
14595 8014
8014 14595
14595 8039
8039 14595
14595 13518
13518 14595
14595 14595
14595 14595
14595 21177
21177 14595
14595 24313
24313 14595
14595 24367
24367 14595
14691 1740
1740 14691
14738 1097
1097 14738
14740 14740
14740 14740
14805 503
503 14805
14805 5539
5539 14805
14805 6832
6832 14805
14806 14806
14806 14806
14920 619
619 14920
14920 5120
5120 14920
14920 5428
5428 14920
14920 5694
5694 14920
14920 6569
6569 14920
14920 7950
7950 14920
14920 12090
12090 14920
14920 14920
14920 14920
14920 16163
16163 14920
14920 23511
23511 14920
14920 24252
24252 14920
14927 6811
6811 14927
14927 7656
7656 14927
15024 1384
1384 15024
15024 11698
11698 15024
15024 15024
15024 15024
15056 5409
5409 15056
15056 15056
15056 15056
15057 3424
3424 15057
15057 7371
7371 15057
15057 7757
7757 15057
15057 24409
24409 15057
15117 7752
7752 15117
15161 3946
3946 15161
15277 8014
8014 15277
15447 255
255 15447
15447 285
285 15447
15447 6569
6569 15447
15447 9002
9002 15447
15447 15447
15447 15447
15447 20907
20907 15447
15447 21233
21233 15447
15450 560
560 15450
15450 1396
1396 15450
15450 7037
7037 15450
15450 7837
7837 15450
15450 15056
15056 15450
15450 15450
15450 15450
15450 18401
18401 15450
15450 18602
18602 15450
15450 24381
24381 15450
15472 7037
7037 15472
15617 1133
1133 15617
15617 1221
1221 15617
15617 1384
1384 15617
15617 13027
13027 15617
15645 9113
9113 15645
15645 15645
15645 15645
15688 1264
1264 15688
15688 3384
3384 15688
15688 4208
4208 15688
15688 7744
7744 15688
15688 7915
7915 15688
15688 7963
7963 15688
15698 7849
7849 15698
15698 14375
14375 15698
15698 15698
15698 15698
15698 18472
18472 15698
15698 23320
23320 15698
15814 4343
4343 15814
15814 6885
6885 15814
15814 21699
21699 15814
15888 15888
15888 15888
15888 21878
21878 15888
15935 1235
1235 15935
15935 7616
7616 15935
15935 15935
15935 15935
15989 8993
8993 15989
16018 830
830 16018
16018 1346
1346 16018
16018 3330
3330 16018
16018 7295
7295 16018
16018 7770
7770 16018
16018 8277
8277 16018
16018 8939
8939 16018
16018 12789
12789 16018
16018 13786
13786 16018
16018 16018
16018 16018
16018 19059
19059 16018
16047 1658
1658 16047
16047 16047
16047 16047
16047 23711
23711 16047
16067 1740
1740 16067
16087 642
642 16087
16087 1708
1708 16087
16087 16163
16163 16087
16163 285
285 16163
16163 601
601 16163
16163 2947
2947 16163
16163 7911
7911 16163
16163 7950
7950 16163
16163 9842
9842 16163
16163 14920
14920 16163
16163 16163
16163 16163
16163 24478
24478 16163
16186 642
642 16186
16186 3469
3469 16186
16186 8022
8022 16186
16186 8026
8026 16186
16186 16186
16186 16186
16186 18602
18602 16186
16186 23841
23841 16186
16282 13431
13431 16282
16336 5694
5694 16336
16581 23934
23934 16581
16581 24265
24265 16581
16591 1001
1001 16591
16591 1740
1740 16591
16591 1899
1899 16591
16591 7915
7915 16591
16591 8008
8008 16591
16591 9239
9239 16591
16591 11657
11657 16591
16591 20674
20674 16591
16591 24657
24657 16591
16601 2194
2194 16601
16601 16601
16601 16601
16601 20512
20512 16601
16613 1613
1613 16613
16613 7742
7742 16613
16781 642
642 16781
16781 6780
6780 16781
16856 4242
4242 16856
16859 1658
1658 16859
16859 1740
1740 16859
16895 3946
3946 16895
16976 276
276 16976
16976 7478
7478 16976
16976 13184
13184 16976
17013 5539
5539 17013
17013 11460
11460 17013
17041 8008
8008 17041
17066 17066
17066 17066
17095 5745
5745 17095
17157 929
929 17157
17157 7922
7922 17157
17157 12789
12789 17157
17157 17157
17157 17157
17180 11460
11460 17180
17180 17180
17180 17180
17180 20021
20021 17180
17283 18917
18917 17283
17290 1899
1899 17290
17291 11669
11669 17291
17293 3610
3610 17293
17293 7763
7763 17293
17293 8033
8033 17293
17299 1110
1110 17299
17299 7929
7929 17299
17299 24393
24393 17299
17338 642
642 17338
17338 1971
1971 17338
17338 7896
7896 17338
17338 12135
12135 17338
17338 12658
12658 17338
17568 7470
7470 17568
17568 17568
17568 17568
17675 209
209 17675
17675 814
814 17675
17675 3523
3523 17675
17675 6489
6489 17675
17675 6638
6638 17675
17675 7759
7759 17675
17675 7830
7830 17675
17675 7950
7950 17675
17675 8995
8995 17675
17675 11894
11894 17675
17675 12977
12977 17675
17675 13191
13191 17675
17675 17675
17675 17675
17675 18855
18855 17675
17675 21954
21954 17675
17675 22238
22238 17675
17695 4920
4920 17695
17695 5641
5641 17695
17695 19894
19894 17695
17706 8016
8016 17706
17742 17742
17742 17742
17794 17794
17794 17794
17830 17830
17830 17830
17840 7756
7756 17840
17840 7763
7763 17840
17840 17840
17840 17840
17843 17843
17843 17843
17966 4952
4952 17966
17966 7575
7575 17966
17977 3523
3523 17977
18034 6322
6322 18034
18034 7873
7873 18034
18088 18088
18088 18088
18169 0
0 18169
18169 90
90 18169
18169 726
726 18169
18169 1422
1422 18169
18169 1708
1708 18169
18169 2008
2008 18169
18169 3782
3782 18169
18169 5178
5178 18169
18169 6232
6232 18169
18169 7171
7171 18169
18169 7759
7759 18169
18169 7871
7871 18169
18169 8005
8005 18169
18169 9057
9057 18169
18169 13379
13379 18169
18169 15814
15814 18169
18169 18169
18169 18169
18169 19328
19328 18169
18169 19901
19901 18169
18169 21336
21336 18169
18169 22256
22256 18169
18293 7432
7432 18293
18401 115
115 18401
18401 1846
1846 18401
18401 6124
6124 18401
18401 7929
7929 18401
18401 7996
7996 18401
18428 9177
9177 18428
18449 4343
4343 18449
18449 6589
6589 18449
18472 11698
11698 18472
18472 18472
18472 18472
18574 642
642 18574
18574 4920
4920 18574
18574 13065
13065 18574
18574 19901
19901 18574
18574 20817
20817 18574
18574 24252
24252 18574
18602 54
54 18602
18602 642
642 18602
18602 810
810 18602
18602 1846
1846 18602
18602 2497
2497 18602
18602 2617
2617 18602
18602 2831
2831 18602
18602 4343
4343 18602
18602 4712
4712 18602
18602 5261
5261 18602
18602 6478
6478 18602
18602 7737
7737 18602
18602 7745
7745 18602
18602 7906
7906 18602
18602 7933
7933 18602
18602 9177
9177 18602
18602 16087
16087 18602
18602 17742
17742 18602
18602 18602
18602 18602
18602 21888
21888 18602
18602 24029
24029 18602
18619 642
642 18619
18619 1850
1850 18619
18619 2622
2622 18619
18619 6569
6569 18619
18619 6747
6747 18619
18619 7504
7504 18619
18619 7625
7625 18619
18619 7759
7759 18619
18619 7868
7868 18619
18619 7869
7869 18619
18619 7872
7872 18619
18619 7908
7908 18619
18619 7938
7938 18619
18619 7962
7962 18619
18619 12123
12123 18619
18619 18619
18619 18619
18689 54
54 18689
18689 194
194 18689
18689 2134
2134 18689
18689 2361
2361 18689
18689 2670
2670 18689
18689 4186
4186 18689
18689 5132
5132 18689
18689 5311
5311 18689
18689 5428
5428 18689
18689 6047
6047 18689
18689 6113
6113 18689
18689 6124
6124 18689
18689 7681
7681 18689
18689 7764
7764 18689
18689 7821
7821 18689
18689 7822
7822 18689
18689 7842
7842 18689
18689 7897
7897 18689
18689 7992
7992 18689
18689 8038
8038 18689
18689 15989
15989 18689
18689 18689
18689 18689
18689 20108
20108 18689
18689 20892
20892 18689
18698 23348
23348 18698
18764 285
285 18764
18764 7867
7867 18764
18855 18855
18855 18855
18917 1846
1846 18917
18917 3049
3049 18917
18917 7529
7529 18917
18917 9177
9177 18917
18917 14267
14267 18917
18917 14835
14835 18917
18917 18917
18917 18917
18919 115
115 18919
18919 7976
7976 18919
18940 642
642 18940
18940 8984
8984 18940
19038 19038
19038 19038
19059 2008
2008 19059
19059 4343
4343 19059
19059 6232
6232 19059
19059 7744
7744 19059
19059 11569
11569 19059
19059 16018
16018 19059
19059 19059
19059 19059
19087 155
155 19087
19087 619
619 19087
19087 642
642 19087
19087 3617
3617 19087
19087 5311
5311 19087
19087 6666
6666 19087
19087 18602
18602 19087
19087 19087
19087 19087
19105 3415
3415 19105
19105 4160
4160 19105
19105 15024
15024 19105
19105 19105
19105 19105
19138 1934
1934 19138
19138 19138
19138 19138
19149 19149
19149 19149
19181 19181
19181 19181
19293 1384
1384 19293
19328 2384
2384 19328
19355 2134
2134 19355
19355 5519
5519 19355
19355 6417
6417 19355
19355 6666
6666 19355
19355 7370
7370 19355
19355 7529
7529 19355
19355 7759
7759 19355
19379 438
438 19379
19379 3172
3172 19379
19379 19379
19379 19379
19421 255
255 19421
19421 2497
2497 19421
19421 19421
19421 19421
19426 1396
1396 19426
19426 2194
2194 19426
19426 2491
2491 19426
19426 7533
7533 19426
19426 18169
18169 19426
19426 19426
19426 19426
19426 23171
23171 19426
19437 19437
19437 19437
19446 1220
1220 19446
19454 1422
1422 19454
19454 2742
2742 19454
19454 3515
3515 19454
19454 7405
7405 19454
19454 7478
7478 19454
19454 19454
19454 19454
19454 22882
22882 19454
19498 726
726 19498
19498 7820
7820 19498
19498 19498
19498 19498
19498 22381
22381 19498
19498 23348
23348 19498
19554 5115
5115 19554
19554 7478
7478 19554
19554 7815
7815 19554
19554 7899
7899 19554
19554 13969
13969 19554
19554 24722
24722 19554
19683 11967
11967 19683
19685 4960
4960 19685
19685 12789
12789 19685
19730 3736
3736 19730
19730 7427
7427 19730
19730 19730
19730 19730
19730 22513
22513 19730
19802 9177
9177 19802
19866 3946
3946 19866
19870 7821
7821 19870
19870 7871
7871 19870
19870 17794
17794 19870
19870 22882
22882 19870
19871 285
285 19871
19871 6478
6478 19871
19871 9025
9025 19871
19901 115
115 19901
19901 255
255 19901
19901 285
285 19901
19901 642
642 19901
19901 1422
1422 19901
19901 1430
1430 19901
19901 1581
1581 19901
19901 2487
2487 19901
19901 2947
2947 19901
19901 4920
4920 19901
19901 5310
5310 19901
19901 6104
6104 19901
19901 6124
6124 19901
19901 6435
6435 19901
19901 6569
6569 19901
19901 7082
7082 19901
19901 7338
7338 19901
19901 7625
7625 19901
19901 7759
7759 19901
19901 7809
7809 19901
19901 7827
7827 19901
19901 7871
7871 19901
19901 7899
7899 19901
19901 7904
7904 19901
19901 7906
7906 19901
19901 7929
7929 19901
19901 7934
7934 19901
19901 8034
8034 19901
19901 18169
18169 19901
19901 18574
18574 19901
19901 19901
19901 19901
19901 20817
20817 19901
19901 21954
21954 19901
19901 23318
23318 19901
19901 24657
24657 19901
19938 4242
4242 19938
19938 7804
7804 19938
19938 7831
7831 19938
19938 8008
8008 19938
19938 19038
19038 19938
20058 5411
5411 20058
20058 15989
15989 20058
20058 20058
20058 20058
20242 642
642 20242
20242 1384
1384 20242
20280 24252
24252 20280
20285 1740
1740 20285
20285 20285
20285 20285
20292 20292
20292 20292
20355 4683
4683 20355
20355 6121
6121 20355
20355 7878
7878 20355
20355 19437
19437 20355
20355 20355
20355 20355
20355 23223
23223 20355
20355 23348
23348 20355
20387 255
255 20387
20387 2742
2742 20387
20387 3218
3218 20387
20387 7771
7771 20387
20429 7478
7478 20429
20512 2924
2924 20512
20512 7730
7730 20512
20512 7779
7779 20512
20512 7796
7796 20512
20512 7870
7870 20512
20512 7900
7900 20512
20512 16601
16601 20512
20512 20512
20512 20512
20517 2134
2134 20517
20517 6354
6354 20517
20517 6811
6811 20517
20517 7037
7037 20517
20517 7478
7478 20517
20517 13066
13066 20517
20517 13181
13181 20517
20517 21786
21786 20517
20517 21954
21954 20517
20812 7188
7188 20812
20817 929
929 20817
20817 3591
3591 20817
20817 4076
4076 20817
20817 4920
4920 20817
20817 18574
18574 20817
20817 19901
19901 20817
20817 20817
20817 20817
20883 7897
7897 20883
20884 7777
7777 20884
20892 1384
1384 20892
20892 7197
7197 20892
20892 8102
8102 20892
20892 13066
13066 20892
20892 20892
20892 20892
20897 7055
7055 20897
20904 20904
20904 20904
20907 4186
4186 20907
20907 22513
22513 20907
21079 906
906 21079
21079 1158
1158 21079
21079 1403
1403 21079
21079 7819
7819 21079
21079 21079
21079 21079
21079 24313
24313 21079
21082 16513
16513 21082
21089 5051
5051 21089
21089 7759
7759 21089
21089 21233
21233 21089
21110 20512
20512 21110
21177 7720
7720 21177
21177 13608
13608 21177
21177 21177
21177 21177
21194 156
156 21194
21213 2134
2134 21213
21213 5377
5377 21213
21213 6417
6417 21213
21233 4769
4769 21233
21240 7742
7742 21240
21336 18169
18169 21336
21356 1462
1462 21356
21356 3777
3777 21356
21356 4343
4343 21356
21356 6174
6174 21356
21356 7922
7922 21356
21356 8277
8277 21356
21356 11889
11889 21356
21356 20799
20799 21356
21584 4683
4683 21584
21699 287
287 21699
21699 1982
1982 21699
21699 2036
2036 21699
21699 2084
2084 21699
21699 2134
2134 21699
21699 3506
3506 21699
21699 3782
3782 21699
21699 4113
4113 21699
21699 4343
4343 21699
21699 5178
5178 21699
21699 5623
5623 21699
21699 5769
5769 21699
21699 6736
6736 21699
21699 6747
6747 21699
21699 7540
7540 21699
21699 7625
7625 21699
21699 7684
7684 21699
21699 7728
7728 21699
21699 7738
7738 21699
21699 7823
7823 21699
21699 7833
7833 21699
21699 7834
7834 21699
21699 7838
7838 21699
21699 7871
7871 21699
21699 7893
7893 21699
21699 7934
7934 21699
21699 7952
7952 21699
21699 7961
7961 21699
21699 7978
7978 21699
21699 7997
7997 21699
21699 7998
7998 21699
21699 8040
8040 21699
21699 8102
8102 21699
21699 8993
8993 21699
21699 9057
9057 21699
21699 12123
12123 21699
21699 15450
15450 21699
21699 17262
17262 21699
21699 18169
18169 21699
21699 19087
19087 21699
21699 20038
20038 21699
21699 20512
20512 21699
21699 22513
22513 21699
21699 23535
23535 21699
21699 24265
24265 21699
21699 24393
24393 21699
21746 14232
14232 21746
21768 15406
15406 21768
21768 21768
21768 21768
21786 7529
7529 21786
21786 19901
19901 21786
21800 1899
1899 21800
21800 9325
9325 21800
21800 11503
11503 21800
21823 11149
11149 21823
21876 596
596 21876
21878 7775
7775 21878
21878 7903
7903 21878
21878 8012
8012 21878
21878 15888
15888 21878
21878 20907
20907 21878
21881 4343
4343 21881
21888 3523
3523 21888
21899 1430
1430 21899
21899 1971
1971 21899
21899 4556
4556 21899
21899 5447
5447 21899
21899 7787
7787 21899
21899 7904
7904 21899
21899 20817
20817 21899
21899 21899
21899 21899
21914 21914
21914 21914
21919 2497
2497 21919
21919 5409
5409 21919
21919 21919
21919 21919
21926 4242
4242 21926
21954 1716
1716 21954
21954 2134
2134 21954
21954 2514
2514 21954
21954 4343
4343 21954
21954 6850
6850 21954
21954 7815
7815 21954
21954 7857
7857 21954
21954 7926
7926 21954
21954 7956
7956 21954
21954 7960
7960 21954
21954 11149
11149 21954
21954 11835
11835 21954
21954 16047
16047 21954
21954 17675
17675 21954
21954 20512
20512 21954
21954 21954
21954 21954
22075 4242
4242 22075
22075 22075
22075 22075
22092 7823
7823 22092
22092 22092
22092 22092
22134 22210
22210 22134
22188 642
642 22188
22188 7759
7759 22188
22209 7783
7783 22209
22214 7930
7930 22214
22222 21240
21240 22222
22276 1913
1913 22276
22276 3162
3162 22276
22276 4343
4343 22276
22276 5448
5448 22276
22276 6961
6961 22276
22276 7809
7809 22276
22276 8321
8321 22276
22276 21233
21233 22276
22276 22238
22238 22276
22276 22276
22276 22276
22276 23348
23348 22276
22315 7695
7695 22315
22315 7963
7963 22315
22328 11657
11657 22328
22341 1001
1001 22341
22341 2497
2497 22341
22341 3736
3736 22341
22341 5152
5152 22341
22341 7941
7941 22341
22341 8036
8036 22341
22341 11698
11698 22341
22341 22513
22513 22341
22381 22381
22381 22381
22385 22385
22385 22385
22385 22513
22513 22385
22412 21786
21786 22412
22412 22412
22412 22412
22454 2819
2819 22454
22454 7730
7730 22454
22513 115
115 22513
22513 726
726 22513
22513 1001
1001 22513
22513 1092
1092 22513
22513 1221
1221 22513
22513 2361
2361 22513
22513 3762
3762 22513
22513 5311
5311 22513
22513 5409
5409 22513
22513 6124
6124 22513
22513 6662
6662 22513
22513 7784
7784 22513
22513 7901
7901 22513
22513 7913
7913 22513
22513 7929
7929 22513
22513 7941
7941 22513
22513 7976
7976 22513
22513 10168
10168 22513
22513 13191
13191 22513
22513 20907
20907 22513
22513 22513
22513 22513
22521 2349
2349 22521
22521 7295
7295 22521
22521 22315
22315 22521
22598 3101
3101 22598
22598 4076
4076 22598
22598 4920
4920 22598
22598 7741
7741 22598
22598 7827
7827 22598
22598 8019
8019 22598
22598 12789
12789 22598
22598 20817
20817 22598
22598 22598
22598 22598
22603 7925
7925 22603
22603 22603
22603 22603
22673 7926
7926 22673
22708 22708
22708 22708
22882 701
701 22882
22882 2961
2961 22882
22882 3483
3483 22882
22882 3506
3506 22882
22882 4186
4186 22882
22882 4837
4837 22882
22882 5539
5539 22882
22882 6047
6047 22882
22882 6589
6589 22882
22882 6611
6611 22882
22882 6638
6638 22882
22882 6931
6931 22882
22882 7721
7721 22882
22882 7829
7829 22882
22882 7842
7842 22882
22882 7950
7950 22882
22882 11706
11706 22882
22882 12123
12123 22882
22882 22882
22882 22882
23130 1520
1520 23130
23130 5311
5311 23130
23130 7025
7025 23130
23223 2487
2487 23223
23223 23223
23223 23223
23226 4343
4343 23226
23320 23320
23320 23320
23348 285
285 23348
23348 642
642 23348
23348 701
701 23348
23348 726
726 23348
23348 2416
2416 23348
23348 3439
3439 23348
23348 4196
4196 23348
23348 5158
5158 23348
23348 5270
5270 23348
23348 5311
5311 23348
23348 5428
5428 23348
23348 5694
5694 23348
23348 6110
6110 23348
23348 6124
6124 23348
23348 6755
6755 23348
23348 7371
7371 23348
23348 7504
7504 23348
23348 7714
7714 23348
23348 7723
7723 23348
23348 7724
7724 23348
23348 7823
7823 23348
23348 7961
7961 23348
23348 7988
7988 23348
23348 7997
7997 23348
23348 8000
8000 23348
23348 11488
11488 23348
23348 14806
14806 23348
23348 18602
18602 23348
23348 19498
19498 23348
23348 22238
22238 23348
23348 23348
23348 23348
23348 24288
24288 23348
23458 525
525 23458
23535 13270
13270 23535
23535 19454
19454 23535
23535 23535
23535 23535
23707 597
597 23707
23707 3820
3820 23707
23707 5795
5795 23707
23707 6780
6780 23707
23707 23707
23707 23707
23711 11756
11756 23711
23744 54
54 23744
23744 2592
2592 23744
23787 7055
7055 23787
23841 16186
16186 23841
23917 7979
7979 23917
23927 255
255 23927
23927 3523
3523 23927
23927 4567
4567 23927
23927 6201
6201 23927
23927 24555
24555 23927
23933 6589
6589 23933
23933 7854
7854 23933
23933 7983
7983 23933
23933 8020
8020 23933
23933 8026
8026 23933
23933 23933
23933 23933
23934 23934
23934 23934
23946 1899
1899 23946
23946 7819
7819 23946
23946 7908
7908 23946
23946 7915
7915 23946
24029 7879
7879 24029
24029 18602
18602 24029
24033 2442
2442 24033
24033 6124
6124 24033
24033 8012
8012 24033
24033 22209
22209 24033
24033 24033
24033 24033
24065 13969
13969 24065
24126 11835
11835 24126
24133 560
560 24133
24133 3820
3820 24133
24133 4769
4769 24133
24133 9025
9025 24133
24133 13969
13969 24133
24150 2411
2411 24150
24152 1384
1384 24152
24167 1547
1547 24167
24167 1899
1899 24167
24169 1951
1951 24169
24169 2961
2961 24169
24169 6801
6801 24169
24169 24169
24169 24169
24224 7823
7823 24224
24224 18602
18602 24224
24224 19871
19871 24224
24226 2633
2633 24226
24226 3231
3231 24226
24226 4141
4141 24226
24226 4556
4556 24226
24226 4578
4578 24226
24226 6226
6226 24226
24226 7731
7731 24226
24226 7774
7774 24226
24226 7776
7776 24226
24226 7809
7809 24226
24226 7814
7814 24226
24226 7823
7823 24226
24226 7882
7882 24226
24226 7912
7912 24226
24226 7969
7969 24226
24226 7996
7996 24226
24226 9177
9177 24226
24226 20355
20355 24226
24226 24226
24226 24226
24250 3946
3946 24250
24252 503
503 24252
24252 642
642 24252
24252 1013
1013 24252
24252 1105
1105 24252
24252 1158
1158 24252
24252 1403
1403 24252
24252 1851
1851 24252
24252 1899
1899 24252
24252 1934
1934 24252
24252 2384
2384 24252
24252 2549
2549 24252
24252 2831
2831 24252
24252 3192
3192 24252
24252 3523
3523 24252
24252 3777
3777 24252
24252 4160
4160 24252
24252 4242
4242 24252
24252 4343
4343 24252
24252 4719
4719 24252
24252 4769
4769 24252
24252 4960
4960 24252
24252 5311
5311 24252
24252 6124
6124 24252
24252 6478
6478 24252
24252 6569
6569 24252
24252 6589
6589 24252
24252 6780
6780 24252
24252 7695
7695 24252
24252 7759
7759 24252
24252 7780
7780 24252
24252 7810
7810 24252
24252 7863
7863 24252
24252 7871
7871 24252
24252 7873
7873 24252
24252 7875
7875 24252
24252 7899
7899 24252
24252 7911
7911 24252
24252 7918
7918 24252
24252 7926
7926 24252
24252 7936
7936 24252
24252 7950
7950 24252
24252 7955
7955 24252
24252 7961
7961 24252
24252 7997
7997 24252
24252 7998
7998 24252
24252 8008
8008 24252
24252 9002
9002 24252
24252 9177
9177 24252
24252 9842
9842 24252
24252 10811
10811 24252
24252 11149
11149 24252
24252 13003
13003 24252
24252 13184
13184 24252
24252 16163
16163 24252
24252 18088
18088 24252
24252 18619
18619 24252
24252 19059
19059 24252
24252 19138
19138 24252
24252 19901
19901 24252
24252 20280
20280 24252
24252 21233
21233 24252
24252 22385
22385 24252
24252 24252
24252 24252
24259 7197
7197 24259
24265 3946
3946 24265
24266 1319
1319 24266
24304 7744
7744 24304
24313 4242
4242 24313
24313 14595
14595 24313
24313 21079
21079 24313
24313 24313
24313 24313
24322 8993
8993 24322
24367 823
823 24367
24367 11657
11657 24367
24381 44
44 24381
24381 24381
24381 24381
24392 4242
4242 24392
24392 7520
7520 24392
24393 5899
5899 24393
24393 7761
7761 24393
24393 24393
24393 24393
24409 3820
3820 24409
24409 7790
7790 24409
24409 7958
7958 24409
24442 503
503 24442
24442 21919
21919 24442
24442 24442
24442 24442
24448 2411
2411 24448
24451 4183
4183 24451
24460 7744
7744 24460
24460 18689
18689 24460
24463 7958
7958 24463
24478 7171
7171 24478
24478 16163
16163 24478
24478 24252
24252 24478
24478 24478
24478 24478
24483 934
934 24483
24483 24483
24483 24483
24492 6318
6318 24492
24492 6483
6483 24492
24492 7818
7818 24492
24492 19038
19038 24492
24492 24492
24492 24492
24518 2361
2361 24518
24518 3986
3986 24518
24518 8028
8028 24518
24518 24518
24518 24518
24526 7370
7370 24526
24545 642
642 24545
24545 5519
5519 24545
24555 14224
14224 24555
24555 21768
21768 24555
24568 2361
2361 24568
24568 15447
15447 24568
24579 3946
3946 24579
24579 7427
7427 24579
24579 21185
21185 24579
24588 156
156 24588
24588 255
255 24588
24588 1520
1520 24588
24601 24246
24246 24601
24657 1430
1430 24657
24657 12874
12874 24657
24657 24657
24657 24657
24676 13019
13019 24676
24693 24693
24693 24693
24707 5448
5448 24707
24707 7759
7759 24707
24707 7973
7973 24707
24707 9842
9842 24707
24707 18602
18602 24707
24722 188
188 24722
24722 19554
19554 24722
24734 7478
7478 24734
24734 7682
7682 24734
