0 0
0 0
0 6088
6088 0
0 6923
6923 0
0 7259
7259 0
0 7306
7306 0
0 7430
7430 0
0 7698
7698 0
0 9005
9005 0
0 11722
11722 0
0 13786
13786 0
20 20
20 20
20 9842
9842 20
20 14034
14034 20
21 21
21 21
21 231
231 21
21 2416
2416 21
21 4444
4444 21
21 4952
4952 21
21 7415
7415 21
21 7595
7595 21
21 15814
15814 21
21 17568
17568 21
21 19901
19901 21
21 20355
20355 21
21 23298
23298 21
44 44
44 44
44 4208
4208 44
44 4452
4452 44
44 7672
7672 44
44 24682
24682 44
54 54
54 54
54 2134
2134 54
54 5887
5887 54
54 7719
7719 54
54 23744
23744 54
90 90
90 90
105 5677
5677 105
115 115
115 115
115 1520
1520 115
115 1846
1846 115
115 1899
1899 115
115 2215
2215 115
115 2936
2936 115
115 3736
3736 115
115 3988
3988 115
115 4482
4482 115
115 4537
4537 115
115 7055
7055 115
115 7427
7427 115
115 7432
7432 115
115 7482
7482 115
115 7574
7574 115
115 18919
18919 115
115 22513
22513 115
115 24722
24722 115
117 117
117 117
117 255
255 117
125 309
309 125
125 16601
16601 125
155 20
20 155
155 155
155 155
155 6054
6054 155
155 6125
6125 155
155 7368
7368 155
155 13141
13141 155
155 20355
20355 155
155 22234
22234 155
155 24693
24693 155
172 172
172 172
172 4242
4242 172
213 213
213 213
213 7548
7548 213
215 2566
2566 215
215 6098
6098 215
223 223
223 223
230 230
230 230
230 21177
21177 230
231 231
231 231
231 642
642 231
231 1013
1013 231
231 2397
2397 231
231 5899
5899 231
231 6599
6599 231
231 7472
7472 231
231 7511
7511 231
231 7540
7540 231
231 7587
7587 231
231 7602
7602 231
231 7608
7608 231
231 7628
7628 231
231 9025
9025 231
231 13763
13763 231
231 14496
14496 231
231 15361
15361 231
231 15610
15610 231
231 16976
16976 231
231 19870
19870 231
231 24133
24133 231
231 24722
24722 231
252 906
906 252
252 2831
2831 252
252 3897
3897 252
252 7470
7470 252
252 7531
7531 252
252 7664
7664 252
252 15814
15814 252
252 18169
18169 252
252 18619
18619 252
255 54
54 255
255 255
255 255
255 503
503 255
255 642
642 255
255 843
843 255
255 1015
1015 255
255 2387
2387 255
255 2931
2931 255
255 3714
3714 255
255 4086
4086 255
255 5409
5409 255
255 6478
6478 255
255 7478
7478 255
255 7575
7575 255
255 7648
7648 255
255 7664
7664 255
255 8353
8353 255
255 9177
9177 255
255 9682
9682 255
255 10121
10121 255
255 11929
11929 255
255 12135
12135 255
255 13141
13141 255
255 13969
13969 255
255 15447
15447 255
255 16186
16186 255
255 21177
21177 255
255 23223
23223 255
255 23933
23933 255
255 24033
24033 255
260 255
255 260
260 260
260 260
269 446
446 269
285 285
285 285
285 7549
7549 285
285 7633
7633 285
285 9025
9025 285
285 10811
10811 285
285 14835
14835 285
285 15332
15332 285
285 16601
16601 285
285 24442
24442 285
287 255
255 287
287 287
287 287
287 2194
2194 287
287 2819
2819 287
287 3657
3657 287
287 4491
4491 287
287 4572
4572 287
287 4920
4920 287
287 6478
6478 287
287 6610
6610 287
287 7244
7244 287
287 7420
7420 287
287 7434
7434 287
287 7546
7546 287
287 7583
7583 287
287 7633
7633 287
287 7678
7678 287
287 8996
8996 287
287 9025
9025 287
287 20512
20512 287
287 21922
21922 287
287 23223
23223 287
287 24220
24220 287
292 17706
17706 292
309 125
125 309
309 19871
19871 309
320 320
320 320
320 3921
3921 320
320 18709
18709 320
348 255
255 348
348 596
596 348
348 7497
7497 348
348 7615
7615 348
349 14034
14034 349
349 24385
24385 349
386 4928
4928 386
395 7461
7461 395
395 19901
19901 395
401 1105
1105 401
405 2194
2194 405
405 4583
4583 405
405 7233
7233 405
412 5949
5949 412
412 9524
9524 412
451 1312
1312 451
454 4913
4913 454
454 7454
7454 454
454 7685
7685 454
465 1133
1133 465
465 2091
2091 465
465 5364
5364 465
465 7529
7529 465
503 503
503 503
503 2397
2397 503
503 5409
5409 503
503 5519
5519 503
503 6478
6478 503
503 6961
6961 503
503 7082
7082 503
503 11684
11684 503
503 11929
11929 503
503 14835
14835 503
503 16186
16186 503
503 20892
20892 503
503 21699
21699 503
524 524
524 524
524 833
833 524
524 11313
11313 524
525 525
525 525
525 7440
7440 525
525 23458
23458 525
540 3231
3231 540
540 7609
7609 540
540 12375
12375 540
540 19149
19149 540
556 16018
16018 556
560 5677
5677 560
560 24409
24409 560
572 6524
6524 572
574 574
574 574
574 3021
3021 574
574 7467
7467 574
593 24313
24313 593
596 596
596 596
596 7497
7497 596
596 7573
7573 596
596 7615
7615 596
596 7659
7659 596
596 7671
7671 596
596 7716
7716 596
596 18449
18449 596
596 18602
18602 596
596 21876
21876 596
596 24448
24448 596
597 13969
13969 597
601 503
503 601
601 14806
14806 601
601 17276
17276 601
608 608
608 608
613 613
613 613
613 642
642 613
613 1846
1846 613
613 2997
2997 613
613 4196
4196 613
613 5946
5946 613
613 24710
24710 613
623 623
623 623
623 642
642 623
623 5697
5697 623
623 6478
6478 623
623 6586
6586 623
623 7298
7298 623
623 7387
7387 623
623 7468
7468 623
623 7512
7512 623
623 7517
7517 623
623 8939
8939 623
623 13337
13337 623
623 16880
16880 623
623 20721
20721 623
623 21618
21618 623
623 23320
23320 623
623 24707
24707 623
633 6437
6437 633
642 20
20 642
642 255
255 642
642 596
596 642
642 613
613 642
642 642
642 642
642 1846
1846 642
642 1913
1913 642
642 1934
1934 642
642 1951
1951 642
642 2388
2388 642
642 2831
2831 642
642 3275
3275 642
642 3897
3897 642
642 4208
4208 642
642 4237
4237 642
642 4343
4343 642
642 5307
5307 642
642 5539
5539 642
642 5677
5677 642
642 5697
5697 642
642 6124
6124 642
642 6333
6333 642
642 6735
6735 642
642 7225
7225 642
642 7244
7244 642
642 7387
7387 642
642 7406
7406 642
642 7427
7427 642
642 7431
7431 642
642 7436
7436 642
642 7462
7462 642
642 7473
7473 642
642 7517
7517 642
642 7634
7634 642
642 7660
7660 642
642 7689
7689 642
642 9177
9177 642
642 9239
9239 642
642 16581
16581 642
642 18602
18602 642
642 24695
24695 642
643 2091
2091 643
726 2307
2307 726
726 2416
2416 726
726 5639
5639 726
726 5677
5677 726
726 7530
7530 726
726 7716
7716 726
728 2048
2048 728
737 7471
7471 737
776 3172
3172 776
776 6450
6450 776
776 14920
14920 776
804 7637
7637 804
804 8491
8491 804
804 11929
11929 804
814 814
814 814
814 1632
1632 814
814 16976
16976 814
830 525
525 830
830 830
830 830
830 843
843 830
830 1842
1842 830
830 2384
2384 830
830 3208
3208 830
830 3471
3471 830
830 5127
5127 830
830 6172
6172 830
830 6610
6610 830
830 7055
7055 830
830 7305
7305 830
830 7364
7364 830
830 7583
7583 830
830 11313
11313 830
830 13065
13065 830
830 17935
17935 830
830 20904
20904 830
830 21240
21240 830
831 831
831 831
831 21786
21786 831
833 833
833 833
833 5677
5677 833
833 9016
9016 833
833 15251
15251 833
866 866
866 866
866 1013
1013 866
866 7540
7540 866
866 21089
21089 866
876 830
830 876
876 876
876 876
876 990
990 876
876 2819
2819 876
876 3736
3736 876
876 5811
5811 876
876 7710
7710 876
890 11722
11722 890
906 2361
2361 906
906 5311
5311 906
906 7640
7640 906
906 11779
11779 906
906 12123
12123 906
906 20355
20355 906
929 7649
7649 929
929 16880
16880 929
935 935
935 935
935 7703
7703 935
935 23707
23707 935
984 18602
18602 984
988 24555
24555 988
990 876
876 990
1013 115
115 1013
1013 285
285 1013
1013 866
866 1013
1013 1013
1013 1013
1013 2491
2491 1013
1013 2591
2591 1013
1013 5899
5899 1013
1013 7431
7431 1013
1013 7608
7608 1013
1013 7716
7716 1013
1013 10811
10811 1013
1013 11698
11698 1013
1013 21089
21089 1013
1018 255
255 1018
1018 1018
1018 1018
1018 4928
4928 1018
1018 6450
6450 1018
1018 6489
6489 1018
1018 6961
6961 1018
1018 7258
7258 1018
1018 13383
13383 1018
1018 13717
13717 1018
1018 14295
14295 1018
1045 4242
4242 1045
1063 5887
5887 1063
1097 255
255 1097
1097 2207
2207 1097
1105 255
255 1105
1105 503
503 1105
1105 1105
1105 1105
1105 4491
4491 1105
1105 5274
5274 1105
1105 6478
6478 1105
1105 6524
6524 1105
1105 6754
6754 1105
1105 7370
7370 1105
1105 7445
7445 1105
1105 7484
7484 1105
1105 7508
7508 1105
1105 7529
7529 1105
1105 7604
7604 1105
1105 8353
8353 1105
1105 8996
8996 1105
1105 11835
11835 1105
1105 14920
14920 1105
1105 17675
17675 1105
1105 19149
19149 1105
1105 24435
24435 1105
1109 1109
1109 1109
1110 6489
6489 1110
1110 7508
7508 1110
1116 7504
7504 1116
1133 5677
5677 1133
1133 8102
8102 1133
1137 0
0 1137
1137 115
115 1137
1137 525
525 1137
1137 642
642 1137
1137 2748
2748 1137
1137 3657
3657 1137
1137 4343
4343 1137
1137 5311
5311 1137
1137 5516
5516 1137
1137 6098
6098 1137
1137 6524
6524 1137
1137 6610
6610 1137
1137 6915
6915 1137
1137 7082
7082 1137
1137 7440
7440 1137
1137 7631
7631 1137
1137 7633
7633 1137
1137 7680
7680 1137
1137 13191
13191 1137
1137 17935
17935 1137
1137 18602
18602 1137
1137 24710
24710 1137
1140 1140
1140 1140
1140 1934
1934 1140
1140 4491
4491 1140
1140 7195
7195 1140
1140 11157
11157 1140
1140 16581
16581 1140
1141 1141
1141 1141
1141 7592
7592 1141
1141 7648
7648 1141
1141 19178
19178 1141
1165 1165
1165 1165
1165 7014
7014 1165
1214 6478
6478 1214
1220 255
255 1220
1221 115
115 1221
1221 1221
1221 1221
1221 2134
2134 1221
1221 2497
2497 1221
1221 2936
2936 1221
1221 6845
6845 1221
1221 7574
7574 1221
1221 7575
7575 1221
1221 7610
7610 1221
1221 8353
8353 1221
1221 11460
11460 1221
1221 13270
13270 1221
1221 24555
24555 1221
1230 14920
14920 1230
1235 1235
1235 1235
1235 13337
13337 1235
1244 968
968 1244
1244 19149
19149 1244
1312 255
255 1312
1312 451
451 1312
1312 503
503 1312
1312 1312
1312 1312
1312 4491
4491 1312
1312 6961
6961 1312
1312 11157
11157 1312
1312 12135
12135 1312
1312 14920
14920 1312
1312 24409
24409 1312
1313 1313
1313 1313
1384 18602
18602 1384
1403 1140
1140 1403
1403 1403
1403 1403
1403 2158
2158 1403
1403 7451
7451 1403
1403 7642
7642 1403
1403 7712
7712 1403
1430 1430
1430 1430
1430 2207
2207 1430
1430 4920
4920 1430
1430 5146
5146 1430
1430 5930
5930 1430
1430 7423
7423 1430
1430 7454
7454 1430
1430 7520
7520 1430
1430 7551
7551 1430
1430 7638
7638 1430
1430 7649
7649 1430
1430 7691
7691 1430
1430 7713
7713 1430
1430 21899
21899 1430
1430 24033
24033 1430
1430 24365
24365 1430
1462 255
255 1462
1520 1520
1520 1520
1520 3221
3221 1520
1520 6961
6961 1520
1520 7462
7462 1520
1538 7430
7430 1538
1538 7463
7463 1538
1542 7283
7283 1542
1542 14361
14361 1542
1547 8996
8996 1547
1547 9239
9239 1547
1547 18169
18169 1547
1551 230
230 1551
1551 1121
1121 1551
1551 1551
1551 1551
1551 3657
3657 1551
1551 5544
5544 1551
1551 7633
7633 1551
1551 7679
7679 1551
1551 7710
7710 1551
1551 9007
9007 1551
1551 12789
12789 1551
1551 13786
13786 1551
1551 24537
24537 1551
1581 2819
2819 1581
1582 16880
16880 1582
1585 6073
6073 1585
1631 19023
19023 1631
1632 814
814 1632
1632 1632
1632 1632
1632 2091
2091 1632
1632 3659
3659 1632
1632 6961
6961 1632
1632 7555
7555 1632
1632 9177
9177 1632
1632 9461
9461 1632
1632 11698
11698 1632
1632 11929
11929 1632
1632 16976
16976 1632
1632 17342
17342 1632
1632 18449
18449 1632
1632 20517
20517 1632
1632 21064
21064 1632
1632 23223
23223 1632
1632 24033
24033 1632
1633 5887
5887 1633
1658 613
613 1658
1658 1632
1632 1658
1658 1658
1658 1658
1658 1740
1740 1658
1658 4547
4547 1658
1658 6688
6688 1658
1658 7485
7485 1658
1658 7591
7591 1658
1658 9239
9239 1658
1658 13181
13181 1658
1658 13684
13684 1658
1658 13969
13969 1658
1676 6592
6592 1676
1692 902
902 1692
1692 1692
1692 1692
1692 2134
2134 1692
1692 2997
2997 1692
1692 3428
3428 1692
1692 4186
4186 1692
1692 4452
4452 1692
1692 5411
5411 1692
1692 5887
5887 1692
1692 5892
5892 1692
1692 6478
6478 1692
1692 7241
7241 1692
1692 7283
7283 1692
1692 7370
7370 1692
1692 7640
7640 1692
1692 7645
7645 1692
1692 7675
7675 1692
1692 7711
7711 1692
1692 12894
12894 1692
1692 13383
13383 1692
1692 14595
14595 1692
1708 7258
7258 1708
1734 2384
2384 1734
1740 1165
1165 1740
1740 1658
1658 1740
1740 1740
1740 1740
1740 1822
1822 1740
1740 2583
2583 1740
1740 4208
4208 1740
1740 4242
4242 1740
1740 4928
4928 1740
1740 6790
6790 1740
1740 7241
7241 1740
1740 7402
7402 1740
1740 7443
7443 1740
1740 7524
7524 1740
1740 7529
7529 1740
1740 7555
7555 1740
1740 7611
7611 1740
1740 7665
7665 1740
1740 7704
7704 1740
1740 7720
7720 1740
1740 8996
8996 1740
1740 9007
9007 1740
1740 11657
11657 1740
1740 12677
12677 1740
1740 14034
14034 1740
1740 14691
14691 1740
1740 15688
15688 1740
1740 16067
16067 1740
1740 16420
16420 1740
1740 16900
16900 1740
1740 18381
18381 1740
1740 21240
21240 1740
1740 21913
21913 1740
1740 24385
24385 1740
1740 24682
24682 1740
1740 24722
24722 1740
1741 7704
7704 1741
1784 1784
1784 1784
1819 1819
1819 1819
1822 1822
1822 1822
1822 4567
4567 1822
1822 9239
9239 1822
1822 18574
18574 1822
1822 24707
24707 1822
1842 1842
1842 1842
1846 642
642 1846
1846 1846
1846 1846
1846 2361
2361 1846
1846 2497
2497 1846
1846 2938
2938 1846
1846 4021
4021 1846
1846 4343
4343 1846
1846 5429
5429 1846
1846 5519
5519 1846
1846 7401
7401 1846
1846 7436
7436 1846
1846 7524
7524 1846
1846 7529
7529 1846
1846 7542
7542 1846
1846 7574
7574 1846
1846 7700
7700 1846
1846 9025
9025 1846
1846 13320
13320 1846
1846 16976
16976 1846
1846 17468
17468 1846
1846 18602
18602 1846
1846 24393
24393 1846
1861 90
90 1861
1861 990
990 1861
1887 255
255 1887
1887 1887
1887 1887
1899 503
503 1899
1899 1842
1842 1899
1899 1899
1899 1899
1899 2411
2411 1899
1899 3921
3921 1899
1899 7410
7410 1899
1899 7612
7612 1899
1899 7674
7674 1899
1899 8921
8921 1899
1899 8984
8984 1899
1899 9025
9025 1899
1899 18684
18684 1899
1899 20783
20783 1899
1899 20877
20877 1899
1899 20904
20904 1899
1901 255
255 1901
1901 1901
1901 1901
1901 3411
3411 1901
1901 7478
7478 1901
1901 17472
17472 1901
1913 2939
2939 1913
1913 7586
7586 1913
1934 1934
1934 1934
1934 8984
8984 1934
1934 22276
22276 1934
1934 24252
24252 1934
1951 1951
1951 1951
1951 3756
3756 1951
1951 4482
4482 1951
1951 4765
4765 1951
1951 6124
6124 1951
1951 7258
7258 1951
1951 7411
7411 1951
1951 7470
7470 1951
1951 7504
7504 1951
1951 7533
7533 1951
1951 7536
7536 1951
1951 7556
7556 1951
1951 7565
7565 1951
1951 7585
7585 1951
1951 7586
7586 1951
1951 7589
7589 1951
1951 7675
7675 1951
1951 10811
10811 1951
1951 11835
11835 1951
1951 11929
11929 1951
1951 13756
13756 1951
1951 21786
21786 1951
1951 22276
22276 1951
1951 24169
24169 1951
1951 24695
24695 1951
1951 24721
24721 1951
1971 1109
1109 1971
2014 6450
6450 2014
2015 2015
2015 2015
2022 21699
21699 2022
2036 6002
6002 2036
2048 728
728 2048
2048 1244
1244 2048
2048 2048
2048 2048
2048 3021
3021 2048
2048 6610
6610 2048
2048 7195
7195 2048
2048 7673
7673 2048
2053 19871
19871 2053
2053 24442
24442 2053
2080 6437
6437 2080
2126 2819
2819 2126
2134 54
54 2134
2134 2134
2134 2134
2134 2388
2388 2134
2134 2961
2961 2134
2134 3428
3428 2134
2134 3705
3705 2134
2134 7628
7628 2134
2134 7657
7657 2134
2134 7681
7681 2134
2148 13027
13027 2148
2151 2151
2151 2151
2151 4572
4572 2151
2151 6148
6148 2151
2151 7413
7413 2151
2158 2158
2158 2158
2194 255
255 2194
2194 608
608 2194
2194 1899
1899 2194
2194 2194
2194 2194
2194 2497
2497 2194
2194 2831
2831 2194
2194 3562
3562 2194
2194 4537
4537 2194
2194 4829
4829 2194
2194 5311
5311 2194
2194 5544
5544 2194
2194 6508
6508 2194
2194 6524
6524 2194
2194 7478
7478 2194
2194 8996
8996 2194
2194 9025
9025 2194
2194 11579
11579 2194
2194 11929
11929 2194
2194 12977
12977 2194
2194 14806
14806 2194
2194 14835
14835 2194
2194 16843
16843 2194
2194 20550
20550 2194
2194 21954
21954 2194
2194 24519
24519 2194
2197 115
115 2197
2197 597
597 2197
2197 934
934 2197
2197 1846
1846 2197
2197 2134
2134 2197
2197 2197
2197 2197
2197 4567
4567 2197
2197 5519
5519 2197
2197 5946
5946 2197
2197 6413
6413 2197
2197 7509
7509 2197
2197 7574
7574 2197
2197 7628
7628 2197
2197 7648
7648 2197
2197 7682
7682 2197
2197 8996
8996 2197
2197 9025
9025 2197
2197 13969
13969 2197
2197 16976
16976 2197
2197 17736
17736 2197
2197 20512
20512 2197
2197 21876
21876 2197
2199 4343
4343 2199
2207 1430
1430 2207
2207 4920
4920 2207
2207 7494
7494 2207
2207 24365
24365 2207
2215 115
115 2215
2215 2215
2215 2215
2239 5677
5677 2239
2239 6915
6915 2239
2239 7633
7633 2239
2242 255
255 2242
2242 2242
2242 2242
2304 7512
7512 2304
2304 7609
7609 2304
2307 503
503 2307
2307 2307
2307 2307
2307 5639
5639 2307
2307 7703
7703 2307
2307 9177
9177 2307
2324 18602
18602 2324
2329 2886
2886 2329
2343 7528
7528 2343
2361 285
285 2361
2361 320
320 2361
2361 906
906 2361
2361 2361
2361 2361
2361 4343
4343 2361
2361 5279
5279 2361
2361 5692
5692 2361
2361 6911
6911 2361
2361 7454
7454 2361
2361 7524
7524 2361
2361 7595
7595 2361
2361 7640
7640 2361
2361 7719
7719 2361
2361 13089
13089 2361
2361 17475
17475 2361
2361 18602
18602 2361
2361 21702
21702 2361
2361 24187
24187 2361
2361 24266
24266 2361
2361 24451
24451 2361
2384 213
213 2384
2384 830
830 2384
2384 1165
1165 2384
2384 2384
2384 2384
2384 4343
4343 2384
2384 4572
4572 2384
2384 5331
5331 2384
2384 5538
5538 2384
2384 6098
6098 2384
2384 6450
6450 2384
2384 6524
6524 2384
2384 7055
7055 2384
2384 7548
7548 2384
2384 7633
7633 2384
2384 11313
11313 2384
2384 13786
13786 2384
2384 17349
17349 2384
2384 18602
18602 2384
2384 20904
20904 2384
2387 231
231 2387
2387 255
255 2387
2387 623
623 2387
2387 1632
1632 2387
2387 2387
2387 2387
2387 3946
3946 2387
2387 5435
5435 2387
2387 7269
7269 2387
2387 7462
7462 2387
2387 7698
7698 2387
2387 9025
9025 2387
2387 11819
11819 2387
2387 11929
11929 2387
2387 13089
13089 2387
2387 13969
13969 2387
2387 20355
20355 2387
2387 23223
23223 2387
2387 23320
23320 2387
2388 2134
2134 2388
2388 2388
2388 2388
2392 7367
7367 2392
2397 231
231 2397
2411 255
255 2411
2411 287
287 2411
2411 407
407 2411
2411 1842
1842 2411
2411 2411
2411 2411
2411 2591
2591 2411
2411 3130
3130 2411
2411 5274
5274 2411
2411 6478
6478 2411
2411 7370
7370 2411
2411 7515
7515 2411
2411 17041
17041 2411
2411 22990
22990 2411
2411 24133
24133 2411
2411 24252
24252 2411
2416 726
726 2416
2416 2416
2416 2416
2424 2424
2424 2424
2424 7561
7561 2424
2442 7215
7215 2442
2442 7343
7343 2442
2442 7634
7634 2442
2484 4829
4829 2484
2487 115
115 2487
2487 2487
2487 2487
2487 5152
5152 2487
2487 5274
5274 2487
2487 5409
5409 2487
2487 5429
5429 2487
2487 5435
5435 2487
2487 5519
5519 2487
2487 5660
5660 2487
2487 5677
5677 2487
2487 7225
7225 2487
2487 7509
7509 2487
2487 9025
9025 2487
2487 17840
17840 2487
2487 20355
20355 2487
2491 4183
4183 2491
2491 7460
7460 2491
2491 7490
7490 2491
2491 8289
8289 2491
2491 11698
11698 2491
2497 287
287 2497
2497 1316
1316 2497
2497 1340
1340 2497
2497 1551
1551 2497
2497 1846
1846 2497
2497 1901
1901 2497
2497 2497
2497 2497
2497 3335
3335 2497
2497 3449
3449 2497
2497 4343
4343 2497
2497 4837
4837 2497
2497 7367
7367 2497
2497 7447
7447 2497
2497 7633
7633 2497
2497 7662
7662 2497
2497 7700
7700 2497
2497 10566
10566 2497
2497 11684
11684 2497
2497 16892
16892 2497
2497 17468
17468 2497
2497 18428
18428 2497
2508 255
255 2508
2549 8921
8921 2549
2569 5408
5408 2569
2569 7422
7422 2569
2569 7486
7486 2569
2569 19915
19915 2569
2581 13784
13784 2581
2583 1740
1740 2583
2591 2591
2591 2591
2591 3219
3219 2591
2591 5677
5677 2591
2591 7370
7370 2591
2591 11313
11313 2591
2591 20783
20783 2591
2592 54
54 2592
2592 260
260 2592
2592 1116
1116 2592
2592 1786
1786 2592
2592 2307
2307 2592
2592 2591
2591 2592
2592 2592
2592 2592
2592 2819
2819 2592
2592 4242
4242 2592
2592 4255
4255 2592
2592 4765
4765 2592
2592 6489
6489 2592
2592 6557
6557 2592
2592 6995
6995 2592
2592 7014
7014 2592
2592 7567
7567 2592
2592 7634
7634 2592
2592 7697
7697 2592
2592 9177
9177 2592
2592 12135
12135 2592
2592 14920
14920 2592
2592 23744
23744 2592
2622 2622
2622 2622
2622 4343
4343 2622
2622 20861
20861 2622
2629 255
255 2629
2629 2629
2629 2629
2629 2819
2819 2629
2629 3777
3777 2629
2629 6285
6285 2629
2629 20817
20817 2629
2633 642
642 2633
2636 1015
1015 2636
2636 2636
2636 2636
2636 4183
4183 2636
2655 2819
2819 2655
2687 6435
6435 2687
2687 8993
8993 2687
2700 4343
4343 2700
2748 2748
2748 2748
2748 3219
3219 2748
2748 5854
5854 2748
2748 15848
15848 2748
2787 2787
2787 2787
2794 2794
2794 2794
2794 16591
16591 2794
2794 24037
24037 2794
2811 2811
2811 2811
2811 3293
3293 2811
2811 7472
7472 2811
2811 7643
7643 2811
2815 2815
2815 2815
2815 4186
4186 2815
2819 223
223 2819
2819 2126
2126 2819
2819 2819
2819 2819
2819 3271
3271 2819
2819 3403
3403 2819
2819 3563
3563 2819
2819 3591
3591 2819
2819 4920
4920 2819
2819 5152
5152 2819
2819 6478
6478 2819
2819 7284
7284 2819
2819 9025
9025 2819
2819 11577
11577 2819
2819 13786
13786 2819
2819 14713
14713 2819
2819 19901
19901 2819
2819 20817
20817 2819
2831 642
642 2831
2831 2831
2831 2831
2831 6666
6666 2831
2831 7664
7664 2831
2831 13370
13370 2831
2851 13969
13969 2851
2866 503
503 2866
2872 1133
1133 2872
2872 2872
2872 2872
2872 4343
4343 2872
2872 7529
7529 2872
2872 16892
16892 2872
2886 2329
2329 2886
2886 3591
3591 2886
2914 7020
7020 2914
2931 255
255 2931
2931 626
626 2931
2931 2931
2931 2931
2931 7580
7580 2931
2931 7596
7596 2931
2931 9177
9177 2931
2931 12135
12135 2931
2931 18602
18602 2931
2931 20355
20355 2931
2931 21618
21618 2931
2934 20355
20355 2934
2936 2936
2936 2936
2966 4606
4606 2966
2997 231
231 2997
2997 613
613 2997
2997 934
934 2997
2997 2387
2387 2997
2997 2997
2997 2997
2997 3657
3657 2997
2997 3968
3968 2997
2997 4242
4242 2997
2997 4583
4583 2997
2997 5539
5539 2997
2997 6666
6666 2997
2997 7565
7565 2997
2997 7587
7587 2997
2997 7689
7689 2997
2997 8939
8939 2997
2997 9025
9025 2997
2997 11929
11929 2997
2997 21089
21089 2997
2997 23348
23348 2997
2997 24721
24721 2997
2998 7255
7255 2998
2998 8993
8993 2998
3021 574
574 3021
3021 2048
2048 3021
3021 3021
3021 3021
3021 4208
4208 3021
3021 9682
9682 3021
3021 17472
17472 3021
3023 24226
24226 3023
3049 1846
1846 3049
3049 2487
2487 3049
3049 7620
7620 3049
3049 9025
9025 3049
3049 10121
10121 3049
3049 15698
15698 3049
3113 255
255 3113
3113 3113
3113 3113
3113 7497
7497 3113
3113 11929
11929 3113
3113 16877
16877 3113
3113 24442
24442 3113
3130 3130
3130 3130
3130 6478
6478 3130
3130 7480
7480 3130
3130 14920
14920 3130
3145 14414
14414 3145
3162 21786
21786 3162
3172 3563
3563 3172
3172 4343
4343 3172
3172 5677
5677 3172
3172 5769
5769 3172
3172 7413
7413 3172
3172 7427
7427 3172
3172 7633
7633 3172
3172 7673
7673 3172
3172 9025
9025 3172
3172 15450
15450 3172
3172 20355
20355 3172
3221 3221
3221 3221
3221 4920
4920 3221
3227 858
858 3227
3227 3227
3227 3227
3227 3988
3988 3227
3227 6232
6232 3227
3227 6478
6478 3227
3227 6869
6869 3227
3227 7427
7427 3227
3231 24680
24680 3231
3244 3244
3244 3244
3271 2819
2819 3271
3275 7436
7436 3275
3288 1430
1430 3288
3288 24519
24519 3288
3293 3293
3293 3293
3293 13969
13969 3293
3330 2361
2361 3330
3379 3379
3379 3379
3379 7213
7213 3379
3403 3053
3053 3403
3411 1901
1901 3411
3411 3411
3411 3411
3422 7593
7593 3422
3428 3428
3428 3428
3439 18602
18602 3439
3449 3449
3449 3449
3449 7633
7633 3449
3463 1951
1951 3463
3471 830
830 3471
3528 5435
5435 3528
3528 6524
6524 3528
3528 7430
7430 3528
3561 7324
7324 3561
3562 4928
4928 3562
3562 15602
15602 3562
3570 7055
7055 3570
3570 11861
11861 3570
3591 1822
1822 3591
3591 2329
2329 3591
3591 2819
2819 3591
3591 2886
2886 3591
3591 3219
3219 3591
3591 3591
3591 3591
3591 3659
3659 3591
3591 4280
4280 3591
3591 4920
4920 3591
3591 5811
5811 3591
3591 7324
7324 3591
3591 7326
7326 3591
3591 7599
7599 3591
3591 11929
11929 3591
3591 12720
12720 3591
3591 14901
14901 3591
3591 17695
17695 3591
3591 20817
20817 3591
3591 24365
24365 3591
3609 130
130 3609
3609 525
525 3609
3609 11861
11861 3609
3609 12789
12789 3609
3609 15277
15277 3609
3609 19160
19160 3609
3620 4355
4355 3620
3620 5601
5601 3620
3620 6125
6125 3620
3620 16900
16900 3620
3627 255
255 3627
3627 5677
5677 3627
3627 18602
18602 3627
3627 21786
21786 3627
3652 18401
18401 3652
3656 4685
4685 3656
3656 7486
7486 3656
3657 287
287 3657
3657 726
726 3657
3657 11657
11657 3657
3659 3659
3659 3659
3667 2361
2361 3667
3679 7259
7259 3679
3692 1946
1946 3692
3692 7682
7682 3692
3699 5795
5795 3699
3705 9239
9239 3705
3709 4343
4343 3709
3716 2566
2566 3716
3733 9177
9177 3733
3756 3756
3756 3756
3756 6478
6478 3756
3757 7172
7172 3757
3757 15814
15814 3757
3760 3760
3760 3760
3760 22882
22882 3760
3760 24660
24660 3760
3777 3777
3777 3777
3824 7042
7042 3824
3824 7575
7575 3824
3835 3835
3835 3835
3843 1018
1018 3843
3843 7612
7612 3843
3843 7690
7690 3843
3843 7723
7723 3843
3843 12789
12789 3843
3843 14034
14034 3843
3874 7512
7512 3874
3897 3897
3897 3897
3928 18449
18449 3928
3946 1740
1740 3946
3946 3946
3946 3946
3946 4343
4343 3946
3946 6413
6413 3946
3946 7388
7388 3946
3946 7705
7705 3946
3946 18602
18602 3946
3946 20721
20721 3946
3946 21194
21194 3946
3946 23320
23320 3946
3986 7567
7567 3986
3988 115
115 3988
4021 1846
1846 4021
4048 9842
9842 4048
4086 4086
4086 4086
4086 7716
7716 4086
4115 4115
4115 4115
4126 4160
4160 4126
4154 24226
24226 4154
4158 16775
16775 4158
4160 2151
2151 4160
4160 4160
4160 4160
4160 7413
7413 4160
4173 4173
4173 4173
4173 5274
5274 4173
4183 2636
2636 4183
4183 5311
5311 4183
4183 5946
5946 4183
4183 14010
14010 4183
4186 987
987 4186
4186 2815
2815 4186
4186 7657
7657 4186
4186 8102
8102 4186
4196 0
0 4196
4196 613
613 4196
4208 44
44 4208
4208 1740
1740 4208
4208 3021
3021 4208
4208 4208
4208 4208
4208 4242
4242 4208
4208 14469
14469 4208
4237 642
642 4237
4237 1846
1846 4237
4237 2194
2194 4237
4237 4237
4237 4237
4237 5946
5946 4237
4237 13181
13181 4237
4237 16892
16892 4237
4237 16976
16976 4237
4237 19355
19355 4237
4242 115
115 4242
4242 172
172 4242
4242 503
503 4242
4242 596
596 4242
4242 830
830 4242
4242 858
858 4242
4242 1431
1431 4242
4242 1507
1507 4242
4242 1632
1632 4242
4242 1740
1740 4242
4242 1899
1899 4242
4242 2760
2760 4242
4242 2831
2831 4242
4242 4208
4208 4242
4242 4242
4242 4242
4242 4343
4343 4242
4242 4617
4617 4242
4242 4685
4685 4242
4242 4721
4721 4242
4242 5411
5411 4242
4242 6309
6309 4242
4242 6483
6483 4242
4242 6714
6714 4242
4242 6790
6790 4242
4242 7326
7326 4242
4242 7368
7368 4242
4242 7431
7431 4242
4242 7433
7433 4242
4242 7460
7460 4242
4242 7472
7472 4242
4242 7504
7504 4242
4242 7508
7508 4242
4242 7517
7517 4242
4242 7535
7535 4242
4242 7569
7569 4242
4242 7643
7643 4242
4242 7651
7651 4242
4242 7665
7665 4242
4242 7702
7702 4242
4242 8321
8321 4242
4242 8996
8996 4242
4242 9025
9025 4242
4242 9842
9842 4242
4242 11779
11779 4242
4242 13089
13089 4242
4242 13099
13099 4242
4242 13717
13717 4242
4242 13756
13756 4242
4242 13969
13969 4242
4242 14034
14034 4242
4242 14691
14691 4242
4242 16067
16067 4242
4242 16613
16613 4242
4242 16843
16843 4242
4242 16892
16892 4242
4242 17290
17290 4242
4242 17966
17966 4242
4242 18381
18381 4242
4242 18602
18602 4242
4242 19427
19427 4242
4242 19901
19901 4242
4242 20355
20355 4242
4242 21913
21913 4242
4242 22513
22513 4242
4242 23298
23298 4242
4242 23744
23744 4242
4242 24187
24187 4242
4242 24275
24275 4242
4242 24518
24518 4242
4242 24519
24519 4242
4253 19650
19650 4253
4255 255
255 4255
4255 4255
4255 4255
4255 4685
4685 4255
4255 7413
7413 4255
4255 7514
7514 4255
4255 10566
10566 4255
4255 17342
17342 4255
4255 17977
17977 4255
4274 4274
4274 4274
4282 20992
20992 4282
4324 642
642 4324
4330 2794
2794 4330
4330 7562
7562 4330
4330 7570
7570 4330
4330 7612
7612 4330
4331 1899
1899 4331
4331 2411
2411 4331
4331 4331
4331 4331
4331 5274
5274 4331
4331 5677
5677 4331
4331 6478
6478 4331
4331 7485
7485 4331
4331 9025
9025 4331
4331 13763
13763 4331
4331 14806
14806 4331
4331 14888
14888 4331
4331 18709
18709 4331
4331 22990
22990 4331
4340 1899
1899 4340
4340 5887
5887 4340
4340 6478
6478 4340
4343 642
642 4343
4343 833
833 4343
4343 2497
2497 4343
4343 2831
2831 4343
4343 4343
4343 4343
4343 5052
5052 4343
4343 5274
5274 4343
4343 5311
5311 4343
4343 6591
6591 4343
4343 11929
11929 4343
4343 13343
13343 4343
4343 15447
15447 4343
4343 18602
18602 4343
4343 24033
24033 4343
4388 4388
4388 4388
4388 16018
16018 4388
4407 503
503 4407
4407 4407
4407 4407
4407 7470
7470 4407
4440 3756
3756 4440
4440 4572
4572 4440
4440 5325
5325 4440
4440 5697
5697 4440
4440 7444
7444 4440
4440 7537
7537 4440
4440 7556
7556 4440
4444 18764
18764 4444
4444 21089
21089 4444
4452 4452
4452 4452
4482 115
115 4482
4567 4567
4567 4567
4567 7617
7617 4567
4567 9239
9239 4567
4567 24707
24707 4567
4572 287
287 4572
4572 2151
2151 4572
4572 2384
2384 4572
4572 4572
4572 4572
4601 4601
4601 4601
4617 4617
4617 4617
4617 9239
9239 4617
4660 4660
4660 4660
4685 255
255 4685
4685 503
503 4685
4685 1951
1951 4685
4685 2091
2091 4685
4685 3656
3656 4685
4685 4685
4685 4685
4685 6124
6124 4685
4685 6483
6483 4685
4685 7176
7176 4685
4685 7287
7287 4685
4685 13969
13969 4685
4685 17840
17840 4685
4685 17977
17977 4685
4685 19426
19426 4685
4685 23933
23933 4685
4704 11936
11936 4704
4721 4721
4721 4721
4721 20567
20567 4721
4765 1951
1951 4765
4781 24721
24721 4781
4785 5539
5539 4785
4802 4802
4802 4802
4802 7556
7556 4802
4811 5420
5420 4811
4829 3714
3714 4829
4829 4829
4829 4829
4829 11929
11929 4829
4837 4837
4837 4837
4869 7633
7633 4869
4879 4879
4879 4879
4879 21079
21079 4879
4879 21800
21800 4879
4913 4913
4913 4913
4920 2819
2819 4920
4920 3221
3221 4920
4920 3591
3591 4920
4920 4491
4491 4920
4920 4920
4920 4920
4920 5409
5409 4920
4920 6544
6544 4920
4920 7438
7438 4920
4920 7599
7599 4920
4920 9969
9969 4920
4920 11929
11929 4920
4920 19901
19901 4920
4920 24365
24365 4920
4926 7042
7042 4926
4926 7577
7577 4926
4926 7684
7684 4926
4926 20517
20517 4926
4928 3562
3562 4928
4928 4928
4928 4928
4928 6478
6478 4928
4928 7511
7511 4928
4928 14386
14386 4928
4928 22506
22506 4928
4928 24252
24252 4928
4928 24393
24393 4928
4952 4952
4952 4952
4952 5748
5748 4952
4952 7492
7492 4952
4952 7522
7522 4952
4952 7575
7575 4952
5052 2387
2387 5052
5052 4343
4343 5052
5052 13969
13969 5052
5052 18602
18602 5052
5107 1899
1899 5107
5112 5112
5112 5112
5112 13003
13003 5112
5127 5127
5127 5127
5127 12135
12135 5127
5140 9057
9057 5140
5143 13786
13786 5143
5146 1430
1430 5146
5146 24707
24707 5146
5152 2819
2819 5152
5152 5152
5152 5152
5152 5429
5429 5152
5152 6478
6478 5152
5152 7283
7283 5152
5152 11313
11313 5152
5152 11861
11861 5152
5152 16018
16018 5152
5158 5158
5158 5158
5160 3145
3145 5160
5178 2819
2819 5178
5178 4343
4343 5178
5178 7461
7461 5178
5178 7599
7599 5178
5178 7649
7649 5178
5178 20817
20817 5178
5196 14386
14386 5196
5238 833
833 5238
5261 5697
5697 5261
5261 7582
7582 5261
5274 255
255 5274
5274 5127
5127 5274
5274 5274
5274 5274
5274 6478
6478 5274
5274 11835
11835 5274
5274 19149
19149 5274
5279 6666
6666 5279
5282 11313
11313 5282
5284 1018
1018 5284
5284 5284
5284 5284
5284 16998
16998 5284
5284 19554
19554 5284
5296 5296
5296 5296
5296 6047
6047 5296
5311 285
285 5311
5311 2194
2194 5311
5311 3335
3335 5311
5311 3657
3657 5311
5311 3714
3714 5311
5311 4183
4183 5311
5311 4274
4274 5311
5311 4343
4343 5311
5311 5311
5311 5311
5311 5364
5364 5311
5311 6450
6450 5311
5311 6591
6591 5311
5311 7074
7074 5311
5311 7343
7343 5311
5311 7486
7486 5311
5311 7681
7681 5311
5311 9553
9553 5311
5312 3777
3777 5312
5325 5325
5325 5325
5329 525
525 5329
5329 6478
6478 5329
5329 7259
7259 5329
5331 2384
2384 5331
5338 7604
7604 5338
5345 11929
11929 5345
5345 17076
17076 5345
5345 19355
19355 5345
5364 5311
5311 5364
5408 2569
2569 5408
5408 5408
5408 5408
5408 5697
5697 5408
5408 6478
6478 5408
5408 7464
7464 5408
5408 7537
7537 5408
5408 16513
16513 5408
5409 503
503 5409
5409 1015
1015 5409
5409 1551
1551 5409
5409 3335
3335 5409
5409 5409
5409 5409
5409 7633
7633 5409
5409 11698
11698 5409
5409 11929
11929 5409
5409 21786
21786 5409
5411 2361
2361 5411
5411 4242
4242 5411
5411 5411
5411 5411
5411 7283
7283 5411
5411 15361
15361 5411
5427 5427
5427 5427
5427 7577
7577 5427
5427 17675
17675 5427
5429 1316
1316 5429
5429 1846
1846 5429
5429 5429
5429 5429
5429 20355
20355 5429
5430 5430
5430 5430
5435 5435
5435 5435
5435 7470
7470 5435
5435 20355
20355 5435
5435 24252
24252 5435
5477 1431
1431 5477
5477 12677
12677 5477
5485 2819
2819 5485
5489 20783
20783 5489
5516 5516
5516 5516
5517 5517
5517 5517
5519 255
255 5519
5519 613
613 5519
5519 642
642 5519
5519 1846
1846 5519
5519 1899
1899 5519
5519 2048
2048 5519
5519 2197
2197 5519
5519 2324
2324 5519
5519 2361
2361 5519
5519 3335
3335 5519
5519 5429
5429 5519
5519 5519
5519 5519
5519 5753
5753 5519
5519 6002
6002 5519
5519 6124
6124 5519
5519 6437
6437 5519
5519 6450
6450 5519
5519 6478
6478 5519
5519 6666
6666 5519
5519 7225
7225 5519
5519 7295
7295 5519
5519 7392
7392 5519
5519 7528
7528 5519
5519 11698
11698 5519
5519 11929
11929 5519
5519 11967
11967 5519
5519 13131
13131 5519
5519 14387
14387 5519
5519 16976
16976 5519
5519 18602
18602 5519
5519 18709
18709 5519
5519 18919
18919 5519
5519 20292
20292 5519
5519 20817
20817 5519
5519 21786
21786 5519
5519 21876
21876 5519
5519 22513
22513 5519
5519 24252
24252 5519
5519 24451
24451 5519
5539 726
726 5539
5539 5539
5539 5539
5539 11979
11979 5539
5544 2194
2194 5544
5544 5544
5544 5544
5544 20550
20550 5544
5547 3506
3506 5547
5625 9026
9026 5625
5639 155
155 5639
5639 2307
2307 5639
5639 5279
5279 5639
5639 5639
5639 5639
5639 6351
6351 5639
5639 7471
7471 5639
5639 7550
7550 5639
5639 15361
15361 5639
5639 23707
23707 5639
5644 1639
1639 5644
5644 5644
5644 5644
5644 7428
7428 5644
5645 3657
3657 5645
5645 5311
5311 5645
5659 24310
24310 5659
5660 2487
2487 5660
5677 1133
1133 5677
5677 1221
1221 5677
5677 2134
2134 5677
5677 2239
2239 5677
5677 3627
3627 5677
5677 4331
4331 5677
5677 5677
5677 5677
5677 7225
7225 5677
5677 8102
8102 5677
5677 10121
10121 5677
5677 14806
14806 5677
5677 18764
18764 5677
5677 19827
19827 5677
5677 24404
24404 5677
5677 24409
24409 5677
5692 2361
2361 5692
5692 5692
5692 5692
5697 5697
5697 5697
5730 608
608 5730
5730 5730
5730 5730
5748 5748
5748 5748
5748 7450
7450 5748
5753 54
54 5753
5753 606
606 5753
5753 2361
2361 5753
5753 5539
5539 5753
5753 5753
5753 5753
5753 5887
5887 5753
5753 7478
7478 5753
5753 7681
7681 5753
5753 7696
7696 5753
5753 16843
16843 5753
5753 18602
18602 5753
5769 1951
1951 5769
5769 5769
5769 5769
5769 7387
7387 5769
5769 7547
7547 5769
5769 9524
9524 5769
5769 19421
19421 5769
5769 20550
20550 5769
5769 21786
21786 5769
5793 503
503 5793
5795 255
255 5795
5795 5795
5795 5795
5795 7223
7223 5795
5795 11700
11700 5795
5795 16898
16898 5795
5801 830
830 5801
5801 2134
2134 5801
5801 2361
2361 5801
5801 5801
5801 5801
5801 7681
7681 5801
5801 7719
7719 5801
5801 18602
18602 5801
5811 5274
5274 5811
5811 5811
5811 5811
5829 642
642 5829
5829 7427
7427 5829
5866 7283
7283 5866
5887 54
54 5887
5887 1105
1105 5887
5887 1951
1951 5887
5887 5536
5536 5887
5887 5887
5887 5887
5887 12123
12123 5887
5887 13141
13141 5887
5887 19105
19105 5887
5892 5892
5892 5892
5892 7283
7283 5892
5892 13684
13684 5892
5892 15688
15688 5892
5892 24033
24033 5892
5895 2831
2831 5895
5899 255
255 5899
5899 24393
24393 5899
5915 17675
17675 5915
5930 255
255 5930
5930 1430
1430 5930
5930 2569
2569 5930
5930 6450
6450 5930
5946 44
44 5946
5946 613
613 5946
5946 642
642 5946
5946 1692
1692 5946
5946 2361
2361 5946
5946 2388
2388 5946
5946 2497
2497 5946
5946 4183
4183 5946
5946 5311
5311 5946
5946 5409
5409 5946
5946 5429
5429 5946
5946 5946
5946 5946
5946 5997
5997 5946
5946 6002
6002 5946
5946 7478
7478 5946
5946 7509
7509 5946
5946 7524
7524 5946
5946 7672
7672 5946
5946 7704
7704 5946
5946 9025
9025 5946
5946 14010
14010 5946
5946 18602
18602 5946
5946 20292
20292 5946
5946 22513
22513 5946
5949 5949
5949 5949
5949 6437
6437 5949
5969 7556
7556 5969
5969 7695
7695 5969
5969 21064
21064 5969
5997 7672
7672 5997
6002 6002
6002 6002
6033 1901
1901 6033
6033 6478
6478 6033
6033 6666
6666 6033
6047 1757
1757 6047
6047 5296
5296 6047
6047 6047
6047 6047
6047 6971
6971 6047
6047 7531
7531 6047
6047 7550
7550 6047
6047 7592
7592 6047
6047 15361
15361 6047
6047 19871
19871 6047
6054 155
155 6054
6063 7508
7508 6063
6066 5677
5677 6066
6073 1585
1585 6073
6095 1899
1899 6095
6098 6098
6098 6098
6103 9553
9553 6103
6113 1133
1133 6113
6124 831
831 6124
6124 1951
1951 6124
6124 2411
2411 6124
6124 4685
4685 6124
6124 6124
6124 6124
6124 7512
7512 6124
6124 8870
8870 6124
6124 17977
17977 6124
6125 155
155 6125
6125 5427
5427 6125
6125 6125
6125 6125
6125 12123
12123 6125
6125 17675
17675 6125
6148 2151
2151 6148
6172 6172
6172 6172
6172 7305
7305 6172
6201 7690
7690 6201
6201 16900
16900 6201
6210 6589
6589 6210
6213 21356
21356 6213
6218 1846
1846 6218
6226 9239
9239 6226
6226 24226
24226 6226
6232 503
503 6232
6232 3227
3227 6232
6232 4340
4340 6232
6232 6232
6232 6232
6240 6247
6247 6240
6240 6666
6666 6240
6247 5178
5178 6247
6247 6247
6247 6247
6247 7432
7432 6247
6278 1105
1105 6278
6278 2158
2158 6278
6278 7648
7648 6278
6285 2629
2629 6285
6285 6285
6285 6285
6285 7502
7502 6285
6285 9969
9969 6285
6312 7688
7688 6312
6312 13485
13485 6312
6322 6322
6322 6322
6333 6333
6333 6333
6333 24224
24224 6333
6346 11929
11929 6346
6351 5639
5639 6351
6354 1551
1551 6354
6354 3562
3562 6354
6354 4928
4928 6354
6354 9695
9695 6354
6354 17824
17824 6354
6354 24722
24722 6354
6382 18602
18602 6382
6413 2197
2197 6413
6413 3946
3946 6413
6413 6413
6413 6413
6417 2134
2134 6417
6442 1235
1235 6442
6442 2831
2831 6442
6442 7244
7244 6442
6476 230
230 6476
6478 255
255 6478
6478 269
269 6478
6478 2569
2569 6478
6478 3130
3130 6478
6478 3756
3756 6478
6478 4928
4928 6478
6478 5408
5408 6478
6478 6478
6478 6478
6478 7664
7664 6478
6478 7723
7723 6478
6478 15174
15174 6478
6478 15617
15617 6478
6478 20812
20812 6478
6483 4242
4242 6483
6483 6483
6483 6483
6483 18698
18698 6483
6483 23348
23348 6483
6489 6489
6489 6489
6490 3219
3219 6490
6496 6591
6591 6496
6496 7560
7560 6496
6497 9553
9553 6497
6508 2194
2194 6508
6508 6508
6508 6508
6520 6520
6520 6520
6520 18619
18619 6520
6524 2384
2384 6524
6524 8995
8995 6524
6527 255
255 6527
6527 6527
6527 6527
6544 4920
4920 6544
6557 255
255 6557
6557 3244
3244 6557
6557 6557
6557 6557
6557 7411
7411 6557
6557 7672
7672 6557
6557 7694
7694 6557
6557 13578
13578 6557
6557 17824
17824 6557
6591 5311
5311 6591
6591 6591
6591 6591
6591 7529
7529 6591
6591 16591
16591 6591
6592 1676
1676 6592
6592 6592
6592 6592
6592 11657
11657 6592
6611 7518
7518 6611
6611 13027
13027 6611
6634 6634
6634 6634
6638 3968
3968 6638
6638 20812
20812 6638
6651 7415
7415 6651
6652 623
623 6652
6666 4086
4086 6666
6666 5279
5279 6666
6666 6054
6054 6666
6666 6666
6666 6666
6666 7413
7413 6666
6666 7442
7442 6666
6666 11929
11929 6666
6666 12123
12123 6666
6666 20550
20550 6666
6687 1784
1784 6687
6687 7542
7542 6687
6687 7685
7685 6687
6688 1658
1658 6688
6714 6714
6714 6714
6735 642
642 6735
6736 3227
3227 6736
6736 7223
7223 6736
6736 7664
7664 6736
6740 6747
6747 6740
6747 6740
6740 6747
6750 6100
6100 6750
6755 5312
5312 6755
6755 24519
24519 6755
6763 9026
9026 6763
6769 6961
6961 6769
6769 16581
16581 6769
6780 188
188 6780
6780 503
503 6780
6780 2384
2384 6780
6780 4343
4343 6780
6780 4617
4617 6780
6780 4920
4920 6780
6780 5331
5331 6780
6780 6780
6780 6780
6780 7413
7413 6780
6780 9524
9524 6780
6780 9724
9724 6780
6780 11899
11899 6780
6780 13485
13485 6780
6780 18602
18602 6780
6780 19421
19421 6780
6780 21064
21064 6780
6780 23744
23744 6780
6780 24226
24226 6780
6780 24310
24310 6780
6790 4242
4242 6790
6790 21913
21913 6790
6812 6812
6812 6812
6845 6845
6845 6845
6845 7704
7704 6845
6845 11698
11698 6845
6850 2497
2497 6850
6850 5854
5854 6850
6911 2361
2361 6911
6915 6915
6915 6915
6917 13196
13196 6917
6930 6930
6930 6930
6930 11157
11157 6930
6955 16976
16976 6955
6960 7438
7438 6960
6961 503
503 6961
6961 6961
6961 6961
6961 9239
9239 6961
6961 9524
9524 6961
6961 11698
11698 6961
6961 13459
13459 6961
6961 23223
23223 6961
6961 24033
24033 6961
6971 6971
6971 6971
6975 5435
5435 6975
6975 6098
6098 6975
6999 9626
9626 6999
7006 255
255 7006
7014 1165
1165 7014
7014 7014
7014 7014
7026 7026
7026 7026
7038 2091
2091 7038
7045 7567
7567 7045
7055 115
115 7055
7055 2384
2384 7055
7055 7055
7055 7055
7055 11861
11861 7055
7065 7065
7065 7065
7082 7082
7082 7082
7131 7131
7131 7131
7133 7648
7648 7133
7133 16976
16976 7133
7139 7622
7622 7139
7139 9026
9026 7139
7139 24033
24033 7139
7172 7172
7172 7172
7172 7415
7415 7172
7172 15814
15814 7172
7176 4685
4685 7176
7176 19426
19426 7176
7188 1757
1757 7188
7188 7188
7188 7188
7205 7205
7205 7205
7213 3379
3379 7213
7214 503
503 7214
7215 7215
7215 7215
7219 137
137 7219
7223 7223
7223 7223
7224 7224
7224 7224
7225 642
642 7225
7225 5677
5677 7225
7225 7225
7225 7225
7239 1899
1899 7239
7241 1740
1740 7241
7241 7241
7241 7241
7244 6442
6442 7244
7244 7244
7244 7244
7258 255
255 7258
7258 7258
7258 7258
7258 7413
7413 7258
7258 11779
11779 7258
7269 7269
7269 7269
7283 5152
5152 7283
7283 5539
5539 7283
7283 5866
5866 7283
7283 5892
5892 7283
7283 7283
7283 7283
7283 7424
7424 7283
7283 7466
7466 7283
7283 7540
7540 7283
7283 15024
15024 7283
7283 21240
21240 7283
7284 2819
2819 7284
7284 6351
6351 7284
7284 7284
7284 7284
7284 7648
7648 7284
7292 7292
7292 7292
7298 7298
7298 7298
7305 7305
7305 7305
7305 14386
14386 7305
7324 3561
3561 7324
7324 7439
7439 7324
7326 3591
3591 7326
7326 4242
4242 7326
7326 7326
7326 7326
7326 18764
18764 7326
7336 18602
18602 7336
7341 1096
1096 7341
7343 7343
7343 7343
7343 24033
24033 7343
7345 5915
5915 7345
7345 20355
20355 7345
7365 11872
11872 7365
7366 4242
4242 7366
7368 6290
6290 7368
7368 7368
7368 7368
7368 18689
18689 7368
7369 7369
7369 7369
7370 2411
2411 7370
7370 7370
7370 7370
7370 7702
7702 7370
7370 13684
13684 7370
7370 14806
14806 7370
7370 18764
18764 7370
7370 19355
19355 7370
7385 285
285 7385
7385 6478
6478 7385
7387 7387
7387 7387
7388 3946
3946 7388
7401 7401
7401 7401
7402 7402
7402 7402
7404 2361
2361 7404
7407 8996
8996 7407
7409 21786
21786 7409
7410 623
623 7410
7410 7387
7387 7410
7411 3219
3219 7411
7411 7411
7411 7411
7412 12198
12198 7412
7415 21
21 7415
7415 6651
6651 7415
7415 7172
7172 7415
7415 7415
7415 7415
7416 5677
5677 7416
7417 7417
7417 7417
7418 7479
7479 7418
7420 7420
7420 7420
7421 7420
7420 7421
7422 2569
2569 7422
7422 3563
3563 7422
7422 5697
5697 7422
7422 7526
7526 7422
7422 23936
23936 7422
7423 7295
7295 7423
7424 7424
7424 7424
7427 642
642 7427
7427 7427
7427 7427
7427 16976
16976 7427
7427 19938
19938 7427
7427 20355
20355 7427
7428 5644
5644 7428
7428 20355
20355 7428
7430 7430
7430 7430
7432 7432
7432 7432
7432 13270
13270 7432
7433 7433
7433 7433
7434 6532
6532 7434
7434 7144
7144 7434
7435 7435
7435 7435
7436 642
642 7436
7436 7436
7436 7436
7437 968
968 7437
7438 4920
4920 7438
7438 6960
6960 7438
7438 19901
19901 7438
7442 3227
3227 7442
7442 7442
7442 7442
7442 22807
22807 7442
7443 7443
7443 7443
7444 5075
5075 7444
7444 7444
7444 7444
7444 17977
17977 7444
7445 18602
18602 7445
7448 11835
11835 7448
7449 11835
11835 7449
7454 2361
2361 7454
7454 7454
7454 7454
7455 22634
22634 7455
7460 4242
4242 7460
7461 395
395 7461
7461 7461
7461 7461
7461 19685
19685 7461
7462 19901
19901 7462
7464 5408
5408 7464
7464 7464
7464 7464
7466 7466
7466 7466
7467 574
574 7467
7468 623
623 7468
7469 7569
7569 7469
7470 1584
1584 7470
7470 5435
5435 7470
7470 7434
7434 7470
7470 7470
7470 7470
7470 7504
7504 7470
7470 7540
7540 7470
7470 7634
7634 7470
7470 16581
16581 7470
7471 7471
7471 7471
7473 11684
11684 7473
7474 9524
9524 7474
7477 24224
24224 7477
7478 1901
1901 7478
7478 5946
5946 7478
7478 6098
6098 7478
7478 7478
7478 7478
7478 7504
7504 7478
7478 14387
14387 7478
7478 16843
16843 7478
7478 18056
18056 7478
7478 20517
20517 7478
7480 22990
22990 7480
7483 19149
19149 7483
7485 4331
4331 7485
7485 7485
7485 7485
7486 1585
1585 7486
7486 2569
2569 7486
7486 3656
3656 7486
7486 5311
5311 7486
7488 7485
7485 7488
7490 13763
13763 7490
7490 22990
22990 7490
7491 3993
3993 7491
7493 255
255 7493
7494 2207
2207 7494
7495 3921
3921 7495
7501 255
255 7501
7502 6285
6285 7502
7503 7497
7497 7503
7504 1116
1116 7504
7504 7470
7470 7504
7504 7478
7478 7504
7504 7504
7504 7504
7507 7447
7447 7507
7508 4242
4242 7508
7508 7508
7508 7508
7509 4452
4452 7509
7509 5946
5946 7509
7509 7509
7509 7509
7511 4928
4928 7511
7511 7511
7511 7511
7513 24707
24707 7513
7514 7514
7514 7514
7515 255
255 7515
7518 6611
6611 7518
7518 7518
7518 7518
7519 4384
4384 7519
7520 1430
1430 7520
7521 10932
10932 7521
7522 4952
4952 7522
7523 7523
7523 7523
7524 5946
5946 7524
7524 7524
7524 7524
7525 7172
7172 7525
7525 24670
24670 7525
7528 5519
5519 7528
7528 7528
7528 7528
7529 1105
1105 7529
7529 2872
2872 7529
7529 7529
7529 7529
7529 19355
19355 7529
7531 252
252 7531
7531 6047
6047 7531
7531 7531
7531 7531
7532 7532
7532 7532
7535 7535
7535 7535
7537 7537
7537 7537
7538 2361
2361 7538
7538 4343
4343 7538
7538 7501
7501 7538
7538 7538
7538 7538
7538 13027
13027 7538
7538 18428
18428 7538
7540 7470
7470 7540
7540 7540
7540 7540
7540 14920
14920 7540
7541 15319
15319 7541
7542 1846
1846 7542
7542 6687
6687 7542
7543 24531
24531 7543
7544 7544
7544 7544
7544 9177
9177 7544
7547 5769
5769 7547
7547 7547
7547 7547
7548 213
213 7548
7549 285
285 7549
7550 6047
6047 7550
7550 7550
7550 7550
7550 18619
18619 7550
7551 111
111 7551
7552 7658
7658 7552
7555 1740
1740 7555
7555 7555
7555 7555
7555 7622
7622 7555
7555 11488
11488 7555
7555 24682
24682 7555
7556 2922
2922 7556
7557 5051
5051 7557
7559 3760
3760 7559
7559 7140
7140 7559
7559 10260
10260 7559
7561 7561
7561 7561
7566 16018
16018 7566
7567 7567
7567 7567
7567 9239
9239 7567
7568 626
626 7568
7570 7570
7570 7570
7572 3403
3403 7572
7573 596
596 7573
7574 7574
7574 7574
7575 255
255 7575
7575 269
269 7575
7575 503
503 7575
7575 4952
4952 7575
7575 7575
7575 7575
7576 19683
19683 7576
7577 7577
7577 7577
7579 7648
7648 7579
7580 7580
7580 7580
7580 24226
24226 7580
7582 7582
7582 7582
7583 830
830 7583
7583 7583
7583 7583
7584 255
255 7584
7586 1913
1913 7586
7586 7586
7586 7586
7586 9239
9239 7586
7587 2997
2997 7587
7589 7585
7585 7589
7589 7589
7589 7589
7590 7590
7590 7590
7590 18602
18602 7590
7591 13181
13181 7591
7593 3422
3422 7593
7593 4660
4660 7593
7593 7593
7593 7593
7593 7605
7605 7593
7594 6478
6478 7594
7595 7595
7595 7595
7595 22882
22882 7595
7595 24033
24033 7595
7596 7580
7580 7596
7596 23904
23904 7596
7597 7597
7597 7597
7599 7599
7599 7599
7599 19143
19143 7599
7601 18602
18602 7601
7601 23744
23744 7601
7605 7593
7593 7605
7606 7606
7606 7606
7607 2184
2184 7607
7609 503
503 7609
7609 6478
6478 7609
7610 22513
22513 7610
7611 7611
7611 7611
7611 21240
21240 7611
7612 1899
1899 7612
7615 7615
7615 7615
7617 4567
4567 7617
7619 24722
24722 7619
7621 13027
13027 7621
7622 7555
7555 7622
7623 12135
12135 7623
7624 8321
8321 7624
7625 7621
7621 7625
7626 20883
20883 7626
7628 7628
7628 7628
7629 6478
6478 7629
7630 2400
2400 7630
7630 7630
7630 7630
7630 7648
7648 7630
7630 7693
7693 7630
7630 11929
11929 7630
7631 15277
15277 7631
7632 1476
1476 7632
7635 23348
23348 7635
7636 22882
22882 7636
7637 804
804 7637
7637 7637
7637 7637
7640 906
906 7640
7640 2361
2361 7640
7641 14876
14876 7641
7643 4242
4242 7643
7643 7643
7643 7643
7644 7644
7644 7644
7645 1692
1692 7645
7646 11698
11698 7646
7647 24180
24180 7647
7648 285
285 7648
7648 6278
6278 7648
7648 7133
7133 7648
7648 7630
7630 7648
7648 7648
7648 7648
7648 7691
7691 7648
7648 15332
15332 7648
7648 16900
16900 7648
7648 16976
16976 7648
7648 19938
19938 7648
7649 7649
7649 7649
7650 503
503 7650
7653 18917
18917 7653
7654 7654
7654 7654
7656 7656
7656 7656
7657 4186
4186 7657
7658 7552
7552 7658
7659 596
596 7659
7660 7660
7660 7660
7662 2497
2497 7662
7663 7497
7497 7663
7664 2831
2831 7664
7664 6868
6868 7664
7664 7664
7664 7664
7664 16581
16581 7664
7664 19138
19138 7664
7671 7671
7671 7671
7671 23707
23707 7671
7671 23921
23921 7671
7672 5997
5997 7672
7674 19172
19172 7674
7674 24722
24722 7674
7675 1951
1951 7675
7675 7675
7675 7675
7677 2467
2467 7677
7678 7678
7678 7678
7679 7679
7679 7679
7680 7680
7680 7680
7681 2134
2134 7681
7681 5801
5801 7681
7681 7681
7681 7681
7681 13003
13003 7681
7681 18689
18689 7681
7682 7682
7682 7682
7683 15229
15229 7683
7684 7684
7684 7684
7687 7687
7687 7687
7688 7688
7688 7688
7691 7691
7691 7691
7692 14386
14386 7692
7693 19882
19882 7693
7694 6489
6489 7694
7695 5969
5969 7695
7695 7695
7695 7695
7695 21089
21089 7695
7696 7696
7696 7696
7700 2497
2497 7700
7702 4242
4242 7702
7702 7702
7702 7702
7702 11779
11779 7702
7702 24518
24518 7702
7703 7703
7703 7703
7704 5946
5946 7704
7704 7704
7704 7704
7706 7706
7706 7706
7708 8939
8939 7708
7710 876
876 7710
7710 1551
1551 7710
7711 7711
7711 7711
7713 4920
4920 7713
7713 9113
9113 7713
7720 1740
1740 7720
7778 4343
4343 7778
7778 4982
4982 7778
7778 5677
5677 7778
7778 7430
7430 7778
7778 7778
7778 7778
7778 13553
13553 7778
7778 21786
21786 7778
7816 503
503 7816
8049 16976
16976 8049
8102 1133
1133 8102
8102 7292
7292 8102
8102 22990
22990 8102
8107 18056
18056 8107
8199 7415
7415 8199
8321 4920
4920 8321
8321 8321
8321 8321
8321 22276
22276 8321
8353 8353
8353 8353
8353 11460
11460 8353
8353 12539
12539 8353
8353 20512
20512 8353
8363 5519
5519 8363
8436 9239
9239 8436
8638 199
199 8638
8984 115
115 8984
8984 125
125 8984
8984 1899
1899 8984
8984 2794
2794 8984
8984 4331
4331 8984
8984 8984
8984 8984
8984 16601
16601 8984
8984 20783
20783 8984
8993 2687
2687 8993
8993 8993
8993 8993
8995 1221
1221 8995
8995 6478
6478 8995
8995 6524
6524 8995
8995 8995
8995 8995
8995 16018
16018 8995
8996 230
230 8996
8996 287
287 8996
8996 613
613 8996
8996 830
830 8996
8996 1351
1351 8996
8996 1887
1887 8996
8996 2819
2819 8996
8996 3227
3227 8996
8996 4242
4242 8996
8996 4920
4920 8996
8996 5311
5311 8996
8996 5409
5409 8996
8996 6066
6066 8996
8996 6098
6098 8996
8996 6478
6478 8996
8996 6524
6524 8996
8996 7555
7555 8996
8996 7609
7609 8996
8996 7703
7703 8996
8996 8996
8996 8996
8996 11929
11929 8996
8996 12394
12394 8996
8996 12789
12789 8996
8996 13204
13204 8996
8996 14806
14806 8996
8996 14888
14888 8996
8996 17290
17290 8996
8996 24033
24033 8996
8996 24233
24233 8996
8996 24252
24252 8996
9005 0
0 9005
9005 9005
9005 9005
9005 11076
11076 9005
9005 24728
24728 9005
9007 9007
9007 9007
9011 231
231 9011
9011 1520
1520 9011
9011 2239
2239 9011
9011 2794
2794 9011
9011 4160
4160 9011
9011 4928
4928 9011
9011 6063
6063 9011
9011 7082
7082 9011
9011 7508
7508 9011
9011 7509
7509 9011
9011 7511
7511 9011
9011 8289
8289 9011
9011 8984
8984 9011
9011 15848
15848 9011
9011 24409
24409 9011
9016 833
833 9016
9025 255
255 9025
9025 260
260 9025
9025 285
285 9025
9025 503
503 9025
9025 596
596 9025
9025 1140
1140 9025
9025 1520
1520 9025
9025 1632
1632 9025
9025 2387
2387 9025
9025 2819
2819 9025
9025 3403
3403 9025
9025 3657
3657 9025
9025 4343
4343 9025
9025 4601
4601 9025
9025 5112
5112 9025
9025 5279
5279 9025
9025 5411
5411 9025
9025 5517
5517 9025
9025 5539
5539 9025
9025 5949
5949 9025
9025 6098
6098 9025
9025 6483
6483 9025
9025 6524
6524 9025
9025 7292
7292 9025
9025 7318
7318 9025
9025 7547
7547 9025
9025 7570
7570 9025
9025 7575
7575 9025
9025 7649
7649 9025
9025 7659
7659 9025
9025 8289
8289 9025
9025 8820
8820 9025
9025 9025
9025 9025
9025 9724
9724 9025
9025 11929
11929 9025
9025 13637
13637 9025
9025 15688
15688 9025
9025 16581
16581 9025
9025 16601
16601 9025
9025 16976
16976 9025
9025 17306
17306 9025
9025 17966
17966 9025
9025 23223
23223 9025
9025 23298
23298 9025
9025 24226
24226 9025
9025 24693
24693 9025
9025 24722
24722 9025
9025 24728
24728 9025
9026 7139
7139 9026
9026 24033
24033 9026
9177 155
155 9177
9177 255
255 9177
9177 285
285 9177
9177 503
503 9177
9177 1018
1018 9177
9177 2273
2273 9177
9177 3506
3506 9177
9177 4617
4617 9177
9177 5158
5158 9177
9177 5307
5307 9177
9177 6589
6589 9177
9177 6771
6771 9177
9177 7131
7131 9177
9177 7225
7225 9177
9177 7269
7269 9177
9177 7420
7420 9177
9177 7429
7429 9177
9177 7497
7497 9177
9177 7512
7512 9177
9177 7533
7533 9177
9177 7544
7544 9177
9177 7563
7563 9177
9177 7615
7615 9177
9177 7688
7688 9177
9177 7702
7702 9177
9177 7703
7703 9177
9177 9177
9177 9177
9177 11779
11779 9177
9177 12135
12135 9177
9177 13141
13141 9177
9177 13637
13637 9177
9177 18449
18449 9177
9177 21699
21699 9177
9177 24169
24169 9177
9177 24226
24226 9177
9239 287
287 9239
9239 814
814 9239
9239 1632
1632 9239
9239 1740
1740 9239
9239 1822
1822 9239
9239 2307
2307 9239
9239 4567
4567 9239
9239 4617
4617 9239
9239 6226
6226 9239
9239 7478
7478 9239
9239 7586
7586 9239
9239 7722
7722 9239
9239 9239
9239 9239
9239 11722
11722 9239
9239 16047
16047 9239
9239 16976
16976 9239
9239 16998
16998 9239
9239 17290
17290 9239
9239 17306
17306 9239
9239 18764
18764 9239
9239 21786
21786 9239
9239 23223
23223 9239
9239 23744
23744 9239
9239 24033
24033 9239
9239 24707
24707 9239
9461 9461
9461 9461
9524 5769
5769 9524
9524 5949
5949 9524
9524 9524
9524 9524
9553 6103
6103 9553
9682 9682
9682 9682
9695 9695
9695 9695
9724 6780
6780 9724
9724 7547
7547 9724
9842 20
20 9842
9842 255
255 9842
9842 642
642 9842
9842 1235
1235 9842
9842 2819
2819 9842
9842 3113
3113 9842
9842 5677
5677 9842
9842 9842
9842 9842
9842 17298
17298 9842
9842 24033
24033 9842
9969 6285
6285 9969
9969 9969
9969 9969
10121 1165
1165 10121
10121 3049
3049 10121
10121 5677
5677 10121
10121 10121
10121 10121
10168 830
830 10168
10168 1784
1784 10168
10421 7692
7692 10421
10434 613
613 10434
10566 1209
1209 10566
10566 2416
2416 10566
10566 4781
4781 10566
10566 10566
10566 10566
10769 255
255 10769
10811 285
285 10811
10811 1013
1013 10811
10811 3428
3428 10811
10811 3479
3479 10811
10811 7258
7258 10811
10811 7659
7659 10811
10811 7706
7706 10811
10811 10811
10811 10811
10844 13726
13726 10844
11062 1520
1520 11062
11062 2748
2748 11062
11076 7672
7672 11076
11076 9005
9005 11076
11076 17472
17472 11076
11120 18689
18689 11120
11120 24442
24442 11120
11157 11929
11929 11157
11276 4343
4343 11276
11313 524
524 11313
11313 2384
2384 11313
11313 2819
2819 11313
11313 5152
5152 11313
11313 5538
5538 11313
11313 6714
6714 11313
11313 11313
11313 11313
11313 11861
11861 11313
11313 15251
15251 11313
11313 16018
16018 11313
11313 16843
16843 11313
11313 17675
17675 11313
11313 19730
19730 11313
11405 15848
15848 11405
11422 11422
11422 11422
11460 6098
6098 11460
11460 7680
7680 11460
11460 8353
8353 11460
11460 11460
11460 11460
11460 11835
11835 11460
11460 13191
13191 11460
11460 13270
13270 11460
11488 4021
4021 11488
11488 7555
7555 11488
11577 2819
2819 11577
11577 5152
5152 11577
11577 5409
5409 11577
11577 11577
11577 11577
11579 285
285 11579
11579 503
503 11579
11579 1899
1899 11579
11579 5274
5274 11579
11579 8984
8984 11579
11579 10811
10811 11579
11657 3227
3227 11657
11657 3657
3657 11657
11657 3988
3988 11657
11657 4343
4343 11657
11657 4802
4802 11657
11657 5409
5409 11657
11657 6592
6592 11657
11657 7241
7241 11657
11657 7665
7665 11657
11657 9007
9007 11657
11657 11657
11657 11657
11657 11722
11722 11657
11684 503
503 11684
11684 1846
1846 11684
11684 4491
4491 11684
11684 7473
7473 11684
11684 18602
18602 11684
11698 613
613 11698
11698 3384
3384 11698
11698 4340
4340 11698
11698 6520
6520 11698
11698 7436
7436 11698
11698 16998
16998 11698
11698 17675
17675 11698
11700 7223
7223 11700
11700 7444
7444 11700
11700 11700
11700 11700
11700 17840
17840 11700
11700 23298
23298 11700
11722 11657
11657 11722
11722 11722
11722 11722
11722 12209
12209 11722
11722 15848
15848 11722
11725 8289
8289 11725
11725 11698
11698 11725
11725 17675
17675 11725
11725 21208
21208 11725
11727 1313
1313 11727
11727 19926
19926 11727
11779 1097
1097 11779
11779 1312
1312 11779
11779 1708
1708 11779
11779 1951
1951 11779
11779 2819
2819 11779
11779 4242
4242 11779
11779 6437
6437 11779
11779 7131
7131 11779
11779 7214
7214 11779
11779 7258
7258 11779
11779 7427
7427 11779
11779 7451
7451 11779
11779 7464
7464 11779
11779 7520
7520 11779
11779 7532
7532 11779
11779 7590
7590 11779
11779 7596
7596 11779
11779 7673
7673 11779
11779 7702
7702 11779
11779 11698
11698 11779
11779 11779
11779 11779
11779 14920
14920 11779
11779 18602
18602 11779
11779 20355
20355 11779
11779 21786
21786 11779
11779 24226
24226 11779
11779 24518
24518 11779
11817 2091
2091 11817
11819 7269
7269 11819
11819 7462
7462 11819
11819 7560
7560 11819
11819 13141
13141 11819
11819 23320
23320 11819
11861 213
213 11861
11861 3145
3145 11861
11861 4343
4343 11861
11861 7055
7055 11861
11861 7633
7633 11861
11861 11313
11313 11861
11861 11861
11861 11861
11899 5854
5854 11899
11929 804
804 11929
11929 4829
4829 11929
11929 11929
11929 11929
12053 5430
5430 12053
12053 7370
7370 12053
12123 6125
6125 12123
12123 6666
6666 12123
12123 12123
12123 12123
12135 1013
1013 12135
12135 1140
1140 12135
12135 1235
1235 12135
12135 1312
1312 12135
12135 2015
2015 12135
12135 2416
2416 12135
12135 2629
2629 12135
12135 3627
3627 12135
12135 4491
4491 12135
12135 5127
5127 12135
12135 6489
6489 12135
12135 7195
7195 12135
12135 7258
7258 12135
12135 7431
7431 12135
12135 7532
7532 12135
12135 7580
7580 12135
12135 7638
7638 12135
12135 7697
7697 12135
12135 7706
7706 12135
12135 8921
8921 12135
12135 12135
12135 12135
12135 15447
15447 12135
12135 16583
16583 12135
12135 22651
22651 12135
12135 23744
23744 12135
12135 24226
24226 12135
12198 1507
1507 12198
12198 3415
3415 12198
12209 2384
2384 12209
12375 17935
17935 12375
12394 2350
2350 12394
12394 12394
12394 12394
12482 21699
21699 12482
12519 7427
7427 12519
12519 16583
16583 12519
12539 1105
1105 12539
12539 2636
2636 12539
12539 5149
5149 12539
12539 8353
8353 12539
12539 12539
12539 12539
12539 17675
17675 12539
12670 24220
24220 12670
12677 1740
1740 12677
12677 12677
12677 12677
12720 3591
3591 12720
12720 12720
12720 12720
12789 12789
12789 12789
12789 19901
19901 12789
12855 465
465 12855
12870 830
830 12870
12870 833
833 12870
12870 2384
2384 12870
12870 2936
2936 12870
12870 11313
11313 12870
12870 11488
11488 12870
12870 15251
15251 12870
12874 255
255 12874
12900 115
115 12900
12900 1221
1221 12900
12900 7463
7463 12900
12900 15259
15259 12900
12964 18602
18602 12964
12977 4572
4572 12977
12977 12789
12789 12977
12977 12977
12977 12977
12977 13786
13786 12977
12977 16998
16998 12977
13003 7681
7681 13003
13027 6611
6611 13027
13027 7451
7451 13027
13027 7538
7538 13027
13027 7621
7621 13027
13027 7675
7675 13027
13027 12123
12123 13027
13027 13027
13027 13027
13065 7701
7701 13065
13065 13065
13065 13065
13089 13089
13089 13089
13099 830
830 13099
13099 4920
4920 13099
13131 7125
7125 13131
13131 13131
13131 13131
13131 22730
22730 13131
13141 155
155 13141
13141 13141
13141 13141
13141 13337
13337 13141
13155 20883
20883 13155
13181 231
231 13181
13181 814
814 13181
13181 3293
3293 13181
13181 5730
5730 13181
13181 7553
7553 13181
13181 7560
7560 13181
13181 7591
7591 13181
13181 13181
13181 13181
13181 15161
15161 13181
13181 24393
24393 13181
13191 13191
13191 13191
13191 15251
15251 13191
13191 15688
15688 13191
13191 22513
22513 13191
13191 22708
22708 13191
13270 1221
1221 13270
13270 7082
7082 13270
13270 7370
7370 13270
13270 7680
7680 13270
13270 17675
17675 13270
13323 7467
7467 13323
13337 623
623 13337
13337 1235
1235 13337
13337 13141
13141 13337
13343 2215
2215 13343
13343 4343
4343 13343
13343 4572
4572 13343
13343 13343
13343 13343
13343 13969
13969 13343
13370 2831
2831 13370
13370 9239
9239 13370
13370 13370
13370 13370
13383 44
44 13383
13383 255
255 13383
13383 6478
6478 13383
13383 7283
7283 13383
13383 13383
13383 13383
13383 24682
24682 13383
13431 14034
14034 13431
13466 7413
7413 13466
13466 14034
14034 13466
13485 13485
13485 13485
13485 19901
19901 13485
13553 7778
7778 13553
13578 13578
13578 13578
13684 1658
1658 13684
13684 5892
5892 13684
13684 7370
7370 13684
13684 7463
7463 13684
13684 13684
13684 13684
13684 15940
15940 13684
13684 18764
18764 13684
13694 7014
7014 13694
13694 7472
7472 13694
13694 15259
15259 13694
13717 4242
4242 13717
13717 13717
13717 13717
13756 1951
1951 13756
13763 231
231 13763
13786 0
0 13786
13786 255
255 13786
13786 1209
1209 13786
13786 1551
1551 13786
13786 2194
2194 13786
13786 2239
2239 13786
13786 2384
2384 13786
13786 2397
2397 13786
13786 2591
2591 13786
13786 2622
2622 13786
13786 2819
2819 13786
13786 3935
3935 13786
13786 4617
4617 13786
13786 4837
4837 13786
13786 4913
4913 13786
13786 4920
4920 13786
13786 6098
6098 13786
13786 6478
6478 13786
13786 7633
7633 13786
13786 7634
7634 13786
13786 7674
7674 13786
13786 7680
7680 13786
13786 7710
7710 13786
13786 8995
8995 13786
13786 9025
9025 13786
13786 9239
9239 13786
13786 11313
11313 13786
13786 12394
12394 13786
13786 12789
12789 13786
13786 13485
13485 13786
13786 13786
13786 13786
13786 16018
16018 13786
13786 17675
17675 13786
13786 17840
17840 13786
13786 19059
19059 13786
13786 19901
19901 13786
13786 20292
20292 13786
13786 20517
20517 13786
13786 24033
24033 13786
13796 7562
7562 13796
13969 255
255 13969
13969 597
597 13969
13969 642
642 13969
13969 1165
1165 13969
13969 1740
1740 13969
13969 1851
1851 13969
13969 2387
2387 13969
13969 2811
2811 13969
13969 3293
3293 13969
13969 4583
4583 13969
13969 5284
5284 13969
13969 5769
5769 13969
13969 7133
7133 13969
13969 7472
7472 13969
13969 7478
7478 13969
13969 7479
7479 13969
13969 7511
7511 13969
13969 7547
7547 13969
13969 7705
7705 13969
13969 9025
9025 13969
13969 13969
13969 13969
13969 15848
15848 13969
13969 16976
16976 13969
13969 17097
17097 13969
13969 19421
19421 13969
13969 24065
24065 13969
13969 24722
24722 13969
13969 24728
24728 13969
13989 17276
17276 13989
14010 1221
1221 14010
14010 4183
4183 14010
14010 14010
14010 14010
14034 1740
1740 14034
14034 7638
7638 14034
14034 13466
13466 14034
14034 14034
14034 14034
14054 3835
3835 14054
14094 255
255 14094
14142 2497
2497 14142
14224 2591
2591 14224
14224 24657
24657 14224
14295 1018
1018 14295
14295 1822
1822 14295
14295 4928
4928 14295
14295 14295
14295 14295
14295 15688
15688 14295
14361 1542
1542 14361
14387 2242
2242 14387
14387 2384
2384 14387
14387 3335
3335 14387
14387 7286
7286 14387
14387 7478
7478 14387
14387 7598
7598 14387
14387 8996
8996 14387
14387 11861
11861 14387
14414 3145
3145 14414
14414 13786
13786 14414
14469 4208
4208 14469
14469 14469
14469 14469
14496 231
231 14496
14496 14496
14496 14496
14496 19870
19870 14496
14595 1692
1692 14595
14595 3609
3609 14595
14595 14595
14595 14595
14691 1740
1740 14691
14691 14691
14691 14691
14691 15688
15688 14691
14713 5274
5274 14713
14806 1018
1018 14806
14806 1899
1899 14806
14806 5677
5677 14806
14806 7082
7082 14806
14806 7370
7370 14806
14806 7678
7678 14806
14806 14806
14806 14806
14835 255
255 14835
14835 503
503 14835
14835 5519
5519 14835
14835 14835
14835 14835
14888 14888
14888 14888
14888 16018
16018 14888
14920 866
866 14920
14920 1312
1312 14920
14920 1786
1786 14920
14920 3468
3468 14920
14920 3760
3760 14920
14920 4343
4343 14920
14920 5127
5127 14920
14920 5279
5279 14920
14920 5677
5677 14920
14920 5949
5949 14920
14920 6478
6478 14920
14920 7413
7413 14920
14920 7540
7540 14920
14920 12646
12646 14920
14920 14920
14920 14920
14920 23298
23298 14920
15116 7259
7259 15116
15229 1740
1740 15229
15251 833
833 15251
15251 2384
2384 15251
15251 5538
5538 15251
15251 11313
11313 15251
15251 15251
15251 15251
15259 7014
7014 15259
15259 15259
15259 15259
15277 1901
1901 15277
15277 7631
7631 15277
15282 4952
4952 15282
15332 285
285 15332
15360 9682
9682 15360
15361 15361
15361 15361
15406 24555
24555 15406
15447 255
255 15447
15447 642
642 15447
15447 4343
4343 15447
15447 18602
18602 15447
15602 3562
3562 15602
15610 231
231 15610
15610 15610
15610 15610
15610 21208
21208 15610
15617 6478
6478 15617
15617 7529
7529 15617
15688 3627
3627 15688
15688 5677
5677 15688
15688 5892
5892 15688
15688 7014
7014 15688
15688 7508
7508 15688
15688 7703
7703 15688
15688 13099
13099 15688
15688 13191
13191 15688
15688 14295
14295 15688
15688 14691
14691 15688
15688 15688
15688 15688
15698 3049
3049 15698
15698 7693
7693 15698
15698 15698
15698 15698
15698 24722
24722 15698
15755 5677
5677 15755
15814 7172
7172 15814
15814 7484
7484 15814
15814 15814
15814 15814
15848 11405
11405 15848
15848 15848
15848 15848
15935 1031
1031 15935
15935 1899
1899 15935
15935 6450
6450 15935
15935 7370
7370 15935
15935 15935
15935 15935
16018 556
556 16018
16018 2819
2819 16018
16018 4343
4343 16018
16018 4388
4388 16018
16018 4572
4572 16018
16018 5152
5152 16018
16018 6098
6098 16018
16018 7940
7940 16018
16018 8995
8995 16018
16018 13181
13181 16018
16018 13786
13786 16018
16018 14888
14888 16018
16018 16018
16018 16018
16018 17349
17349 16018
16018 19023
19023 16018
16186 255
255 16186
16186 503
503 16186
16186 7529
7529 16186
16186 16186
16186 16186
16186 16892
16892 16186
16348 4928
4928 16348
16348 7511
7511 16348
16420 16420
16420 16420
16513 5408
5408 16513
16548 8996
8996 16548
16591 3657
3657 16591
16591 16591
16591 16591
16601 16601
16601 16601
16609 7370
7370 16609
16609 7679
7679 16609
16613 642
642 16613
16613 3162
3162 16613
16613 3562
3562 16613
16613 16613
16613 16613
16775 16775
16775 16775
16775 19059
19059 16775
16843 9239
9239 16843
16843 14232
14232 16843
16843 14835
14835 16843
16843 16843
16843 16843
16859 4183
4183 16859
16859 4208
4208 16859
16859 7656
7656 16859
16880 255
255 16880
16880 1582
1582 16880
16880 10811
10811 16880
16880 19901
19901 16880
16892 2497
2497 16892
16892 16892
16892 16892
16892 21213
21213 16892
16895 17966
17966 16895
16900 16900
16900 16900
16976 115
115 16976
16976 231
231 16976
16976 814
814 16976
16976 5519
5519 16976
16976 7133
7133 16976
16976 7427
7427 16976
16976 7478
7478 16976
16976 8049
8049 16976
16976 13191
13191 16976
16976 13969
13969 16976
16976 16976
16976 16976
16976 20512
20512 16976
16976 23223
23223 16976
16976 24722
24722 16976
16998 12977
12977 16998
16998 16998
16998 16998
17041 6478
6478 17041
17050 19160
19160 17050
17058 1623
1623 17058
17058 2411
2411 17058
17058 3627
3627 17058
17058 8321
8321 17058
17058 17977
17977 17058
17058 18602
18602 17058
17058 19901
19901 17058
17058 23348
23348 17058
17058 23744
23744 17058
17066 7415
7415 17066
17097 8353
8353 17097
17097 13969
13969 17097
17097 17097
17097 17097
17290 4343
4343 17290
17290 8996
8996 17290
17293 7690
7690 17293
17298 255
255 17298
17298 17298
17298 17298
17299 11698
11698 17299
17299 24393
24393 17299
17306 9239
9239 17306
17306 17306
17306 17306
17333 4086
4086 17333
17338 255
255 17338
17338 503
503 17338
17338 7214
7214 17338
17338 7650
7650 17338
17338 17338
17338 17338
17338 23608
23608 17338
17342 1632
1632 17342
17342 17342
17342 17342
17349 2384
2384 17349
17349 17349
17349 17349
17475 2361
2361 17475
17518 6478
6478 17518
17568 17568
17568 17568
17675 1105
1105 17675
17675 2384
2384 17675
17675 5427
5427 17675
17675 5915
5915 17675
17675 7478
7478 17675
17675 11313
11313 17675
17675 17675
17675 17675
17675 18764
18764 17675
17675 20355
20355 17675
17706 292
292 17706
17706 17706
17706 17706
17732 2831
2831 17732
17801 7432
7432 17801
17801 24435
24435 17801
17809 13141
13141 17809
17830 24707
24707 17830
17840 5274
5274 17840
17840 17840
17840 17840
17935 17935
17935 17935
17966 1403
1403 17966
17966 3785
3785 17966
17966 4242
4242 17966
17966 17966
17966 17966
17977 255
255 17977
17977 7444
7444 17977
17977 17977
17977 17977
18034 231
231 18034
18034 7225
7225 18034
18034 13181
13181 18034
18034 18602
18602 18034
18034 23298
23298 18034
18056 7478
7478 18056
18056 8107
8107 18056
18056 18056
18056 18056
18242 1430
1430 18242
18293 6747
6747 18293
18381 1740
1740 18381
18381 4242
4242 18381
18401 255
255 18401
18401 3652
3652 18401
18401 7597
7597 18401
18401 13485
13485 18401
18401 18401
18401 18401
18401 24266
24266 18401
18428 7538
7538 18428
18438 11926
11926 18438
18449 680
680 18449
18449 1430
1430 18449
18449 2036
2036 18449
18449 3293
3293 18449
18449 6589
6589 18449
18449 9177
9177 18449
18449 18449
18449 18449
18449 18602
18602 18449
18449 24252
24252 18449
18574 172
172 18574
18574 1822
1822 18574
18574 3591
3591 18574
18574 6478
6478 18574
18574 7461
7461 18574
18574 18574
18574 18574
18574 20817
20817 18574
18602 255
255 18602
18602 503
503 18602
18602 596
596 18602
18602 623
623 18602
18602 642
642 18602
18602 984
984 18602
18602 2324
2324 18602
18602 2384
2384 18602
18602 2424
2424 18602
18602 3946
3946 18602
18602 4242
4242 18602
18602 4455
4455 18602
18602 5519
5519 18602
18602 5753
5753 18602
18602 6478
6478 18602
18602 6780
6780 18602
18602 7336
7336 18602
18602 7413
7413 18602
18602 7445
7445 18602
18602 7561
7561 18602
18602 7590
7590 18602
18602 7660
7660 18602
18602 18602
18602 18602
18602 19149
19149 18602
18602 21786
21786 18602
18602 23744
23744 18602
18602 24029
24029 18602
18602 24252
24252 18602
18619 728
728 18619
18619 2361
2361 18619
18619 5279
5279 18619
18619 6520
6520 18619
18619 6812
6812 18619
18619 7420
7420 18619
18619 7435
7435 18619
18619 7550
7550 18619
18619 7652
7652 18619
18619 7691
7691 18619
18619 11929
11929 18619
18619 18449
18449 18619
18619 18619
18619 18619
18619 21064
21064 18619
18619 24033
24033 18619
18634 5892
5892 18634
18689 642
642 18689
18689 1692
1692 18689
18689 1951
1951 18689
18689 2091
2091 18689
18689 2388
2388 18689
18689 2872
2872 18689
18689 3428
3428 18689
18689 5296
5296 18689
18689 5892
5892 18689
18689 6047
6047 18689
18689 7244
7244 18689
18689 7326
7326 18689
18689 7368
7368 18689
18689 7417
7417 18689
18689 7463
7463 18689
18689 7486
7486 18689
18689 7592
7592 18689
18689 7593
7593 18689
18689 7620
7620 18689
18689 7640
7640 18689
18689 7681
7681 18689
18689 7687
7687 18689
18689 7711
7711 18689
18689 14806
14806 18689
18689 18689
18689 18689
18689 24033
24033 18689
18698 6483
6483 18698
18764 2591
2591 18764
18764 4444
4444 18764
18764 6489
6489 18764
18764 7326
7326 18764
18764 7370
7370 18764
18764 7695
7695 18764
18764 16583
16583 18764
18764 18764
18764 18764
18764 24693
24693 18764
18855 11835
11835 18855
18917 7538
7538 18917
18917 7653
7653 18917
18919 22513
22513 18919
18940 503
503 18940
19023 19023
19023 19023
19059 230
230 19059
19059 2819
2819 19059
19059 4340
4340 19059
19059 14888
14888 19059
19059 16775
16775 19059
19059 19059
19059 19059
19059 19901
19901 19059
19087 503
503 19087
19087 4928
4928 19087
19087 4952
4952 19087
19087 7577
7577 19087
19087 7684
7684 19087
19105 5887
5887 19105
19105 7704
7704 19105
19138 7664
7664 19138
19149 503
503 19149
19149 19149
19149 19149
19172 2194
2194 19172
19172 7674
7674 19172
19172 8991
8991 19172
19293 255
255 19293
19293 6478
6478 19293
19293 6850
6850 19293
19355 44
44 19355
19355 1692
1692 19355
19355 2194
2194 19355
19355 2197
2197 19355
19355 3055
3055 19355
19355 4343
4343 19355
19355 6591
6591 19355
19355 7370
7370 19355
19355 7442
7442 19355
19355 7529
7529 19355
19355 7639
7639 19355
19355 7704
7704 19355
19355 17675
17675 19355
19355 19355
19355 19355
19355 20038
20038 19355
19379 4679
4679 19379
19379 7577
7577 19379
19379 24435
24435 19379
19421 13969
13969 19421
19426 4173
4173 19426
19426 7176
7176 19426
19426 7287
7287 19426
19426 11700
11700 19426
19426 19426
19426 19426
19426 19698
19698 19426
19426 22807
22807 19426
19426 22990
22990 19426
19426 23348
23348 19426
19426 24300
24300 19426
19437 17736
17736 19437
19438 115
115 19438
19438 255
255 19438
19438 5519
5519 19438
19438 5677
5677 19438
19438 7195
7195 19438
19438 7258
7258 19438
19438 7370
7370 19438
19438 7466
7466 19438
19438 14806
14806 19438
19438 24033
24033 19438
19441 255
255 19441
19441 17675
17675 19441
19445 3468
3468 19445
19445 10811
10811 19445
19454 1018
1018 19454
19454 6450
6450 19454
19454 6478
6478 19454
19454 13383
13383 19454
19454 17306
17306 19454
19498 21786
21786 19498
19554 255
255 19554
19554 2936
2936 19554
19554 5284
5284 19554
19683 2384
2384 19683
19683 5311
5311 19683
19683 7576
7576 19683
19685 2629
2629 19685
19685 7461
7461 19685
19685 19685
19685 19685
19698 4765
4765 19698
19698 18449
18449 19698
19712 7633
7633 19712
19730 1165
1165 19730
19730 2384
2384 19730
19730 4183
4183 19730
19730 7014
7014 19730
19730 7055
7055 19730
19730 7538
7538 19730
19730 7574
7574 19730
19730 11313
11313 19730
19730 19730
19730 19730
19730 20355
20355 19730
19730 21876
21876 19730
19827 5677
5677 19827
19870 231
231 19870
19870 8993
8993 19870
19870 14496
14496 19870
19870 19870
19870 19870
19871 309
309 19871
19871 1235
1235 19871
19871 2397
2397 19871
19871 4407
4407 19871
19871 19871
19871 19871
19882 7693
7693 19882
19890 12123
12123 19890
19896 6285
6285 19896
19901 172
172 19901
19901 2387
2387 19901
19901 2629
2629 19901
19901 2819
2819 19901
19901 2914
2914 19901
19901 3403
3403 19901
19901 3591
3591 19901
19901 4343
4343 19901
19901 4388
4388 19901
19901 4920
4920 19901
19901 6714
6714 19901
19901 6995
6995 19901
19901 7082
7082 19901
19901 7295
7295 19901
19901 7438
7438 19901
19901 7439
7439 19901
19901 7462
7462 19901
19901 7565
7565 19901
19901 7569
7569 19901
19901 7710
7710 19901
19901 9239
9239 19901
19901 11929
11929 19901
19901 12789
12789 19901
19901 13485
13485 19901
19901 16892
16892 19901
19901 19023
19023 19901
19901 19059
19059 19901
19901 19901
19901 19901
19901 21064
21064 19901
19901 22521
22521 19901
19901 23298
23298 19901
19904 642
642 19904
19915 1312
1312 19915
19915 2569
2569 19915
19915 18709
18709 19915
19938 3988
3988 19938
19938 4583
4583 19938
19938 7427
7427 19938
19938 7606
7606 19938
19938 7648
7648 19938
19938 7682
7682 19938
19938 15688
15688 19938
19938 19938
19938 19938
20021 20021
20021 20021
20058 6124
6124 20058
20292 20292
20292 20292
20355 2487
2487 20355
20355 2931
2931 20355
20355 4242
4242 20355
20355 5429
5429 20355
20355 5435
5435 20355
20355 5516
5516 20355
20355 5601
5601 20355
20355 6002
6002 20355
20355 7345
7345 20355
20355 7427
7427 20355
20355 7428
7428 20355
20355 7509
7509 20355
20355 7560
7560 20355
20355 7618
7618 20355
20355 7664
7664 20355
20355 11779
11779 20355
20355 13141
13141 20355
20355 15698
15698 20355
20355 20355
20355 20355
20512 231
231 20512
20512 255
255 20512
20512 4242
4242 20512
20512 5411
5411 20512
20512 6610
6610 20512
20512 7225
7225 20512
20512 7432
7432 20512
20512 7682
7682 20512
20512 8353
8353 20512
20512 8996
8996 20512
20512 9695
9695 20512
20512 11929
11929 20512
20512 14806
14806 20512
20512 16976
16976 20512
20512 20512
20512 20512
20512 21110
21110 20512
20512 24721
24721 20512
20517 2936
2936 20517
20517 6478
6478 20517
20517 7478
7478 20517
20517 7648
7648 20517
20517 19554
19554 20517
20517 24657
24657 20517
20550 5544
5544 20550
20550 5769
5769 20550
20550 6666
6666 20550
20550 19160
19160 20550
20567 4721
4721 20567
20681 18439
18439 20681
20808 5632
5632 20808
20812 6478
6478 20812
20817 503
503 20817
20817 2629
2629 20817
20817 2819
2819 20817
20817 3561
3561 20817
20817 3591
3591 20817
20817 4920
4920 20817
20817 5178
5178 20817
20817 7284
7284 20817
20817 7326
7326 20817
20817 18574
18574 20817
20817 20817
20817 20817
20817 23298
23298 20817
20861 2622
2622 20861
20871 24133
24133 20871
20883 5296
5296 20883
20883 6103
6103 20883
20883 7523
7523 20883
20883 7526
7526 20883
20883 7626
7626 20883
20883 20883
20883 20883
20884 831
831 20884
20892 6478
6478 20892
20892 6591
6591 20892
20892 20892
20892 20892
20897 3005
3005 20897
20950 7687
7687 20950
20950 7714
7714 20950
20992 20992
20992 20992
21064 21064
21064 21064
21079 4879
4879 21079
21079 21079
21079 21079
21079 24313
24313 21079
21089 231
231 21089
21089 866
866 21089
21089 1013
1013 21089
21089 3219
3219 21089
21089 4444
4444 21089
21089 5639
5639 21089
21089 7695
7695 21089
21089 14920
14920 21089
21089 21089
21089 21089
21089 22651
22651 21089
21177 230
230 21177
21177 503
503 21177
21177 3609
3609 21177
21177 11929
11929 21177
21177 21177
21177 21177
21177 24555
24555 21177
21194 3946
3946 21194
21208 231
231 21208
21208 15610
15610 21208
21213 2239
2239 21213
21213 5677
5677 21213
21213 7575
7575 21213
21213 16892
16892 21213
21213 20783
20783 21213
21213 21213
21213 21213
21233 7326
7326 21233
21240 642
642 21240
21240 1842
1842 21240
21240 7283
7283 21240
21240 7524
7524 21240
21240 7611
7611 21240
21240 7654
7654 21240
21240 21240
21240 21240
21240 24385
24385 21240
21240 24682
24682 21240
21336 13191
13191 21336
21356 2819
2819 21356
21356 7320
7320 21356
21356 20567
20567 21356
21394 9026
9026 21394
21402 503
503 21402
21584 7577
7577 21584
21618 21618
21618 21618
21699 117
117 21699
21699 255
255 21699
21699 503
503 21699
21699 642
642 21699
21699 2936
2936 21699
21699 4160
4160 21699
21699 4343
4343 21699
21699 4765
4765 21699
21699 4829
4829 21699
21699 5409
5409 21699
21699 5435
5435 21699
21699 5677
5677 21699
21699 6971
6971 21699
21699 7082
7082 21699
21699 7368
7368 21699
21699 7413
7413 21699
21699 7430
7430 21699
21699 7432
7432 21699
21699 7504
7504 21699
21699 7673
7673 21699
21699 11929
11929 21699
21699 12482
12482 21699
21699 21699
21699 21699
21699 21954
21954 21699
21699 24435
24435 21699
21739 6002
6002 21739
21786 1133
1133 21786
21786 1951
1951 21786
21786 3162
3162 21786
21786 3219
3219 21786
21786 3468
3468 21786
21786 4237
4237 21786
21786 4407
4407 21786
21786 4491
4491 21786
21786 5409
5409 21786
21786 5677
5677 21786
21786 5769
5769 21786
21786 7409
7409 21786
21786 7575
7575 21786
21786 17675
17675 21786
21786 18602
18602 21786
21786 19498
19498 21786
21786 21786
21786 21786
21786 22882
22882 21786
21800 4879
4879 21800
21823 1140
1140 21823
21823 11157
11157 21823
21872 7671
7671 21872
21876 2197
2197 21876
21876 19730
19730 21876
21878 6621
6621 21878
21878 12135
12135 21878
21878 24409
24409 21878
21881 503
503 21881
21899 3591
3591 21899
21899 7649
7649 21899
21899 18574
18574 21899
21913 6790
6790 21913
22092 5697
5697 22092
22092 7504
7504 22092
22214 18602
18602 22214
22228 24588
24588 22228
22276 1934
1934 22276
22276 6589
6589 22276
22276 8321
8321 22276
22276 22276
22276 22276
22283 13969
13969 22283
22341 213
213 22341
22410 8540
8540 22410
22412 503
503 22412
22412 4567
4567 22412
22412 18449
18449 22412
22412 22412
22412 22412
22412 24707
24707 22412
22513 2215
2215 22513
22513 2636
2636 22513
22513 5311
5311 22513
22513 5854
5854 22513
22513 6524
6524 22513
22513 7259
7259 22513
22513 7576
7576 22513
22513 7610
7610 22513
22513 7633
7633 22513
22513 11861
11861 22513
22513 13191
13191 22513
22513 22513
22513 22513
22521 4920
4920 22521
22521 22521
22521 22521
22592 7697
7697 22592
22598 4920
4920 22598
22598 7494
7494 22598
22598 7599
7599 22598
22598 19059
19059 22598
22634 7455
7455 22634
22651 22651
22651 22651
22708 5435
5435 22708
22708 5660
5660 22708
22708 7577
7577 22708
22708 13181
13181 22708
22708 13191
13191 22708
22708 22708
22708 22708
22708 24393
24393 22708
22882 2815
2815 22882
22882 3968
3968 22882
22882 6478
6478 22882
22882 7523
7523 22882
22882 7595
7595 22882
22882 7629
7629 22882
22882 7636
7636 22882
22882 7711
7711 22882
22882 11422
11422 22882
22882 22882
22882 22882
22983 7688
7688 22983
23130 13141
13141 23130
23298 4242
4242 23298
23298 19901
19901 23298
23320 623
623 23320
23320 3946
3946 23320
23320 23320
23320 23320
23348 866
866 23348
23348 2997
2997 23348
23348 3411
3411 23348
23348 5311
5311 23348
23348 6483
6483 23348
23348 7298
7298 23348
23348 7413
7413 23348
23348 7537
7537 23348
23348 7543
7543 23348
23348 7635
7635 23348
23348 14806
14806 23348
23348 23348
23348 23348
23458 19742
19742 23458
23473 1822
1822 23473
23473 7684
7684 23473
23473 7778
7778 23473
23535 1230
1230 23535
23535 4160
4160 23535
23535 6666
6666 23535
23535 8098
8098 23535
23535 11657
11657 23535
23535 14920
14920 23535
23535 20512
20512 23535
23608 503
503 23608
23707 935
935 23707
23707 7497
7497 23707
23707 7671
7671 23707
23707 23707
23707 23707
23707 23956
23956 23707
23711 24518
24518 23711
23744 2592
2592 23744
23744 6961
6961 23744
23921 7671
7671 23921
23921 18602
18602 23921
23927 642
642 23927
23927 7478
7478 23927
23927 7704
7704 23927
23933 255
255 23933
23933 7434
7434 23933
23933 7535
7535 23933
23935 3921
3921 23935
23956 23707
23707 23956
23966 1623
1623 23966
23996 20021
20021 23996
24029 18602
18602 24029
24033 255
255 24033
24033 1133
1133 24033
24033 1430
1430 24033
24033 1951
1951 24033
24033 3130
3130 24033
24033 3652
3652 24033
24033 4343
4343 24033
24033 5274
5274 24033
24033 5692
5692 24033
24033 6124
6124 24033
24033 6478
6478 24033
24033 6722
6722 24033
24033 6961
6961 24033
24033 7343
7343 24033
24033 7664
7664 24033
24033 9026
9026 24033
24033 11929
11929 24033
24033 18602
18602 24033
24033 24033
24033 24033
24033 24252
24252 24033
24037 2794
2794 24037
24037 24037
24037 24037
24065 24065
24065 24065
24108 2384
2384 24108
24108 2748
2748 24108
24108 5854
5854 24108
24133 231
231 24133
24133 255
255 24133
24169 24169
24169 24169
24187 24187
24187 24187
24191 7258
7258 24191
24191 24191
24191 24191
24220 12670
12670 24220
24224 285
285 24224
24224 3652
3652 24224
24224 3897
3897 24224
24224 5408
5408 24224
24224 6333
6333 24224
24224 7368
7368 24224
24224 7477
7477 24224
24224 7644
7644 24224
24225 7660
7660 24225
24225 18602
18602 24225
24226 4154
4154 24226
24226 6226
6226 24226
24226 6812
6812 24226
24226 7381
7381 24226
24226 7533
7533 24226
24226 7569
7569 24226
24226 7580
7580 24226
24226 7609
7609 24226
24226 7712
7712 24226
24226 9239
9239 24226
24226 18602
18602 24226
24226 20355
20355 24226
24226 24226
24226 24226
24233 8996
8996 24233
24250 4617
4617 24250
24252 255
255 24252
24252 1105
1105 24252
24252 1235
1235 24252
24252 1851
1851 24252
24252 1901
1901 24252
24252 2091
2091 24252
24252 2194
2194 24252
24252 3219
3219 24252
24252 3627
3627 24252
24252 4242
4242 24252
24252 4343
4343 24252
24252 4928
4928 24252
24252 5274
5274 24252
24252 5435
5435 24252
24252 5677
5677 24252
24252 6478
6478 24252
24252 6508
6508 24252
24252 6666
6666 24252
24252 7014
7014 24252
24252 7258
7258 24252
24252 7370
7370 24252
24252 7411
7411 24252
24252 7413
7413 24252
24252 7427
7427 24252
24252 7463
7463 24252
24252 7575
7575 24252
24252 7656
7656 24252
24252 7664
7664 24252
24252 7673
7673 24252
24252 9239
9239 24252
24252 11779
11779 24252
24252 12135
12135 24252
24252 13141
13141 24252
24252 14920
14920 24252
24252 18449
18449 24252
24252 18602
18602 24252
24252 20355
20355 24252
24252 21699
21699 24252
24252 24033
24033 24252
24252 24252
24252 24252
24266 2361
2361 24266
24266 24266
24266 24266
24275 3792
3792 24275
24275 24275
24275 24275
24276 285
285 24276
24276 7618
7618 24276
24308 7478
7478 24308
24313 21079
21079 24313
24365 7295
7295 24365
24365 7599
7599 24365
24365 24365
24365 24365
24385 21240
21240 24385
24393 3219
3219 24393
24393 4928
4928 24393
24393 5899
5899 24393
24393 17283
17283 24393
24393 22708
22708 24393
24393 24393
24393 24393
24404 5677
5677 24404
24404 5748
5748 24404
24404 20783
20783 24404
24404 24404
24404 24404
24409 596
596 24409
24409 1312
1312 24409
24409 5677
5677 24409
24409 7258
7258 24409
24409 7586
7586 24409
24409 18449
18449 24409
24409 24409
24409 24409
24435 19379
19379 24435
24435 24435
24435 24435
24442 11929
11929 24442
24442 24442
24442 24442
24448 596
596 24448
24451 2361
2361 24451
24451 7704
7704 24451
24452 6283
6283 24452
24452 7415
7415 24452
24452 7445
7445 24452
24452 14806
14806 24452
24460 3244
3244 24460
24460 3657
3657 24460
24460 7689
7689 24460
24460 24555
24555 24460
24472 7292
7292 24472
24472 7681
7681 24472
24492 1819
1819 24492
24492 5677
5677 24492
24492 12670
12670 24492
24517 6586
6586 24517
24518 7702
7702 24518
24519 503
503 24519
24519 3130
3130 24519
24519 4920
4920 24519
24519 6755
6755 24519
24519 24519
24519 24519
24526 597
597 24526
24526 833
833 24526
24526 4274
4274 24526
24526 7305
7305 24526
24531 7223
7223 24531
24531 7543
7543 24531
24537 24537
24537 24537
24555 1692
1692 24555
24555 7672
7672 24555
24555 15406
15406 24555
24555 24555
24555 24555
24568 255
255 24568
24568 2361
2361 24568
24568 2648
2648 24568
24568 7298
7298 24568
24568 7531
7531 24568
24568 15361
15361 24568
24579 13191
13191 24579
24588 6961
6961 24588
24588 22228
22228 24588
24591 4567
4567 24591
24591 17736
17736 24591
24657 20517
20517 24657
24657 24682
24682 24657
24660 3760
3760 24660
24660 24660
24660 24660
24676 11657
11657 24676
24682 44
44 24682
24682 7283
7283 24682
24682 7509
7509 24682
24682 7555
7555 24682
24682 7654
7654 24682
24682 7665
7665 24682
24682 7679
7679 24682
24682 13383
13383 24682
24682 21240
21240 24682
24682 24657
24657 24682
24682 24682
24682 24682
24707 623
623 24707
24707 4567
4567 24707
24707 7617
7617 24707
24707 7874
7874 24707
24707 9239
9239 24707
24707 24707
24707 24707
24710 613
613 24710
24710 5311
5311 24710
24710 21922
21922 24710
24710 24710
24710 24710
24721 24721
24721 24721
24722 2467
2467 24722
24722 6714
6714 24722
24722 7665
7665 24722
24722 7674
7674 24722
24722 7678
7678 24722
24722 14034
14034 24722
24722 16976
16976 24722
24722 24722
24722 24722
24728 9005
9005 24728
24728 24728
24728 24728
