0 0
0 0
0 726
726 0
0 6961
6961 0
0 14595
14595 0
1 1
1 1
1 6285
6285 1
1 8995
8995 1
20 20
20 20
20 231
231 20
20 255
255 20
20 642
642 20
20 24286
24286 20
21 21
21 21
21 287
287 21
21 794
794 21
21 866
866 21
21 1585
1585 21
21 3760
3760 21
21 6210
6210 21
21 6478
6478 21
21 6497
6497 21
21 6651
6651 21
21 7026
7026 21
21 7065
7065 21
21 7170
7170 21
21 7197
7197 21
21 7204
7204 21
21 7304
7304 21
21 7386
7386 21
21 12375
12375 21
21 12429
12429 21
21 15814
15814 21
21 21699
21699 21
34 34
34 34
34 14920
14920 34
40 40
40 40
44 15940
15940 44
44 17097
17097 44
54 54
54 54
54 519
519 54
115 115
115 115
115 671
671 115
115 683
683 115
115 2387
2387 115
115 2591
2591 115
115 3145
3145 115
115 3172
3172 115
115 3946
3946 115
115 4343
4343 115
115 6652
6652 115
115 6957
6957 115
115 6961
6961 115
115 7313
7313 115
115 11861
11861 115
115 16976
16976 115
115 19426
19426 115
115 19683
19683 115
115 21876
21876 115
115 22513
22513 115
115 22708
22708 115
121 3172
3172 121
122 6124
6124 122
155 22708
22708 155
172 4920
4920 172
198 8921
8921 198
212 212
212 212
212 6074
6074 212
212 6369
6369 212
212 15450
15450 212
212 19438
19438 212
213 213
213 213
213 833
833 213
213 1658
1658 213
213 2831
2831 213
213 19730
19730 213
215 7361
7361 215
215 12588
12588 215
223 2819
2819 223
230 230
230 230
230 8049
8049 230
230 22217
22217 230
231 20
20 231
231 231
231 231
231 2053
2053 231
231 2361
2361 231
231 5969
5969 231
231 6957
6957 231
231 15610
15610 231
231 16976
16976 231
252 255
255 252
252 6124
6124 252
252 7024
7024 252
255 20
20 255
255 54
54 255
255 117
117 255
255 255
255 255
255 503
503 255
255 519
519 255
255 1221
1221 255
255 1632
1632 255
255 2591
2591 255
255 3172
3172 255
255 4343
4343 255
255 4455
4455 255
255 4459
4459 255
255 5079
5079 255
255 5446
5446 255
255 5606
5606 255
255 6124
6124 255
255 6917
6917 255
255 7211
7211 255
255 7228
7228 255
255 7284
7284 255
255 7314
7314 255
255 7874
7874 255
255 9239
9239 255
255 11405
11405 255
255 12106
12106 255
255 12894
12894 255
255 13181
13181 255
255 13969
13969 255
255 14189
14189 255
255 18619
18619 255
255 19426
19426 255
255 19871
19871 255
255 20355
20355 255
255 20517
20517 255
255 21786
21786 255
255 21881
21881 255
255 22208
22208 255
255 24191
24191 255
255 24224
24224 255
260 503
503 260
269 7348
7348 269
287 287
287 287
287 968
968 287
287 7093
7093 287
287 7118
7118 287
287 7212
7212 287
287 7228
7228 287
287 7270
7270 287
287 7380
7380 287
287 11722
11722 287
287 11861
11861 287
287 13118
13118 287
309 3172
3172 309
309 7391
7391 309
320 320
320 320
320 7304
7304 320
344 6167
6167 344
344 7228
7228 344
348 596
596 348
348 7294
7294 348
348 24275
24275 348
349 349
349 349
351 23927
23927 351
383 383
383 383
386 386
386 386
390 390
390 390
405 3172
3172 405
405 7198
7198 405
412 642
642 412
412 3777
3777 412
412 13459
13459 412
438 438
438 438
454 454
454 454
454 1846
1846 454
454 5660
5660 454
454 6780
6780 454
454 6811
6811 454
454 18619
18619 454
465 11698
11698 465
465 12894
12894 465
465 17058
17058 465
503 0
0 503
503 503
503 503
503 4967
4967 503
503 6747
6747 503
503 7179
7179 503
503 7258
7258 503
503 7266
7266 503
503 7333
7333 503
503 8921
8921 503
503 19087
19087 503
525 383
383 525
540 804
804 540
540 3231
3231 540
540 21699
21699 540
560 560
560 560
570 570
570 570
572 572
572 572
572 3145
3145 572
572 3172
3172 572
572 4242
4242 572
572 6640
6640 572
572 19901
19901 572
593 7271
7271 593
596 0
0 596
596 596
596 596
596 1913
1913 596
596 2361
2361 596
596 3172
3172 596
596 3869
3869 596
596 3938
3938 596
596 5079
5079 596
596 5421
5421 596
596 5936
5936 596
596 6124
6124 596
596 6596
6596 596
596 6773
6773 596
596 6819
6819 596
596 7181
7181 596
596 7287
7287 596
596 7292
7292 596
596 7297
7297 596
596 7390
7390 596
596 10811
10811 596
596 13323
13323 596
596 14055
14055 596
596 17068
17068 596
597 9005
9005 597
601 601
601 601
601 753
753 601
601 764
764 601
601 2818
2818 601
601 2819
2819 601
601 5435
5435 601
601 5677
5677 601
601 5969
5969 601
601 6478
6478 601
601 6917
6917 601
601 7157
7157 601
601 7231
7231 601
601 7233
7233 601
601 7278
7278 601
601 9011
9011 601
601 13383
13383 601
601 13786
13786 601
601 14861
14861 601
601 16900
16900 601
601 24568
24568 601
606 24393
24393 606
608 608
608 608
608 2134
2134 608
610 610
610 610
610 7135
7135 610
610 7197
7197 610
613 5519
5519 613
623 608
608 623
623 5730
5730 623
623 6996
6996 623
623 7249
7249 623
623 8444
8444 623
626 626
626 626
626 2931
2931 626
640 2257
2257 640
640 7410
7410 640
642 20
20 642
642 613
613 642
642 642
642 642
642 947
947 642
642 1520
1520 642
642 1846
1846 642
642 2036
2036 642
642 2487
2487 642
642 3049
3049 642
642 3388
3388 642
642 3425
3425 642
642 3483
3483 642
642 3528
3528 642
642 4255
4255 642
642 4343
4343 642
642 6074
6074 642
642 6333
6333 642
642 6773
6773 642
642 6917
6917 642
642 7110
7110 642
642 7125
7125 642
642 7135
7135 642
642 7136
7136 642
642 7141
7141 642
642 7151
7151 642
642 7159
7159 642
642 7162
7162 642
642 7181
7181 642
642 7209
7209 642
642 7216
7216 642
642 7225
7225 642
642 7228
7228 642
642 7229
7229 642
642 7234
7234 642
642 7235
7235 642
642 7246
7246 642
642 7264
7264 642
642 7287
7287 642
642 7290
7290 642
642 7294
7294 642
642 7297
7297 642
642 7300
7300 642
642 7362
7362 642
642 7368
7368 642
642 7373
7373 642
642 7394
7394 642
642 8638
8638 642
642 10121
10121 642
642 11698
11698 642
642 12123
12123 642
642 12135
12135 642
642 12429
12429 642
642 14920
14920 642
642 18449
18449 642
642 19426
19426 642
642 20242
20242 642
642 23943
23943 642
643 3145
3145 643
643 6961
6961 643
662 662
662 662
662 5429
5429 662
671 115
115 671
671 671
671 671
673 673
673 673
702 13067
13067 702
702 18465
18465 702
702 18602
18602 702
726 0
0 726
726 726
726 726
726 1312
1312 726
726 1951
1951 726
726 2048
2048 726
726 3428
3428 726
726 4255
4255 726
726 4343
4343 726
726 4926
4926 726
726 4967
4967 726
726 6596
6596 726
726 6921
6921 726
726 9177
9177 726
726 13027
13027 726
737 7024
7024 737
753 753
753 753
764 764
764 764
764 4215
4215 764
782 6074
6074 782
782 12473
12473 782
782 19554
19554 782
794 794
794 794
794 7284
7284 794
794 14920
14920 794
810 90
90 810
820 15024
15024 820
830 230
230 830
830 498
498 830
830 830
830 830
830 833
833 830
830 2384
2384 830
830 6478
6478 830
830 6747
6747 830
830 7305
7305 830
833 213
213 833
833 833
833 833
833 20242
20242 833
866 503
503 866
866 866
866 866
866 3172
3172 866
866 7170
7170 866
876 6167
6167 876
895 7271
7271 895
903 4653
4653 903
906 906
906 906
906 1063
1063 906
906 7374
7374 906
917 7214
7214 917
929 1899
1899 929
929 6124
6124 929
929 6747
6747 929
934 934
934 934
934 2197
2197 934
934 4242
4242 934
934 8984
8984 934
934 11657
11657 934
934 16388
16388 934
934 19438
19438 934
934 22134
22134 934
946 946
946 946
946 1899
1899 946
946 2491
2491 946
947 947
947 947
947 1692
1692 947
947 5960
5960 947
947 7021
7021 947
947 12044
12044 947
947 14387
14387 947
947 18689
18689 947
968 968
968 968
988 4455
4455 988
992 992
992 992
996 5703
5703 996
996 11460
11460 996
1013 1013
1013 1013
1013 1913
1913 1013
1013 8984
8984 1013
1015 1015
1015 1015
1015 2425
2425 1015
1018 1018
1018 1018
1018 2794
2794 1018
1018 7370
7370 1018
1031 7370
7370 1031
1063 906
906 1063
1063 1063
1063 1063
1063 2070
2070 1063
1063 6103
6103 1063
1063 6113
6113 1063
1096 7341
7341 1096
1105 287
287 1105
1105 1105
1105 1105
1105 1842
1842 1105
1105 1846
1846 1105
1105 1899
1899 1105
1105 3172
3172 1105
1105 3657
3657 1105
1105 4242
4242 1105
1105 4343
4343 1105
1105 5435
5435 1105
1105 5677
5677 1105
1105 6478
6478 1105
1105 7199
7199 1105
1105 7200
7200 1105
1105 7201
7201 1105
1105 7207
7207 1105
1105 7210
7210 1105
1105 7233
7233 1105
1105 7269
7269 1105
1105 7271
7271 1105
1105 7297
7297 1105
1105 7308
7308 1105
1105 7370
7370 1105
1105 7372
7372 1105
1105 7387
7387 1105
1105 8996
8996 1105
1105 10006
10006 1105
1105 11722
11722 1105
1105 11881
11881 1105
1105 13786
13786 1105
1105 18169
18169 1105
1105 20893
20893 1105
1105 21699
21699 1105
1105 24717
24717 1105
1109 503
503 1109
1116 7198
7198 1116
1116 24033
24033 1116
1133 1133
1133 1133
1137 115
115 1137
1137 833
833 1137
1137 866
866 1137
1137 1221
1221 1137
1137 3657
3657 1137
1137 4154
4154 1137
1137 4237
4237 1137
1137 4785
4785 1137
1137 5265
5265 1137
1137 5299
5299 1137
1137 5579
5579 1137
1137 7118
7118 1137
1137 8995
8995 1137
1137 20550
20550 1137
1140 1312
1312 1140
1140 1323
1323 1140
1140 6124
6124 1140
1140 7203
7203 1140
1140 12135
12135 1140
1141 929
929 1141
1141 1141
1141 1141
1141 3777
3777 1141
1141 5769
5769 1141
1158 1158
1158 1158
1158 4055
4055 1158
1158 6747
6747 1158
1158 7341
7341 1158
1173 503
503 1173
1190 14905
14905 1190
1194 12429
12429 1194
1214 1214
1214 1214
1214 4242
4242 1214
1221 255
255 1221
1221 1221
1221 1221
1221 1846
1846 1221
1221 4160
4160 1221
1221 4343
4343 1221
1221 7249
7249 1221
1221 7292
7292 1221
1221 9551
9551 1221
1230 7228
7228 1230
1235 7162
7162 1235
1244 503
503 1244
1244 1244
1244 1244
1244 4343
4343 1244
1244 7292
7292 1244
1244 13574
13574 1244
1244 23933
23933 1244
1264 1264
1264 1264
1264 13196
13196 1264
1270 1270
1270 1270
1270 3172
3172 1270
1312 1312
1312 1312
1312 7163
7163 1312
1317 2831
2831 1317
1318 1318
1318 1318
1318 6819
6819 1318
1323 1140
1140 1323
1323 21786
21786 1323
1384 34
34 1384
1384 7220
7220 1384
1388 1388
1388 1388
1392 1392
1392 1392
1392 1632
1632 1392
1392 1639
1639 1392
1392 3452
3452 1392
1399 5663
5663 1399
1403 503
503 1403
1403 626
626 1403
1403 1403
1403 1403
1403 3938
3938 1403
1403 4343
4343 1403
1403 4526
4526 1403
1403 5489
5489 1403
1403 6966
6966 1403
1403 7298
7298 1403
1403 7314
7314 1403
1403 7332
7332 1403
1403 7371
7371 1403
1403 7381
7381 1403
1404 22204
22204 1404
1407 4721
4721 1407
1407 18869
18869 1407
1411 623
623 1411
1411 1411
1411 1411
1411 7249
7249 1411
1430 503
503 1430
1430 1430
1430 1430
1430 1907
1907 1430
1430 2591
2591 1430
1430 2611
2611 1430
1430 3255
3255 1430
1430 4076
4076 1430
1430 4685
4685 1430
1430 4920
4920 1430
1430 5177
5177 1430
1430 5178
5178 1430
1430 6247
6247 1430
1430 6478
6478 1430
1430 6996
6996 1430
1430 7185
7185 1430
1430 7204
7204 1430
1430 7239
7239 1430
1430 8321
8321 1430
1430 9842
9842 1430
1430 17058
17058 1430
1430 18242
18242 1430
1431 1431
1431 1431
1431 3705
3705 1431
1439 5677
5677 1439
1486 20
20 1486
1495 1015
1015 1495
1495 7215
7215 1495
1504 1504
1504 1504
1504 5946
5946 1504
1520 1520
1520 1520
1520 4242
4242 1520
1520 13969
13969 1520
1520 16348
16348 1520
1520 16976
16976 1520
1520 24226
24226 1520
1538 7112
7112 1538
1538 7341
7341 1538
1551 3705
3705 1551
1551 19059
19059 1551
1569 6489
6489 1569
1573 1573
1573 1573
1580 1580
1580 1580
1581 1581
1581 1581
1581 1658
1658 1581
1581 4076
4076 1581
1581 4242
4242 1581
1581 5178
5178 1581
1581 6747
6747 1581
1581 13786
13786 1581
1582 7382
7382 1582
1582 12106
12106 1582
1585 1585
1585 1585
1585 1951
1951 1585
1585 3760
3760 1585
1632 213
213 1632
1632 255
255 1632
1632 1632
1632 1632
1632 1658
1658 1632
1632 3452
3452 1632
1632 6961
6961 1632
1632 7074
7074 1632
1632 7257
7257 1632
1632 21881
21881 1632
1632 24250
24250 1632
1633 7325
7325 1633
1658 20
20 1658
1658 213
213 1658
1658 1658
1658 1658
1658 1846
1846 1658
1658 1939
1939 1658
1658 2713
2713 1658
1658 4242
4242 1658
1658 5435
5435 1658
1658 6818
6818 1658
1658 7235
7235 1658
1658 7380
7380 1658
1658 13518
13518 1658
1658 21800
21800 1658
1658 24313
24313 1658
1665 1665
1665 1665
1667 601
601 1667
1667 1221
1221 1667
1667 6136
6136 1667
1667 18602
18602 1667
1676 1676
1676 1676
1692 1063
1063 1692
1692 1692
1692 1692
1692 4160
4160 1692
1692 4685
4685 1692
1692 5887
5887 1692
1692 7215
7215 1692
1692 12044
12044 1692
1692 13383
13383 1692
1734 5572
5572 1734
1734 7228
7228 1734
1734 19866
19866 1734
1740 188
188 1740
1740 349
349 1740
1740 1105
1105 1740
1740 1264
1264 1740
1740 1658
1658 1740
1740 3203
3203 1740
1740 4872
4872 1740
1740 4928
4928 1740
1740 5600
5600 1740
1740 7224
7224 1740
1740 7261
7261 1740
1740 7402
7402 1740
1740 7407
7407 1740
1740 8996
8996 1740
1740 9005
9005 1740
1740 11130
11130 1740
1740 11313
11313 1740
1740 13196
13196 1740
1740 15940
15940 1740
1740 16591
16591 1740
1740 17097
17097 1740
1740 21800
21800 1740
1740 24313
24313 1740
1741 5892
5892 1741
1780 1780
1780 1780
1780 2487
2487 1780
1780 3667
3667 1780
1780 5409
5409 1780
1780 13067
13067 1780
1780 14267
14267 1780
1780 15623
15623 1780
1780 18917
18917 1780
1788 753
753 1788
1788 4946
4946 1788
1842 1105
1105 1842
1842 13181
13181 1842
1846 503
503 1846
1846 570
570 1846
1846 608
608 1846
1846 642
642 1846
1846 662
662 1846
1846 866
866 1846
1846 1221
1221 1846
1846 1658
1658 1846
1846 1846
1846 1846
1846 1913
1913 1846
1846 1934
1934 1846
1846 2361
2361 1846
1846 3172
3172 1846
1846 3388
3388 1846
1846 4021
4021 1846
1846 5409
5409 1846
1846 5519
5519 1846
1846 5660
5660 1846
1846 7225
7225 1846
1846 7304
7304 1846
1846 7394
7394 1846
1846 7874
7874 1846
1846 15024
15024 1846
1846 15623
15623 1846
1846 18917
18917 1846
1846 19087
19087 1846
1846 23085
23085 1846
1851 1851
1851 1851
1861 115
115 1861
1861 1665
1665 1861
1861 1861
1861 1861
1861 3420
3420 1861
1861 12588
12588 1861
1861 17058
17058 1861
1861 24226
24226 1861
1867 1951
1951 1867
1867 2931
2931 1867
1887 16018
16018 1887
1899 946
946 1899
1899 1013
1013 1899
1899 1899
1899 1899
1899 3172
3172 1899
1899 3231
3231 1899
1899 11460
11460 1899
1899 11569
11569 1899
1899 17050
17050 1899
1899 21899
21899 1899
1901 1015
1015 1901
1901 18917
18917 1901
1913 1013
1013 1913
1913 1913
1913 1913
1913 9177
9177 1913
1913 21881
21881 1913
1913 23933
23933 1913
1921 5489
5489 1921
1934 1934
1934 1934
1944 1944
1944 1944
1944 2831
2831 1944
1944 4242
4242 1944
1951 20
20 1951
1951 1585
1585 1951
1951 1867
1867 1951
1951 1951
1951 1951
1951 2255
2255 1951
1951 3223
3223 1951
1951 3463
3463 1951
1951 3667
3667 1951
1951 3869
3869 1951
1951 5435
5435 1951
1951 6124
6124 1951
1951 6675
6675 1951
1951 7038
7038 1951
1951 7064
7064 1951
1951 7099
7099 1951
1951 7189
7189 1951
1951 7238
7238 1951
1951 7265
7265 1951
1951 7284
7284 1951
1951 7341
7341 1951
1951 7396
7396 1951
1951 10900
10900 1951
1951 11831
11831 1951
1951 17306
17306 1951
1951 22234
22234 1951
1951 23895
23895 1951
1951 24342
24342 1951
1951 24682
24682 1951
1959 2036
2036 1959
1959 14920
14920 1959
1971 1109
1109 1971
2022 560
560 2022
2022 726
726 2022
2027 7122
7122 2027
2036 642
642 2036
2036 1959
1959 2036
2036 2036
2036 2036
2036 2864
2864 2036
2036 7074
7074 2036
2036 7135
7135 2036
2036 7170
7170 2036
2036 20355
20355 2036
2048 2048
2048 2048
2048 6596
6596 2048
2048 7154
7154 2048
2053 115
115 2053
2053 1934
1934 2053
2053 2053
2053 2053
2053 4242
4242 2053
2053 7224
7224 2053
2053 11698
11698 2053
2053 15688
15688 2053
2053 17276
17276 2053
2134 608
608 2134
2134 1504
1504 2134
2134 1520
1520 2134
2134 2134
2134 2134
2134 2424
2424 2134
2134 5677
5677 2134
2134 6417
6417 2134
2134 7166
7166 2134
2134 11936
11936 2134
2134 13003
13003 2134
2151 4160
4160 2151
2194 34
34 2194
2194 115
115 2194
2194 671
671 2194
2194 2591
2591 2194
2194 4154
4154 2194
2194 5299
5299 2194
2194 5677
5677 2194
2194 6961
6961 2194
2194 7233
7233 2194
2194 7362
7362 2194
2197 351
351 2197
2197 934
934 2197
2197 2197
2197 2197
2197 3049
3049 2197
2197 3145
3145 2197
2197 5946
5946 2197
2197 7191
7191 2197
2197 7395
7395 2197
2197 16388
16388 2197
2197 19087
19087 2197
2197 20817
20817 2197
2197 21739
21739 2197
2197 22708
22708 2197
2199 20550
20550 2199
2215 4160
4160 2215
2236 255
255 2236
2236 14403
14403 2236
2239 115
115 2239
2239 2819
2819 2239
2239 6103
6103 2239
2239 6478
6478 2239
2239 6819
6819 2239
2239 7117
7117 2239
2239 7292
7292 2239
2239 9461
9461 2239
2239 12044
12044 2239
2239 17675
17675 2239
2242 2242
2242 2242
2242 4926
4926 2242
2242 7180
7180 2242
2242 13191
13191 2242
2242 16843
16843 2242
2242 20512
20512 2242
2255 2255
2255 2255
2257 6084
6084 2257
2257 7410
7410 2257
2293 830
830 2293
2293 2293
2293 2293
2293 21926
21926 2293
2309 7278
7278 2309
2343 1063
1063 2343
2343 7245
7245 2343
2349 7233
7233 2349
2361 320
320 2361
2361 503
503 2361
2361 596
596 2361
2361 2361
2361 2361
2361 3055
3055 2361
2361 3667
3667 2361
2361 3760
3760 2361
2361 4186
4186 2361
2361 7304
7304 2361
2361 7362
7362 2361
2361 7404
7404 2361
2361 12044
12044 2361
2361 13067
13067 2361
2361 19059
19059 2361
2384 830
830 2384
2384 2384
2384 2384
2384 4343
4343 2384
2384 8996
8996 2384
2384 9551
9551 2384
2384 10882
10882 2384
2384 11313
11313 2384
2384 13786
13786 2384
2387 115
115 2387
2387 2387
2387 2387
2387 3869
3869 2387
2387 5364
5364 2387
2387 6652
6652 2387
2392 5519
5519 2392
2392 7235
7235 2392
2392 12429
12429 2392
2411 188
188 2411
2411 519
519 2411
2411 601
601 2411
2411 642
642 2411
2411 19866
19866 2411
2416 3003
3003 2416
2416 3250
3250 2416
2416 5409
5409 2416
2416 5421
5421 2416
2416 12429
12429 2416
2424 2424
2424 2424
2424 5677
5677 2424
2425 1015
1015 2425
2425 2425
2425 2425
2425 18602
18602 2425
2433 7157
7157 2433
2433 9842
9842 2433
2442 7288
7288 2442
2442 22882
22882 2442
2484 2484
2484 2484
2484 7390
7390 2484
2487 613
613 2487
2487 642
642 2487
2487 1015
1015 2487
2487 2487
2487 2487
2487 5409
5409 2487
2487 5538
5538 2487
2487 6652
6652 2487
2487 7123
7123 2487
2487 7125
7125 2487
2487 7225
7225 2487
2487 7284
7284 2487
2487 9305
9305 2487
2487 18917
18917 2487
2490 2490
2490 2490
2491 188
188 2491
2491 14029
14029 2491
2497 2236
2236 2497
2497 2636
2636 2497
2497 4160
4160 2497
2497 5143
5143 2497
2497 5409
5409 2497
2499 3172
3172 2499
2499 13969
13969 2499
2558 2558
2558 2558
2583 5107
5107 2583
2583 8996
8996 2583
2591 115
115 2591
2591 260
260 2591
2591 503
503 2591
2591 642
642 2591
2591 1015
1015 2591
2591 1312
1312 2591
2591 2591
2591 2591
2591 3172
3172 2591
2591 6621
6621 2591
2591 6936
6936 2591
2591 7270
7270 2591
2591 8921
8921 2591
2591 9029
9029 2591
2591 9239
9239 2591
2592 255
255 2592
2592 260
260 2592
2592 2027
2027 2592
2592 5127
5127 2592
2592 5639
5639 2592
2592 6478
6478 2592
2592 7145
7145 2592
2592 7193
7193 2592
2592 7235
7235 2592
2592 7300
7300 2592
2592 8921
8921 2592
2592 9002
9002 2592
2592 12429
12429 2592
2592 14224
14224 2592
2592 18602
18602 2592
2592 18940
18940 2592
2592 19730
19730 2592
2592 20036
20036 2592
2592 21881
21881 2592
2592 23782
23782 2592
2611 2611
2611 2611
2622 1913
1913 2622
2622 2622
2622 2622
2622 7270
7270 2622
2622 12429
12429 2622
2629 4076
4076 2629
2629 4920
4920 2629
2629 7122
7122 2629
2629 7270
7270 2629
2629 19059
19059 2629
2633 4343
4343 2633
2633 7281
7281 2633
2636 2636
2636 2636
2636 5149
5149 2636
2699 6489
6489 2699
2713 14806
14806 2713
2736 7349
7349 2736
2748 3736
3736 2748
2748 6936
6936 2748
2794 2794
2794 2794
2797 2797
2797 2797
2797 4572
4572 2797
2811 7263
7263 2811
2818 1015
1015 2818
2819 2819
2819 2819
2819 4920
4920 2819
2819 19901
19901 2819
2831 213
213 2831
2831 1221
1221 2831
2831 1632
1632 2831
2831 1944
1944 2831
2831 2831
2831 2831
2831 3172
3172 2831
2831 5946
5946 2831
2831 6907
6907 2831
2831 7255
7255 2831
2831 9164
9164 2831
2831 11657
11657 2831
2831 24246
24246 2831
2864 2864
2864 2864
2864 3957
3957 2864
2864 7349
7349 2864
2864 9177
9177 2864
2872 7215
7215 2872
2872 23943
23943 2872
2875 13969
13969 2875
2875 18056
18056 2875
2906 2906
2906 2906
2906 3620
3620 2906
2906 13099
13099 2906
2918 7313
7313 2918
2931 626
626 2931
2931 1867
1867 2931
2931 2931
2931 2931
2931 7874
7874 2931
2931 20726
20726 2931
2934 14309
14309 2934
2939 2939
2939 2939
2961 2961
2961 2961
2961 18465
18465 2961
2984 23782
23782 2984
2997 231
231 2997
2998 1899
1899 2998
3018 6652
6652 3018
3018 7307
7307 3018
3018 16608
16608 3018
3019 3019
3019 3019
3019 3388
3388 3019
3019 7073
7073 3019
3019 7228
7228 3019
3019 20550
20550 3019
3049 642
642 3049
3049 3049
3049 3049
3049 5946
5946 3049
3049 6176
6176 3049
3055 5542
5542 3055
3078 255
255 3078
3084 9177
9177 3084
3113 212
212 3113
3113 642
642 3113
3113 3113
3113 3113
3113 3869
3869 3113
3113 6478
6478 3113
3113 18242
18242 3113
3113 18602
18602 3113
3130 24568
24568 3130
3143 7228
7228 3143
3145 3145
3145 3145
3145 6961
6961 3145
3153 3153
3153 3153
3162 3162
3162 3162
3162 24463
24463 3162
3172 20
20 3172
3172 503
503 3172
3172 1015
1015 3172
3172 1632
1632 3172
3172 2197
2197 3172
3172 3172
3172 3172
3172 3452
3452 3172
3172 4242
4242 3172
3172 4343
4343 3172
3172 6478
6478 3172
3172 6961
6961 3172
3172 7045
7045 3172
3172 7115
7115 3172
3172 7137
7137 3172
3172 7290
7290 3172
3172 7303
7303 3172
3172 7393
7393 3172
3172 8540
8540 3172
3172 8996
8996 3172
3172 12135
12135 3172
3172 13459
13459 3172
3172 13786
13786 3172
3172 16388
16388 3172
3172 17058
17058 3172
3172 17349
17349 3172
3172 19059
19059 3172
3172 23711
23711 3172
3172 24250
24250 3172
3173 3173
3173 3173
3173 9177
9177 3173
3203 1015
1015 3203
3203 4872
4872 3203
3203 18917
18917 3203
3227 115
115 3227
3227 2984
2984 3227
3227 4036
4036 3227
3227 20550
20550 3227
3231 503
503 3231
3231 1015
1015 3231
3231 3231
3231 3231
3231 4526
4526 3231
3231 8921
8921 3231
3231 24250
24250 3231
3250 2416
2416 3250
3255 1430
1430 3255
3269 4801
4801 3269
3288 3288
3288 3288
3288 4149
4149 3288
3288 6666
6666 3288
3301 3301
3301 3301
3301 21786
21786 3301
3330 4343
4343 3330
3330 7258
7258 3330
3330 20883
20883 3330
3420 3420
3420 3420
3420 8996
8996 3420
3425 1846
1846 3425
3425 3388
3388 3425
3425 3425
3425 3425
3425 5519
5519 3425
3425 7125
7125 3425
3428 121
121 3428
3428 866
866 3428
3428 2412
2412 3428
3428 3172
3172 3428
3452 1632
1632 3452
3452 2255
2255 3452
3452 3172
3172 3452
3452 3452
3452 3452
3452 5969
5969 3452
3452 6596
6596 3452
3452 6961
6961 3452
3452 20355
20355 3452
3452 21699
21699 3452
3452 23943
23943 3452
3452 24033
24033 3452
3463 1951
1951 3463
3483 3483
3483 3483
3528 4920
4920 3528
3551 2421
2421 3551
3570 11313
11313 3570
3609 3609
3609 3609
3609 11722
11722 3609
3609 17050
17050 3609
3609 18056
18056 3609
3609 20517
20517 3609
3620 2906
2906 3620
3620 7166
7166 3620
3620 7167
7167 3620
3629 3777
3777 3629
3657 1105
1105 3657
3657 1887
1887 3657
3657 3468
3468 3657
3657 3657
3657 3657
3657 6737
6737 3657
3657 9960
9960 3657
3657 14835
14835 3657
3657 18056
18056 3657
3657 20285
20285 3657
3657 24728
24728 3657
3667 2361
2361 3667
3667 3667
3667 3667
3667 4242
4242 3667
3667 17675
17675 3667
3705 1431
1431 3705
3705 9239
9239 3705
3708 5887
5887 3708
3709 9029
9029 3709
3729 3729
3729 3729
3729 18602
18602 3729
3736 3736
3736 3736
3736 7152
7152 3736
3756 19865
19865 3756
3757 3153
3153 3757
3757 6478
6478 3757
3757 7205
7205 3757
3757 18619
18619 3757
3757 24226
24226 3757
3760 1585
1585 3760
3760 3629
3629 3760
3760 3760
3760 3760
3760 7124
7124 3760
3760 7140
7140 3760
3777 3484
3484 3777
3777 3629
3629 3777
3777 3777
3777 3777
3777 6996
6996 3777
3777 9025
9025 3777
3843 4928
4928 3843
3843 6285
6285 3843
3843 8996
8996 3843
3869 596
596 3869
3869 1951
1951 3869
3869 3869
3869 3869
3874 24226
24226 3874
3921 7258
7258 3921
3935 1015
1015 3935
3946 115
115 3946
3957 2864
2864 3957
3957 3957
3957 3957
3957 9177
9177 3957
3986 1907
1907 3986
3986 3986
3986 3986
3987 7211
7211 3987
3987 13969
13969 3987
4029 2242
2242 4029
4051 4051
4051 4051
4051 6907
6907 4051
4055 4055
4055 4055
4113 11722
11722 4113
4160 4160
4160 4160
4160 22598
22598 4160
4183 4829
4829 4183
4183 5583
5583 4183
4183 9030
9030 4183
4186 3055
3055 4186
4186 20883
20883 4186
4208 4208
4208 4208
4237 4237
4237 4237
4237 6811
6811 4237
4237 7166
7166 4237
4237 18602
18602 4237
4242 20
20 4242
4242 287
287 4242
4242 349
349 4242
4242 503
503 4242
4242 858
858 4242
4242 934
934 4242
4242 992
992 4242
4242 1214
1214 4242
4242 1520
1520 4242
4242 1676
1676 4242
4242 1899
1899 4242
4242 1913
1913 4242
4242 1944
1944 4242
4242 2199
2199 4242
4242 3172
3172 4242
4242 3469
3469 4242
4242 3667
3667 4242
4242 4036
4036 4242
4242 4242
4242 4242
4242 4343
4343 4242
4242 4572
4572 4242
4242 4928
4928 4242
4242 5176
5176 4242
4242 5299
5299 4242
4242 5946
5946 4242
4242 6009
6009 4242
4242 6074
6074 4242
4242 6121
6121 4242
4242 6285
6285 4242
4242 6640
6640 4242
4242 6747
6747 4242
4242 7055
7055 4242
4242 7126
7126 4242
4242 7150
7150 4242
4242 7155
7155 4242
4242 7166
7166 4242
4242 7167
7167 4242
4242 7170
7170 4242
4242 7176
7176 4242
4242 7177
7177 4242
4242 7181
7181 4242
4242 7219
7219 4242
4242 7233
7233 4242
4242 7239
7239 4242
4242 7257
7257 4242
4242 7261
7261 4242
4242 7284
7284 4242
4242 7294
7294 4242
4242 7298
7298 4242
4242 7326
7326 4242
4242 7343
7343 4242
4242 7346
7346 4242
4242 7362
7362 4242
4242 7363
7363 4242
4242 7366
7366 4242
4242 7387
7387 4242
4242 8638
8638 4242
4242 8996
8996 4242
4242 9005
9005 4242
4242 9026
9026 4242
4242 11722
11722 4242
4242 12135
12135 4242
4242 16388
16388 4242
4242 17097
17097 4242
4242 17276
17276 4242
4242 17675
17675 4242
4242 19059
19059 4242
4242 24313
24313 4242
4242 24657
24657 4242
4255 671
671 4255
4255 1015
1015 4255
4255 4255
4255 4255
4255 6478
6478 4255
4255 7167
7167 4255
4280 20817
20817 4280
4282 7393
7393 4282
4331 1934
1934 4331
4331 2713
2713 4331
4331 4331
4331 4331
4331 4785
4785 4331
4331 5364
5364 4331
4331 7097
7097 4331
4331 7197
7197 4331
4331 7228
7228 4331
4331 8996
8996 4331
4331 9551
9551 4331
4331 11657
11657 4331
4331 18917
18917 4331
4331 19730
19730 4331
4339 19730
19730 4339
4340 255
255 4340
4343 115
115 4343
4343 287
287 4343
4343 503
503 4343
4343 2831
2831 4343
4343 3172
3172 4343
4343 4343
4343 4343
4343 6966
6966 4343
4343 7114
7114 4343
4343 7293
7293 4343
4343 7368
7368 4343
4343 13181
13181 4343
4343 14401
14401 4343
4343 14805
14805 4343
4343 14920
14920 4343
4343 17071
17071 4343
4343 19865
19865 4343
4343 20550
20550 4343
4343 24226
24226 4343
4343 24351
24351 4343
4353 9025
9025 4353
4353 21883
21883 4353
4355 11779
11779 4355
4385 21817
21817 4385
4406 7334
7334 4406
4407 17058
17058 4407
4440 2255
2255 4440
4440 2324
2324 4440
4440 3172
3172 4440
4440 3231
3231 4440
4440 4160
4160 4440
4440 6937
6937 4440
4440 7194
7194 4440
4440 18602
18602 4440
4440 20355
20355 4440
4450 4450
4450 4450
4450 5519
5519 4450
4450 7785
7785 4450
4459 255
255 4459
4459 4160
4160 4459
4459 4440
4440 4459
4459 4459
4459 4459
4459 7227
7227 4459
4459 8107
8107 4459
4526 3231
3231 4526
4526 4526
4526 4526
4557 2072
2072 4557
4572 2797
2797 4572
4601 4920
4920 4601
4601 5178
5178 4601
4663 4663
4663 4663
4679 4679
4679 4679
4679 4926
4926 4679
4679 7343
7343 4679
4679 17801
17801 4679
4685 255
255 4685
4685 1582
1582 4685
4685 2255
2255 4685
4685 4685
4685 4685
4685 4885
4885 4685
4685 6124
6124 4685
4685 7351
7351 4685
4685 14601
14601 4685
4685 18401
18401 4685
4700 4700
4700 4700
4704 804
804 4704
4721 13969
13969 4721
4781 6936
6936 4781
4781 7125
7125 4781
4802 7026
7026 4802
4822 9551
9551 4822
4829 4183
4183 4829
4829 4700
4700 4829
4829 4829
4829 4829
4829 6478
6478 4829
4829 7127
7127 4829
4829 19426
19426 4829
4829 21817
21817 4829
4872 4872
4872 4872
4876 19866
19866 4876
4879 642
642 4879
4885 4885
4885 4885
4885 7265
7265 4885
4888 4888
4888 4888
4888 8996
8996 4888
4920 630
630 4920
4920 2207
2207 4920
4920 2591
2591 4920
4920 2819
2819 4920
4920 3255
3255 4920
4920 3528
3528 4920
4920 4343
4343 4920
4920 4920
4920 4920
4920 5644
5644 4920
4920 6213
6213 4920
4920 6666
6666 4920
4920 6960
6960 4920
4920 7148
7148 4920
4920 7185
7185 4920
4920 7212
7212 4920
4920 7270
7270 4920
4920 7324
7324 4920
4920 7329
7329 4920
4920 7380
7380 4920
4920 7382
7382 4920
4920 7393
7393 4920
4920 8321
8321 4920
4920 12106
12106 4920
4920 19059
19059 4920
4920 21926
21926 4920
4920 22598
22598 4920
4920 24695
24695 4920
4926 2036
2036 4926
4926 4926
4926 4926
4926 6921
6921 4926
4926 7110
7110 4926
4926 7180
7180 4926
4926 7181
7181 4926
4926 7327
7327 4926
4926 11607
11607 4926
4926 13270
13270 4926
4928 230
230 4928
4928 606
606 4928
4928 4928
4928 4928
4928 7370
7370 4928
4928 16998
16998 4928
4928 20893
20893 4928
4946 6666
6666 4946
4952 255
255 4952
4952 2255
2255 4952
4952 4952
4952 4952
4952 6401
6401 4952
4952 6596
6596 4952
4952 7144
7144 4952
4967 726
726 4967
4967 4967
4967 4967
5052 4343
4343 5052
5052 7293
7293 5052
5079 13337
13337 5079
5087 4160
4160 5087
5096 115
115 5096
5096 5096
5096 5096
5127 503
503 5127
5127 1944
1944 5127
5127 24226
24226 5127
5143 2497
2497 5143
5143 3172
3172 5143
5143 5143
5143 5143
5143 13786
13786 5143
5143 17675
17675 5143
5149 2636
2636 5149
5152 2236
2236 5152
5152 2497
2497 5152
5152 4331
4331 5152
5152 5152
5152 5152
5152 7252
7252 5152
5152 8996
8996 5152
5152 9842
9842 5152
5152 18917
18917 5152
5152 20355
20355 5152
5160 22089
22089 5160
5176 5176
5176 5176
5176 9005
9005 5176
5178 287
287 5178
5178 642
642 5178
5178 1388
1388 5178
5178 1899
1899 5178
5178 2629
2629 5178
5178 2819
2819 5178
5178 3561
3561 5178
5178 4242
4242 5178
5178 4920
4920 5178
5178 5178
5178 5178
5178 6167
6167 5178
5178 6478
6478 5178
5178 6747
6747 5178
5178 6960
6960 5178
5178 7098
7098 5178
5178 7197
7197 5178
5178 7277
7277 5178
5178 7382
7382 5178
5178 8996
8996 5178
5178 12012
12012 5178
5178 13786
13786 5178
5178 19059
19059 5178
5178 19498
19498 5178
5178 20817
20817 5178
5178 21926
21926 5178
5189 21
21 5189
5189 1015
1015 5189
5189 4051
4051 5189
5261 4888
4888 5261
5261 7157
7157 5261
5274 503
503 5274
5274 1015
1015 5274
5274 1899
1899 5274
5274 7292
7292 5274
5274 9025
9025 5274
5284 1899
1899 5284
5284 2794
2794 5284
5284 7370
7370 5284
5299 1137
1137 5299
5299 4242
4242 5299
5299 5299
5299 5299
5304 2831
2831 5304
5311 3777
3777 5311
5311 4343
4343 5311
5311 6241
6241 5311
5311 6883
6883 5311
5311 24710
24710 5311
5325 2592
2592 5325
5325 10900
10900 5325
5325 13459
13459 5325
5325 20242
20242 5325
5325 24409
24409 5325
5329 4242
4242 5329
5329 5329
5329 5329
5329 6090
6090 5329
5329 6999
6999 5329
5329 7155
7155 5329
5329 7197
7197 5329
5329 7233
7233 5329
5329 7309
7309 5329
5329 7360
7360 5329
5329 13518
13518 5329
5329 16976
16976 5329
5345 2361
2361 5345
5345 4343
4343 5345
5364 2387
2387 5364
5364 5364
5364 5364
5408 16076
16076 5408
5409 503
503 5409
5409 1846
1846 5409
5409 3172
3172 5409
5409 4021
4021 5409
5409 5409
5409 5409
5409 6489
6489 5409
5409 9305
9305 5409
5409 14387
14387 5409
5411 1951
1951 5411
5411 5411
5411 5411
5411 7026
7026 5411
5411 7235
7235 5411
5411 11722
11722 5411
5411 19426
19426 5411
5411 19866
19866 5411
5411 20355
20355 5411
5421 9177
9177 5421
5429 601
601 5429
5429 662
662 5429
5429 1141
1141 5429
5429 5429
5429 5429
5429 7198
7198 5429
5429 18602
18602 5429
5429 18689
18689 5429
5435 5435
5435 5435
5435 6033
6033 5435
5435 11819
11819 5435
5435 13383
13383 5435
5435 20355
20355 5435
5435 24710
24710 5435
5446 5446
5446 5446
5485 2819
2819 5485
5485 4920
4920 5485
5485 5485
5485 5485
5489 188
188 5489
5489 287
287 5489
5489 441
441 5489
5489 1585
1585 5489
5489 1951
1951 5489
5489 4255
4255 5489
5489 5147
5147 5489
5489 8540
8540 5489
5489 15360
15360 5489
5489 24515
24515 5489
5504 1015
1015 5504
5504 18602
18602 5504
5504 19438
19438 5504
5519 454
454 5519
5519 610
610 5519
5519 613
613 5519
5519 642
642 5519
5519 2036
2036 5519
5519 2487
2487 5519
5519 3231
3231 5519
5519 4343
4343 5519
5519 4450
4450 5519
5519 5519
5519 5519
5519 5660
5660 5519
5519 6478
6478 5519
5519 6596
6596 5519
5519 6780
6780 5519
5519 7073
7073 5519
5519 7125
7125 5519
5519 7197
7197 5519
5519 7204
7204 5519
5519 7208
7208 5519
5519 7225
7225 5519
5519 7257
7257 5519
5519 7374
7374 5519
5519 7410
7410 5519
5519 12949
12949 5519
5519 14267
14267 5519
5519 17216
17216 5519
5519 17675
17675 5519
5519 18602
18602 5519
5536 5536
5536 5536
5536 5887
5887 5536
5538 5538
5538 5538
5579 19059
19059 5579
5583 4183
4183 5583
5583 5583
5583 5583
5599 2484
2484 5599
5600 5600
5600 5600
5600 13969
13969 5600
5600 21800
21800 5600
5604 21356
21356 5604
5632 11840
11840 5632
5639 5639
5639 5639
5639 6765
6765 5639
5639 13786
13786 5639
5644 3172
3172 5644
5644 5644
5644 5644
5644 7393
7393 5644
5644 22598
22598 5644
5645 4154
4154 5645
5645 7150
7150 5645
5651 1907
1907 5651
5651 5651
5651 5651
5658 7162
7162 5658
5660 1846
1846 5660
5660 5660
5660 5660
5660 8995
8995 5660
5663 1399
1399 5663
5663 5663
5663 5663
5677 601
601 5677
5677 642
642 5677
5677 1439
1439 5677
5677 2134
2134 5677
5677 2361
2361 5677
5677 2424
2424 5677
5677 4343
4343 5677
5677 5079
5079 5677
5677 5489
5489 5677
5677 5677
5677 5677
5677 6074
6074 5677
5677 6883
6883 5677
5677 7166
7166 5677
5677 7231
7231 5677
5677 12949
12949 5677
5677 13786
13786 5677
5677 19355
19355 5677
5677 24247
24247 5677
5730 5730
5730 5730
5730 11936
11936 5730
5745 5745
5745 5745
5745 18056
18056 5745
5745 19871
19871 5745
5753 4700
4700 5753
5753 18602
18602 5753
5762 7233
7233 5762
5762 19554
19554 5762
5769 1141
1141 5769
5769 5769
5769 5769
5769 7121
7121 5769
5795 961
961 5795
5795 1580
1580 5795
5795 9535
9535 5795
5795 9567
9567 5795
5829 19961
19961 5829
5881 21699
21699 5881
5887 1003
1003 5887
5887 1692
1692 5887
5887 3708
3708 5887
5887 5887
5887 5887
5887 5892
5892 5887
5887 13383
13383 5887
5887 19105
19105 5887
5887 24682
24682 5887
5892 34
34 5892
5892 1741
1741 5892
5892 5892
5892 5892
5892 24033
24033 5892
5902 7252
7252 5902
5936 5936
5936 5936
5946 503
503 5946
5946 613
613 5946
5946 1316
1316 5946
5946 1504
1504 5946
5946 1780
1780 5946
5946 2134
2134 5946
5946 2487
2487 5946
5946 2831
2831 5946
5946 4450
4450 5946
5946 5519
5519 5946
5946 5538
5538 5946
5946 5660
5660 5946
5946 5677
5677 5946
5946 5892
5892 5946
5946 5946
5946 5946
5946 6176
6176 5946
5946 6241
6241 5946
5946 6832
6832 5946
5946 7073
7073 5946
5946 7159
7159 5946
5946 7292
7292 5946
5946 10811
10811 5946
5946 13067
13067 5946
5946 18602
18602 5946
5946 19087
19087 5946
5946 20292
20292 5946
5946 22708
22708 5946
5946 23912
23912 5946
5946 24393
24393 5946
5946 24463
24463 5946
5969 1913
1913 5969
5969 5969
5969 5969
5969 6175
6175 5969
5969 12135
12135 5969
5969 24033
24033 5969
5969 24518
24518 5969
6009 4242
4242 6009
6009 6009
6009 6009
6009 7239
7239 6009
6009 7313
7313 6009
6033 4343
4343 6033
6033 5435
5435 6033
6033 6033
6033 6033
6033 6666
6666 6033
6034 6034
6034 6034
6047 6883
6883 6047
6047 7136
7136 6047
6049 3172
3172 6049
6054 19087
19087 6054
6054 24033
24033 6054
6069 22598
22598 6069
6074 4242
4242 6074
6074 6074
6074 6074
6074 9025
9025 6074
6074 21954
21954 6074
6074 24156
24156 6074
6090 6090
6090 6090
6095 866
866 6095
6095 3657
3657 6095
6095 7149
7149 6095
6095 7173
7173 6095
6095 7197
7197 6095
6095 8995
8995 6095
6095 12429
12429 6095
6095 17675
17675 6095
6113 1015
1015 6113
6113 2961
2961 6113
6121 6121
6121 6121
6124 4653
4653 6124
6124 4885
4885 6124
6124 6124
6124 6124
6124 6966
6966 6124
6124 7110
7110 6124
6124 7119
7119 6124
6124 7648
7648 6124
6124 8540
8540 6124
6125 6351
6351 6125
6125 7380
7380 6125
6151 6151
6151 6151
6167 1899
1899 6167
6167 6167
6167 6167
6175 6175
6175 6175
6176 3049
3049 6176
6176 6176
6176 6176
6182 7144
7144 6182
6201 5176
5176 6201
6208 6208
6208 6208
6210 21
21 6210
6210 6210
6210 6210
6210 7195
7195 6210
6210 12429
12429 6210
6210 17068
17068 6210
6218 6218
6218 6218
6218 9239
9239 6218
6224 7024
7024 6224
6232 2819
2819 6232
6232 5510
5510 6232
6236 6236
6236 6236
6241 5946
5946 6241
6247 5178
5178 6247
6247 6240
6240 6247
6247 6247
6247 6247
6247 6747
6747 6247
6247 7382
7382 6247
6277 7269
7269 6277
6278 2633
2633 6278
6278 7122
7122 6278
6278 7179
7179 6278
6285 1
1 6285
6285 21800
21800 6285
6290 7265
7265 6290
6290 7297
7297 6290
6290 7368
7368 6290
6310 7117
7117 6310
6310 24226
24226 6310
6312 7350
7350 6312
6312 7381
7381 6312
6312 18602
18602 6312
6333 642
642 6333
6351 6351
6351 6351
6373 6373
6373 6373
6373 7270
7270 6373
6373 7378
7378 6373
6385 6917
6917 6385
6385 21240
21240 6385
6401 4952
4952 6401
6442 7140
7140 6442
6469 1585
1585 6469
6478 287
287 6478
6478 1015
1015 6478
6478 3113
3113 6478
6478 4255
4255 6478
6478 4829
4829 6478
6478 5489
5489 6478
6478 6478
6478 6478
6478 7267
7267 6478
6478 9511
9511 6478
6478 12106
12106 6478
6478 12646
12646 6478
6478 13184
13184 6478
6481 3986
3986 6481
6483 7026
7026 6483
6489 6489
6489 6489
6489 8995
8995 6489
6497 6497
6497 6497
6497 6651
6651 6497
6497 7140
7140 6497
6527 6100
6100 6527
6528 6218
6218 6528
6528 6528
6528 6528
6528 14806
14806 6528
6535 1015
1015 6535
6557 20
20 6557
6557 1951
1951 6557
6557 2794
2794 6557
6557 3172
3172 6557
6557 5411
5411 6557
6557 5435
5435 6557
6557 6175
6175 6557
6557 7203
7203 6557
6557 7235
7235 6557
6557 7281
7281 6557
6557 12135
12135 6557
6557 12646
12646 6557
6557 16336
16336 6557
6557 16998
16998 6557
6557 17276
17276 6557
6557 24033
24033 6557
6596 2048
2048 6596
6596 3452
3452 6596
6596 4952
4952 6596
6596 6596
6596 6596
6598 1105
1105 6598
6598 7279
7279 6598
6598 7317
7317 6598
6621 18602
18602 6621
6638 6047
6047 6638
6640 572
572 6640
6640 6640
6640 6640
6651 3172
3172 6651
6652 115
115 6652
6652 2387
2387 6652
6652 7228
7228 6652
6652 7235
7235 6652
6652 8996
8996 6652
6660 13181
13181 6660
6664 20355
20355 6664
6666 503
503 6666
6666 753
753 6666
6666 3428
3428 6666
6666 3452
3452 6666
6666 4343
4343 6666
6666 4946
4946 6666
6666 6033
6033 6666
6666 6666
6666 6666
6666 7170
7170 6666
6666 7196
7196 6666
6666 7223
7223 6666
6666 7243
7243 6666
6666 7289
7289 6666
6666 7369
7369 6666
6666 10253
10253 6666
6666 14920
14920 6666
6666 19138
19138 6666
6666 21584
21584 6666
6666 21699
21699 6666
6666 21926
21926 6666
6666 22708
22708 6666
6687 5946
5946 6687
6687 7362
7362 6687
6736 7292
7292 6736
6747 503
503 6747
6747 1158
1158 6747
6747 1581
1581 6747
6747 4121
4121 6747
6747 4242
4242 6747
6747 5178
5178 6747
6747 6247
6247 6747
6747 6747
6747 6747
6747 6917
6917 6747
6747 7199
7199 6747
6747 14888
14888 6747
6747 23711
23711 6747
6769 1015
1015 6769
6769 1934
1934 6769
6769 6769
6769 6769
6769 7203
7203 6769
6769 7222
7222 6769
6769 19685
19685 6769
6773 6773
6773 6773
6780 117
117 6780
6780 454
454 6780
6780 519
519 6780
6780 2361
2361 6780
6780 3667
3667 6780
6780 5079
5079 6780
6780 6437
6437 6780
6780 6478
6478 6780
6780 6780
6780 6780
6780 6923
6923 6780
6780 7278
7278 6780
6780 7293
7293 6780
6780 7648
7648 6780
6780 9239
9239 6780
6780 12429
12429 6780
6780 19730
19730 6780
6780 24579
24579 6780
6811 4237
4237 6811
6811 6811
6811 6811
6818 1658
1658 6818
6818 6818
6818 6818
6819 6819
6819 6819
6845 4237
4237 6845
6848 1133
1133 6848
6848 6848
6848 6848
6852 6852
6852 6852
6852 7194
7194 6852
6874 7281
7281 6874
6879 1388
1388 6879
6883 6883
6883 6883
6907 255
255 6907
6907 1861
1861 6907
6907 2831
2831 6907
6907 4051
4051 6907
6907 6907
6907 6907
6907 6966
6966 6907
6907 6996
6996 6907
6907 7159
7159 6907
6907 7287
7287 6907
6907 19181
19181 6907
6907 24226
24226 6907
6917 642
642 6917
6917 2197
2197 6917
6917 6385
6385 6917
6917 6917
6917 6917
6917 7325
7325 6917
6917 18472
18472 6917
6921 6921
6921 6921
6934 642
642 6934
6934 19426
19426 6934
6936 7228
7228 6936
6937 6937
6937 6937
6955 61
61 6955
6955 2304
2304 6955
6955 9461
9461 6955
6955 16608
16608 6955
6957 6957
6957 6957
6958 6958
6958 6958
6960 1015
1015 6960
6960 4920
4920 6960
6960 6960
6960 6960
6960 21356
21356 6960
6961 0
0 6961
6961 115
115 6961
6961 255
255 6961
6961 671
671 6961
6961 1632
1632 6961
6961 2361
2361 6961
6961 2433
2433 6961
6961 3145
3145 6961
6961 3172
3172 6961
6961 3452
3452 6961
6961 3986
3986 6961
6961 6124
6124 6961
6961 6747
6747 6961
6961 6961
6961 6961
6961 7045
7045 6961
6961 7081
7081 6961
6961 7110
7110 6961
6961 7157
7157 6961
6961 7179
7179 6961
6961 7182
7182 6961
6961 7266
7266 6961
6961 12900
12900 6961
6961 13067
13067 6961
6961 13684
13684 6961
6961 18602
18602 6961
6961 18619
18619 6961
6961 19426
19426 6961
6961 20355
20355 6961
6961 20721
20721 6961
6961 24226
24226 6961
6966 6907
6907 6966
6966 6966
6966 6966
6966 7182
7182 6966
6966 14221
14221 6966
6975 4343
4343 6975
6978 21708
21708 6978
6984 14920
14920 6984
6985 17301
17301 6985
6989 14713
14713 6989
6996 6996
6996 6996
6999 5107
5107 6999
6999 5329
5329 6999
7010 7010
7010 7010
7014 7014
7014 7014
7018 7018
7018 7018
7024 7024
7024 7024
7026 7026
7026 7026
7038 5079
5079 7038
7038 6124
6124 7038
7038 6961
6961 7038
7038 7110
7110 7038
7038 7122
7122 7038
7038 22646
22646 7038
7045 255
255 7045
7045 3172
3172 7045
7045 4343
4343 7045
7045 7045
7045 7045
7045 7357
7357 7045
7047 6478
6478 7047
7047 24707
24707 7047
7055 4242
4242 7055
7064 1951
1951 7064
7073 3019
3019 7073
7073 5519
5519 7073
7073 7073
7073 7073
7079 6442
6442 7079
7081 6481
6481 7081
7081 7081
7081 7081
7081 7194
7194 7081
7081 17071
17071 7081
7084 22276
22276 7084
7093 287
287 7093
7097 4331
4331 7097
7098 7098
7098 7098
7098 13406
13406 7098
7106 7106
7106 7106
7109 6243
6243 7109
7110 4926
4926 7110
7110 6124
6124 7110
7110 7038
7038 7110
7111 7111
7111 7111
7112 18619
18619 7112
7114 4343
4343 7114
7114 7114
7114 7114
7114 7131
7131 7114
7117 7117
7117 7117
7117 24226
24226 7117
7119 255
255 7119
7119 7119
7119 7119
7121 19915
19915 7121
7122 7122
7122 7122
7123 24588
24588 7123
7124 3760
3760 7124
7125 3425
3425 7125
7125 7125
7125 7125
7126 7126
7126 7126
7127 4829
4829 7127
7127 7127
7127 7127
7128 8996
8996 7128
7129 7129
7129 7129
7131 7114
7114 7131
7131 7131
7131 7131
7132 7132
7132 7132
7134 7134
7134 7134
7135 7135
7135 7135
7136 7136
7136 7136
7136 24250
24250 7136
7137 3172
3172 7137
7138 10836
10836 7138
7139 12900
12900 7139
7140 3760
3760 7140
7140 6497
6497 7140
7140 7140
7140 7140
7140 7276
7276 7140
7141 642
642 7141
7143 3729
3729 7143
7145 7145
7145 7145
7147 6932
6932 7147
7148 4920
4920 7148
7149 3657
3657 7149
7149 7149
7149 7149
7150 7150
7150 7150
7151 642
642 7151
7151 7151
7151 7151
7151 9239
9239 7151
7152 378
378 7152
7152 3736
3736 7152
7152 7152
7152 7152
7154 2048
2048 7154
7154 7154
7154 7154
7154 19355
19355 7154
7155 15688
15688 7155
7157 7157
7157 7157
7158 6195
6195 7158
7159 642
642 7159
7159 7159
7159 7159
7160 4979
4979 7160
7162 5658
5658 7162
7162 14920
14920 7162
7163 1312
1312 7163
7163 21089
21089 7163
7164 7157
7157 7164
7165 23348
23348 7165
7167 3620
3620 7167
7167 4242
4242 7167
7167 7167
7167 7167
7167 19938
19938 7167
7168 6966
6966 7168
7170 7170
7170 7170
7174 22882
22882 7174
7176 7176
7176 7176
7177 4242
4242 7177
7179 6961
6961 7179
7179 7179
7179 7179
7182 7182
7182 7182
7184 7184
7184 7184
7185 4920
4920 7185
7186 7186
7186 7186
7186 24682
24682 7186
7189 7189
7189 7189
7192 14469
14469 7192
7192 17291
17291 7192
7192 23782
23782 7192
7193 7193
7193 7193
7196 7196
7196 7196
7196 23912
23912 7196
7197 610
610 7197
7198 7198
7198 7198
7198 22708
22708 7198
7199 6747
6747 7199
7199 7199
7199 7199
7202 9842
9842 7202
7203 6769
6769 7203
7204 7204
7204 7204
7205 7205
7205 7205
7209 7209
7209 7209
7210 7207
7207 7210
7211 255
255 7211
7211 3987
3987 7211
7211 7211
7211 7211
7211 12834
12834 7211
7212 287
287 7212
7212 7212
7212 7212
7214 917
917 7214
7215 1495
1495 7215
7215 7215
7215 7215
7215 18689
18689 7215
7215 20883
20883 7215
7216 7216
7216 7216
7218 2669
2669 7218
7219 137
137 7219
7219 5858
5858 7219
7219 7178
7178 7219
7219 7219
7219 7219
7219 8199
8199 7219
7220 13027
13027 7220
7222 6769
6769 7222
7223 6666
6666 7223
7223 7223
7223 7223
7224 7224
7224 7224
7224 21240
21240 7224
7225 5519
5519 7225
7225 7225
7225 7225
7225 19156
19156 7225
7227 7227
7227 7227
7229 7229
7229 7229
7230 212
212 7230
7230 10253
10253 7230
7231 601
601 7231
7232 9567
9567 7232
7233 5762
5762 7233
7233 7233
7233 7233
7233 7240
7240 7233
7234 6333
6333 7234
7234 7234
7234 7234
7235 7235
7235 7235
7236 19428
19428 7236
7237 3172
3172 7237
7239 503
503 7239
7239 6009
6009 7239
7239 7239
7239 7239
7240 7233
7233 7240
7242 6283
6283 7242
7243 6666
6666 7243
7243 7243
7243 7243
7245 7245
7245 7245
7247 7247
7247 7247
7249 7249
7249 7249
7251 2728
2728 7251
7252 7252
7252 7252
7252 15698
15698 7252
7257 7257
7257 7257
7258 503
503 7258
7258 1015
1015 7258
7258 1312
1312 7258
7258 3921
3921 7258
7258 9029
9029 7258
7258 19883
19883 7258
7261 7261
7261 7261
7263 7263
7263 7263
7264 642
642 7264
7265 1951
1951 7265
7265 4885
4885 7265
7265 6124
6124 7265
7265 6290
6290 7265
7265 7265
7265 7265
7265 24033
24033 7265
7266 503
503 7266
7267 6478
6478 7267
7267 7267
7267 7267
7269 6277
6277 7269
7270 2622
2622 7270
7270 4920
4920 7270
7270 7270
7270 7270
7270 7371
7371 7270
7270 22214
22214 7270
7272 275
275 7272
7273 7261
7261 7273
7274 6932
6932 7274
7276 7140
7140 7276
7277 5178
5178 7277
7278 24252
24252 7278
7282 9177
9177 7282
7283 5887
5887 7283
7283 15940
15940 7283
7284 255
255 7284
7284 794
794 7284
7284 804
804 7284
7284 3219
3219 7284
7284 6351
6351 7284
7284 6747
6747 7284
7284 7218
7218 7284
7284 7284
7284 7284
7284 7309
7309 7284
7284 8996
8996 7284
7284 11607
11607 7284
7284 21699
21699 7284
7284 23711
23711 7284
7284 24342
24342 7284
7284 24579
24579 7284
7287 7287
7287 7287
7288 7288
7288 7288
7289 6666
6666 7289
7289 7289
7289 7289
7293 7293
7293 7293
7293 24306
24306 7293
7294 7294
7294 7294
7295 7295
7295 7295
7295 20355
20355 7295
7297 642
642 7297
7297 7297
7297 7297
7297 7301
7301 7297
7297 24275
24275 7297
7298 7298
7298 7298
7301 7297
7297 7301
7301 7301
7301 7301
7302 9177
9177 7302
7303 7303
7303 7303
7304 5446
5446 7304
7305 7305
7305 7305
7305 13184
13184 7305
7306 7306
7306 7306
7308 7308
7308 7308
7309 16976
16976 7309
7310 12375
12375 7310
7311 7311
7311 7311
7311 12855
12855 7311
7311 24033
24033 7311
7313 6009
6009 7313
7313 7313
7313 7313
7313 16976
16976 7313
7314 7314
7314 7314
7316 24579
24579 7316
7317 7317
7317 7317
7319 3206
3206 7319
7321 7321
7321 7321
7323 7323
7323 7323
7324 7324
7324 7324
7325 7325
7325 7325
7326 4242
4242 7326
7327 4926
4926 7327
7327 18619
18619 7327
7328 1015
1015 7328
7329 4920
4920 7329
7330 1015
1015 7330
7331 23548
23548 7331
7332 7332
7332 7332
7333 503
503 7333
7333 7333
7333 7333
7334 22217
22217 7334
7335 23248
23248 7335
7340 7337
7337 7340
7341 1158
1158 7341
7341 1951
1951 7341
7343 4242
4242 7343
7343 4679
4679 7343
7343 7343
7343 7343
7343 19901
19901 7343
7344 7353
7353 7344
7345 7293
7293 7345
7346 7346
7346 7346
7348 269
269 7348
7348 7348
7348 7348
7349 7349
7349 7349
7349 7369
7369 7349
7349 7778
7778 7349
7350 6312
6312 7350
7351 503
503 7351
7353 7344
7344 7353
7359 2184
2184 7359
7360 7360
7360 7360
7361 215
215 7361
7363 4242
4242 7363
7364 7362
7362 7364
7365 7365
7365 7365
7365 11313
11313 7365
7365 18693
18693 7365
7367 13181
13181 7367
7368 7368
7368 7368
7368 24224
24224 7368
7369 7349
7349 7369
7370 1018
1018 7370
7370 1031
1031 7370
7370 4928
4928 7370
7370 7370
7370 7370
7370 18764
18764 7370
7371 1403
1403 7371
7371 7270
7270 7371
7373 642
642 7373
7374 7374
7374 7374
7375 3051
3051 7375
7376 11647
11647 7376
7377 2636
2636 7377
7378 6373
6373 7378
7378 7378
7378 7378
7381 7381
7381 7381
7382 7382
7382 7382
7386 7386
7386 7386
7387 4242
4242 7387
7391 7391
7391 7391
7393 5644
5644 7393
7393 7393
7393 7393
7397 2819
2819 7397
7403 20512
20512 7403
7407 7407
7407 7407
7408 14403
14403 7408
7410 1431
1431 7410
7410 2257
2257 7410
7410 5519
5519 7410
7410 6236
6236 7410
7410 7410
7410 7410
7410 17843
17843 7410
7499 1846
1846 7499
7499 7132
7132 7499
7648 115
115 7648
7648 671
671 7648
7648 1734
1734 7648
7648 3172
3172 7648
7648 3890
3890 7648
7648 6936
6936 7648
7648 7134
7134 7648
7648 7228
7228 7648
7648 7233
7233 7648
7648 7648
7648 7648
7648 8996
8996 7648
7648 12646
12646 7648
7778 2864
2864 7778
7778 5498
5498 7778
7778 6497
6497 7778
7778 6921
6921 7778
7778 7129
7129 7778
7778 7284
7284 7778
7778 7349
7349 7778
7778 23473
23473 7778
7785 763
763 7785
7785 7785
7785 7785
7874 3172
3172 7874
7874 7874
7874 7874
7874 17333
17333 7874
7940 16900
16900 7940
8102 231
231 8102
8102 2831
2831 8102
8102 4160
4160 8102
8102 6979
6979 8102
8102 7026
7026 8102
8107 8107
8107 8107
8127 642
642 8127
8127 2997
2997 8127
8127 6961
6961 8127
8127 7184
7184 8127
8199 4952
4952 8199
8199 7178
7178 8199
8199 7219
7219 8199
8305 6961
6961 8305
8321 1430
1430 8321
8540 3172
3172 8540
8633 1015
1015 8633
8638 642
642 8638
8820 7410
7410 8820
8921 198
198 8921
8921 503
503 8921
8921 2591
2591 8921
8921 8921
8921 8921
8921 13459
13459 8921
8921 21881
21881 8921
8975 5542
5542 8975
8984 2056
2056 8984
8984 2794
2794 8984
8984 4589
4589 8984
8984 5364
5364 8984
8984 8984
8984 8984
8984 14189
14189 8984
8984 17843
17843 8984
8984 19871
19871 8984
8984 24570
24570 8984
8993 115
115 8993
8993 3172
3172 8993
8993 6845
6845 8993
8995 1
1 8995
8995 3657
3657 8995
8995 4274
4274 8995
8995 6489
6489 8995
8995 8995
8995 8995
8995 13181
13181 8995
8995 18602
18602 8995
8995 19730
19730 8995
8996 115
115 8996
8996 230
230 8996
8996 572
572 8996
8996 934
934 8996
8996 1105
1105 8996
8996 1137
1137 8996
8996 1270
1270 8996
8996 2633
2633 8996
8996 2713
2713 8996
8996 2819
2819 8996
8996 3172
3172 8996
8996 3765
3765 8996
8996 4242
4242 8996
8996 4343
4343 8996
8996 4888
4888 8996
8996 5152
5152 8996
8996 5299
5299 8996
8996 5600
5600 8996
8996 6747
6747 8996
8996 7118
7118 8996
8996 7150
7150 8996
8996 7167
7167 8996
8996 7300
7300 8996
8996 7317
7317 8996
8996 7407
7407 8996
8996 7648
7648 8996
8996 8993
8993 8996
8996 8996
8996 8996
8996 9025
9025 8996
8996 9239
9239 8996
8996 11657
11657 8996
8996 11700
11700 8996
8996 11722
11722 8996
8996 13118
13118 8996
8996 13184
13184 8996
8996 13786
13786 8996
8996 14888
14888 8996
8996 17058
17058 8996
8996 17675
17675 8996
8996 19901
19901 8996
8996 22341
22341 8996
8996 23711
23711 8996
8996 24033
24033 8996
8996 24710
24710 8996
9002 24252
24252 9002
9005 597
597 9005
9005 5176
5176 9005
9005 9005
9005 9005
9011 390
390 9011
9011 1899
1899 9011
9011 2713
2713 9011
9011 5651
5651 9011
9011 7186
7186 9011
9011 7306
7306 9011
9011 9011
9011 9011
9011 14029
14029 9011
9011 17276
17276 9011
9016 9016
9016 9016
9025 115
115 9025
9025 349
349 9025
9025 1585
1585 9025
9025 1861
1861 9025
9025 1913
1913 9025
9025 2558
2558 9025
9025 2997
2997 9025
9025 4242
4242 9025
9025 4343
4343 9025
9025 4785
4785 9025
9025 5745
5745 9025
9025 6074
6074 9025
9025 6236
6236 9025
9025 6747
6747 9025
9025 6957
6957 9025
9025 6966
6966 9025
9025 7225
7225 9025
9025 7240
7240 9025
9025 7281
7281 9025
9025 7284
7284 9025
9025 7309
7309 9025
9025 7323
7323 9025
9025 7326
7326 9025
9025 8996
8996 9025
9025 9025
9025 9025
9025 11722
11722 9025
9025 13181
13181 9025
9025 16976
16976 9025
9025 20512
20512 9025
9025 22469
22469 9025
9025 24682
24682 9025
9026 4242
4242 9026
9030 4183
4183 9030
9030 21817
21817 9030
9177 255
255 9177
9177 503
503 9177
9177 626
626 9177
9177 1190
1190 9177
9177 1913
1913 9177
9177 2831
2831 9177
9177 3113
3113 9177
9177 3173
3173 9177
9177 3729
3729 9177
9177 3869
3869 9177
9177 3957
3957 9177
9177 4526
4526 9177
9177 5364
5364 9177
9177 5421
5421 9177
9177 6442
6442 9177
9177 6497
6497 9177
9177 7045
7045 9177
9177 7114
7114 9177
9177 7140
7140 9177
9177 7157
7157 9177
9177 7159
7159 9177
9177 7179
7179 9177
9177 7205
7205 9177
9177 7209
7209 9177
9177 7225
7225 9177
9177 7282
7282 9177
9177 7295
7295 9177
9177 7302
7302 9177
9177 7323
7323 9177
9177 7333
7333 9177
9177 7344
7344 9177
9177 7350
7350 9177
9177 7390
7390 9177
9177 7874
7874 9177
9177 9177
9177 9177
9177 12135
12135 9177
9177 12429
12429 9177
9177 14224
14224 9177
9177 14905
14905 9177
9177 18602
18602 9177
9177 21881
21881 9177
9177 22075
22075 9177
9177 24226
24226 9177
9177 24275
24275 9177
9177 24518
24518 9177
9239 255
255 9239
9239 764
764 9239
9239 934
934 9239
9239 1632
1632 9239
9239 1658
1658 9239
9239 2591
2591 9239
9239 3777
3777 9239
9239 4242
4242 9239
9239 4685
4685 9239
9239 4721
4721 9239
9239 6773
6773 9239
9239 6961
6961 9239
9239 7074
7074 9239
9239 7150
7150 9239
9239 7151
7151 9239
9239 7406
7406 9239
9239 8996
8996 9239
9239 9239
9239 9239
9239 10811
10811 9239
9239 14189
14189 9239
9239 15940
15940 9239
9239 17276
17276 9239
9239 18440
18440 9239
9239 18619
18619 9239
9239 18917
18917 9239
9239 24033
24033 9239
9239 24226
24226 9239
9305 5409
5409 9305
9367 5660
5660 9367
9461 642
642 9461
9551 2384
2384 9551
9551 4331
4331 9551
9551 9551
9551 9551
9553 4920
4920 9553
9553 6506
6506 9553
9724 24393
24393 9724
9842 503
503 9842
9842 866
866 9842
9842 3018
3018 9842
9842 3172
3172 9842
9842 4343
4343 9842
9842 9842
9842 9842
9842 14806
14806 9842
9842 15360
15360 9842
9911 20355
20355 9911
10121 642
642 10121
10121 3388
3388 10121
10121 6489
6489 10121
10121 10121
10121 10121
10566 9239
9239 10566
10566 16998
16998 10566
10811 596
596 10811
10811 662
662 10811
10811 726
726 10811
10811 4255
4255 10811
10811 5079
5079 10811
10811 5536
5536 10811
10811 6124
6124 10811
10811 6175
6175 10811
10811 6979
6979 10811
10811 7157
7157 10811
10811 7209
7209 10811
10811 9239
9239 10811
10811 10811
10811 10811
10811 12429
12429 10811
10811 18465
18465 10811
10811 18602
18602 10811
10811 24393
24393 10811
10862 11313
11313 10862
10882 2384
2384 10882
10900 1951
1951 10900
10900 10900
10900 10900
10900 13184
13184 10900
11076 1031
1031 11076
11076 7252
7252 11076
11130 11130
11130 11130
11157 596
596 11157
11157 968
968 11157
11157 11157
11157 11157
11157 12135
12135 11157
11157 14224
14224 11157
11157 22276
22276 11157
11157 24463
24463 11157
11313 2384
2384 11313
11313 3172
3172 11313
11313 5538
5538 11313
11313 10862
10862 11313
11313 11313
11313 11313
11313 19730
19730 11313
11313 24108
24108 11313
11405 255
255 11405
11460 1221
1221 11460
11460 4663
4663 11460
11460 7233
7233 11460
11579 946
946 11579
11579 6478
6478 11579
11657 572
572 11657
11657 934
934 11657
11657 1264
1264 11657
11657 3172
3172 11657
11657 5600
5600 11657
11657 7037
7037 11657
11657 7224
7224 11657
11657 7228
7228 11657
11657 11657
11657 11657
11687 22598
22598 11687
11698 866
866 11698
11698 9842
9842 11698
11698 11698
11698 11698
11700 3172
3172 11700
11700 7337
7337 11700
11700 11700
11700 11700
11700 23921
23921 11700
11715 1934
1934 11715
11722 4242
4242 11722
11722 7252
7252 11722
11722 11722
11722 11722
11779 20
20 11779
11779 287
287 11779
11779 503
503 11779
11779 642
642 11779
11779 1934
1934 11779
11779 2611
2611 11779
11779 3231
3231 11779
11779 3528
3528 11779
11779 3729
3729 11779
11779 4455
4455 11779
11779 5079
5079 11779
11779 6034
6034 11779
11779 6226
6226 11779
11779 6773
6773 11779
11779 7194
7194 11779
11779 7195
7195 11779
11779 7258
7258 11779
11779 7299
7299 11779
11779 7344
7344 11779
11779 7353
7353 11779
11779 8921
8921 11779
11779 9177
9177 11779
11779 9842
9842 11779
11779 12135
12135 11779
11779 12429
12429 11779
11779 13027
13027 11779
11779 14224
14224 11779
11779 18602
18602 11779
11779 19087
19087 11779
11779 20355
20355 11779
11779 22075
22075 11779
11779 24226
24226 11779
11819 2024
2024 11819
11819 3018
3018 11819
11819 5435
5435 11819
11819 7117
7117 11819
11819 7207
7207 11819
11840 3609
3609 11840
11840 4160
4160 11840
11840 5632
5632 11840
11840 7225
7225 11840
11840 9461
9461 11840
11840 11840
11840 11840
11861 115
115 11861
11861 4343
4343 11861
11872 1665
1665 11872
11872 7365
7365 11872
11872 11872
11872 11872
11899 1015
1015 11899
11899 4160
4160 11899
11899 5946
5946 11899
11967 3172
3172 11967
12012 7293
7293 12012
12044 12044
12044 12044
12078 19498
19498 12078
12106 12106
12106 12106
12106 23921
23921 12106
12123 12123
12123 12123
12135 212
212 12135
12135 626
626 12135
12135 642
642 12135
12135 1013
1013 12135
12135 1116
1116 12135
12135 1951
1951 12135
12135 2413
2413 12135
12135 2611
2611 12135
12135 3172
3172 12135
12135 3173
3173 12135
12135 3288
3288 12135
12135 3528
3528 12135
12135 4242
4242 12135
12135 5969
5969 12135
12135 6124
6124 12135
12135 6208
6208 12135
12135 6333
6333 12135
12135 7084
7084 12135
12135 7194
7194 12135
12135 7234
7234 12135
12135 7295
7295 12135
12135 7321
7321 12135
12135 7332
7332 12135
12135 9239
9239 12135
12135 11157
11157 12135
12135 12135
12135 12135
12135 13574
13574 12135
12135 18242
18242 12135
12135 18449
18449 12135
12209 4343
4343 12209
12209 18917
18917 12209
12375 503
503 12375
12394 12394
12394 12394
12411 3777
3777 12411
12429 6124
6124 12429
12429 12429
12429 12429
12539 1105
1105 12539
12539 1221
1221 12539
12588 1861
1861 12588
12588 12588
12588 12588
12634 570
570 12634
12634 1846
1846 12634
12634 12634
12634 12634
12646 12646
12646 12646
12670 4731
4731 12670
12670 7106
7106 12670
12774 13343
13343 12774
12855 7311
7311 12855
12855 19421
19421 12855
12870 830
830 12870
12870 7132
7132 12870
12870 13786
13786 12870
12870 16047
16047 12870
12870 19730
19730 12870
12874 7115
7115 12874
12874 18869
18869 12874
12874 24531
24531 12874
12878 17276
17276 12878
12900 1846
1846 12900
12900 4160
4160 12900
12900 4242
4242 12900
12900 5421
5421 12900
12900 5600
5600 12900
12900 6961
6961 12900
12900 8996
8996 12900
12900 9239
9239 12900
12977 7410
7410 12977
13027 5606
5606 13027
13027 5892
5892 13027
13027 7215
7215 13027
13027 7220
7220 13027
13027 7314
7314 13027
13027 13027
13027 13027
13065 2024
2024 13065
13066 7313
7313 13066
13066 8540
8540 13066
13067 6961
6961 13067
13067 13067
13067 13067
13099 2361
2361 13099
13099 2906
2906 13099
13099 13099
13099 13099
13118 287
287 13118
13155 4967
4967 13155
13181 519
519 13181
13181 1842
1842 13181
13181 4343
4343 13181
13181 5538
5538 13181
13181 7225
7225 13181
13181 7263
7263 13181
13181 7367
7367 13181
13181 7391
7391 13181
13181 13181
13181 13181
13181 13343
13343 13181
13181 17675
17675 13181
13181 24579
24579 13181
13184 1951
1951 13184
13184 4920
4920 13184
13184 5489
5489 13184
13184 7216
7216 13184
13184 7305
7305 13184
13184 7344
7344 13184
13184 8996
8996 13184
13184 10900
10900 13184
13184 13184
13184 13184
13184 19059
19059 13184
13196 1264
1264 13196
13196 1676
1676 13196
13196 2984
2984 13196
13196 13196
13196 13196
13211 8996
8996 13211
13270 4926
4926 13270
13308 6651
6651 13308
13308 7178
7178 13308
13323 13323
13323 13323
13337 3874
3874 13337
13337 5079
5079 13337
13337 7292
7292 13337
13337 7378
7378 13337
13337 20721
20721 13337
13337 24033
24033 13337
13343 3736
3736 13343
13343 8993
8993 13343
13343 13343
13343 13343
13343 17349
17349 13343
13343 24033
24033 13343
13343 24531
24531 13343
13355 9239
9239 13355
13370 9177
9177 13370
13383 255
255 13383
13383 601
601 13383
13383 1692
1692 13383
13383 4700
4700 13383
13383 5435
5435 13383
13383 5892
5892 13383
13383 13383
13383 13383
13406 4926
4926 13406
13406 7180
7180 13406
13406 7223
7223 13406
13406 14920
14920 13406
13459 13459
13459 13459
13518 1658
1658 13518
13518 5329
5329 13518
13608 2713
2713 13608
13662 7320
7320 13662
13684 2591
2591 13684
13684 4208
4208 13684
13684 4343
4343 13684
13684 5435
5435 13684
13684 5892
5892 13684
13684 7224
7224 13684
13684 7239
7239 13684
13684 7326
7326 13684
13684 13684
13684 13684
13694 7252
7252 13694
13736 4555
4555 13736
13786 287
287 13786
13786 601
601 13786
13786 1105
1105 13786
13786 1221
1221 13786
13786 1846
1846 13786
13786 2384
2384 13786
13786 3935
3935 13786
13786 4242
4242 13786
13786 4343
4343 13786
13786 5143
5143 13786
13786 5152
5152 13786
13786 5178
5178 13786
13786 6124
6124 13786
13786 6167
6167 13786
13786 7181
7181 13786
13786 7201
7201 13786
13786 7212
7212 13786
13786 7351
7351 13786
13786 7360
7360 13786
13786 7370
7370 13786
13786 7391
7391 13786
13786 8996
8996 13786
13786 11881
11881 13786
13786 13118
13118 13786
13786 13786
13786 13786
13786 14147
14147 13786
13786 14805
14805 13786
13786 16900
16900 13786
13786 18293
18293 13786
13786 19438
19438 13786
13786 20817
20817 13786
13786 23707
23707 13786
13786 24169
24169 13786
13786 24679
24679 13786
13969 255
255 13969
13969 1520
1520 13969
13969 2875
2875 13969
13969 3987
3987 13969
13969 4343
4343 13969
13969 4685
4685 13969
13969 4721
4721 13969
13969 5600
5600 13969
13969 7211
7211 13969
13969 7235
7235 13969
13969 7248
7248 13969
13969 7263
7263 13969
13969 7403
7403 13969
13969 13969
13969 13969
13969 14195
14195 13969
13969 15698
15698 13969
13969 16976
16976 13969
13969 18056
18056 13969
13969 20242
20242 13969
13969 20726
20726 13969
14029 946
946 14029
14029 2053
2053 14029
14029 6838
6838 14029
14029 7370
7370 14029
14029 9011
9011 14029
14029 12394
12394 14029
14029 14029
14029 14029
14054 6478
6478 14054
14054 7237
7237 14054
14055 14055
14055 14055
14094 7212
7212 14094
14142 1846
1846 14142
14189 14189
14189 14189
14195 5600
5600 14195
14195 14195
14195 14195
14211 4021
4021 14211
14221 6966
6966 14221
14224 503
503 14224
14224 5411
5411 14224
14224 14224
14224 14224
14355 6528
6528 14355
14355 6747
6747 14355
14355 7410
7410 14355
14361 12044
12044 14361
14361 14361
14361 14361
14361 23943
23943 14361
14387 3172
3172 14387
14387 7228
7228 14387
14387 11607
11607 14387
14387 17058
17058 14387
14401 4343
4343 14401
14401 14401
14401 14401
14414 17675
17675 14414
14469 7192
7192 14469
14469 8993
8993 14469
14469 14469
14469 14469
14469 23782
23782 14469
14507 2442
2442 14507
14507 5887
5887 14507
14595 14595
14595 14595
14601 14601
14601 14601
14601 18401
18401 14601
14713 6989
6989 14713
14805 0
0 14805
14805 6103
6103 14805
14805 6832
6832 14805
14805 13786
13786 14805
14805 14805
14805 14805
14806 503
503 14806
14806 2134
2134 14806
14806 2713
2713 14806
14806 14806
14806 14806
14807 7362
7362 14807
14835 16900
16900 14835
14888 1105
1105 14888
14888 6167
6167 14888
14888 7372
7372 14888
14888 14888
14888 14888
14888 16018
16018 14888
14888 17675
17675 14888
14905 2425
2425 14905
14905 14905
14905 14905
14920 34
34 14920
14920 186
186 14920
14920 255
255 14920
14920 503
503 14920
14920 794
794 14920
14920 1015
1015 14920
14920 1585
1585 14920
14920 1959
1959 14920
14920 2022
2022 14920
14920 2484
2484 14920
14920 2611
2611 14920
14920 3168
3168 14920
14920 3528
3528 14920
14920 5677
5677 14920
14920 6747
6747 14920
14920 6869
6869 14920
14920 6936
6936 14920
14920 7127
7127 14920
14920 7162
7162 14920
14920 7223
7223 14920
14920 7270
7270 14920
14920 7337
7337 14920
14920 7343
7343 14920
14920 14920
14920 14920
14920 17675
17675 14920
14920 18917
18917 14920
14920 19059
19059 14920
15024 820
820 15024
15024 2961
2961 15024
15024 15024
15024 15024
15024 18465
18465 15024
15057 1944
1944 15057
15057 7117
7117 15057
15161 7228
7228 15161
15181 13684
13684 15181
15181 15181
15181 15181
15193 5964
5964 15193
15193 15193
15193 15193
15229 454
454 15229
15229 642
642 15229
15229 1846
1846 15229
15229 4242
4242 15229
15229 5660
5660 15229
15229 5946
5946 15229
15229 6780
6780 15229
15229 8107
8107 15229
15229 8540
8540 15229
15229 15229
15229 15229
15229 15251
15251 15229
15229 16504
16504 15229
15229 20817
20817 15229
15251 830
830 15251
15251 7253
7253 15251
15251 15251
15251 15251
15259 1520
1520 15259
15259 7263
7263 15259
15259 13181
13181 15259
15259 15698
15698 15259
15277 17050
17050 15277
15309 7157
7157 15309
15332 4104
4104 15332
15447 503
503 15447
15447 866
866 15447
15447 3708
3708 15447
15447 5489
5489 15447
15447 6478
6478 15447
15447 10900
10900 15447
15447 21422
21422 15447
15447 23933
23933 15447
15688 349
349 15688
15688 1658
1658 15688
15688 1899
1899 15688
15688 4361
4361 15688
15688 5079
5079 15688
15688 7014
7014 15688
15688 7155
7155 15688
15688 7229
7229 15688
15688 7239
7239 15688
15688 8996
8996 15688
15688 11722
11722 15688
15688 15251
15251 15688
15698 5902
5902 15698
15698 7252
7252 15698
15698 7263
7263 15698
15814 21
21 15814
15814 3172
3172 15814
15814 6651
6651 15814
15814 15814
15814 15814
15940 9239
9239 15940
16018 5265
5265 16018
16018 5632
5632 16018
16018 6167
6167 16018
16018 14888
14888 16018
16018 16018
16018 16018
16018 19059
19059 16018
16087 1015
1015 16087
16087 6621
6621 16087
16186 820
820 16186
16186 6182
6182 16186
16186 7073
7073 16186
16186 15024
15024 16186
16306 13459
13459 16306
16306 20355
20355 16306
16323 1392
1392 16323
16323 1913
1913 16323
16323 2416
2416 16323
16323 6640
6640 16323
16323 7286
7286 16323
16323 11698
11698 16323
16323 24322
24322 16323
16348 16348
16348 16348
16348 24033
24033 16348
16388 0
0 16388
16388 934
934 16388
16388 3172
3172 16388
16388 4242
4242 16388
16388 16388
16388 16388
16548 1214
1214 16548
16581 642
642 16581
16581 4242
4242 16581
16581 24226
24226 16581
16591 13102
13102 16591
16609 7261
7261 16609
16843 782
782 16843
16843 16843
16843 16843
16859 764
764 16859
16859 6232
6232 16859
16859 11313
11313 16859
16884 17675
17675 16884
16900 7940
7940 16900
16900 16900
16900 16900
16976 231
231 16976
16976 1520
1520 16976
16976 7309
7309 16976
16976 7313
7313 16976
16976 9025
9025 16976
16976 16976
16976 16976
16998 16998
16998 16998
17013 188
188 17013
17050 17050
17050 17050
17058 0
0 17058
17058 503
503 17058
17058 1861
1861 17058
17058 1899
1899 17058
17058 3172
3172 17058
17058 6651
6651 17058
17058 8996
8996 17058
17058 9842
9842 17058
17058 14361
14361 17058
17058 17058
17058 17058
17071 642
642 17071
17071 7081
7081 17071
17071 7206
7206 17071
17071 17071
17071 17071
17097 17097
17097 17097
17216 17216
17216 17216
17216 21913
21913 17216
17276 4242
4242 17276
17290 751
751 17290
17290 4299
4299 17290
17290 7037
7037 17290
17290 11657
11657 17290
17290 17290
17290 17290
17290 20355
20355 17290
17291 7192
7192 17291
17291 17291
17291 17291
17293 3172
3172 17293
17293 4331
4331 17293
17299 4242
4242 17299
17299 6218
6218 17299
17301 6627
6627 17301
17333 7874
7874 17333
17338 596
596 17338
17342 6961
6961 17342
17349 3172
3172 17349
17475 2462
2462 17475
17475 18689
18689 17475
17576 7224
7224 17576
17675 255
255 17675
17675 503
503 17675
17675 601
601 17675
17675 608
608 17675
17675 642
642 17675
17675 1015
1015 17675
17675 1658
1658 17675
17675 1846
1846 17675
17675 3667
3667 17675
17675 4274
4274 17675
17675 4455
4455 17675
17675 5079
5079 17675
17675 5677
5677 17675
17675 6966
6966 17675
17675 7167
7167 17675
17675 7180
7180 17675
17675 7198
7198 17675
17675 7243
7243 17675
17675 7255
7255 17675
17675 7286
7286 17675
17675 7295
7295 17675
17675 7306
7306 17675
17675 7313
7313 17675
17675 8996
8996 17675
17675 9016
9016 17675
17675 12429
12429 17675
17675 13337
13337 17675
17675 16884
16884 17675
17675 17675
17675 17675
17675 18449
18449 17675
17732 9239
9239 17732
17749 19554
19554 17749
17801 3172
3172 17801
17801 4679
4679 17801
17801 17801
17801 17801
17801 22204
22204 17801
17809 5079
5079 17809
17840 9551
9551 17840
18056 2875
2875 18056
18056 3657
3657 18056
18056 5745
5745 18056
18056 7149
7149 18056
18056 8993
8993 18056
18056 18056
18056 18056
18056 20517
20517 18056
18169 255
255 18169
18169 1899
1899 18169
18169 5265
5265 18169
18242 3113
3113 18242
18293 7181
7181 18293
18401 992
992 18401
18401 4653
4653 18401
18401 7314
7314 18401
18401 14453
14453 18401
18401 14601
14601 18401
18401 18401
18401 18401
18438 4721
4721 18438
18438 13969
13969 18438
18443 7410
7410 18443
18449 503
503 18449
18449 545
545 18449
18449 5257
5257 18449
18449 7195
7195 18449
18449 24252
24252 18449
18449 24707
24707 18449
18465 2961
2961 18465
18465 6530
6530 18465
18472 18472
18472 18472
18472 24385
24385 18472
18574 3113
3113 18574
18574 4920
4920 18574
18574 6879
6879 18574
18574 7190
7190 18574
18574 7320
7320 18574
18574 8041
8041 18574
18574 9842
9842 18574
18574 13786
13786 18574
18574 20817
20817 18574
18602 260
260 18602
18602 968
968 18602
18602 1015
1015 18602
18602 1504
1504 18602
18602 3483
3483 18602
18602 3729
3729 18602
18602 5446
5446 18602
18602 6811
6811 18602
18602 7073
7073 18602
18602 7225
7225 18602
18602 7292
7292 18602
18602 7348
7348 18602
18602 10811
10811 18602
18602 18602
18602 18602
18619 255
255 18619
18619 1585
1585 18619
18619 1951
1951 18619
18619 4785
4785 18619
18619 6033
6033 18619
18619 6124
6124 18619
18619 6747
6747 18619
18619 6819
6819 18619
18619 7112
7112 18619
18619 7159
7159 18619
18619 7270
7270 18619
18619 7327
7327 18619
18619 7337
7337 18619
18619 18619
18619 18619
18619 24226
24226 18619
18689 601
601 18689
18689 1495
1495 18689
18689 2939
2939 18689
18689 3172
3172 18689
18689 4055
4055 18689
18689 5079
5079 18689
18689 5677
5677 18689
18689 5887
5887 18689
18689 7215
7215 18689
18689 12044
12044 18689
18689 13383
13383 18689
18689 18619
18619 18689
18689 18689
18689 18689
18689 21702
21702 18689
18689 23943
23943 18689
18764 7110
7110 18764
18764 7370
7370 18764
18764 7396
7396 18764
18764 18764
18764 18764
18822 7170
7170 18822
18855 1015
1015 18855
18855 7292
7292 18855
18855 18684
18684 18855
18917 2487
2487 18917
18917 18917
18917 18917
18917 22708
22708 18917
18940 503
503 18940
18940 10811
10811 18940
18940 24393
24393 18940
19023 7197
7197 19023
19059 1851
1851 19059
19059 4920
4920 19059
19059 5579
5579 19059
19059 7150
7150 19059
19059 7197
7197 19059
19059 8107
8107 19059
19059 8996
8996 19059
19059 13184
13184 19059
19059 16018
16018 19059
19059 17675
17675 19059
19059 19059
19059 19059
19059 23711
23711 19059
19087 503
503 19087
19087 19087
19087 19087
19087 22204
22204 19087
19105 5887
5887 19105
19138 3223
3223 19138
19156 7225
7225 19156
19167 19866
19866 19167
19167 24393
24393 19167
19181 6907
6907 19181
19181 19181
19181 19181
19181 24224
24224 19181
19293 3172
3172 19293
19293 17675
17675 19293
19328 2024
2024 19328
19328 7149
7149 19328
19355 438
438 19355
19355 2361
2361 19355
19355 2818
2818 19355
19355 6103
6103 19355
19355 7154
7154 19355
19355 7170
7170 19355
19355 7227
7227 19355
19355 8995
8995 19355
19355 12894
12894 19355
19355 16976
16976 19355
19355 19355
19355 19355
19379 4679
4679 19379
19379 7243
7243 19379
19421 1658
1658 19421
19421 7384
7384 19421
19421 13027
13027 19421
19424 386
386 19424
19426 285
285 19426
19426 2774
2774 19426
19426 3551
3551 19426
19426 5489
5489 19426
19426 7344
7344 19426
19426 10566
10566 19426
19426 12106
12106 19426
19426 19426
19426 19426
19438 115
115 19438
19438 934
934 19438
19438 1015
1015 19438
19438 5127
5127 19438
19438 6009
6009 19438
19438 7370
7370 19438
19438 8921
8921 19438
19438 11715
11715 19438
19438 14189
14189 19438
19438 18940
18940 19438
19438 19438
19438 19438
19438 24033
24033 19438
19438 24252
24252 19438
19440 6780
6780 19440
19440 7024
7024 19440
19445 6917
6917 19445
19454 0
0 19454
19454 6994
6994 19454
19454 7200
7200 19454
19454 9239
9239 19454
19480 20242
20242 19480
19498 726
726 19498
19498 12078
12078 19498
19498 12106
12106 19498
19498 18917
18917 19498
19498 23707
23707 19498
19554 255
255 19554
19644 2819
2819 19644
19683 6957
6957 19683
19683 7170
7170 19683
19683 19683
19683 19683
19683 22513
22513 19683
19685 22075
22075 19685
19698 4150
4150 19698
19698 7099
7099 19698
19698 12123
12123 19698
19730 2384
2384 19730
19730 3667
3667 19730
19730 4572
4572 19730
19730 5946
5946 19730
19730 5960
5960 19730
19730 7194
7194 19730
19730 7197
7197 19730
19730 7233
7233 19730
19730 11313
11313 19730
19730 13099
13099 19730
19730 15229
15229 19730
19730 18602
18602 19730
19730 19730
19730 19730
19730 24250
24250 19730
19802 11157
11157 19802
19802 12135
12135 19802
19827 4343
4343 19827
19827 14920
14920 19827
19827 21708
21708 19827
19865 1913
1913 19865
19865 3756
3756 19865
19870 6009
6009 19870
19871 642
642 19871
19871 917
917 19871
19871 5745
5745 19871
19871 14189
14189 19871
19901 503
503 19901
19901 1581
1581 19901
19901 1665
1665 19901
19901 2819
2819 19901
19901 3255
3255 19901
19901 3528
3528 19901
19901 3736
3736 19901
19901 4920
4920 19901
19901 5079
5079 19901
19901 5178
5178 19901
19901 6034
6034 19901
19901 6069
6069 19901
19901 6747
6747 19901
19901 6960
6960 19901
19901 7153
7153 19901
19901 7207
7207 19901
19901 7210
7210 19901
19901 7240
7240 19901
19901 7298
7298 19901
19901 7320
7320 19901
19901 7343
7343 19901
19901 8450
8450 19901
19901 8996
8996 19901
19901 12106
12106 19901
19901 19059
19059 19901
19901 19901
19901 19901
19901 20817
20817 19901
19901 20874
20874 19901
19901 22598
22598 19901
19901 24393
24393 19901
19915 601
601 19915
19915 642
642 19915
19915 1846
1846 19915
19915 2134
2134 19915
19915 7313
7313 19915
19915 19915
19915 19915
19938 4242
4242 19938
19938 6090
6090 19938
19938 7167
7167 19938
20058 671
671 20058
20061 524
524 20061
20061 5519
5519 20061
20242 833
833 20242
20242 13969
13969 20242
20242 20242
20242 20242
20285 3657
3657 20285
20285 7255
7255 20285
20285 20285
20285 20285
20292 601
601 20292
20292 20292
20292 20292
20355 993
993 20355
20355 2024
2024 20355
20355 2387
2387 20355
20355 2591
2591 20355
20355 3452
3452 20355
20355 5152
5152 20355
20355 5364
5364 20355
20355 5435
5435 20355
20355 6961
6961 20355
20355 7235
7235 20355
20355 7269
7269 20355
20355 7295
7295 20355
20355 7299
7299 20355
20355 9911
9911 20355
20355 16900
16900 20355
20355 17290
17290 20355
20355 18602
18602 20355
20355 20355
20355 20355
20422 4653
4653 20422
20512 934
934 20512
20512 2242
2242 20512
20512 2255
2255 20512
20512 4343
4343 20512
20512 4537
4537 20512
20512 5538
5538 20512
20512 7179
7179 20512
20512 7308
7308 20512
20512 7403
7403 20512
20512 11698
11698 20512
20512 20512
20512 20512
20517 255
255 20517
20517 7255
7255 20517
20517 7372
7372 20517
20517 20517
20517 20517
20673 8921
8921 20673
20721 13337
13337 20721
20721 20721
20721 20721
20726 13181
13181 20726
20762 13003
13003 20762
20791 6074
6074 20791
20817 255
255 20817
20817 630
630 20817
20817 1658
1658 20817
20817 2197
2197 20817
20817 2819
2819 20817
20817 3172
3172 20817
20817 3528
3528 20817
20817 5178
5178 20817
20817 6747
6747 20817
20817 7190
7190 20817
20817 7270
7270 20817
20817 7380
7380 20817
20817 9842
9842 20817
20817 12135
12135 20817
20817 13786
13786 20817
20817 14920
14920 20817
20817 19901
19901 20817
20817 20817
20817 20817
20883 753
753 20883
20883 4186
4186 20883
20883 6883
6883 20883
20883 7215
7215 20883
20883 24033
24033 20883
20884 24579
24579 20884
20892 7086
7086 20892
20893 20893
20893 20893
20897 7132
7132 20897
20907 1158
1158 20907
21089 5639
5639 21089
21089 6773
6773 21089
21089 7163
7163 21089
21089 9002
9002 21089
21089 12123
12123 21089
21177 5600
5600 21177
21177 17050
17050 21177
21177 24313
24313 21177
21213 1504
1504 21213
21213 2134
2134 21213
21213 4160
4160 21213
21240 2490
2490 21240
21240 4928
4928 21240
21240 6385
6385 21240
21240 6917
6917 21240
21240 7224
7224 21240
21240 17276
17276 21240
21240 20893
20893 21240
21240 21240
21240 21240
21300 5120
5120 21300
21323 22882
22882 21323
21323 24132
24132 21323
21356 2819
2819 21356
21356 6213
6213 21356
21356 6960
6960 21356
21356 21356
21356 21356
21422 21422
21422 21422
21699 260
260 21699
21699 503
503 21699
21699 753
753 21699
21699 2864
2864 21699
21699 3172
3172 21699
21699 3957
3957 21699
21699 4343
4343 21699
21699 4785
4785 21699
21699 4967
4967 21699
21699 5969
5969 21699
21699 6034
6034 21699
21699 6038
6038 21699
21699 6218
6218 21699
21699 6478
6478 21699
21699 6483
6483 21699
21699 6747
6747 21699
21699 7098
7098 21699
21699 7110
7110 21699
21699 7173
7173 21699
21699 7178
7178 21699
21699 7180
7180 21699
21699 7223
7223 21699
21699 7267
7267 21699
21699 7269
7269 21699
21699 7278
7278 21699
21699 7289
7289 21699
21699 7292
7292 21699
21699 7295
7295 21699
21699 7308
7308 21699
21699 7309
7309 21699
21699 7333
7333 21699
21699 7349
7349 21699
21699 8540
8540 21699
21699 13406
13406 21699
21699 13786
13786 21699
21699 14387
14387 21699
21699 14920
14920 21699
21699 15814
15814 21699
21699 17675
17675 21699
21699 17801
17801 21699
21699 19059
19059 21699
21699 20292
20292 21699
21699 21584
21584 21699
21699 21699
21699 21699
21699 24033
24033 21699
21699 24682
24682 21699
21739 3049
3049 21739
21739 6176
6176 21739
21739 21739
21739 21739
21786 673
673 21786
21786 1323
1323 21786
21786 17639
17639 21786
21786 21786
21786 21786
21786 22469
22469 21786
21786 24252
24252 21786
21800 4242
4242 21800
21800 5600
5600 21800
21800 6285
6285 21800
21800 8996
8996 21800
21800 15688
15688 21800
21800 21800
21800 21800
21813 7114
7114 21813
21817 4829
4829 21817
21817 9030
9030 21817
21872 5804
5804 21872
21876 115
115 21876
21876 642
642 21876
21878 34
34 21878
21878 2831
2831 21878
21878 21878
21878 21878
21899 20817
20817 21899
21913 8107
8107 21913
21913 17216
17216 21913
21913 21913
21913 21913
21926 6666
6666 21926
21926 21926
21926 21926
21954 287
287 21954
21954 671
671 21954
21954 4242
4242 21954
21954 6074
6074 21954
21954 13181
13181 21954
22075 3172
3172 22075
22075 7337
7337 22075
22092 5697
5697 22092
22134 934
934 22134
22134 4801
4801 22134
22134 4928
4928 22134
22134 7410
7410 22134
22134 11722
11722 22134
22134 19438
19438 22134
22134 22134
22134 22134
22204 22204
22204 22204
22208 115
115 22208
22208 255
255 22208
22208 5538
5538 22208
22214 7270
7270 22214
22214 22214
22214 22214
22276 7084
7084 22276
22276 12135
12135 22276
22276 18602
18602 22276
22276 22276
22276 22276
22283 5730
5730 22283
22341 1221
1221 22341
22341 8996
8996 22341
22341 14414
14414 22341
22341 16884
16884 22341
22410 6869
6869 22410
22410 22410
22410 22410
22513 1431
1431 22513
22513 4343
4343 22513
22513 4685
4685 22513
22513 5489
5489 22513
22513 6811
6811 22513
22513 7170
7170 22513
22513 7270
7270 22513
22513 7286
7286 22513
22513 17216
17216 22513
22513 19683
19683 22513
22513 22513
22513 22513
22592 12429
12429 22592
22592 22592
22592 22592
22592 24342
24342 22592
22598 115
115 22598
22598 2819
2819 22598
22598 3172
3172 22598
22598 5178
5178 22598
22598 5644
5644 22598
22598 6069
6069 22598
22598 7380
7380 22598
22598 12106
12106 22598
22598 19901
19901 22598
22598 20817
20817 22598
22598 22598
22598 22598
22708 115
115 22708
22708 1141
1141 22708
22708 2236
2236 22708
22708 5946
5946 22708
22708 6124
6124 22708
22708 7197
7197 22708
22708 7198
7198 22708
22708 7309
7309 22708
22708 8996
8996 22708
22708 18917
18917 22708
22708 19087
19087 22708
22708 22708
22708 22708
22708 24226
24226 22708
22765 15623
15623 22765
22765 22765
22765 22765
22882 2442
2442 22882
22882 3399
3399 22882
22882 4055
4055 22882
22882 4343
4343 22882
22882 7174
7174 22882
22882 7288
7288 22882
22882 21323
21323 22882
22882 22882
22882 22882
22882 24159
24159 22882
23130 231
231 23130
23130 1520
1520 23130
23272 287
287 23272
23348 503
503 23348
23348 642
642 23348
23348 7247
7247 23348
23348 7270
7270 23348
23348 7368
7368 23348
23348 9842
9842 23348
23348 19426
19426 23348
23455 18869
18869 23455
23473 2864
2864 23473
23473 3957
3957 23473
23473 7349
7349 23473
23473 9177
9177 23473
23473 23473
23473 23473
23535 6947
6947 23535
23535 11657
11657 23535
23711 4685
4685 23711
23711 5677
5677 23711
23711 6747
6747 23711
23711 7284
7284 23711
23782 260
260 23782
23782 7192
7192 23782
23782 23782
23782 23782
23895 2255
2255 23895
23895 23895
23895 23895
23904 2931
2931 23904
23906 13270
13270 23906
23912 7191
7191 23912
23912 7196
7196 23912
23912 23912
23912 23912
23917 753
753 23917
23921 7079
7079 23921
23921 7344
7344 23921
23921 12106
12106 23921
23921 23921
23921 23921
23921 24169
24169 23921
23927 16900
16900 23927
23933 6429
6429 23933
23933 7209
7209 23933
23933 23933
23933 23933
23943 3301
3301 23943
23943 14361
14361 23943
23943 17066
17066 23943
23943 23943
23943 23943
23946 934
934 23946
24029 11157
11157 24029
24033 503
503 24033
24033 642
642 24033
24033 2591
2591 24033
24033 3172
3172 24033
24033 3452
3452 24033
24033 3938
3938 24033
24033 4343
4343 24033
24033 5892
5892 24033
24033 7311
7311 24033
24033 7406
7406 24033
24033 20883
20883 24033
24033 24033
24033 24033
24108 11313
11313 24108
24132 2442
2442 24132
24132 6935
6935 24132
24132 21323
21323 24132
24132 21702
21702 24132
24133 2611
2611 24133
24133 5510
5510 24133
24133 19961
19961 24133
24156 6074
6074 24156
24167 1431
1431 24167
24191 255
255 24191
24206 2819
2819 24206
24206 7190
7190 24206
24206 24518
24518 24206
24224 5408
5408 24224
24224 6124
6124 24224
24224 6290
6290 24224
24224 7154
7154 24224
24224 7368
7368 24224
24224 19181
19181 24224
24224 24224
24224 24224
24226 671
671 24226
24226 1861
1861 24226
24226 2831
2831 24226
24226 3231
3231 24226
24226 4343
4343 24226
24226 5364
5364 24226
24226 6226
6226 24226
24226 6312
6312 24226
24226 6961
6961 24226
24226 6979
6979 24226
24226 7117
7117 24226
24226 7124
7124 24226
24226 7256
7256 24226
24226 7321
7321 24226
24226 7323
7323 24226
24226 7381
7381 24226
24226 14905
14905 24226
24226 18619
18619 24226
24226 24226
24226 24226
24250 3231
3231 24250
24250 5421
5421 24250
24250 7136
7136 24250
24250 7293
7293 24250
24250 24250
24250 24250
24252 255
255 24252
24252 2591
2591 24252
24252 2819
2819 24252
24252 4343
4343 24252
24252 4685
4685 24252
24252 5606
5606 24252
24252 6218
6218 24252
24252 6478
6478 24252
24252 7195
7195 24252
24252 7278
7278 24252
24252 7370
7370 24252
24252 7391
7391 24252
24252 9002
9002 24252
24252 12135
12135 24252
24252 14189
14189 24252
24252 18449
18449 24252
24252 24252
24252 24252
24252 24409
24409 24252
24275 7297
7297 24275
24286 20
20 24286
24286 4920
4920 24286
24286 23921
23921 24286
24286 24286
24286 24286
24306 7293
7293 24306
24322 16323
16323 24322
24342 1951
1951 24342
24342 22592
22592 24342
24351 804
804 24351
24351 4343
4343 24351
24351 24351
24351 24351
24365 2207
2207 24365
24365 9842
9842 24365
24365 24695
24695 24365
24381 572
572 24381
24385 18472
18472 24385
24393 309
309 24393
24393 503
503 24393
24393 606
606 24393
24393 1137
1137 24393
24393 3219
3219 24393
24393 6125
6125 24393
24393 10811
10811 24393
24393 14029
14029 24393
24393 24033
24033 24393
24393 24393
24393 24393
24393 24568
24568 24393
24404 7204
7204 24404
24409 115
115 24409
24409 7204
7204 24409
24409 7391
7391 24409
24409 12429
12429 24409
24409 24409
24409 24409
24442 7199
7199 24442
24442 15623
15623 24442
24442 19866
19866 24442
24448 21881
21881 24448
24460 44
44 24460
24460 503
503 24460
24460 1264
1264 24460
24460 2984
2984 24460
24460 3018
3018 24460
24460 4343
4343 24460
24460 8996
8996 24460
24460 24460
24460 24460
24463 3162
3162 24463
24463 24463
24463 24463
24472 17097
17097 24472
24474 4160
4160 24474
24478 24478
24478 24478
24492 7398
7398 24492
24492 11130
11130 24492
24518 5969
5969 24518
24518 24206
24206 24518
24531 6819
6819 24531
24555 17050
17050 24555
24562 2416
2416 24562
24562 18440
18440 24562
24568 3130
3130 24568
24568 3172
3172 24568
24568 24568
24568 24568
24570 18764
18764 24570
24570 24570
24570 24570
24579 6780
6780 24579
24579 7284
7284 24579
24579 7316
7316 24579
24588 2558
2558 24588
24588 3172
3172 24588
24588 7123
7123 24588
24588 13969
13969 24588
24588 24588
24588 24588
24591 6121
6121 24591
24591 7173
7173 24591
24657 3399
3399 24657
24665 20512
20512 24665
24671 390
390 24671
24676 11313
11313 24676
24682 5887
5887 24682
24682 5969
5969 24682
24682 6385
6385 24682
24682 7186
7186 24682
24682 21240
21240 24682
24682 24385
24385 24682
24682 24682
24682 24682
24695 2819
2819 24695
24695 3172
3172 24695
24707 255
255 24707
24707 1913
1913 24707
24707 5969
5969 24707
24707 6208
6208 24707
24707 12135
12135 24707
24710 866
866 24710
24710 5143
5143 24710
24710 5435
5435 24710
24710 7180
7180 24710
24710 7207
7207 24710
24710 8996
8996 24710
24710 11130
11130 24710
24710 24710
24710 24710
