20 20
20 20
21 4547
4547 21
21 8816
8816 21
21 9286
9286 21
21 12519
12519 21
21 14806
14806 21
44 44
44 44
44 349
349 44
44 1019
1019 44
44 1676
1676 44
44 2602
2602 44
44 2984
2984 44
44 6557
6557 44
44 7921
7921 44
44 8996
8996 44
44 9431
9431 44
44 13196
13196 44
44 15361
15361 44
44 21337
21337 44
44 24313
24313 44
44 24451
24451 44
44 24492
24492 44
49 1019
1019 49
49 24451
24451 49
115 115
115 115
115 2194
2194 115
115 4482
4482 115
115 5039
5039 115
115 6139
6139 115
115 6602
6602 115
115 7929
7929 115
115 8842
8842 115
115 9227
9227 115
115 9237
9237 115
115 9358
9358 115
115 14387
14387 115
115 19438
19438 115
117 2497
2497 117
117 18602
18602 117
125 9240
9240 125
145 145
145 145
145 4920
4920 145
172 172
172 172
172 644
644 172
197 1137
1137 197
212 212
212 212
213 7123
7123 213
213 7142
7142 213
215 20907
20907 215
231 115
115 231
231 231
231 231
231 1899
1899 231
231 5899
5899 231
231 5946
5946 231
231 8289
8289 231
231 8632
8632 231
231 9314
9314 231
231 14195
14195 231
252 252
252 252
252 726
726 252
252 5261
5261 252
252 7444
7444 252
252 9314
9314 252
252 9329
9329 252
252 9330
9330 252
252 22283
22283 252
252 24033
24033 252
255 255
255 255
255 2931
2931 255
255 3826
3826 255
255 4204
4204 255
255 4683
4683 255
255 7089
7089 255
255 7516
7516 255
255 7759
7759 255
255 8378
8378 255
255 9030
9030 255
255 9092
9092 255
255 9318
9318 255
255 9455
9455 255
255 11148
11148 255
255 14387
14387 255
255 14969
14969 255
255 20355
20355 255
255 20517
20517 255
255 21927
21927 255
257 280
280 257
271 255
255 271
271 271
271 271
271 1221
1221 271
271 9225
9225 271
271 9318
9318 271
271 9456
9456 271
271 16601
16601 271
271 19432
19432 271
280 257
257 280
280 280
280 280
285 285
285 285
285 5572
5572 285
285 10641
10641 285
287 287
287 287
287 2104
2104 287
287 3777
3777 287
287 5257
5257 287
287 5523
5523 287
287 6098
6098 287
287 7370
7370 287
287 9187
9187 287
287 9280
9280 287
287 9304
9304 287
287 9307
9307 287
287 9419
9419 287
287 15450
15450 287
320 1215
1215 320
320 3439
3439 320
320 6901
6901 320
320 7759
7759 320
320 8921
8921 320
320 9025
9025 320
320 9263
9263 320
320 9275
9275 320
320 9842
9842 320
320 10791
10791 320
320 12900
12900 320
320 15953
15953 320
335 1913
1913 335
348 348
348 348
348 1951
1951 348
348 9196
9196 348
348 9353
9353 348
348 11536
11536 348
348 18034
18034 348
348 20992
20992 348
348 24226
24226 348
348 24448
24448 348
349 44
44 349
349 349
349 349
349 2984
2984 349
349 9198
9198 349
349 9363
9363 349
349 9431
9431 349
349 9477
9477 349
349 9491
9491 349
349 13518
13518 349
349 21240
21240 349
349 24313
24313 349
349 24451
24451 349
386 44
44 386
386 386
386 386
386 1258
1258 386
386 1615
1615 386
386 2194
2194 386
386 7603
7603 386
386 7759
7759 386
386 7921
7921 386
386 8290
8290 386
386 8858
8858 386
386 8996
8996 386
386 9005
9005 386
386 9247
9247 386
386 9403
9403 386
386 10121
10121 386
386 13110
13110 386
386 22990
22990 386
390 390
390 390
401 6505
6505 401
412 8921
8921 412
412 9336
9336 412
434 434
434 434
434 642
642 434
434 3172
3172 434
438 2416
2416 438
441 5311
5311 441
465 5345
5345 465
465 9459
9459 465
496 1018
1018 496
524 524
524 524
524 833
833 524
524 5808
5808 524
524 9295
9295 524
524 11313
11313 524
540 540
540 540
540 6299
6299 540
540 18602
18602 540
545 16241
16241 545
546 546
546 546
546 20825
20825 546
567 567
567 567
572 572
572 572
572 6098
6098 572
572 9215
9215 572
572 13196
13196 572
572 19438
19438 572
596 596
596 596
596 1193
1193 596
596 1934
1934 596
596 2080
2080 596
596 4735
4735 596
596 5345
5345 596
596 6437
6437 596
596 7265
7265 596
596 8764
8764 596
596 9299
9299 596
596 9336
9336 596
596 9387
9387 596
596 9396
9396 596
596 9397
9397 596
596 9399
9399 596
596 9472
9472 596
596 9488
9488 596
596 16613
16613 596
596 19149
19149 596
596 19426
19426 596
596 20992
20992 596
596 23921
23921 596
608 608
608 608
610 610
610 610
610 1538
1538 610
610 4556
4556 610
610 5946
5946 610
610 6937
6937 610
610 7759
7759 610
610 9466
9466 610
610 18574
18574 610
610 18602
18602 610
610 21699
21699 610
610 24252
24252 610
623 623
623 623
623 645
645 623
623 858
858 623
623 1215
1215 623
623 2080
2080 623
623 2411
2411 623
623 2866
2866 623
623 4638
4638 623
623 5677
5677 623
623 6124
6124 623
623 7648
7648 623
623 8815
8815 623
623 9207
9207 623
623 9239
9239 623
623 9326
9326 623
623 9332
9332 623
623 9339
9339 623
623 9343
9343 623
623 9381
9381 623
623 9419
9419 623
623 9506
9506 623
623 11579
11579 623
623 13181
13181 623
623 14067
14067 623
623 14785
14785 623
623 18619
18619 623
623 19469
19469 623
623 23926
23926 623
633 6124
6124 633
633 17801
17801 633
642 642
642 642
642 2373
2373 642
642 4109
4109 642
642 4281
4281 642
642 4343
4343 642
642 4450
4450 642
642 5428
5428 642
642 5519
5519 642
642 7616
7616 642
642 9193
9193 642
642 9243
9243 642
642 9249
9249 642
642 9275
9275 642
642 11840
11840 642
642 18619
18619 642
642 19149
19149 642
642 20950
20950 642
642 23348
23348 642
644 172
172 644
644 644
644 644
644 686
686 644
644 5152
5152 644
644 5178
5178 644
645 623
623 645
645 645
645 645
645 1430
1430 645
645 3172
3172 645
645 9196
9196 645
645 9211
9211 645
645 9239
9239 645
645 9253
9253 645
666 24033
24033 666
674 1221
1221 674
674 9297
9297 674
686 644
644 686
686 686
686 686
701 701
701 701
701 1407
1407 701
701 2831
2831 701
701 4407
4407 701
701 5956
5956 701
701 6585
6585 701
701 7955
7955 701
701 8564
8564 701
701 9092
9092 701
701 9216
9216 701
701 9346
9346 701
701 9397
9397 701
701 13141
13141 701
701 14067
14067 701
701 19871
19871 701
714 714
714 714
714 2194
2194 714
714 21786
21786 714
726 255
255 726
726 726
726 726
726 1784
1784 726
726 3702
3702 726
726 4883
4883 726
726 6124
6124 726
726 6278
6278 726
726 6593
6593 726
726 7759
7759 726
726 8897
8897 726
726 9205
9205 726
726 9207
9207 726
726 9267
9267 726
726 9302
9302 726
726 9332
9332 726
726 9399
9399 726
726 9842
9842 726
726 18619
18619 726
726 21110
21110 726
726 24695
24695 726
766 766
766 766
814 814
814 814
830 115
115 830
830 830
830 830
830 4411
4411 830
830 6049
6049 830
830 9201
9201 830
830 9227
9227 830
830 9303
9303 830
830 9315
9315 830
830 9332
9332 830
830 9394
9394 830
830 10115
10115 830
830 21110
21110 830
833 833
833 833
833 11313
11313 833
833 21336
21336 833
858 858
858 858
858 14920
14920 858
866 9488
9488 866
876 876
876 876
876 1899
1899 876
876 2266
2266 876
876 3101
3101 876
876 6098
6098 876
876 9057
9057 876
876 9307
9307 876
876 24537
24537 876
890 9025
9025 890
891 891
891 891
891 9256
9256 891
895 7516
7516 895
895 7921
7921 895
895 16900
16900 895
906 906
906 906
906 8907
8907 906
929 145
145 929
929 929
929 929
929 3777
3777 929
929 6901
6901 929
929 7759
7759 929
929 9057
9057 929
929 9228
9228 929
929 9307
9307 929
929 9349
9349 929
929 9364
9364 929
929 13786
13786 929
929 19901
19901 929
935 935
935 935
935 6497
6497 935
944 944
944 944
944 19442
19442 944
968 14969
14969 968
1001 2134
2134 1001
1013 1013
1013 1013
1013 1895
1895 1013
1013 1934
1934 1013
1013 7955
7955 1013
1013 8047
8047 1013
1013 8127
8127 1013
1013 8897
8897 1013
1013 9469
9469 1013
1013 9488
9488 1013
1013 17742
17742 1013
1013 18619
18619 1013
1013 22505
22505 1013
1013 24393
24393 1013
1018 496
496 1018
1018 596
596 1018
1018 1895
1895 1018
1018 9198
9198 1018
1018 9399
9399 1018
1018 13110
13110 1018
1018 14224
14224 1018
1018 18568
18568 1018
1018 24033
24033 1018
1019 44
44 1019
1019 49
49 1019
1019 1019
1019 1019
1097 6157
6157 1097
1097 9416
9416 1097
1105 20
20 1105
1105 255
255 1105
1105 642
642 1105
1105 714
714 1105
1105 1105
1105 1105
1105 1140
1140 1105
1105 1141
1141 1105
1105 1595
1595 1105
1105 2014
2014 1105
1105 2104
2104 1105
1105 2508
2508 1105
1105 2872
2872 1105
1105 3779
3779 1105
1105 4113
4113 1105
1105 4242
4242 1105
1105 4638
4638 1105
1105 4920
4920 1105
1105 5892
5892 1105
1105 5899
5899 1105
1105 6098
6098 1105
1105 6547
6547 1105
1105 6694
6694 1105
1105 7759
7759 1105
1105 7921
7921 1105
1105 8107
8107 1105
1105 8858
8858 1105
1105 9106
9106 1105
1105 9198
9198 1105
1105 9276
9276 1105
1105 9300
9300 1105
1105 9314
9314 1105
1105 9441
9441 1105
1105 13118
13118 1105
1105 15450
15450 1105
1105 16900
16900 1105
1105 18396
18396 1105
1105 18568
18568 1105
1116 1116
1116 1116
1116 1188
1188 1116
1116 1333
1333 1116
1116 4047
4047 1116
1116 6582
6582 1116
1116 6585
6585 1116
1116 7759
7759 1116
1116 8969
8969 1116
1116 9241
9241 1116
1116 9310
9310 1116
1116 9327
9327 1116
1116 9339
9339 1116
1116 9348
9348 1116
1116 9518
9518 1116
1116 18169
18169 1116
1133 1133
1133 1133
1133 9262
9262 1133
1137 1105
1105 1137
1137 1137
1137 1137
1137 1504
1504 1137
1137 1865
1865 1137
1137 7921
7921 1137
1137 8996
8996 1137
1137 9358
9358 1137
1137 9375
9375 1137
1137 9502
9502 1137
1137 10115
10115 1137
1137 11313
11313 1137
1140 1140
1140 1140
1140 2592
2592 1140
1140 5314
5314 1140
1140 8921
8921 1140
1140 9390
9390 1140
1140 16163
16163 1140
1141 1141
1141 1141
1141 16601
16601 1141
1188 1188
1188 1188
1193 1193
1193 1193
1193 5311
5311 1193
1193 9177
9177 1193
1215 642
642 1215
1215 1215
1215 1215
1215 6124
6124 1215
1215 18619
18619 1215
1221 540
540 1221
1221 674
674 1221
1221 1221
1221 1221
1221 6299
6299 1221
1221 8508
8508 1221
1221 9318
9318 1221
1221 9459
9459 1221
1221 13786
13786 1221
1221 14387
14387 1221
1221 16601
16601 1221
1221 24150
24150 1221
1244 287
287 1244
1244 4317
4317 1244
1244 9092
9092 1244
1244 24156
24156 1244
1244 24531
24531 1244
1258 386
386 1258
1311 1311
1311 1311
1312 645
645 1312
1312 1318
1318 1312
1312 4567
4567 1312
1312 5667
5667 1312
1312 9025
9025 1312
1312 9057
9057 1312
1312 9373
9373 1312
1312 18449
18449 1312
1312 21089
21089 1312
1312 24252
24252 1312
1318 1318
1318 1318
1318 21089
21089 1318
1323 1323
1323 1323
1383 2194
2194 1383
1383 3168
3168 1383
1384 5311
5311 1384
1403 623
623 1403
1403 2080
2080 1403
1403 4735
4735 1403
1403 6124
6124 1403
1403 9207
9207 1403
1403 9326
9326 1403
1403 9506
9506 1403
1407 5899
5899 1407
1407 6098
6098 1407
1407 7410
7410 1407
1407 8127
8127 1407
1407 8863
8863 1407
1407 9405
9405 1407
1430 546
546 1430
1430 645
645 1430
1430 1323
1323 1430
1430 1430
1430 1430
1430 2736
2736 1430
1430 3172
3172 1430
1430 6961
6961 1430
1430 7176
7176 1430
1430 8799
8799 1430
1430 9132
9132 1430
1430 9208
9208 1430
1430 9263
9263 1430
1430 9349
9349 1430
1430 9388
9388 1430
1430 9402
9402 1430
1430 12326
12326 1430
1430 13786
13786 1430
1430 24224
24224 1430
1447 9318
9318 1447
1459 9269
9269 1459
1466 1466
1466 1466
1495 1495
1495 1495
1495 20950
20950 1495
1504 3143
3143 1504
1504 15332
15332 1504
1517 1716
1716 1517
1538 1538
1538 1538
1538 5345
5345 1538
1538 7514
7514 1538
1538 9205
9205 1538
1538 17706
17706 1538
1538 19149
19149 1538
1538 20907
20907 1538
1542 1542
1542 1542
1543 14386
14386 1543
1547 6598
6598 1547
1567 1567
1567 1567
1567 4738
4738 1567
1578 6047
6047 1578
1609 1609
1609 1609
1613 1613
1613 1613
1613 2997
2997 1613
1613 13969
13969 1613
1633 1633
1633 1633
1633 6505
6505 1633
1633 9513
9513 1633
1658 5325
5325 1658
1658 6999
6999 1658
1667 18917
18917 1667
1676 22990
22990 1676
1692 49
49 1692
1692 1692
1692 1692
1692 5887
5887 1692
1692 8816
8816 1692
1692 9447
9447 1692
1692 9487
9487 1692
1692 24451
24451 1692
1698 1698
1698 1698
1716 1517
1517 1716
1740 1740
1740 1740
1740 2508
2508 1740
1740 2713
2713 1740
1740 4242
4242 1740
1740 7427
7427 1740
1740 8632
8632 1740
1740 9174
9174 1740
1740 9379
9379 1740
1740 9431
9431 1740
1740 9446
9446 1740
1740 9460
9460 1740
1740 16591
16591 1740
1740 21240
21240 1740
1740 24033
24033 1740
1749 1749
1749 1749
1749 4242
4242 1749
1753 1753
1753 1753
1753 13370
13370 1753
1772 1133
1133 1772
1780 1846
1846 1780
1780 5325
5325 1780
1784 1784
1784 1784
1784 5311
5311 1784
1800 1800
1800 1800
1800 2416
2416 1800
1800 6666
6666 1800
1800 9213
9213 1800
1800 19426
19426 1800
1800 24033
24033 1800
1842 1842
1842 1842
1842 4829
4829 1842
1842 5311
5311 1842
1842 6547
6547 1842
1842 8808
8808 1842
1842 14595
14595 1842
1846 686
686 1846
1846 1698
1698 1846
1846 1846
1846 1846
1846 2048
2048 1846
1846 2239
2239 1846
1846 3123
3123 1846
1846 4109
4109 1846
1846 4281
4281 1846
1846 4450
4450 1846
1846 5409
5409 1846
1846 5519
5519 1846
1846 5677
5677 1846
1846 6505
6505 1846
1846 7921
7921 1846
1846 9271
9271 1846
1846 9295
9295 1846
1846 9333
9333 1846
1846 9371
9371 1846
1846 9488
9488 1846
1846 18917
18917 1846
1846 19693
19693 1846
1846 19946
19946 1846
1846 24150
24150 1846
1846 24156
24156 1846
1895 1013
1013 1895
1895 1895
1895 1895
1899 285
285 1899
1899 726
726 1899
1899 1375
1375 1899
1899 1895
1895 1899
1899 1899
1899 1899
1899 2819
2819 1899
1899 3197
3197 1899
1899 4406
4406 1899
1899 5345
5345 1899
1899 6098
6098 1899
1899 6781
6781 1899
1899 7648
7648 1899
1899 7921
7921 1899
1899 10121
10121 1899
1899 12135
12135 1899
1899 12977
12977 1899
1899 13929
13929 1899
1899 20108
20108 1899
1899 20904
20904 1899
1899 22968
22968 1899
1899 23389
23389 1899
1899 24381
24381 1899
1901 5112
5112 1901
1901 9239
9239 1901
1907 5345
5345 1907
1907 6961
6961 1907
1907 18574
18574 1907
1913 1913
1913 1913
1934 1934
1934 1934
1934 24252
24252 1934
1949 16900
16900 1949
1951 642
642 1951
1951 726
726 1951
1951 866
866 1951
1951 929
929 1951
1951 1951
1951 1951
1951 5127
5127 1951
1951 5523
5523 1951
1951 5801
5801 1951
1951 6124
6124 1951
1951 6299
6299 1951
1951 6582
6582 1951
1951 6976
6976 1951
1951 7444
7444 1951
1951 7759
7759 1951
1951 9202
9202 1951
1951 9235
9235 1951
1951 9249
9249 1951
1951 9364
9364 1951
1951 9369
9369 1951
1951 9373
9373 1951
1951 9390
9390 1951
1951 9438
9438 1951
1951 9464
9464 1951
1951 9471
9471 1951
1951 10121
10121 1951
1951 22276
22276 1951
1971 1971
1971 1971
1991 19300
19300 1991
1998 11076
11076 1998
2014 1105
1105 2014
2014 1221
1221 2014
2014 1899
1899 2014
2014 2014
2014 2014
2014 4113
4113 2014
2014 4685
4685 2014
2014 5089
5089 2014
2014 9306
9306 2014
2014 9441
9441 2014
2014 9522
9522 2014
2014 19149
19149 2014
2014 23389
23389 2014
2038 4242
4242 2038
2038 22283
22283 2038
2048 2048
2048 2048
2048 4242
4242 2048
2048 5946
5946 2048
2048 7759
7759 2048
2048 9399
9399 2048
2048 12646
12646 2048
2080 20
20 2080
2080 2080
2080 2080
2080 8452
8452 2080
2080 8820
8820 2080
2080 20477
20477 2080
2086 24252
24252 2086
2104 0
0 2104
2104 255
255 2104
2104 2104
2104 2104
2104 2185
2185 2104
2104 2380
2380 2104
2104 2938
2938 2104
2104 3219
3219 2104
2104 3439
3439 2104
2104 5257
5257 2104
2104 5345
5345 2104
2104 6589
6589 2104
2104 6929
6929 2104
2104 8858
8858 2104
2104 9057
9057 2104
2104 9380
9380 2104
2104 9399
9399 2104
2104 11148
11148 2104
2104 12572
12572 2104
2104 16241
16241 2104
2104 17922
17922 2104
2104 19946
19946 2104
2104 22276
22276 2104
2104 24695
24695 2104
2134 1913
1913 2134
2134 2134
2134 2134
2134 3055
3055 2134
2134 4685
4685 2134
2134 4885
4885 2134
2134 5261
5261 2134
2134 5326
5326 2134
2134 5345
5345 2134
2134 5892
5892 2134
2134 6139
6139 2134
2134 8344
8344 2134
2134 8363
8363 2134
2134 8421
8421 2134
2134 8478
8478 2134
2134 8564
8564 2134
2134 8816
8816 2134
2134 8858
8858 2134
2134 9161
9161 2134
2134 9277
9277 2134
2134 9279
9279 2134
2134 9339
9339 2134
2134 9385
9385 2134
2134 9400
9400 2134
2134 9447
9447 2134
2134 9478
9478 2134
2134 9513
9513 2134
2134 9521
9521 2134
2134 11149
11149 2134
2134 11725
11725 2134
2134 14034
14034 2134
2134 14221
14221 2134
2134 15187
15187 2134
2134 15450
15450 2134
2134 19469
19469 2134
2134 24565
24565 2134
2148 16601
16601 2148
2194 285
285 2194
2194 1383
1383 2194
2194 1904
1904 2194
2194 2194
2194 2194
2194 2387
2387 2194
2194 2416
2416 2194
2194 2516
2516 2194
2194 2959
2959 2194
2194 3172
3172 2194
2194 3865
3865 2194
2194 4482
4482 2194
2194 4829
4829 2194
2194 4976
4976 2194
2194 5229
5229 2194
2194 5325
5325 2194
2194 5345
5345 2194
2194 5409
5409 2194
2194 5645
5645 2194
2194 6098
6098 2194
2194 6124
6124 2194
2194 6247
6247 2194
2194 7089
7089 2194
2194 7929
7929 2194
2194 8843
8843 2194
2194 8996
8996 2194
2194 9158
9158 2194
2194 9261
9261 2194
2194 9356
9356 2194
2194 9402
9402 2194
2194 9471
9471 2194
2194 9478
9478 2194
2194 10862
10862 2194
2194 16306
16306 2194
2194 19730
19730 2194
2194 21927
21927 2194
2194 22283
22283 2194
2194 24710
24710 2194
2197 2048
2048 2197
2197 2194
2194 2197
2197 2197
2197 2197
2197 4208
4208 2197
2197 6285
6285 2197
2197 9217
9217 2197
2197 9434
9434 2197
2197 9492
9492 2197
2197 11422
11422 2197
2197 13099
13099 2197
2197 13969
13969 2197
2197 20355
20355 2197
2204 5867
5867 2204
2239 2239
2239 2239
2239 2487
2487 2239
2239 9375
9375 2239
2239 10121
10121 2239
2242 9161
9161 2242
2266 2266
2266 2266
2266 7759
7759 2266
2266 8918
8918 2266
2266 9215
9215 2266
2266 9349
9349 2266
2266 9380
9380 2266
2266 9432
9432 2266
2304 4547
4547 2304
2307 9211
9211 2307
2329 18574
18574 2329
2349 9332
9332 2349
2361 642
642 2361
2361 2361
2361 2361
2361 9222
9222 2361
2361 9409
9409 2361
2361 11840
11840 2361
2361 15450
15450 2361
2361 24033
24033 2361
2373 2373
2373 2373
2384 2384
2384 2384
2384 9201
9201 2384
2384 9228
9228 2384
2384 9385
9385 2384
2384 11313
11313 2384
2384 12209
12209 2384
2384 13191
13191 2384
2384 13786
13786 2384
2384 22341
22341 2384
2387 1383
1383 2387
2387 2194
2194 2387
2387 2387
2387 2387
2387 5409
5409 2387
2387 8813
8813 2387
2387 8872
8872 2387
2387 8921
8921 2387
2387 9217
9217 2387
2387 9288
9288 2387
2387 9471
9471 2387
2387 9522
9522 2387
2387 13181
13181 2387
2387 13969
13969 2387
2387 22283
22283 2387
2388 2388
2388 2388
2392 10325
10325 2392
2411 145
145 2411
2411 2592
2592 2411
2411 7759
7759 2411
2411 11840
11840 2411
2411 22592
22592 2411
2413 255
255 2413
2413 686
686 2413
2413 2413
2413 2413
2413 4113
4113 2413
2413 9190
9190 2413
2413 9226
9226 2413
2413 13969
13969 2413
2413 19087
19087 2413
2416 285
285 2416
2416 2416
2416 2416
2416 6666
6666 2416
2416 9298
9298 2416
2416 19087
19087 2416
2416 19379
19379 2416
2416 24156
24156 2416
2487 2048
2048 2487
2487 2416
2416 2487
2487 2487
2487 2487
2487 3330
3330 2487
2487 7123
7123 2487
2487 7811
7811 2487
2487 8321
8321 2487
2487 8707
8707 2487
2487 8710
8710 2487
2487 9271
9271 2487
2487 9298
9298 2487
2487 9332
9332 2487
2487 9402
9402 2487
2487 9442
9442 2487
2487 9488
9488 2487
2487 11422
11422 2487
2487 13099
13099 2487
2487 14785
14785 2487
2487 18602
18602 2487
2487 19437
19437 2487
2487 24156
24156 2487
2497 145
145 2497
2497 642
642 2497
2497 1221
1221 2497
2497 1698
1698 2497
2497 2388
2388 2497
2497 2497
2497 2497
2497 4109
4109 2497
2497 4685
4685 2497
2497 5519
5519 2497
2497 6098
6098 2497
2497 6139
6139 2497
2497 8816
8816 2497
2497 9091
9091 2497
2497 9262
9262 2497
2497 9295
9295 2497
2497 9322
9322 2497
2497 9468
9468 2497
2497 9488
9488 2497
2497 9502
9502 2497
2497 11422
11422 2497
2497 15024
15024 2497
2499 8029
8029 2499
2499 9408
9408 2499
2499 10325
10325 2499
2508 1740
1740 2508
2508 2508
2508 2508
2516 2194
2194 2516
2581 9842
9842 2581
2583 1951
1951 2583
2583 8858
8858 2583
2583 22276
22276 2583
2591 5314
5314 2591
2591 5345
5345 2591
2592 496
496 2592
2592 701
701 2592
2592 714
714 2592
2592 1140
1140 2592
2592 1951
1951 2592
2592 4317
4317 2592
2592 5667
5667 2592
2592 7176
7176 2592
2592 7759
7759 2592
2592 8921
8921 2592
2592 10811
10811 2592
2592 16163
16163 2592
2592 20883
20883 2592
2592 24451
24451 2592
2602 44
44 2602
2622 18602
18602 2622
2629 145
145 2629
2629 1369
1369 2629
2629 2629
2629 2629
2629 2891
2891 2629
2629 4242
4242 2629
2629 4920
4920 2629
2629 5257
5257 2629
2629 5345
5345 2629
2629 5446
5446 2629
2629 5519
5519 2629
2629 6098
6098 2629
2629 6901
6901 2629
2629 8907
8907 2629
2629 9094
9094 2629
2629 9194
9194 2629
2629 9202
9202 2629
2629 9395
9395 2629
2629 9432
9432 2629
2629 13786
13786 2629
2629 19901
19901 2629
2629 20817
20817 2629
2633 9381
9381 2633
2655 9025
9025 2655
2700 726
726 2700
2700 9239
9239 2700
2701 19498
19498 2701
2713 2713
2713 2713
2713 18955
18955 2713
2713 21240
21240 2713
2736 2736
2736 2736
2789 2134
2134 2789
2789 7759
7759 2789
2789 9339
9339 2789
2790 9442
9442 2790
2819 2819
2819 2819
2819 9519
9519 2819
2831 2134
2134 2831
2831 2831
2831 2831
2831 3777
3777 2831
2831 6485
6485 2831
2831 9399
9399 2831
2831 9459
9459 2831
2831 18602
18602 2831
2842 2842
2842 2842
2842 7315
7315 2842
2866 2866
2866 2866
2872 9152
9152 2872
2872 9459
9459 2872
2872 15187
15187 2872
2891 2629
2629 2891
2891 2891
2891 2891
2891 19901
19901 2891
2959 2194
2194 2959
2959 2959
2959 2959
2984 1740
1740 2984
2984 2984
2984 2984
2984 21240
21240 2984
2997 255
255 2997
2997 686
686 2997
2997 726
726 2997
2997 1013
1013 2997
2997 1613
1613 2997
2997 1899
1899 2997
2997 4370
4370 2997
2997 5690
5690 2997
2997 6047
6047 2997
2997 6098
6098 2997
2997 8421
8421 2997
2997 9093
9093 2997
2997 9314
9314 2997
2997 10109
10109 2997
2997 14195
14195 2997
3029 5207
5207 3029
3049 1542
1542 3049
3049 5946
5946 3049
3049 7617
7617 3049
3049 9333
9333 3049
3049 14361
14361 3049
3055 9152
9152 3055
3098 3098
3098 3098
3101 2104
2104 3101
3101 3101
3101 3101
3101 15450
15450 3101
3113 1899
1899 3113
3113 6961
6961 3113
3113 24226
24226 3113
3130 7759
7759 3130
3168 24695
24695 3168
3172 434
434 3172
3172 645
645 3172
3172 1430
1430 3172
3172 2194
2194 3172
3172 3172
3172 3172
3172 5345
5345 3172
3172 6547
6547 3172
3172 7648
7648 3172
3172 9399
9399 3172
3172 9442
9442 3172
3172 17262
17262 3172
3203 3203
3203 3203
3203 6547
6547 3203
3203 9506
9506 3203
3203 9842
9842 3203
3227 7022
7022 3227
3227 7759
7759 3227
3227 8996
8996 3227
3227 9501
9501 3227
3231 3231
3231 3231
3271 3271
3271 3271
3271 13786
13786 3271
3271 16018
16018 3271
3330 3330
3330 3330
3379 1318
1318 3379
3420 6098
6098 3420
3425 4450
4450 3425
3438 3438
3438 3438
3438 8918
8918 3438
3438 8969
8969 3438
3438 9220
9220 3438
3438 9246
9246 3438
3439 2104
2104 3439
3439 3439
3439 3439
3439 12025
12025 3439
3452 9223
9223 3452
3452 9375
9375 3452
3506 4183
4183 3506
3523 5633
5633 3523
3526 13786
13786 3526
3528 1116
1116 3528
3528 6047
6047 3528
3528 6505
6505 3528
3528 6582
6582 3528
3528 15450
15450 3528
3528 19087
19087 3528
3555 7921
7921 3555
3555 13684
13684 3555
3570 11313
11313 3570
3579 1899
1899 3579
3620 9475
9475 3620
3627 15450
15450 3627
3702 3702
3702 3702
3725 13786
13786 3725
3754 3714
3714 3754
3754 3754
3754 3754
3754 19059
19059 3754
3760 1784
1784 3760
3760 8776
8776 3760
3777 6098
6098 3777
3843 349
349 3843
3843 1676
1676 3843
3843 3843
3843 3843
3843 9198
9198 3843
3843 9237
9237 3843
3843 9294
9294 3843
3843 12677
12677 3843
3843 19038
19038 3843
3843 24313
24313 3843
3865 2194
2194 3865
3865 2467
2467 3865
3865 3865
3865 3865
3865 18764
18764 3865
3865 20904
20904 3865
3874 2866
2866 3874
3874 9413
9413 3874
3986 3986
3986 3986
3986 5229
5229 3986
3986 9393
9393 3986
3986 14785
14785 3986
3986 15953
15953 3986
4047 1116
1116 4047
4047 4047
4047 4047
4087 20907
20907 4087
4087 21927
21927 4087
4113 1105
1105 4113
4113 2014
2014 4113
4121 7197
7197 4121
4121 9132
9132 4121
4121 18005
18005 4121
4127 5519
5519 4127
4158 701
701 4158
4158 1895
1895 4158
4158 4158
4158 4158
4158 19438
19438 4158
4183 4183
4183 4183
4187 4187
4187 4187
4187 5345
5345 4187
4187 7683
7683 4187
4187 7759
7759 4187
4204 4204
4204 4204
4208 4208
4208 4208
4208 6735
6735 4208
4208 9434
9434 4208
4208 13969
13969 4208
4242 44
44 4242
4242 287
287 4242
4242 623
623 4242
4242 714
714 4242
4242 726
726 4242
4242 1105
1105 4242
4242 1188
1188 4242
4242 1749
1749 4242
4242 1862
1862 4242
4242 1899
1899 4242
4242 2194
2194 4242
4242 2388
2388 4242
4242 2592
2592 4242
4242 3172
3172 4242
4242 4242
4242 4242
4242 5311
5311 4242
4242 5807
5807 4242
4242 5946
5946 4242
4242 6049
6049 4242
4242 6098
6098 4242
4242 6937
6937 4242
4242 7603
7603 4242
4242 7617
7617 4242
4242 7648
7648 4242
4242 7921
7921 4242
4242 7929
7929 4242
4242 8102
8102 4242
4242 8773
8773 4242
4242 8808
8808 4242
4242 8858
8858 4242
4242 9100
9100 4242
4242 9198
9198 4242
4242 9300
9300 4242
4242 9384
9384 4242
4242 9387
9387 4242
4242 9426
9426 4242
4242 9431
9431 4242
4242 9842
9842 4242
4242 10307
10307 4242
4242 13065
13065 4242
4242 13118
13118 4242
4242 15229
15229 4242
4242 15450
15450 4242
4242 15953
15953 4242
4242 18619
18619 4242
4242 18764
18764 4242
4242 18940
18940 4242
4242 19438
19438 4242
4242 19730
19730 4242
4242 24313
24313 4242
4255 9180
9180 4255
4255 9380
9380 4255
4274 804
804 4274
4280 7197
7197 4280
4281 4281
4281 4281
4283 23933
23933 4283
4317 4317
4317 4317
4331 7921
7921 4331
4331 8773
8773 4331
4339 9197
9197 4339
4339 18602
18602 4339
4340 4242
4242 4340
4340 19038
19038 4340
4343 642
642 4343
4343 2497
2497 4343
4343 3227
3227 4343
4343 9399
9399 4343
4370 4370
4370 4370
4370 24133
24133 4370
4396 4396
4396 4396
4396 4929
4929 4396
4407 1538
1538 4407
4407 5345
5345 4407
4407 17706
17706 4407
4407 22603
22603 4407
4407 23707
23707 4407
4412 778
778 4412
4440 673
673 4440
4440 1141
1141 4440
4440 1609
1609 4440
4440 1899
1899 4440
4440 2497
2497 4440
4440 4440
4440 4440
4440 4837
4837 4440
4440 6299
6299 4440
4440 8858
8858 4440
4440 9507
9507 4440
4440 9842
9842 4440
4440 18034
18034 4440
4440 19149
19149 4440
4449 4449
4449 4449
4449 11536
11536 4449
4449 16613
16613 4449
4450 3425
3425 4450
4450 4450
4450 4450
4450 9378
9378 4450
4459 8107
8107 4459
4459 9441
9441 4459
4462 4462
4462 4462
4462 8508
8508 4462
4462 9459
9459 4462
4462 9498
9498 4462
4482 4482
4482 4482
4482 9227
9227 4482
4533 9132
9132 4533
4547 12519
12519 4547
4567 1312
1312 4567
4567 4567
4567 4567
4567 7759
7759 4567
4567 9465
9465 4567
4567 9486
9486 4567
4574 4738
4738 4574
4638 1105
1105 4638
4638 4638
4638 4638
4638 8858
8858 4638
4638 12670
12670 4638
4683 255
255 4683
4683 4683
4683 4683
4683 5311
5311 4683
4683 9356
9356 4683
4685 4685
4685 4685
4685 5345
5345 4685
4685 6299
6299 4685
4685 9236
9236 4685
4685 9478
9478 4685
4685 9514
9514 4685
4719 1137
1137 4719
4719 8029
8029 4719
4735 1403
1403 4735
4735 4735
4735 4735
4735 5127
5127 4735
4735 12534
12534 4735
4738 1567
1567 4738
4738 4738
4738 4738
4738 24252
24252 4738
4781 7358
7358 4781
4781 8030
8030 4781
4781 9438
9438 4781
4781 9475
9475 4781
4802 7014
7014 4802
4802 7520
7520 4802
4802 7648
7648 4802
4802 15024
15024 4802
4811 1722
1722 4811
4811 4593
4593 4811
4811 7427
7427 4811
4811 9217
9217 4811
4811 9379
9379 4811
4811 19870
19870 4811
4829 1842
1842 4829
4829 4829
4829 4829
4829 5178
5178 4829
4829 7089
7089 4829
4829 15450
15450 4829
4837 4837
4837 4837
4879 1842
1842 4879
4879 11503
11503 4879
4879 11669
11669 4879
4879 21240
21240 4879
4879 24313
24313 4879
4883 4883
4883 4883
4885 4885
4885 4885
4920 145
145 4920
4920 395
395 4920
4920 644
644 4920
4920 876
876 4920
4920 1215
1215 4920
4920 2629
2629 4920
4920 2736
2736 4920
4920 3777
3777 4920
4920 4920
4920 4920
4920 6098
6098 4920
4920 7382
7382 4920
4920 7759
7759 4920
4920 8029
8029 4920
4920 8031
8031 4920
4920 8761
8761 4920
4920 9194
9194 4920
4920 9268
9268 4920
4920 9281
9281 4920
4920 9322
9322 4920
4920 9355
9355 4920
4920 9402
9402 4920
4920 9417
9417 4920
4920 11005
11005 4920
4920 11269
11269 4920
4920 12326
12326 4920
4920 12789
12789 4920
4920 13786
13786 4920
4920 18169
18169 4920
4920 19901
19901 4920
4920 20817
20817 4920
4920 22598
22598 4920
4920 24729
24729 4920
4928 7849
7849 4928
4952 9192
9192 4952
4952 9206
9206 4952
4952 9391
9391 4952
4976 2194
2194 4976
5039 115
115 5039
5056 7953
7953 5056
5107 5107
5107 5107
5112 876
876 5112
5112 19901
19901 5112
5127 4735
4735 5127
5127 8239
8239 5127
5143 5143
5143 5143
5143 11460
11460 5143
5143 24710
24710 5143
5152 5152
5152 5152
5152 6450
6450 5152
5152 7089
7089 5152
5152 7516
7516 5152
5152 8808
8808 5152
5152 8858
8858 5152
5152 9322
9322 5152
5152 9341
9341 5152
5152 9466
9466 5152
5152 13786
13786 5152
5152 19087
19087 5152
5152 19730
19730 5152
5152 24695
24695 5152
5178 117
117 5178
5178 255
255 5178
5178 441
441 5178
5178 644
644 5178
5178 929
929 5178
5178 1110
1110 5178
5178 2736
2736 5178
5178 4829
4829 5178
5178 5178
5178 5178
5178 7759
7759 5178
5178 8608
8608 5178
5178 8858
8858 5178
5178 9322
9322 5178
5178 9332
9332 5178
5178 9335
9335 5178
5178 9349
9349 5178
5178 9364
9364 5178
5178 9395
9395 5178
5178 9440
9440 5178
5178 11269
11269 5178
5178 12326
12326 5178
5178 12789
12789 5178
5178 13786
13786 5178
5178 17157
17157 5178
5178 18169
18169 5178
5178 18602
18602 5178
5178 22598
22598 5178
5178 24409
24409 5178
5178 24729
24729 5178
5192 9375
9375 5192
5198 3725
3725 5198
5229 5229
5229 5229
5261 252
252 5261
5261 5261
5261 5261
5261 6505
6505 5261
5261 6929
6929 5261
5261 9156
9156 5261
5261 11929
11929 5261
5261 18619
18619 5261
5261 19149
19149 5261
5274 8863
8863 5274
5274 9318
9318 5274
5311 726
726 5311
5311 1193
1193 5311
5311 1698
1698 5311
5311 1784
1784 5311
5311 1842
1842 5311
5311 4683
4683 5311
5311 5311
5311 5311
5311 6505
6505 5311
5311 6997
6997 5311
5311 7921
7921 5311
5311 8295
8295 5311
5311 8695
8695 5311
5311 8969
8969 5311
5311 9161
9161 5311
5311 9322
9322 5311
5311 9333
9333 5311
5311 9409
9409 5311
5311 9459
9459 5311
5311 9464
9464 5311
5311 12646
12646 5311
5311 13118
13118 5311
5311 16213
16213 5311
5314 20285
20285 5314
5325 5325
5325 5325
5326 2134
2134 5326
5326 5326
5326 5326
5408 814
814 5408
5409 1846
1846 5409
5409 5409
5409 5409
5409 5845
5845 5409
5409 9468
9468 5409
5409 11698
11698 5409
5430 5430
5430 5430
5447 5447
5447 5447
5485 9355
9355 5485
5485 22276
22276 5485
5485 23223
23223 5485
5489 255
255 5489
5489 4343
4343 5489
5489 9185
9185 5489
5516 8813
8813 5516
5517 5517
5517 5517
5519 255
255 5519
5519 623
623 5519
5519 1846
1846 5519
5519 2119
2119 5519
5519 2197
2197 5519
5519 4127
4127 5519
5519 4281
4281 5519
5519 4450
4450 5519
5519 5345
5345 5519
5519 5519
5519 5519
5519 5690
5690 5519
5519 8321
8321 5519
5519 8707
8707 5519
5519 8710
8710 5519
5519 8897
8897 5519
5519 9091
9091 5519
5519 9317
9317 5519
5519 9405
9405 5519
5519 9488
9488 5519
5519 9502
9502 5519
5519 10121
10121 5519
5519 18917
18917 5519
5523 24206
24206 5523
5531 24695
24695 5531
5567 5567
5567 5567
5567 14595
14595 5567
5600 5600
5600 5600
5600 9126
9126 5600
5633 5633
5633 5633
5633 19172
19172 5633
5639 8930
8930 5639
5645 115
115 5645
5645 5645
5645 5645
5645 9358
9358 5645
5667 701
701 5667
5667 1312
1312 5667
5667 5956
5956 5667
5667 7616
7616 5667
5677 623
623 5677
5677 2134
2134 5677
5677 2361
2361 5677
5677 2819
2819 5677
5677 5311
5311 5677
5677 5345
5345 5677
5677 6811
6811 5677
5677 8988
8988 5677
5677 9488
9488 5677
5677 16186
16186 5677
5677 19946
19946 5677
5690 13969
13969 5690
5692 3702
3702 5692
5753 3714
3714 5753
5754 2185
2185 5754
5769 390
390 5769
5769 5769
5769 5769
5769 24380
24380 5769
5776 5776
5776 5776
5776 8808
8808 5776
5801 54
54 5801
5801 145
145 5801
5801 2104
2104 5801
5801 5446
5446 5801
5801 5801
5801 5801
5801 6163
6163 5801
5801 6589
6589 5801
5801 8995
8995 5801
5801 9268
9268 5801
5801 9349
9349 5801
5801 23389
23389 5801
5805 5805
5805 5805
5805 16018
16018 5805
5807 5807
5807 5807
5808 4683
4683 5808
5808 9053
9053 5808
5817 2984
2984 5817
5887 1692
1692 5887
5887 3302
3302 5887
5887 5887
5887 5887
5892 5892
5892 5892
5892 6845
6845 5892
5892 8421
8421 5892
5893 5893
5893 5893
5899 1105
1105 5899
5899 5899
5899 5899
5940 9198
9198 5940
5946 287
287 5946
5946 1221
1221 5946
5946 1846
1846 5946
5946 2048
2048 5946
5946 3425
3425 5946
5946 4242
4242 5946
5946 4281
4281 5946
5946 5311
5311 5946
5946 5345
5345 5946
5946 5409
5409 5946
5946 5519
5519 5946
5946 5946
5946 5946
5946 6098
6098 5946
5946 6247
6247 5946
5946 6598
6598 5946
5946 7617
7617 5946
5946 8288
8288 5946
5946 9053
9053 5946
5946 9057
9057 5946
5946 9180
9180 5946
5946 9234
9234 5946
5946 9271
9271 5946
5946 9347
9347 5946
5946 9371
9371 5946
5946 9374
9374 5946
5946 9378
9378 5946
5946 9468
9468 5946
5946 9475
9475 5946
5946 9477
9477 5946
5946 9488
9488 5946
5946 11422
11422 5946
5946 11657
11657 5946
5946 13969
13969 5946
5946 14224
14224 5946
5946 14595
14595 5946
5946 15450
15450 5946
5946 18917
18917 5946
5946 19730
19730 5946
5946 24626
24626 5946
5956 701
701 5956
5957 642
642 5957
5957 5957
5957 5957
5957 8858
8858 5957
5969 4449
4449 5969
6009 9067
9067 6009
6009 12670
12670 6009
6047 145
145 6047
6047 1578
1578 6047
6047 6047
6047 6047
6047 8538
8538 6047
6047 8930
8930 6047
6047 9226
9226 6047
6047 9286
9286 6047
6049 6049
6049 6049
6049 6259
6259 6049
6049 13118
13118 6049
6095 22283
22283 6095
6098 4242
4242 6098
6098 4920
4920 6098
6098 5946
5946 6098
6098 6098
6098 6098
6098 6601
6601 6098
6098 8808
8808 6098
6098 9016
9016 6098
6098 9057
9057 6098
6098 10325
10325 6098
6098 13786
13786 6098
6098 14920
14920 6098
6098 15450
15450 6098
6098 17880
17880 6098
6098 18689
18689 6098
6098 19901
19901 6098
6104 3777
3777 6104
6113 16186
16186 6113
6121 9404
9404 6121
6121 9408
9408 6121
6124 623
623 6124
6124 633
633 6124
6124 6124
6124 6124
6124 8029
8029 6124
6124 8257
8257 6124
6124 9326
9326 6124
6124 9399
9399 6124
6124 13673
13673 6124
6124 16854
16854 6124
6124 19901
19901 6124
6124 22276
22276 6124
6124 24033
24033 6124
6124 24409
24409 6124
6139 115
115 6139
6139 2134
2134 6139
6139 6139
6139 6139
6157 434
434 6157
6157 6157
6157 6157
6167 9341
9341 6167
6172 8996
8996 6172
6233 24156
24156 6233
6247 2266
2266 6247
6247 2736
2736 6247
6247 5345
5345 6247
6247 6247
6247 6247
6247 8330
8330 6247
6247 9132
9132 6247
6247 9399
9399 6247
6247 18034
18034 6247
6258 15450
15450 6258
6259 271
271 6259
6259 287
287 6259
6259 496
496 6259
6259 1749
1749 6259
6259 1895
1895 6259
6259 6049
6049 6259
6259 7921
7921 6259
6259 9175
9175 6259
6259 17276
17276 6259
6278 6278
6278 6278
6278 6929
6929 6278
6278 14969
14969 6278
6278 19498
19498 6278
6278 24707
24707 6278
6285 6285
6285 6285
6285 6735
6735 6285
6285 9309
9309 6285
6299 1221
1221 6299
6299 8029
8029 6299
6310 6124
6124 6310
6318 1504
1504 6318
6318 6318
6318 6318
6318 9215
9215 6318
6333 9229
9229 6333
6338 8421
8421 6338
6346 6346
6346 6346
6346 14595
14595 6346
6413 2819
2819 6413
6437 596
596 6437
6437 2041
2041 6437
6478 7759
7759 6478
6485 11967
11967 6485
6497 5345
5345 6497
6497 6010
6010 6497
6497 8196
8196 6497
6497 9185
9185 6497
6497 15024
15024 6497
6505 1846
1846 6505
6505 5311
5311 6505
6505 6505
6505 6505
6528 8996
8996 6528
6528 9405
9405 6528
6531 9288
9288 6531
6547 1842
1842 6547
6547 2984
2984 6547
6547 6124
6124 6547
6547 6547
6547 6547
6547 8996
8996 6547
6547 9025
9025 6547
6547 9842
9842 6547
6547 11148
11148 6547
6547 13726
13726 6547
6547 13786
13786 6547
6547 19469
19469 6547
6547 24250
24250 6547
6547 24695
24695 6547
6549 6547
6547 6549
6549 8029
8029 6549
6549 8421
8421 6549
6557 386
386 6557
6557 1019
1019 6557
6557 1895
1895 6557
6557 4242
4242 6557
6557 7176
7176 6557
6557 7266
7266 6557
6557 7849
7849 6557
6557 9193
9193 6557
6557 9198
9198 6557
6557 9431
9431 6557
6557 13110
13110 6557
6557 18602
18602 6557
6557 18619
18619 6557
6557 21240
21240 6557
6557 24420
24420 6557
6582 1116
1116 6582
6582 7759
7759 6582
6589 1116
1116 6589
6589 6157
6157 6589
6589 8808
8808 6589
6589 8813
8813 6589
6589 9403
9403 6589
6589 13110
13110 6589
6589 14386
14386 6589
6589 24707
24707 6589
6593 18619
18619 6593
6596 2361
2361 6596
6596 8858
8858 6596
6598 1547
1547 6598
6598 6598
6598 6598
6598 9303
9303 6598
6602 6602
6602 6602
6602 9450
9450 6602
6610 115
115 6610
6651 21746
21746 6651
6666 2416
2416 6666
6666 6666
6666 6666
6666 9213
9213 6666
6666 12789
12789 6666
6666 19901
19901 6666
6681 2361
2361 6681
6694 6694
6694 6694
6735 1613
1613 6735
6735 1904
1904 6735
6735 2014
2014 6735
6735 6285
6285 6735
6735 6735
6735 6735
6735 24253
24253 6735
6735 24393
24393 6735
6735 24626
24626 6735
6742 6742
6742 6742
6785 7410
7410 6785
6785 8984
8984 6785
6811 145
145 6811
6811 2239
2239 6811
6811 5517
5517 6811
6811 5677
5677 6811
6811 6811
6811 6811
6811 6999
6999 6811
6811 8745
8745 6811
6811 13118
13118 6811
6811 22513
22513 6811
6811 24451
24451 6811
6815 9202
9202 6815
6815 21954
21954 6815
6845 1772
1772 6845
6845 2636
2636 6845
6845 5892
5892 6845
6845 6845
6845 6845
6845 9298
9298 6845
6845 11669
11669 6845
6850 9443
9443 6850
6889 8029
8029 6889
6914 7759
7759 6914
6917 1019
1019 6917
6917 9501
9501 6917
6917 14595
14595 6917
6937 1384
1384 6937
6937 4242
4242 6937
6937 6937
6937 6937
6937 9466
9466 6937
6937 14920
14920 6937
6961 9199
9199 6961
6961 12646
12646 6961
6975 4187
4187 6975
6975 6975
6975 6975
6975 8029
8029 6975
6975 8995
8995 6975
6975 9132
9132 6975
6975 9399
9399 6975
6976 1951
1951 6976
6976 6976
6976 6976
6976 7100
7100 6976
6997 6997
6997 6997
6999 1658
1658 6999
6999 6811
6811 6999
6999 6999
6999 6999
6999 8993
8993 6999
6999 13684
13684 6999
6999 21913
21913 6999
6999 24695
24695 6999
7014 7014
7014 7014
7022 3843
3843 7022
7022 6961
6961 7022
7022 8330
8330 7022
7022 9215
9215 7022
7022 9237
9237 7022
7089 7089
7089 7089
7089 11684
11684 7089
7100 6976
6976 7100
7100 7100
7100 7100
7123 213
213 7123
7123 596
596 7123
7123 7123
7123 7123
7123 14785
14785 7123
7129 2275
2275 7129
7129 7265
7265 7129
7139 7139
7139 7139
7142 213
213 7142
7152 14221
14221 7152
7176 7176
7176 7176
7186 7186
7186 7186
7186 9286
9286 7186
7186 14691
14691 7186
7197 4121
4121 7197
7197 7197
7197 7197
7202 20817
20817 7202
7203 5257
5257 7203
7211 7211
7211 7211
7211 12834
12834 7211
7217 7217
7217 7217
7217 18619
18619 7217
7265 7265
7265 7265
7265 7556
7556 7265
7265 9236
9236 7265
7265 9419
9419 7265
7265 20907
20907 7265
7265 23348
23348 7265
7273 4123
4123 7273
7273 7211
7211 7273
7273 7273
7273 7273
7305 4411
4411 7305
7315 2842
2842 7315
7370 6098
6098 7370
7370 18764
18764 7370
7410 1407
1407 7410
7410 6785
6785 7410
7410 7410
7410 7410
7410 9405
9405 7410
7410 17097
17097 7410
7410 19946
19946 7410
7442 1407
1407 7442
7442 1851
1851 7442
7442 6514
6514 7442
7442 7442
7442 7442
7442 8147
8147 7442
7442 9394
9394 7442
7442 13118
13118 7442
7442 16282
16282 7442
7442 22598
22598 7442
7444 252
252 7444
7444 1951
1951 7444
7476 9452
9452 7476
7490 5345
5345 7490
7510 2080
2080 7510
7514 645
645 7514
7514 6299
6299 7514
7514 7514
7514 7514
7516 2819
2819 7516
7516 5345
5345 7516
7516 6098
6098 7516
7516 9322
9322 7516
7516 9488
9488 7516
7516 13786
13786 7516
7529 5519
5519 7529
7529 9459
9459 7529
7552 7664
7664 7552
7552 16877
16877 7552
7556 7265
7265 7556
7556 7556
7556 7556
7579 2091
2091 7579
7579 9239
9239 7579
7603 4242
4242 7603
7603 7603
7603 7603
7603 9431
9431 7603
7616 7616
7616 7616
7617 7617
7617 7617
7640 7640
7640 7640
7640 11819
11819 7640
7648 623
623 7648
7648 3172
3172 7648
7648 3203
3203 7648
7648 3528
3528 7648
7648 4242
4242 7648
7648 7514
7514 7648
7648 7648
7648 7648
7648 9301
9301 7648
7648 9506
9506 7648
7648 9509
9509 7648
7648 14595
14595 7648
7648 21110
21110 7648
7648 22276
22276 7648
7664 7552
7552 7664
7664 7664
7664 7664
7664 9202
9202 7664
7673 7673
7673 7673
7673 8996
8996 7673
7673 22075
22075 7673
7683 4187
4187 7683
7696 7696
7696 7696
7720 2508
2508 7720
7720 7720
7720 7720
7720 8996
8996 7720
7720 9174
9174 7720
7720 9318
9318 7720
7720 13786
13786 7720
7720 21079
21079 7720
7743 5893
5893 7743
7743 7743
7743 7743
7743 9253
9253 7743
7743 9269
9269 7743
7743 9342
9342 7743
7759 255
255 7759
7759 257
257 7759
7759 608
608 7759
7759 726
726 7759
7759 866
866 7759
7759 929
929 7759
7759 1013
1013 7759
7759 1193
1193 7759
7759 2104
2104 7759
7759 2411
2411 7759
7759 2592
2592 7759
7759 3130
3130 7759
7759 3227
3227 7759
7759 3439
3439 7759
7759 4113
4113 7759
7759 4567
4567 7759
7759 5345
5345 7759
7759 5519
5519 7759
7759 6139
6139 7759
7759 6247
6247 7759
7759 6478
6478 7759
7759 6582
6582 7759
7759 6914
6914 7759
7759 7186
7186 7759
7759 7514
7514 7759
7759 7574
7574 7759
7759 7759
7759 7759
7759 7955
7955 7759
7759 8010
8010 7759
7759 8029
8029 7759
7759 8075
8075 7759
7759 8321
8321 7759
7759 8363
8363 7759
7759 8378
8378 7759
7759 8564
8564 7759
7759 8625
8625 7759
7759 8858
8858 7759
7759 8863
8863 7759
7759 8897
8897 7759
7759 9025
9025 7759
7759 9196
9196 7759
7759 9200
9200 7759
7759 9262
9262 7759
7759 9275
9275 7759
7759 9277
9277 7759
7759 9286
9286 7759
7759 9297
9297 7759
7759 9299
9299 7759
7759 9332
9332 7759
7759 9339
9339 7759
7759 9346
9346 7759
7759 9350
9350 7759
7759 9356
9356 7759
7759 9364
9364 7759
7759 9369
9369 7759
7759 9380
9380 7759
7759 9399
9399 7759
7759 9456
9456 7759
7759 9467
9467 7759
7759 9473
9473 7759
7759 9488
9488 7759
7759 13141
13141 7759
7759 13489
13489 7759
7759 14691
14691 7759
7759 14806
14806 7759
7759 15450
15450 7759
7759 15940
15940 7759
7759 17076
17076 7759
7759 17090
17090 7759
7759 17675
17675 7759
7759 18602
18602 7759
7759 19087
19087 7759
7759 19946
19946 7759
7759 20168
20168 7759
7759 20950
20950 7759
7759 22276
22276 7759
7759 24033
24033 7759
7778 7778
7778 7778
7778 8764
8764 7778
7778 9025
9025 7778
7778 9132
9132 7778
7778 9317
9317 7778
7785 20387
20387 7785
7785 24451
24451 7785
7811 873
873 7811
7811 2487
2487 7811
7816 4242
4242 7816
7849 7849
7849 7849
7894 1899
1899 7894
7921 1105
1105 7921
7921 3555
3555 7921
7921 4242
4242 7921
7921 5776
5776 7921
7921 7849
7849 7921
7921 7921
7921 7921
7921 9384
9384 7921
7921 9434
9434 7921
7921 12677
12677 7921
7921 14595
14595 7921
7921 16613
16613 7921
7921 21240
21240 7921
7921 24393
24393 7921
7921 24710
24710 7921
7929 7929
7929 7929
7955 1013
1013 7955
7955 8984
8984 7955
7955 21089
21089 7955
7990 1538
1538 7990
7990 6962
6962 7990
7990 7197
7197 7990
7990 8116
8116 7990
8005 1538
1538 8005
8005 2041
2041 8005
8005 4510
4510 8005
8005 4513
4513 8005
8005 8918
8918 8005
8025 9459
9459 8025
8029 2499
2499 8029
8029 6299
6299 8029
8029 7759
7759 8029
8029 8029
8029 8029
8029 8421
8421 8029
8029 8808
8808 8029
8029 9402
9402 8029
8030 8030
8030 8030
8030 24226
24226 8030
8047 2997
2997 8047
8047 8047
8047 8047
8047 14195
14195 8047
8075 7759
7759 8075
8102 540
540 8102
8102 714
714 8102
8102 6299
6299 8102
8102 7197
7197 8102
8102 8102
8102 8102
8102 9249
9249 8102
8102 9346
9346 8102
8102 16601
16601 8102
8102 20907
20907 8102
8102 22276
22276 8102
8102 24033
24033 8102
8104 1865
1865 8104
8104 9521
9521 8104
8105 8105
8105 8105
8107 4459
4459 8107
8107 8107
8107 8107
8107 24734
24734 8107
8121 8121
8121 8121
8127 1407
1407 8127
8127 1578
1578 8127
8127 8127
8127 8127
8127 24393
24393 8127
8134 6961
6961 8134
8147 8147
8147 8147
8155 2388
2388 8155
8196 6497
6497 8196
8208 8121
8121 8208
8208 9361
9361 8208
8208 14920
14920 8208
8208 21746
21746 8208
8239 8239
8239 8239
8239 8930
8930 8239
8239 17675
17675 8239
8262 8262
8262 8262
8271 11148
11148 8271
8277 8277
8277 8277
8281 8281
8281 8281
8288 5946
5946 8288
8288 8288
8288 8288
8290 8290
8290 8290
8295 4183
4183 8295
8295 6047
6047 8295
8295 8295
8295 8295
8295 8695
8695 8295
8305 18764
18764 8305
8305 24033
24033 8305
8310 8310
8310 8310
8321 8321
8321 8321
8321 19901
19901 8321
8363 2134
2134 8363
8363 8363
8363 8363
8378 7759
7759 8378
8378 8808
8808 8378
8404 8808
8808 8404
8404 9376
9376 8404
8407 1313
1313 8407
8421 1116
1116 8421
8421 2283
2283 8421
8421 3714
3714 8421
8421 4920
4920 8421
8421 5143
5143 8421
8421 5892
5892 8421
8421 6582
6582 8421
8421 7864
7864 8421
8421 8029
8029 8421
8421 8421
8421 8421
8421 8478
8478 8421
8421 8993
8993 8421
8421 9161
9161 8421
8421 9262
9262 8421
8421 9297
9297 8421
8421 9348
9348 8421
8421 9370
9370 8421
8421 9380
9380 8421
8421 9459
9459 8421
8421 12685
12685 8421
8421 13270
13270 8421
8421 14387
14387 8421
8421 19426
19426 8421
8421 23389
23389 8421
8421 24033
24033 8421
8421 24710
24710 8421
8452 2048
2048 8452
8452 8452
8452 8452
8452 9229
9229 8452
8452 13184
13184 8452
8452 13270
13270 8452
8473 8473
8473 8473
8473 9175
9175 8473
8478 2134
2134 8478
8478 8421
8421 8478
8478 8478
8478 8478
8508 8508
8508 8508
8564 2134
2134 8564
8564 8564
8564 8564
8564 24033
24033 8564
8598 8598
8598 8598
8598 24252
24252 8598
8598 24518
24518 8598
8600 18169
18169 8600
8608 21402
21402 8608
8625 8625
8625 8625
8632 8632
8632 8632
8633 5345
5345 8633
8657 1846
1846 8657
8664 9025
9025 8664
8695 5311
5311 8695
8698 18602
18602 8698
8705 2508
2508 8705
8710 5519
5519 8710
8710 8710
8710 8710
8717 24033
24033 8717
8745 6811
6811 8745
8745 8808
8808 8745
8761 858
858 8761
8761 4920
4920 8761
8773 8773
8773 8773
8773 17840
17840 8773
8777 1951
1951 8777
8799 2209
2209 8799
8799 7648
7648 8799
8808 1133
1133 8808
8808 1346
1346 8808
8808 1842
1842 8808
8808 5325
5325 8808
8808 5776
5776 8808
8808 6098
6098 8808
8808 6139
6139 8808
8808 6999
6999 8808
8808 7013
7013 8808
8808 7921
7921 8808
8808 8378
8378 8808
8808 8745
8745 8808
8808 8808
8808 8808
8808 9262
9262 8808
8808 11698
11698 8808
8808 17180
17180 8808
8808 22513
22513 8808
8813 726
726 8813
8813 2819
2819 8813
8813 6124
6124 8813
8813 7514
7514 8813
8813 7759
7759 8813
8813 8813
8813 8813
8813 8820
8820 8813
8815 673
673 8815
8815 8815
8815 8815
8815 9099
9099 8815
8815 9278
9278 8815
8815 14224
14224 8815
8816 8816
8816 8816
8816 8930
8930 8816
8842 2194
2194 8842
8842 2959
2959 8842
8843 8843
8843 8843
8843 9158
9158 8843
8843 9242
9242 8843
8843 24252
24252 8843
8858 255
255 8858
8858 1895
1895 8858
8858 2236
2236 8858
8858 2763
2763 8858
8858 4638
4638 8858
8858 7759
7759 8858
8858 8820
8820 8858
8858 8858
8858 8858
8858 9057
9057 8858
8858 9276
9276 8858
8858 9380
9380 8858
8858 9467
9467 8858
8858 15450
15450 8858
8858 19149
19149 8858
8858 24695
24695 8858
8862 7266
7266 8862
8862 9267
9267 8862
8862 9313
9313 8862
8875 8457
8457 8875
8885 17742
17742 8885
8897 8897
8897 8897
8906 4920
4920 8906
8906 8906
8906 8906
8907 906
906 8907
8907 8907
8907 8907
8918 8918
8918 8918
8921 320
320 8921
8921 642
642 8921
8921 1913
1913 8921
8921 3528
3528 8921
8921 4811
4811 8921
8921 8921
8921 8921
8921 9256
9256 8921
8921 9328
9328 8921
8921 9336
9336 8921
8921 9373
9373 8921
8921 9404
9404 8921
8921 9506
9506 8921
8921 9842
9842 8921
8921 10307
10307 8921
8930 5261
5261 8930
8930 8239
8239 8930
8930 8262
8262 8930
8930 8281
8281 8930
8930 8816
8816 8930
8930 8930
8930 8930
8930 9241
9241 8930
8930 9274
9274 8930
8930 9286
9286 8930
8966 1899
1899 8966
8966 3986
3986 8966
8969 1116
1116 8969
8969 3438
3438 8969
8969 5311
5311 8969
8969 8969
8969 8969
8969 24033
24033 8969
8984 285
285 8984
8984 496
496 8984
8984 1013
1013 8984
8984 1018
1018 8984
8984 1312
1312 8984
8984 1895
1895 8984
8984 5345
5345 8984
8984 5572
5572 8984
8984 6785
6785 8984
8984 7516
7516 8984
8984 7955
7955 8984
8984 8984
8984 8984
8984 9314
9314 8984
8984 9842
9842 8984
8984 9960
9960 8984
8984 13118
13118 8984
8984 13505
13505 8984
8984 19946
19946 8984
8984 21927
21927 8984
8984 24033
24033 8984
8984 24393
24393 8984
8988 5677
5677 8988
8993 5107
5107 8993
8995 6975
6975 8995
8995 7358
7358 8995
8995 8995
8995 8995
8995 9298
9298 8995
8995 20424
20424 8995
8996 44
44 8996
8996 287
287 8996
8996 6547
6547 8996
8996 8996
8996 8996
8996 9057
9057 8996
8996 9325
9325 8996
8996 9395
9395 8996
8996 9416
9416 8996
8996 13270
13270 8996
8996 15688
15688 8996
9005 8632
8632 9005
9005 9005
9005 9005
9005 9431
9431 9005
9011 1899
1899 9011
9011 4208
4208 9011
9011 4593
4593 9011
9011 4829
4829 9011
9011 5600
5600 9011
9011 6547
6547 9011
9011 6602
6602 9011
9011 7849
7849 9011
9011 7921
7921 9011
9011 8047
8047 9011
9011 9224
9224 9011
9011 9322
9322 9011
9011 9425
9425 9011
9011 12670
12670 9011
9011 13786
13786 9011
9011 19870
19870 9011
9011 19946
19946 9011
9025 1105
1105 9025
9025 1312
1312 9025
9025 1578
1578 9025
9025 1899
1899 9025
9025 8029
8029 9025
9025 8288
8288 9025
9025 8921
8921 9025
9025 8996
8996 9025
9025 9025
9025 9025
9025 9202
9202 9025
9025 9375
9375 9025
9025 9466
9466 9025
9025 11460
11460 9025
9025 17262
17262 9025
9025 22276
22276 9025
9025 23389
23389 9025
9030 17706
17706 9030
9057 145
145 9057
9057 172
172 9057
9057 245
245 9057
9057 271
271 9057
9057 572
572 9057
9057 684
684 9057
9057 800
800 9057
9057 929
929 9057
9057 1407
1407 9057
9057 2384
2384 9057
9057 2818
2818 9057
9057 2831
2831 9057
9057 2938
2938 9057
9057 3777
3777 9057
9057 3935
3935 9057
9057 4242
4242 9057
9057 4556
4556 9057
9057 4920
4920 9057
9057 5112
5112 9057
9057 5192
5192 9057
9057 6098
6098 9057
9057 7352
7352 9057
9057 7514
7514 9057
9057 7516
7516 9057
9057 7759
7759 9057
9057 7778
7778 9057
9057 8117
8117 9057
9057 8378
8378 9057
9057 8421
8421 9057
9057 8820
8820 9057
9057 8858
8858 9057
9057 8996
8996 9057
9057 9057
9057 9057
9057 9188
9188 9057
9057 9189
9189 9057
9057 9193
9193 9057
9057 9228
9228 9057
9057 9268
9268 9057
9057 9307
9307 9057
9057 9318
9318 9057
9057 9322
9322 9057
9057 9348
9348 9057
9057 9375
9375 9057
9057 9392
9392 9057
9057 9395
9395 9057
9057 9399
9399 9057
9057 9432
9432 9057
9057 9466
9466 9057
9057 9842
9842 9057
9057 10057
10057 9057
9057 11698
11698 9057
9057 12572
12572 9057
9057 13118
13118 9057
9057 13488
13488 9057
9057 13786
13786 9057
9057 14387
14387 9057
9057 15450
15450 9057
9057 17262
17262 9057
9057 17349
17349 9057
9057 17768
17768 9057
9057 17830
17830 9057
9057 18955
18955 9057
9057 19730
19730 9057
9057 19901
19901 9057
9057 20892
20892 9057
9057 24584
24584 9057
9057 24695
24695 9057
9067 6009
6009 9067
9067 12670
12670 9067
9067 18169
18169 9067
9091 2497
2497 9091
9091 9091
9091 9091
9092 23926
23926 9092
9093 2997
2997 9093
9098 5887
5887 9098
9100 4242
4242 9100
9100 6098
6098 9100
9100 9100
9100 9100
9104 23933
23933 9104
9120 4503
4503 9120
9122 9183
9183 9122
9126 9126
9126 9126
9132 4121
4121 9132
9132 4533
4533 9132
9132 19901
19901 9132
9138 23348
23348 9138
9145 14785
14785 9145
9152 3055
3055 9152
9152 9152
9152 9152
9152 10811
10811 9152
9154 1430
1430 9154
9154 2467
2467 9154
9154 15178
15178 9154
9155 7759
7759 9155
9158 7759
7759 9158
9158 8843
8843 9158
9161 8421
8421 9161
9161 9161
9161 9161
9174 9174
9174 9174
9177 1193
1193 9177
9177 9177
9177 9177
9177 9464
9464 9177
9177 22276
22276 9177
9179 8948
8948 9179
9180 9180
9180 9180
9183 9122
9122 9183
9183 9183
9183 9183
9185 929
929 9185
9185 2384
2384 9185
9185 4556
4556 9185
9185 5345
5345 9185
9185 6047
6047 9185
9185 6098
6098 9185
9185 7778
7778 9185
9185 9185
9185 9185
9185 9227
9227 9185
9185 9508
9508 9185
9185 12572
12572 9185
9185 16018
16018 9185
9186 21885
21885 9186
9188 24695
24695 9188
9190 2413
2413 9190
9193 9193
9193 9193
9196 9196
9196 9196
9196 24226
24226 9196
9197 4339
4339 9197
9198 4242
4242 9198
9198 8996
8996 9198
9198 9198
9198 9198
9199 18619
18619 9199
9200 9200
9200 9200
9201 9201
9201 9201
9201 18169
18169 9201
9202 7664
7664 9202
9202 9202
9202 9202
9204 9196
9196 9204
9207 9207
9207 9207
9208 9208
9208 9208
9210 1407
1407 9210
9212 9209
9209 9212
9213 1800
1800 9213
9213 6666
6666 9213
9213 9213
9213 9213
9214 8361
8361 9214
9215 572
572 9215
9215 6318
6318 9215
9216 701
701 9216
9217 2387
2387 9217
9217 9217
9217 9217
9217 13065
13065 9217
9219 9219
9219 9219
9221 2467
2467 9221
9223 3452
3452 9223
9224 9224
9224 9224
9226 6047
6047 9226
9230 9181
9181 9230
9231 8587
8587 9231
9233 9198
9198 9233
9234 5946
5946 9234
9234 9234
9234 9234
9235 9235
9235 9235
9236 9236
9236 9236
9236 23348
23348 9236
9237 3843
3843 9237
9237 9237
9237 9237
9239 145
145 9239
9239 645
645 9239
9239 1749
1749 9239
9239 5690
5690 9239
9239 9180
9180 9239
9239 9842
9842 9239
9239 12670
12670 9239
9239 14691
14691 9239
9239 16306
16306 9239
9239 24393
24393 9239
9240 125
125 9240
9240 9240
9240 9240
9241 18619
18619 9241
9243 642
642 9243
9247 9247
9247 9247
9248 8589
8589 9248
9251 1188
1188 9251
9251 1899
1899 9251
9251 4208
4208 9251
9251 4928
4928 9251
9251 5345
5345 9251
9251 5807
5807 9251
9251 6586
6586 9251
9251 8310
8310 9251
9251 8842
8842 9251
9251 9434
9434 9251
9251 11076
11076 9251
9251 11725
11725 9251
9251 14430
14430 9251
9251 14691
14691 9251
9251 17276
17276 9251
9251 20285
20285 9251
9252 8134
8134 9252
9253 7743
7743 9253
9253 9253
9253 9253
9254 9254
9254 9254
9256 9256
9256 9256
9256 12900
12900 9256
9262 9262
9262 9262
9263 9263
9263 9263
9263 24224
24224 9263
9263 24568
24568 9263
9264 7266
7266 9264
9265 6124
6124 9265
9267 9267
9267 9267
9269 7743
7743 9269
9269 9269
9269 9269
9269 18034
18034 9269
9271 9271
9271 9271
9272 9270
9270 9272
9274 9274
9274 9274
9275 9275
9275 9275
9277 2134
2134 9277
9277 7759
7759 9277
9278 8815
8815 9278
9279 2134
2134 9279
9280 9280
9280 9280
9280 11536
11536 9280
9280 18568
18568 9280
9280 22276
22276 9280
9282 6124
6124 9282
9283 9283
9283 9283
9284 9276
9276 9284
9286 6047
6047 9286
9286 7759
7759 9286
9286 9286
9286 9286
9286 21079
21079 9286
9288 2387
2387 9288
9288 9288
9288 9288
9288 13969
13969 9288
9289 9193
9193 9289
9293 9293
9293 9293
9295 2497
2497 9295
9295 9295
9295 9295
9296 20534
20534 9296
9297 674
674 9297
9297 8421
8421 9297
9297 9297
9297 9297
9299 18619
18619 9299
9300 1105
1105 9300
9300 4242
4242 9300
9301 14595
14595 9301
9302 9302
9302 9302
9307 929
929 9307
9307 9057
9057 9307
9307 13786
13786 9307
9309 6285
6285 9309
9310 1116
1116 9310
9310 9310
9310 9310
9312 15953
15953 9312
9313 9313
9313 9313
9314 2997
2997 9314
9314 9314
9314 9314
9315 9315
9315 9315
9318 1221
1221 9318
9318 9318
9318 9318
9318 13786
13786 9318
9318 17880
17880 9318
9323 9322
9322 9323
9324 11698
11698 9324
9325 9325
9325 9325
9326 623
623 9326
9326 3123
3123 9326
9327 1116
1116 9327
9328 22276
22276 9328
9329 9329
9329 9329
9330 252
252 9330
9332 9332
9332 9332
9333 1846
1846 9333
9333 3049
3049 9333
9333 5311
5311 9333
9334 18693
18693 9334
9336 8921
8921 9336
9339 7759
7759 9339
9339 9339
9339 9339
9340 15472
15472 9340
9341 5152
5152 9341
9341 9341
9341 9341
9341 11993
11993 9341
9341 18764
18764 9341
9342 9342
9342 9342
9342 18619
18619 9342
9342 24226
24226 9342
9343 623
623 9343
9344 6874
6874 9344
9344 7874
7874 9344
9345 2643
2643 9345
9348 8421
8421 9348
9348 9348
9348 9348
9349 1430
1430 9349
9349 9349
9349 9349
9349 9440
9440 9349
9349 11005
11005 9349
9349 19901
19901 9349
9350 7759
7759 9350
9352 18602
18602 9352
9353 348
348 9353
9355 23223
23223 9355
9359 19138
19138 9359
9360 9360
9360 9360
9361 8208
8208 9361
9362 608
608 9362
9363 2984
2984 9363
9363 9501
9501 9363
9363 24313
24313 9363
9364 7759
7759 9364
9369 1951
1951 9369
9369 9369
9369 9369
9371 9371
9371 9371
9372 7759
7759 9372
9373 9373
9373 9373
9375 9375
9375 9375
9375 11577
11577 9375
9376 9376
9376 9376
9377 255
255 9377
9378 642
642 9378
9378 4450
4450 9378
9378 9378
9378 9378
9379 9379
9379 9379
9380 9380
9380 9380
9380 24252
24252 9380
9381 9381
9381 9381
9381 24226
24226 9381
9384 701
701 9384
9384 1258
1258 9384
9384 1899
1899 9384
9384 1998
1998 9384
9384 2811
2811 9384
9384 4208
4208 9384
9384 4556
4556 9384
9384 7921
7921 9384
9384 9512
9512 9384
9384 19946
19946 9384
9386 9387
9387 9386
9387 9386
9386 9387
9388 9388
9388 9388
9392 9392
9392 9392
9394 9394
9394 9394
9395 5178
5178 9395
9395 9057
9057 9395
9395 9395
9395 9395
9395 13110
13110 9395
9395 19901
19901 9395
9399 9399
9399 9399
9400 9385
9385 9400
9403 386
386 9403
9405 7003
7003 9405
9406 20355
20355 9406
9408 9404
9404 9408
9409 9409
9409 9409
9410 9396
9396 9410
9412 9411
9411 9412
9413 9413
9413 9413
9413 22276
22276 9413
9417 4920
4920 9417
9422 16877
16877 9422
9423 9396
9396 9423
9425 9425
9425 9425
9425 24393
24393 9425
9427 9419
9419 9427
9430 1296
1296 9430
9431 7603
7603 9431
9431 9431
9431 9431
9431 14224
14224 9431
9432 2629
2629 9432
9432 9057
9057 9432
9434 4208
4208 9434
9434 7921
7921 9434
9434 9434
9434 9434
9435 8353
8353 9435
9438 9438
9438 9438
9440 9349
9349 9440
9441 2014
2014 9441
9441 9441
9441 9441
9446 9446
9446 9446
9446 24451
24451 9446
9447 2134
2134 9447
9447 9447
9447 9447
9450 596
596 9450
9450 766
766 9450
9450 2119
2119 9450
9450 2629
2629 9450
9450 5345
5345 9450
9450 6602
6602 9450
9450 8421
8421 9450
9450 8773
8773 9450
9450 9025
9025 9450
9450 9450
9450 9450
9450 9497
9497 9450
9450 10566
10566 9450
9450 12670
12670 9450
9450 13969
13969 9450
9450 21110
21110 9450
9450 23389
23389 9450
9452 24252
24252 9452
9454 5702
5702 9454
9454 9454
9454 9454
9456 7759
7759 9456
9457 8446
8446 9457
9459 9459
9459 9459
9460 9460
9460 9460
9463 19087
19087 9463
9464 5311
5311 9464
9466 9466
9466 9466
9466 13270
13270 9466
9467 8858
8858 9467
9469 1013
1013 9469
9471 1951
1951 9471
9471 9471
9471 9471
9472 596
596 9472
9473 9473
9473 9473
9475 24224
24224 9475
9476 10811
10811 9476
9477 5946
5946 9477
9482 3777
3777 9482
9483 2883
2883 9483
9483 24033
24033 9483
9485 24555
24555 9485
9487 9487
9487 9487
9488 1013
1013 9488
9488 1846
1846 9488
9488 2679
2679 9488
9488 5519
5519 9488
9488 6612
6612 9488
9488 7516
7516 9488
9488 7759
7759 9488
9488 9488
9488 9488
9490 21240
21240 9490
9491 349
349 9491
9491 12670
12670 9491
9494 23348
23348 9494
9495 9495
9495 9495
9497 9450
9450 9497
9498 4462
4462 9498
9499 5345
5345 9499
9499 8538
8538 9499
9499 9459
9459 9499
9499 18602
18602 9499
9505 2241
2241 9505
9506 9506
9506 9506
9508 5345
5345 9508
9510 5345
5345 9510
9512 9512
9512 9512
9513 1633
1633 9513
9513 9513
9513 9513
9514 4685
4685 9514
9515 5345
5345 9515
9516 524
524 9516
9517 24183
24183 9517
9518 9518
9518 9518
9519 2819
2819 9519
9519 8813
8813 9519
9519 9519
9519 9519
9522 2387
2387 9522
9522 9522
9522 9522
9713 24637
24637 9713
9724 9288
9288 9724
9724 9336
9336 9724
9724 9385
9385 9724
9842 287
287 9842
9842 645
645 9842
9842 1383
1383 9842
9842 1895
1895 9842
9842 4242
4242 9842
9842 4339
4339 9842
9842 5314
5314 9842
9842 5345
5345 9842
9842 5946
5946 9842
9842 7490
7490 9842
9842 9399
9399 9842
9842 9842
9842 9842
9842 15450
15450 9842
9842 18602
18602 9842
9842 19087
19087 9842
9842 22283
22283 9842
9842 24226
24226 9842
9842 24695
24695 9842
9960 1998
1998 9960
9960 8984
8984 9960
9960 9294
9294 9960
9960 9960
9960 9960
10115 1137
1137 10115
10121 2239
2239 10121
10121 3330
3330 10121
10121 4281
4281 10121
10121 4450
4450 10121
10121 5519
5519 10121
10121 5677
5677 10121
10121 8863
8863 10121
10121 9502
9502 10121
10121 10121
10121 10121
10121 19946
19946 10121
10259 8755
8755 10259
10259 9174
9174 10259
10307 8029
8029 10307
10307 10307
10307 10307
10307 24734
24734 10307
10325 10325
10325 10325
10566 567
567 10566
10566 830
830 10566
10566 1018
1018 10566
10566 5314
5314 10566
10566 5430
5430 10566
10566 5956
5956 10566
10566 7759
7759 10566
10566 8421
8421 10566
10566 8984
8984 10566
10566 9386
9386 10566
10566 9387
9387 10566
10566 9478
9478 10566
10566 13786
13786 10566
10566 18602
18602 10566
10566 20285
20285 10566
10566 22283
22283 10566
10566 23389
23389 10566
10566 24695
24695 10566
10791 10791
10791 10791
10811 2194
2194 10811
10811 2592
2592 10811
10811 7476
7476 10811
10811 8858
8858 10811
10811 9152
9152 10811
10811 9199
9199 10811
10811 9241
9241 10811
10811 9251
9251 10811
10811 9476
9476 10811
10811 10811
10811 10811
10811 17742
17742 10811
10811 18602
18602 10811
10811 18619
18619 10811
10811 19730
19730 10811
10862 5345
5345 10862
11005 9349
9349 11005
11062 5946
5946 11062
11062 8858
8858 11062
11062 12670
12670 11062
11062 13141
13141 11062
11076 496
496 11076
11076 1895
1895 11076
11076 1998
1998 11076
11076 11076
11076 11076
11076 13518
13518 11076
11076 17276
17276 11076
11149 2134
2134 11149
11152 24226
24226 11152
11269 11269
11269 11269
11313 804
804 11313
11313 833
833 11313
11313 5152
5152 11313
11313 11313
11313 11313
11405 16601
16601 11405
11405 21110
21110 11405
11406 4360
4360 11406
11422 11422
11422 11422
11460 2014
2014 11460
11460 5089
5089 11460
11460 5143
5143 11460
11460 6299
6299 11460
11460 11460
11460 11460
11536 623
623 11536
11536 642
642 11536
11536 1215
1215 11536
11536 1934
1934 11536
11536 3777
3777 11536
11536 3874
3874 11536
11536 4738
4738 11536
11536 5261
5261 11536
11536 5314
5314 11536
11536 5409
5409 11536
11536 5519
5519 11536
11536 6124
6124 11536
11536 7176
7176 11536
11536 7264
7264 11536
11536 7759
7759 11536
11536 8921
8921 11536
11536 9180
9180 11536
11536 9196
9196 11536
11536 9264
9264 11536
11536 9275
9275 11536
11536 9280
9280 11536
11536 9342
9342 11536
11536 9380
9380 11536
11536 9389
9389 11536
11536 9413
9413 11536
11536 9488
9488 11536
11536 11536
11536 11536
11536 11929
11929 11536
11536 16163
16163 11536
11536 18568
18568 11536
11536 18574
18574 11536
11536 18602
18602 11536
11536 19087
19087 11536
11536 20861
20861 11536
11536 22276
22276 11536
11536 22598
22598 11536
11536 23360
23360 11536
11536 24518
24518 11536
11577 386
386 11577
11577 2041
2041 11577
11577 5152
5152 11577
11577 9375
9375 11577
11577 11577
11577 11577
11577 17349
17349 11577
11577 18169
18169 11577
11577 19730
19730 11577
11579 1887
1887 11579
11579 1895
1895 11579
11579 6547
6547 11579
11579 8984
8984 11579
11579 9380
9380 11579
11579 16087
16087 11579
11579 22276
22276 11579
11579 24252
24252 11579
11599 6997
6997 11599
11657 2602
2602 11657
11657 9215
9215 11657
11657 11657
11657 11657
11657 13270
13270 11657
11657 15361
15361 11657
11669 11669
11669 11669
11684 4567
4567 11684
11684 5957
5957 11684
11684 7089
7089 11684
11684 8858
8858 11684
11684 9256
9256 11684
11684 11684
11684 11684
11698 255
255 11698
11698 5089
5089 11698
11698 7338
7338 11698
11698 7849
7849 11698
11698 8025
8025 11698
11698 15382
15382 11698
11698 16900
16900 11698
11698 23707
23707 11698
11698 24695
24695 11698
11700 6937
6937 11700
11700 14920
14920 11700
11700 17880
17880 11700
11725 726
726 11725
11725 9385
9385 11725
11725 9400
9400 11725
11725 11725
11725 11725
11819 2387
2387 11819
11819 7640
7640 11819
11819 9217
9217 11819
11819 11819
11819 11819
11840 4482
4482 11840
11840 5567
5567 11840
11840 8858
8858 11840
11840 9356
9356 11840
11840 11062
11062 11840
11840 11840
11840 11840
11861 833
833 11861
11861 5633
5633 11861
11861 7089
7089 11861
11868 6929
6929 11868
11923 11923
11923 11923
11929 11929
11929 11929
12025 2104
2104 12025
12025 3439
3439 12025
12025 7759
7759 12025
12025 12025
12025 12025
12025 13141
13141 12025
12044 12044
12044 12044
12084 7410
7410 12084
12135 546
546 12135
12135 642
642 12135
12135 2080
2080 12135
12135 3231
3231 12135
12135 3601
3601 12135
12135 4547
4547 12135
12135 4738
4738 12135
12135 5261
5261 12135
12135 6547
6547 12135
12135 7759
7759 12135
12135 9282
9282 12135
12135 12135
12135 12135
12135 18449
18449 12135
12135 19149
19149 12135
12135 24033
24033 12135
12209 2384
2384 12209
12209 12209
12209 12209
12242 7759
7759 12242
12242 7921
7921 12242
12242 8262
8262 12242
12352 3824
3824 12352
12358 8290
8290 12358
12358 9198
9198 12358
12519 4547
4547 12519
12519 12519
12519 12519
12539 14888
14888 12539
12546 5178
5178 12546
12646 5311
5311 12646
12646 12646
12646 12646
12670 1676
1676 12670
12670 4638
4638 12670
12670 6009
6009 12670
12670 7720
7720 12670
12670 7921
7921 12670
12670 8632
8632 12670
12670 8996
8996 12670
12670 9318
9318 12670
12670 9491
9491 12670
12670 9501
9501 12670
12670 15450
15450 12670
12677 12677
12677 12677
12774 3714
3714 12774
12774 4683
4683 12774
12789 5178
5178 12789
12789 5329
5329 12789
12789 12789
12789 12789
12789 13184
13184 12789
12789 18169
18169 12789
12834 4593
4593 12834
12870 833
833 12870
12874 11149
11149 12874
12894 18917
18917 12894
12900 320
320 12900
12900 642
642 12900
12900 7921
7921 12900
12900 8029
8029 12900
12900 8632
8632 12900
12900 8921
8921 12900
12900 9189
9189 12900
12900 9256
9256 12900
12900 9842
9842 12900
12900 12900
12900 12900
12933 9336
9336 12933
12954 9356
9356 12954
12954 9454
9454 12954
12964 9235
9235 12964
13003 6505
6505 13003
13003 11725
11725 13003
13065 2194
2194 13065
13065 5409
5409 13065
13065 7640
7640 13065
13065 8815
8815 13065
13065 8872
8872 13065
13065 9217
9217 13065
13065 9219
9219 13065
13065 9278
9278 13065
13065 24252
24252 13065
13099 9303
9303 13099
13110 1018
1018 13110
13110 6589
6589 13110
13110 13110
13110 13110
13118 4242
4242 13118
13118 13118
13118 13118
13141 13141
13141 13141
13141 23320
23320 13141
13181 623
623 13181
13181 1843
1843 13181
13181 8996
8996 13181
13181 9522
9522 13181
13181 13181
13181 13181
13184 4920
4920 13184
13184 9249
9249 13184
13184 13184
13184 13184
13191 2384
2384 13191
13191 2416
2416 13191
13191 6666
6666 13191
13191 9405
9405 13191
13191 13191
13191 13191
13196 572
572 13196
13196 1019
1019 13196
13196 8632
8632 13196
13196 11657
11657 13196
13196 13270
13270 13196
13196 15450
15450 13196
13196 24313
24313 13196
13270 7759
7759 13270
13270 9466
9466 13270
13270 13270
13270 13270
13270 13786
13786 13270
13336 5176
5176 13336
13337 9509
9509 13337
13343 8815
8815 13343
13370 1753
1753 13370
13370 6593
6593 13370
13370 7743
7743 13370
13379 2499
2499 13379
13379 10325
10325 13379
13383 1019
1019 13383
13518 8507
8507 13518
13518 13518
13518 13518
13604 9459
9459 13604
13604 9467
9467 13604
13604 9488
9488 13604
13673 7520
7520 13673
13684 285
285 13684
13684 1105
1105 13684
13684 4360
4360 13684
13684 4920
4920 13684
13684 6999
6999 13684
13684 7921
7921 13684
13684 11669
11669 13684
13684 15450
15450 13684
13694 686
686 13694
13694 1613
1613 13694
13717 13717
13717 13717
13717 21699
21699 13717
13743 9174
9174 13743
13786 145
145 13786
13786 386
386 13786
13786 1895
1895 13786
13786 2497
2497 13786
13786 2831
2831 13786
13786 3271
3271 13786
13786 4920
4920 13786
13786 5143
5143 13786
13786 5178
5178 13786
13786 5892
5892 13786
13786 5946
5946 13786
13786 6098
6098 13786
13786 6547
6547 13786
13786 7089
7089 13786
13786 7516
7516 13786
13786 8047
8047 13786
13786 8232
8232 13786
13786 8277
8277 13786
13786 8421
8421 13786
13786 8625
8625 13786
13786 8764
8764 13786
13786 9200
9200 13786
13786 9220
9220 13786
13786 9228
9228 13786
13786 9247
9247 13786
13786 9262
9262 13786
13786 9307
9307 13786
13786 9317
9317 13786
13786 9318
9318 13786
13786 9385
9385 13786
13786 9390
9390 13786
13786 9395
9395 13786
13786 9842
9842 13786
13786 11577
11577 13786
13786 12789
12789 13786
13786 13786
13786 13786
13786 16018
16018 13786
13786 17349
17349 13786
13786 18169
18169 13786
13786 18764
18764 13786
13786 21336
21336 13786
13786 21954
21954 13786
13786 22513
22513 13786
13845 4482
4482 13845
13845 13845
13845 13845
13899 22466
22466 13899
13929 8858
8858 13929
13934 10791
10791 13934
13969 1613
1613 13969
13969 3330
3330 13969
13969 4208
4208 13969
13969 4281
4281 13969
13969 5326
5326 13969
13969 5600
5600 13969
13969 5690
5690 13969
13969 6098
6098 13969
13969 6999
6999 13969
13969 7211
7211 13969
13969 7547
7547 13969
13969 8029
8029 13969
13969 8310
8310 13969
13969 8473
8473 13969
13969 8632
8632 13969
13969 8993
8993 13969
13969 9175
9175 13969
13969 9217
9217 13969
13969 9234
9234 13969
13969 9288
9288 13969
13969 9406
9406 13969
13969 9465
9465 13969
13969 10791
10791 13969
13969 13969
13969 13969
13969 20285
20285 13969
13969 21913
21913 13969
13969 22283
22283 13969
14067 14067
14067 14067
14067 23348
23348 14067
14094 11577
11577 14094
14195 8047
8047 14195
14221 14221
14221 14221
14221 22276
22276 14221
14224 1105
1105 14224
14224 1312
1312 14224
14224 2497
2497 14224
14224 4208
4208 14224
14224 6735
6735 14224
14224 8815
8815 14224
14224 9431
9431 14224
14361 8321
8321 14361
14361 14361
14361 14361
14361 18602
18602 14361
14361 21702
21702 14361
14387 115
115 14387
14387 4683
4683 14387
14387 6505
6505 14387
14387 8363
8363 14387
14387 8421
8421 14387
14387 9487
9487 14387
14387 12209
12209 14387
14387 14387
14387 14387
14387 15251
15251 14387
14401 9055
9055 14401
14414 4683
4683 14414
14414 16018
16018 14414
14595 1842
1842 14595
14595 5567
5567 14595
14595 6346
6346 14595
14595 6742
6742 14595
14595 7921
7921 14595
14595 8029
8029 14595
14595 8507
8507 14595
14595 8632
8632 14595
14595 8737
8737 14595
14595 9301
9301 14595
14595 9337
9337 14595
14595 9842
9842 14595
14595 14034
14034 14595
14595 14595
14595 14595
14691 7186
7186 14691
14691 14691
14691 14691
14785 2487
2487 14785
14785 3986
3986 14785
14785 8029
8029 14785
14785 9145
9145 14785
14785 14785
14785 14785
14785 22283
22283 14785
14805 3714
3714 14805
14805 6098
6098 14805
14805 9262
9262 14805
14806 21
21 14806
14888 3101
3101 14888
14888 14888
14888 14888
14920 714
714 14920
14920 858
858 14920
14920 906
906 14920
14920 4113
4113 14920
14920 5178
5178 14920
14920 5677
5677 14920
14920 6139
6139 14920
14920 6937
6937 14920
14920 7265
7265 14920
14920 7759
7759 14920
14920 8029
8029 14920
14920 8776
8776 14920
14920 8907
8907 14920
14920 9254
9254 14920
14920 9268
9268 14920
14920 9396
9396 14920
14920 9410
9410 14920
14920 9473
9473 14920
14920 12646
12646 14920
14920 14920
14920 14920
14920 19149
19149 14920
14920 22598
22598 14920
14920 22882
22882 14920
14969 726
726 14969
14969 6278
6278 14969
14969 9389
9389 14969
14969 14969
14969 14969
15024 255
255 15024
15024 6139
6139 15024
15024 8632
8632 15024
15057 2080
2080 15057
15161 8029
8029 15161
15161 24033
24033 15161
15187 2134
2134 15187
15187 15187
15187 15187
15229 15229
15229 15229
15229 19946
19946 15229
15251 1221
1221 15251
15251 9360
9360 15251
15251 13845
13845 15251
15251 14387
14387 15251
15251 15251
15251 15251
15259 20285
20285 15259
15282 6976
6976 15282
15332 1504
1504 15332
15332 8105
8105 15332
15332 15332
15332 15332
15332 24156
24156 15332
15360 2119
2119 15360
15361 11657
11657 15361
15382 7338
7338 15382
15382 15382
15382 15382
15404 9465
9465 15404
15406 2624
2624 15406
15447 596
596 15447
15447 5446
5446 15447
15447 8897
8897 15447
15447 14361
14361 15447
15447 18602
18602 15447
15447 19149
19149 15447
15447 23921
23921 15447
15447 24695
24695 15447
15450 145
145 15450
15450 1382
1382 15450
15450 2361
2361 15450
15450 5946
5946 15450
15450 6098
6098 15450
15450 6975
6975 15450
15450 7729
7729 15450
15450 8029
8029 15450
15450 8808
8808 15450
15450 9417
9417 15450
15450 9478
9478 15450
15450 14034
14034 15450
15450 15450
15450 15450
15450 16608
16608 15450
15450 24033
24033 15450
15472 9340
9340 15472
15483 11698
11698 15483
15610 19870
19870 15610
15614 5325
5325 15614
15688 2713
2713 15688
15688 7603
7603 15688
15688 7720
7720 15688
15688 8029
8029 15688
15688 8996
8996 15688
15688 9213
9213 15688
15688 9322
9322 15688
15688 9842
9842 15688
15688 15688
15688 15688
15688 18764
18764 15688
15688 19087
19087 15688
15698 4593
4593 15698
15698 20285
20285 15698
15814 4187
4187 15814
15814 4242
4242 15814
15888 20861
20861 15888
15888 22592
22592 15888
15940 7759
7759 15940
16018 3271
3271 16018
16018 5805
5805 16018
16018 6098
6098 16018
16018 9185
9185 16018
16018 12326
12326 16018
16018 13786
13786 16018
16018 16018
16018 16018
16057 22283
22283 16057
16087 9380
9380 16087
16087 16087
16087 16087
16163 2592
2592 16163
16186 1221
1221 16186
16186 1951
1951 16186
16186 2104
2104 16186
16186 2819
2819 16186
16186 5257
5257 16186
16186 6937
6937 16186
16186 19149
19149 16186
16213 5311
5311 16213
16282 7442
7442 16282
16282 16282
16282 16282
16504 19730
19730 16504
16578 16578
16578 16578
16581 117
117 16581
16581 596
596 16581
16581 1323
1323 16581
16581 9196
9196 16581
16581 12519
12519 16581
16581 16613
16613 16581
16581 22276
22276 16581
16581 23360
23360 16581
16591 285
285 16591
16591 1740
1740 16591
16591 2416
2416 16591
16591 7673
7673 16591
16591 16591
16591 16591
16591 18568
18568 16591
16601 271
271 16601
16601 1221
1221 16601
16601 8102
8102 16601
16601 16601
16601 16601
16601 24472
24472 16601
16609 9431
9431 16609
16613 7603
7603 16613
16613 7921
7921 16613
16613 12677
12677 16613
16613 16613
16613 16613
16613 17742
17742 16613
16637 10791
10791 16637
16742 24252
24252 16742
16859 1842
1842 16859
16859 1899
1899 16859
16859 9198
9198 16859
16859 9376
9376 16859
16859 24313
24313 16859
16880 858
858 16880
16895 19149
19149 16895
16895 24250
24250 16895
17041 9254
9254 17041
17055 1676
1676 17055
17058 1951
1951 17058
17058 3098
3098 17058
17058 18602
18602 17058
17066 24033
24033 17066
17111 3061
3061 17111
17157 145
145 17157
17157 9293
9293 17157
17157 9349
9349 17157
17157 9388
9388 17157
17180 17180
17180 17180
17262 17262
17262 17262
17276 6259
6259 17276
17276 17276
17276 17276
17283 20512
20512 17283
17293 12677
12677 17293
17299 6098
6098 17299
17299 9268
9268 17299
17304 23389
23389 17304
17304 24451
24451 17304
17312 8310
8310 17312
17338 1383
1383 17338
17338 8029
8029 17338
17338 24250
24250 17338
17349 7516
7516 17349
17349 17349
17349 17349
17675 3330
3330 17675
17675 9374
9374 17675
17675 9380
9380 17675
17706 9241
9241 17706
17706 17706
17706 17706
17706 18602
18602 17706
17742 16613
16613 17742
17742 17742
17742 17742
17809 24033
24033 17809
17840 7410
7410 17840
17840 8773
8773 17840
18005 4121
4121 18005
18005 9053
9053 18005
18034 9246
9246 18034
18034 9269
9269 18034
18034 18034
18034 18034
18034 22283
22283 18034
18056 5089
5089 18056
18056 7013
7013 18056
18056 8107
8107 18056
18056 11313
11313 18056
18056 18056
18056 18056
18056 19172
19172 18056
18056 21954
21954 18056
18169 726
726 18169
18169 2384
2384 18169
18169 4242
4242 18169
18169 4920
4920 18169
18169 5178
5178 18169
18169 5446
5446 18169
18169 6098
6098 18169
18169 7516
7516 18169
18169 8262
8262 18169
18169 8858
8858 18169
18169 9187
9187 18169
18169 9201
9201 18169
18169 9228
9228 18169
18169 9335
9335 18169
18169 9421
9421 18169
18169 9466
9466 18169
18169 9842
9842 18169
18169 11698
11698 18169
18169 12789
12789 18169
18169 13270
13270 18169
18169 15450
15450 18169
18169 18169
18169 18169
18169 19149
19149 18169
18169 19901
19901 18169
18169 21089
21089 18169
18169 21927
21927 18169
18169 22276
22276 18169
18291 9057
9057 18291
18323 18323
18323 18323
18323 24695
24695 18323
18396 9198
9198 18396
18449 1312
1312 18449
18449 1323
1323 18449
18449 4738
4738 18449
18449 12135
12135 18449
18472 15450
15450 18472
18568 1895
1895 18568
18568 9280
9280 18568
18568 18568
18568 18568
18568 19426
19426 18568
18574 172
172 18574
18574 608
608 18574
18574 2329
2329 18574
18574 2736
2736 18574
18574 4920
4920 18574
18574 5893
5893 18574
18574 9058
9058 18574
18574 9335
9335 18574
18574 9349
9349 18574
18574 9383
9383 18574
18574 9483
9483 18574
18574 18574
18574 18574
18574 19087
19087 18574
18574 24729
24729 18574
18602 117
117 18602
18602 540
540 18602
18602 6589
6589 18602
18602 7759
7759 18602
18602 8698
8698 18602
18602 9350
9350 18602
18602 9459
9459 18602
18602 13099
13099 18602
18602 17706
17706 18602
18602 18602
18602 18602
18602 19087
19087 18602
18602 22276
22276 18602
18602 24252
24252 18602
18619 434
434 18619
18619 1215
1215 18619
18619 3101
3101 18619
18619 3777
3777 18619
18619 4883
4883 18619
18619 5311
5311 18619
18619 6593
6593 18619
18619 7217
7217 18619
18619 7520
7520 18619
18619 7759
7759 18619
18619 7955
7955 18619
18619 8321
8321 18619
18619 8843
8843 18619
18619 9195
9195 18619
18619 9199
9199 18619
18619 9229
9229 18619
18619 9241
9241 18619
18619 9246
9246 18619
18619 9299
9299 18619
18619 9310
9310 18619
18619 9339
9339 18619
18619 9342
9342 18619
18619 9348
9348 18619
18619 9374
9374 18619
18619 9409
9409 18619
18619 11148
11148 18619
18619 12646
12646 18619
18619 13488
13488 18619
18619 17262
17262 18619
18619 18602
18602 18619
18619 18619
18619 18619
18619 24252
24252 18619
18689 726
726 18689
18689 1542
1542 18689
18689 1784
1784 18689
18689 3123
3123 18689
18689 5311
5311 18689
18689 6694
6694 18689
18689 8808
8808 18689
18689 8816
8816 18689
18689 8858
8858 18689
18689 8969
8969 18689
18689 9152
9152 18689
18689 9188
9188 18689
18689 9274
9274 18689
18689 9487
9487 18689
18689 9488
9488 18689
18689 9518
9518 18689
18689 13488
13488 18689
18689 15450
15450 18689
18689 18689
18689 18689
18689 20883
20883 18689
18689 20892
20892 18689
18689 24695
24695 18689
18764 1895
1895 18764
18764 4242
4242 18764
18764 8918
8918 18764
18764 9322
9322 18764
18764 9375
9375 18764
18764 18764
18764 18764
18917 5519
5519 18917
18917 18917
18917 18917
18919 1846
1846 18919
18940 18940
18940 18940
19038 19038
19038 19038
19059 245
245 19059
19059 3754
3754 19059
19059 5345
5345 19059
19059 6247
6247 19059
19059 8996
8996 19059
19059 9016
9016 19059
19059 9057
9057 19059
19059 16018
16018 19059
19059 17262
17262 19059
19059 19059
19059 19059
19087 5152
5152 19087
19087 9322
9322 19087
19087 9332
9332 19087
19087 9842
9842 19087
19087 19087
19087 19087
19087 24718
24718 19087
19105 145
145 19105
19105 13518
13518 19105
19138 9359
9359 19138
19149 5261
5261 19149
19149 16895
16895 19149
19149 19149
19149 19149
19149 22276
22276 19149
19172 5633
5633 19172
19172 7921
7921 19172
19172 8996
8996 19172
19172 19172
19172 19172
19184 3149
3149 19184
19293 5345
5345 19293
19293 16608
16608 19293
19328 5192
5192 19328
19328 9375
9375 19328
19379 2416
2416 19379
19379 6666
6666 19379
19379 19379
19379 19379
19421 255
255 19421
19426 3398
3398 19426
19426 6098
6098 19426
19426 9229
9229 19426
19426 9842
9842 19426
19426 14067
14067 19426
19426 16268
16268 19426
19426 24033
24033 19426
19437 2487
2487 19437
19438 115
115 19438
19438 572
572 19438
19438 1312
1312 19438
19438 1934
1934 19438
19438 4158
4158 19438
19438 4242
4242 19438
19438 8127
8127 19438
19438 9193
9193 19438
19438 9196
9196 19438
19438 9275
9275 19438
19438 13118
13118 19438
19438 14691
14691 19438
19438 18602
18602 19438
19438 19438
19438 19438
19438 24327
24327 19438
19454 642
642 19454
19454 2467
2467 19454
19454 4109
4109 19454
19454 24710
24710 19454
19482 2491
2491 19482
19554 9332
9332 19554
19683 1842
1842 19683
19693 19693
19693 19693
19730 213
213 19730
19730 1221
1221 19730
19730 6598
6598 19730
19730 9458
9458 19730
19730 12209
12209 19730
19730 13717
13717 19730
19730 13786
13786 19730
19730 15450
15450 19730
19730 16504
16504 19730
19730 19730
19730 19730
19730 21336
21336 19730
19730 21699
21699 19730
19730 23389
23389 19730
19802 4738
4738 19802
19870 15610
15610 19870
19870 19870
19870 19870
19871 701
701 19871
19901 644
644 19901
19901 2388
2388 19901
19901 2467
2467 19901
19901 2629
2629 19901
19901 2891
2891 19901
19901 4920
4920 19901
19901 5112
5112 19901
19901 6098
6098 19901
19901 6124
6124 19901
19901 6247
6247 19901
19901 6299
6299 19901
19901 6901
6901 19901
19901 8029
8029 19901
19901 8321
8321 19901
19901 8760
8760 19901
19901 9285
9285 19901
19901 9335
9335 19901
19901 9349
9349 19901
19901 9375
9375 19901
19901 9383
9383 19901
19901 9395
9395 19901
19901 9409
9409 19901
19901 12685
12685 19901
19901 13118
13118 19901
19901 13786
13786 19901
19901 18169
18169 19901
19901 19901
19901 19901
19901 20817
20817 19901
19901 21402
21402 19901
19901 22276
22276 19901
19915 9239
9239 19915
19946 7410
7410 19946
19946 10121
10121 19946
19946 19946
19946 19946
19946 24668
24668 19946
20168 9200
9200 20168
20168 20168
20168 20168
20242 833
833 20242
20242 1137
1137 20242
20242 4482
4482 20242
20242 9360
9360 20242
20242 12670
12670 20242
20242 13191
13191 20242
20242 22513
22513 20242
20259 3725
3725 20259
20259 8628
8628 20259
20259 9349
9349 20259
20285 1105
1105 20285
20285 1141
1141 20285
20285 1215
1215 20285
20285 2811
2811 20285
20285 4537
4537 20285
20285 6299
6299 20285
20285 7759
7759 20285
20285 7921
7921 20285
20285 8029
8029 20285
20285 9198
9198 20285
20285 9384
9384 20285
20285 9446
9446 20285
20285 10121
10121 20285
20285 19438
19438 20285
20285 19946
19946 20285
20285 20285
20285 20285
20285 24710
24710 20285
20355 5409
5409 20355
20355 9406
9406 20355
20355 10121
10121 20355
20355 24156
24156 20355
20387 8029
8029 20387
20387 9459
9459 20387
20424 3528
3528 20424
20424 4685
4685 20424
20424 6505
6505 20424
20424 7696
7696 20424
20424 8995
8995 20424
20424 15187
15187 20424
20429 7089
7089 20429
20512 3865
3865 20512
20512 6505
6505 20512
20512 8995
8995 20512
20512 19059
19059 20512
20512 20512
20512 20512
20517 255
255 20517
20517 621
621 20517
20517 2184
2184 20517
20517 7359
7359 20517
20517 15657
15657 20517
20517 20517
20517 20517
20517 24156
24156 20517
20517 24695
24695 20517
20534 20534
20534 20534
20534 24451
24451 20534
20638 20168
20168 20638
20638 24156
24156 20638
20817 395
395 20817
20817 2629
2629 20817
20817 2736
2736 20817
20817 4920
4920 20817
20817 5178
5178 20817
20817 6098
6098 20817
20817 7616
7616 20817
20817 8608
8608 20817
20817 9388
9388 20817
20817 9395
9395 20817
20817 13786
13786 20817
20817 18169
18169 20817
20817 19901
19901 20817
20817 24531
24531 20817
20825 546
546 20825
20825 20825
20825 20825
20861 5345
5345 20861
20861 20861
20861 20861
20883 20883
20883 20883
20883 24033
24033 20883
20884 9288
9288 20884
20892 10791
10791 20892
20892 20892
20892 20892
20907 1538
1538 20907
20907 3335
3335 20907
20907 7265
7265 20907
20907 20907
20907 20907
20907 23348
23348 20907
20917 9375
9375 20917
20950 642
642 20950
20950 1495
1495 20950
20950 7759
7759 20950
20950 21702
21702 20950
20950 24392
24392 20950
20970 20512
20512 20970
21079 7720
7720 21079
21079 8029
8029 21079
21079 9189
9189 21079
21079 9286
9286 21079
21079 21079
21079 21079
21089 255
255 21089
21089 1318
1318 21089
21089 9375
9375 21089
21089 21089
21089 21089
21110 255
255 21110
21110 2629
2629 21110
21110 5345
5345 21110
21110 16601
16601 21110
21110 21110
21110 21110
21213 5776
5776 21213
21213 6299
6299 21213
21213 9363
9363 21213
21213 14691
14691 21213
21240 349
349 21240
21240 1676
1676 21240
21240 2984
2984 21240
21240 7921
7921 21240
21240 9490
9490 21240
21240 11077
11077 21240
21240 21240
21240 21240
21240 24313
24313 21240
21336 213
213 21336
21336 833
833 21336
21336 1899
1899 21336
21336 4242
4242 21336
21336 4920
4920 21336
21336 9842
9842 21336
21336 17880
17880 21336
21336 19730
19730 21336
21336 21336
21336 21336
21336 22513
22513 21336
21336 24313
24313 21336
21402 8608
8608 21402
21402 11269
11269 21402
21699 1899
1899 21699
21699 2275
2275 21699
21699 2819
2819 21699
21699 4556
4556 21699
21699 5446
5446 21699
21699 5892
5892 21699
21699 6124
6124 21699
21699 6975
6975 21699
21699 7516
7516 21699
21699 7759
7759 21699
21699 7811
7811 21699
21699 8029
8029 21699
21699 8047
8047 21699
21699 8564
8564 21699
21699 8843
8843 21699
21699 9025
9025 21699
21699 9113
9113 21699
21699 9181
9181 21699
21699 9197
9197 21699
21699 9225
9225 21699
21699 9230
9230 21699
21699 9322
9322 21699
21699 9399
9399 21699
21699 9416
9416 21699
21699 9455
9455 21699
21699 9842
9842 21699
21699 10121
10121 21699
21699 13488
13488 21699
21699 13717
13717 21699
21699 19087
19087 21699
21699 21699
21699 21699
21699 24718
24718 21699
21702 255
255 21702
21702 7759
7759 21702
21702 8858
8858 21702
21702 14361
14361 21702
21702 19087
19087 21702
21702 24695
24695 21702
21739 7123
7123 21739
21746 8131
8131 21746
21746 21746
21746 21746
21786 285
285 21786
21786 287
287 21786
21786 714
714 21786
21786 8030
8030 21786
21786 8295
8295 21786
21786 8816
8816 21786
21786 8858
8858 21786
21786 9322
9322 21786
21786 15450
15450 21786
21786 18619
18619 21786
21800 9005
9005 21800
21800 11700
11700 21800
21881 2592
2592 21881
21911 2373
2373 21911
21911 9104
9104 21911
21911 9207
9207 21911
21911 9245
9245 21911
21911 9482
9482 21911
21913 145
145 21913
21913 1719
1719 21913
21913 1949
1949 21913
21913 4593
4593 21913
21913 21913
21913 21913
21926 9341
9341 21926
21926 16282
16282 21926
21954 4317
4317 21954
21954 4482
4482 21954
21954 9092
9092 21954
21954 9399
9399 21954
21954 18056
18056 21954
21954 21954
21954 21954
21954 24156
24156 21954
21954 24637
24637 21954
22075 2119
2119 22075
22075 2819
2819 22075
22075 7673
7673 22075
22075 22075
22075 22075
22134 14430
14430 22134
22160 255
255 22160
22217 830
830 22217
22276 348
348 22276
22276 2080
2080 22276
22276 4317
4317 22276
22276 5345
5345 22276
22276 6589
6589 22276
22276 7159
7159 22276
22276 7514
7514 22276
22276 8134
8134 22276
22276 9092
9092 22276
22276 9104
9104 22276
22276 9280
9280 22276
22276 9328
9328 22276
22276 9336
9336 22276
22276 9413
9413 22276
22276 9416
9416 22276
22276 13786
13786 22276
22276 14221
14221 22276
22276 15953
15953 22276
22276 16163
16163 22276
22276 19149
19149 22276
22276 19426
19426 22276
22276 20992
20992 22276
22276 22276
22276 22276
22276 24226
24226 22276
22276 24409
24409 22276
22283 1576
1576 22283
22283 2194
2194 22283
22283 6461
6461 22283
22283 8310
8310 22283
22283 8872
8872 22283
22283 14034
14034 22283
22283 14785
14785 22283
22283 17736
17736 22283
22283 22283
22283 22283
22373 1899
1899 22373
22412 15953
15953 22412
22505 1013
1013 22505
22505 4451
4451 22505
22505 8047
8047 22505
22505 22505
22505 22505
22513 4360
4360 22513
22513 7673
7673 22513
22513 9318
9318 22513
22513 11062
11062 22513
22513 11881
11881 22513
22513 12209
12209 22513
22513 17180
17180 22513
22513 20242
20242 22513
22513 22513
22513 22513
22592 8843
8843 22592
22592 9488
9488 22592
22592 22592
22592 22592
22598 5178
5178 22598
22598 8863
8863 22598
22598 22598
22598 22598
22603 9211
9211 22603
22603 23707
23707 22603
22807 145
145 22807
22807 6593
6593 22807
22882 7338
7338 22882
22882 8969
8969 22882
22882 9332
9332 22882
22882 18693
18693 22882
22882 19946
19946 22882
22882 23707
23707 22882
22911 18169
18169 22911
23348 642
642 23348
23348 726
726 23348
23348 929
929 23348
23348 2819
2819 23348
23348 2831
2831 23348
23348 5409
5409 23348
23348 7265
7265 23348
23348 9236
9236 23348
23348 9391
9391 23348
23348 9419
9419 23348
23348 9421
9421 23348
23348 9494
9494 23348
23348 9842
9842 23348
23348 14067
14067 23348
23348 20907
20907 23348
23348 21927
21927 23348
23348 23348
23348 23348
23360 23360
23360 23360
23500 9239
9239 23500
23535 7514
7514 23535
23535 13786
13786 23535
23617 5192
5192 23617
23707 2197
2197 23707
23707 7338
7338 23707
23707 22603
22603 23707
23707 23707
23707 23707
23711 9399
9399 23711
23711 18955
18955 23711
23782 9363
9363 23782
23921 4242
4242 23921
23921 9387
9387 23921
23921 19149
19149 23921
23921 24695
24695 23921
23926 2080
2080 23926
23927 12670
12670 23927
24033 596
596 24033
24033 1740
1740 24033
24033 2134
2134 24033
24033 2361
2361 24033
24033 3335
3335 24033
24033 5345
5345 24033
24033 5899
5899 24033
24033 6124
6124 24033
24033 7427
7427 24033
24033 8564
8564 24033
24033 8717
8717 24033
24033 8760
8760 24033
24033 8877
8877 24033
24033 8969
8969 24033
24033 9092
9092 24033
24033 9209
9209 24033
24033 9218
9218 24033
24033 9483
9483 24033
24033 14785
14785 24033
24033 19426
19426 24033
24033 20883
20883 24033
24033 20907
20907 24033
24033 24033
24033 24033
24133 686
686 24133
24133 3123
3123 24133
24133 4370
4370 24133
24133 9318
9318 24133
24150 1221
1221 24150
24150 18689
18689 24150
24156 8858
8858 24156
24156 24156
24156 24156
24161 6299
6299 24161
24206 24206
24206 24206
24224 9263
9263 24224
24224 9467
9467 24224
24224 9475
9475 24224
24224 24224
24224 24224
24226 623
623 24226
24226 1753
1753 24226
24226 2080
2080 24226
24226 2866
2866 24226
24226 3874
3874 24226
24226 5345
5345 24226
24226 6124
6124 24226
24226 6485
6485 24226
24226 7266
7266 24226
24226 8030
8030 24226
24226 9196
9196 24226
24226 9245
9245 24226
24226 9263
9263 24226
24226 9342
9342 24226
24226 9370
9370 24226
24226 9381
9381 24226
24226 9397
9397 24226
24226 9399
9399 24226
24226 9413
9413 24226
24226 9495
9495 24226
24226 18034
18034 24226
24226 18619
18619 24226
24226 24226
24226 24226
24250 24250
24250 24250
24252 117
117 24252
24252 145
145 24252
24252 285
285 24252
24252 287
287 24252
24252 714
714 24252
24252 1140
1140 24252
24252 1312
1312 24252
24252 1934
1934 24252
24252 2086
2086 24252
24252 2119
2119 24252
24252 2819
2819 24252
24252 3777
3777 24252
24252 4242
4242 24252
24252 4339
4339 24252
24252 4556
4556 24252
24252 4738
4738 24252
24252 4920
4920 24252
24252 6047
6047 24252
24252 6929
6929 24252
24252 7476
7476 24252
24252 7759
7759 24252
24252 8378
8378 24252
24252 8598
8598 24252
24252 8843
8843 24252
24252 9158
9158 24252
24252 9315
9315 24252
24252 9322
9322 24252
24252 9332
9332 24252
24252 9356
9356 24252
24252 9380
9380 24252
24252 9395
9395 24252
24252 9399
9399 24252
24252 9411
9411 24252
24252 9412
9412 24252
24252 9416
9416 24252
24252 9452
9452 24252
24252 9459
9459 24252
24252 9519
9519 24252
24252 13181
13181 24252
24252 13786
13786 24252
24252 16087
16087 24252
24252 18602
18602 24252
24252 18764
18764 24252
24252 19087
19087 24252
24252 19901
19901 24252
24252 20355
20355 24252
24252 21110
21110 24252
24252 24033
24033 24252
24252 24252
24252 24252
24313 24313
24313 24313
24322 6999
6999 24322
24327 24327
24327 24327
24381 16018
16018 24381
24386 22708
22708 24386
24390 19087
19087 24390
24392 20950
20950 24392
24393 2119
2119 24393
24393 2416
2416 24393
24393 4242
4242 24393
24393 4928
4928 24393
24393 5899
5899 24393
24393 6098
6098 24393
24393 6299
6299 24393
24393 6735
6735 24393
24393 7516
7516 24393
24393 7921
7921 24393
24393 8127
8127 24393
24393 9198
9198 24393
24393 9425
9425 24393
24393 11460
11460 24393
24393 13786
13786 24393
24393 24327
24327 24393
24393 24393
24393 24393
24393 24707
24707 24393
24409 5178
5178 24409
24409 9092
9092 24409
24409 9399
9399 24409
24409 9416
9416 24409
24409 24409
24409 24409
24420 24420
24420 24420
24448 2373
2373 24448
24448 9196
9196 24448
24451 1692
1692 24451
24451 4556
4556 24451
24451 5892
5892 24451
24451 6049
6049 24451
24451 7759
7759 24451
24451 7785
7785 24451
24451 9356
9356 24451
24451 9446
9446 24451
24451 9459
9459 24451
24451 9460
9460 24451
24451 17304
17304 24451
24451 20534
20534 24451
24451 21240
21240 24451
24451 23707
23707 24451
24451 24313
24313 24451
24451 24451
24451 24451
24460 285
285 24460
24460 9484
9484 24460
24460 16591
16591 24460
24472 16601
16601 24472
24474 9371
9371 24474
24479 7089
7089 24479
24483 19946
19946 24483
24492 9325
9325 24492
24492 24313
24313 24492
24518 3874
3874 24518
24518 7266
7266 24518
24518 8281
8281 24518
24518 8598
8598 24518
24518 9264
9264 24518
24518 14969
14969 24518
24518 18574
18574 24518
24518 24518
24518 24518
24518 24707
24707 24518
24526 1658
1658 24526
24537 24537
24537 24537
24555 8808
8808 24555
24555 9485
9485 24555
24565 24565
24565 24565
24568 145
145 24568
24568 9241
9241 24568
24568 9263
9263 24568
24568 24390
24390 24568
24568 24568
24568 24568
24570 9198
9198 24570
24570 24393
24393 24570
24579 5345
5345 24579
24579 9314
9314 24579
24584 9057
9057 24584
24637 9268
9268 24637
24668 9180
9180 24668
24668 10121
10121 24668
24668 19946
19946 24668
24668 24668
24668 24668
24682 44
44 24682
24682 8996
8996 24682
24682 24313
24313 24682
24707 6278
6278 24707
24707 24393
24393 24707
24707 24518
24518 24707
24707 24707
24707 24707
24710 1887
1887 24710
24710 2194
2194 24710
24710 5143
5143 24710
24710 5769
5769 24710
24710 7921
7921 24710
24710 14387
14387 24710
24710 24710
24710 24710
24718 19087
19087 24718
24729 4920
4920 24729
24729 24729
24729 24729
24734 21927
21927 24734
24734 24250
24250 24734
