0 21225
21225 0
1 1
1 1
20 20
20 20
20 642
642 20
20 2592
2592 20
20 4125
4125 20
20 4478
4478 20
20 7874
7874 20
21 1780
1780 21
21 2091
2091 21
21 2459
2459 21
21 2463
2463 21
21 4606
4606 21
21 4733
4733 21
21 4772
4772 21
21 5027
5027 21
21 5174
5174 21
21 6811
6811 21
21 9232
9232 21
21 17568
17568 21
21 17950
17950 21
21 24519
24519 21
21 24613
24613 21
44 20
20 44
44 44
44 44
44 4242
4242 44
44 4608
4608 44
44 4872
4872 44
44 5093
5093 44
44 5128
5128 44
44 5136
5136 44
44 5151
5151 44
44 5168
5168 44
44 5201
5201 44
44 5262
5262 44
44 6049
6049 44
44 10856
10856 44
44 19301
19301 44
97 1
1 97
97 14888
14888 97
115 115
115 115
115 117
117 115
115 776
776 115
115 1383
1383 115
115 4862
4862 115
115 5081
5081 115
115 5141
5141 115
115 5202
5202 115
115 5600
5600 115
115 8996
8996 115
115 10856
10856 115
115 19730
19730 115
115 23085
23085 115
117 1038
1038 117
117 2438
2438 117
130 117
117 130
130 130
130 130
130 556
556 130
130 5075
5075 130
130 5127
5127 130
130 9776
9776 130
130 17349
17349 130
130 20242
20242 130
149 20355
20355 149
165 5178
5178 165
172 4920
4920 172
186 287
287 186
194 642
642 194
194 5114
5114 194
194 18169
18169 194
198 13184
13184 198
212 212
212 212
212 2361
2361 212
213 865
865 213
213 1441
1441 213
230 230
230 230
230 11698
11698 230
231 231
231 231
231 2413
2413 231
231 2997
2997 231
231 13406
13406 231
231 15610
15610 231
252 1419
1419 252
252 1609
1609 252
252 2361
2361 252
252 4228
4228 252
252 4701
4701 252
255 20
20 255
255 255
255 255
255 410
410 255
255 608
608 255
255 642
642 255
255 2558
2558 255
255 2775
2775 255
255 4106
4106 255
255 5115
5115 255
255 6880
6880 255
255 9842
9842 255
255 11817
11817 255
255 17097
17097 255
255 19149
19149 255
255 20512
20512 255
255 23921
23921 255
255 24156
24156 255
271 285
285 271
271 1221
1221 271
285 285
285 285
285 2036
2036 285
285 2871
2871 285
285 9057
9057 285
285 10566
10566 285
285 18088
18088 285
285 18602
18602 285
285 19440
19440 285
285 23320
23320 285
287 287
287 287
287 2166
2166 287
287 2609
2609 287
287 5093
5093 287
287 9724
9724 287
287 15450
15450 287
309 18626
18626 309
312 44
44 312
312 312
312 312
312 3922
3922 312
312 22167
22167 312
320 3334
3334 320
320 4749
4749 320
320 4795
4795 320
320 16843
16843 320
337 337
337 337
343 4270
4270 343
343 5044
5044 343
344 344
344 344
344 9057
9057 344
344 14387
14387 344
348 348
348 348
348 642
642 348
348 830
830 348
348 2592
2592 348
348 4228
4228 348
348 4944
4944 348
348 5233
5233 348
348 6961
6961 348
348 14587
14587 348
349 1264
1264 349
349 5201
5201 349
349 6557
6557 349
381 4406
4406 381
386 2248
2248 386
386 5006
5006 386
390 390
390 390
395 4920
4920 395
405 194
194 405
412 412
412 412
412 3113
3113 412
412 3219
3219 412
424 1137
1137 424
441 441
441 441
441 16581
16581 441
451 1913
1913 451
454 642
642 454
454 2215
2215 454
462 2497
2497 462
465 20038
20038 465
477 2560
2560 477
491 5225
5225 491
491 8993
8993 491
491 11698
11698 491
491 11929
11929 491
496 496
496 496
498 498
498 498
498 11861
11861 498
502 2592
2592 502
503 503
503 503
503 2573
2573 503
503 6049
6049 503
503 17157
17157 503
524 524
524 524
524 5238
5238 524
524 11313
11313 524
540 4952
4952 540
556 130
130 556
556 556
556 556
560 2036
2036 560
567 567
567 567
567 1549
1549 567
572 572
572 572
579 876
876 579
586 4735
4735 586
596 596
596 596
596 642
642 596
596 4712
4712 596
596 4870
4870 596
596 5041
5041 596
596 5043
5043 596
596 5044
5044 596
596 21786
21786 596
596 23226
23226 596
596 24599
24599 596
601 3921
3921 601
607 14189
14189 607
608 608
608 608
608 1632
1632 608
608 5134
5134 608
610 610
610 610
610 4844
4844 610
610 5047
5047 610
610 5086
5086 610
616 10121
10121 616
622 8102
8102 622
622 13196
13196 622
623 623
623 623
623 5077
5077 623
623 5901
5901 623
623 6961
6961 623
623 11577
11577 623
633 642
642 633
633 5127
5127 633
633 5195
5195 633
633 24226
24226 633
640 640
640 640
640 14609
14609 640
642 20
20 642
642 115
115 642
642 320
320 642
642 348
348 642
642 410
410 642
642 412
412 642
642 633
633 642
642 642
642 642
642 714
714 642
642 726
726 642
642 830
830 642
642 966
966 642
642 1038
1038 642
642 1039
1039 642
642 1221
1221 642
642 1780
1780 642
642 1913
1913 642
642 1951
1951 642
642 1989
1989 642
642 2036
2036 642
642 2233
2233 642
642 2336
2336 642
642 2387
2387 642
642 2413
2413 642
642 2438
2438 642
642 2443
2443 642
642 2491
2491 642
642 2871
2871 642
642 3219
3219 642
642 3528
3528 642
642 3601
3601 642
642 3679
3679 642
642 3714
3714 642
642 3762
3762 642
642 3792
3792 642
642 3920
3920 642
642 3982
3982 642
642 4029
4029 642
642 4242
4242 642
642 4286
4286 642
642 4334
4334 642
642 4394
4394 642
642 4563
4563 642
642 4685
4685 642
642 4735
4735 642
642 4846
4846 642
642 4937
4937 642
642 5010
5010 642
642 5018
5018 642
642 5031
5031 642
642 5041
5041 642
642 5044
5044 642
642 5049
5049 642
642 5051
5051 642
642 5063
5063 642
642 5065
5065 642
642 5083
5083 642
642 5085
5085 642
642 5103
5103 642
642 5105
5105 642
642 5106
5106 642
642 5109
5109 642
642 5114
5114 642
642 5126
5126 642
642 5127
5127 642
642 5129
5129 642
642 5132
5132 642
642 5134
5134 642
642 5141
5141 642
642 5142
5142 642
642 5153
5153 642
642 5175
5175 642
642 5180
5180 642
642 5202
5202 642
642 5203
5203 642
642 5204
5204 642
642 5205
5205 642
642 5207
5207 642
642 5212
5212 642
642 5218
5218 642
642 5221
5221 642
642 5225
5225 642
642 5252
5252 642
642 5256
5256 642
642 5260
5260 642
642 5262
5262 642
642 5275
5275 642
642 5287
5287 642
642 5290
5290 642
642 5293
5293 642
642 5294
5294 642
642 5295
5295 642
642 5300
5300 642
642 5301
5301 642
642 6049
6049 642
642 8102
8102 642
642 9002
9002 642
642 11698
11698 642
642 11779
11779 642
642 12231
12231 642
642 13099
13099 642
642 13184
13184 642
642 14587
14587 642
642 16076
16076 642
642 16877
16877 642
642 17062
17062 642
642 17675
17675 642
642 17698
17698 642
642 17840
17840 642
642 18602
18602 642
642 18650
18650 642
642 19149
19149 642
642 19426
19426 642
642 19883
19883 642
642 19946
19946 642
642 19985
19985 642
642 20355
20355 642
642 20778
20778 642
642 21337
21337 642
642 23254
23254 642
642 23348
23348 642
642 23906
23906 642
642 24152
24152 642
642 24226
24226 642
642 24252
24252 642
642 24405
24405 642
642 24568
24568 642
642 24596
24596 642
671 671
671 671
673 673
673 673
673 19149
19149 673
673 20778
20778 673
726 642
642 726
726 726
726 726
726 1140
1140 726
726 1789
1789 726
726 2036
2036 726
726 3084
3084 726
726 3452
3452 726
726 4242
4242 726
726 4701
4701 726
726 4712
4712 726
726 4772
4772 726
726 4885
4885 726
726 5019
5019 726
726 5049
5049 726
726 5086
5086 726
726 5134
5134 726
726 5153
5153 726
726 5171
5171 726
726 5174
5174 726
726 5179
5179 726
726 5184
5184 726
726 5237
5237 726
726 5271
5271 726
726 6937
6937 726
726 17840
17840 726
726 18650
18650 726
726 20778
20778 726
726 23320
23320 726
726 24399
24399 726
726 24438
24438 726
726 24519
24519 726
726 24596
24596 726
737 1204
1204 737
737 4772
4772 737
776 776
776 776
776 2997
2997 776
776 4862
4862 776
804 5008
5008 804
804 19445
19445 804
830 130
130 830
830 348
348 830
830 524
524 830
830 642
642 830
830 830
830 830
830 833
833 830
830 4018
4018 830
830 4423
4423 830
830 4968
4968 830
830 5126
5126 830
830 5174
5174 830
830 5259
5259 830
830 8993
8993 830
830 11313
11313 830
830 11861
11861 830
830 14055
14055 830
830 14387
14387 830
830 19059
19059 830
830 22256
22256 830
830 24452
24452 830
833 833
833 833
833 11861
11861 833
865 865
865 865
865 24519
24519 865
866 1221
1221 866
866 5019
5019 866
866 24730
24730 866
876 1551
1551 876
876 5277
5277 876
876 19059
19059 876
884 1551
1551 884
884 1684
1684 884
884 3227
3227 884
884 5600
5600 884
884 15688
15688 884
895 4308
4308 895
895 5230
5230 895
895 16856
16856 895
895 19883
19883 895
906 906
906 906
906 1374
1374 906
917 917
917 917
917 1951
1951 917
929 344
344 929
929 929
929 929
929 2409
2409 929
929 3172
3172 929
929 9057
9057 929
934 2629
2629 934
935 935
935 935
949 949
949 949
949 3143
3143 949
966 966
966 966
966 4546
4546 966
1013 642
642 1013
1013 1013
1013 1013
1013 1573
1573 1013
1013 2008
2008 1013
1013 2053
2053 1013
1013 2119
2119 1013
1013 2143
2143 1013
1013 3601
3601 1013
1013 4903
4903 1013
1013 5034
5034 1013
1013 5047
5047 1013
1013 5069
5069 1013
1013 5277
5277 1013
1013 7410
7410 1013
1013 9025
9025 1013
1013 10299
10299 1013
1013 14969
14969 1013
1013 15610
15610 1013
1013 18088
18088 1013
1013 24519
24519 1013
1013 24613
24613 1013
1018 6049
6049 1018
1020 7410
7410 1020
1020 18602
18602 1020
1038 117
117 1038
1044 348
348 1044
1044 642
642 1044
1044 5219
5219 1044
1045 1551
1551 1045
1045 5767
5767 1045
1045 5901
5901 1045
1045 8251
8251 1045
1045 18689
18689 1045
1097 9776
9776 1097
1105 1
1 1105
1105 503
503 1105
1105 776
776 1105
1105 1141
1141 1105
1105 1939
1939 1105
1105 2182
2182 1105
1105 2540
2540 1105
1105 3227
3227 1105
1105 4406
4406 1105
1105 4458
4458 1105
1105 4968
4968 1105
1105 4999
4999 1105
1105 5013
5013 1105
1105 5107
5107 1105
1105 5262
5262 1105
1105 8107
8107 1105
1105 8993
8993 1105
1105 11669
11669 1105
1105 11698
11698 1105
1105 14295
14295 1105
1105 14835
14835 1105
1105 16900
16900 1105
1105 18719
18719 1105
1105 19140
19140 1105
1105 19454
19454 1105
1105 20726
20726 1105
1137 287
287 1137
1137 424
424 1137
1137 1137
1137 1137
1137 1551
1551 1137
1137 1605
1605 1137
1137 1999
1999 1137
1137 2438
2438 1137
1137 2655
2655 1137
1137 2961
2961 1137
1137 3051
3051 1137
1137 4189
4189 1137
1137 4563
4563 1137
1137 4568
4568 1137
1137 4968
4968 1137
1137 5093
5093 1137
1137 13191
13191 1137
1137 14387
14387 1137
1137 15450
15450 1137
1137 19140
19140 1137
1137 20917
20917 1137
1137 24721
24721 1137
1140 1140
1140 1140
1140 1312
1312 1140
1140 1323
1323 1140
1140 1913
1913 1140
1140 2491
2491 1140
1140 5218
5218 1140
1140 16897
16897 1140
1140 20355
20355 1140
1141 1141
1141 1141
1141 14414
14414 1141
1158 2243
2243 1158
1158 4332
4332 1158
1158 5098
5098 1158
1158 6049
6049 1158
1158 24721
24721 1158
1183 13406
13406 1183
1190 15282
15282 1190
1204 4340
4340 1204
1215 1215
1215 1215
1221 642
642 1221
1221 1221
1221 1221
1221 1989
1989 1221
1221 2384
2384 1221
1221 4126
4126 1221
1221 4712
4712 1221
1221 5161
5161 1221
1221 5202
5202 1221
1221 10121
10121 1221
1221 19432
19432 1221
1221 24088
24088 1221
1234 8993
8993 1234
1243 1243
1243 1243
1243 2609
2609 1243
1244 642
642 1244
1244 5034
5034 1244
1244 18602
18602 1244
1264 349
349 1264
1264 1264
1264 1264
1264 11657
11657 1264
1269 1269
1269 1269
1269 1975
1975 1269
1269 3084
3084 1269
1291 4183
4183 1291
1312 1140
1140 1312
1312 1312
1312 1312
1312 6991
6991 1312
1312 8147
8147 1312
1312 20355
20355 1312
1313 11817
11817 1313
1318 14920
14920 1318
1323 1323
1323 1323
1346 1887
1887 1346
1346 3827
3827 1346
1346 4968
4968 1346
1374 1374
1374 1374
1384 19149
19149 1384
1403 633
633 1403
1403 642
642 1403
1403 1403
1403 1403
1403 5127
5127 1403
1403 5297
5297 1403
1403 14224
14224 1403
1403 18438
18438 1403
1407 5174
5174 1407
1419 1419
1419 1419
1422 13969
13969 1422
1430 20
20 1430
1430 596
596 1430
1430 1430
1430 1430
1430 2243
2243 1430
1430 2992
2992 1430
1430 3219
3219 1430
1430 3415
3415 1430
1430 4920
4920 1430
1430 4926
4926 1430
1430 5021
5021 1430
1430 5080
5080 1430
1430 5135
5135 1430
1430 5221
5221 1430
1430 5289
5289 1430
1430 8147
8147 1430
1430 9776
9776 1430
1430 13662
13662 1430
1430 18602
18602 1430
1430 24519
24519 1430
1432 1432
1432 1432
1432 13969
13969 1432
1457 14888
14888 1457
1462 3415
3415 1462
1462 4332
4332 1462
1462 4455
4455 1462
1462 19901
19901 1462
1469 4009
4009 1469
1486 13363
13363 1486
1520 1520
1520 1520
1520 5089
5089 1520
1520 5166
5166 1520
1538 4546
4546 1538
1547 4844
4844 1547
1549 567
567 1549
1551 1551
1551 1551
1551 3130
3130 1551
1551 4928
4928 1551
1551 13181
13181 1551
1551 20355
20355 1551
1581 21699
21699 1581
1605 1605
1605 1605
1605 15277
15277 1605
1616 2592
2592 1616
1632 255
255 1632
1632 287
287 1632
1632 608
608 1632
1632 642
642 1632
1632 1632
1632 1632
1632 2558
2558 1632
1632 2655
2655 1632
1632 3825
3825 1632
1632 3920
3920 1632
1632 5118
5118 1632
1632 11817
11817 1632
1632 15688
15688 1632
1632 17675
17675 1632
1632 19870
19870 1632
1639 21699
21699 1639
1665 1665
1665 1665
1665 2992
2992 1665
1667 1667
1667 1667
1667 2497
2497 1667
1667 3679
3679 1667
1667 5152
5152 1667
1667 6806
6806 1667
1667 14010
14010 1667
1667 21337
21337 1667
1676 1676
1676 1676
1684 884
884 1684
1692 642
642 1692
1692 4183
4183 1692
1692 4994
4994 1692
1692 5006
5006 1692
1740 44
44 1740
1740 4889
4889 1740
1740 5262
5262 1740
1740 24499
24499 1740
1741 15450
15450 1741
1780 21
21 1780
1780 1781
1781 1780
1780 6726
6726 1780
1780 13099
13099 1780
1780 20355
20355 1780
1780 20762
20762 1780
1781 194
194 1781
1781 1781
1781 1781
1781 2053
2053 1781
1781 3172
3172 1781
1781 14806
14806 1781
1822 1822
1822 1822
1822 3172
3172 1822
1846 642
642 1846
1846 1039
1039 1846
1846 1846
1846 1846
1846 2417
2417 1846
1846 2438
2438 1846
1846 4394
4394 1846
1846 4450
4450 1846
1846 5018
5018 1846
1846 5065
5065 1846
1846 5170
5170 1846
1846 5203
5203 1846
1846 11698
11698 1846
1846 11715
11715 1846
1846 18428
18428 1846
1846 20762
20762 1846
1846 21927
21927 1846
1846 23226
23226 1846
1887 1887
1887 1887
1887 4046
4046 1887
1887 11313
11313 1887
1913 642
642 1913
1913 1140
1140 1913
1913 1913
1913 1913
1913 2491
2491 1913
1913 5016
5016 1913
1913 5069
5069 1913
1951 285
285 1951
1951 917
917 1951
1951 1374
1374 1951
1951 1951
1951 1951
1951 2411
2411 1951
1951 3384
3384 1951
1951 4228
4228 1951
1951 4286
4286 1951
1951 5002
5002 1951
1951 5075
5075 1951
1951 5157
5157 1951
1951 5180
5180 1951
1951 5236
5236 1951
1951 5260
5260 1951
1951 5271
5271 1951
1951 5290
5290 1951
1951 5291
5291 1951
1951 7778
7778 1951
1951 14583
14583 1951
1951 14888
14888 1951
1951 17840
17840 1951
1951 19426
19426 1951
1951 22651
22651 1951
1951 23956
23956 1951
1951 24695
24695 1951
1971 1971
1971 1971
1982 5099
5099 1982
1989 642
642 1989
1989 4242
4242 1989
1998 5079
5079 1998
1999 1999
1999 1999
1999 4979
4979 1999
1999 19946
19946 1999
1999 20058
20058 1999
2008 2008
2008 2008
2036 560
560 2036
2036 2036
2036 2036
2036 2628
2628 2036
2036 18169
18169 2036
2036 18602
18602 2036
2043 2043
2043 2043
2043 2143
2143 2043
2043 6961
6961 2043
2050 2050
2050 2050
2053 642
642 2053
2053 1781
1781 2053
2053 2053
2053 2053
2053 2790
2790 2053
2053 5283
5283 2053
2053 7410
7410 2053
2053 12870
12870 2053
2053 20904
20904 2053
2056 18169
18169 2056
2056 21786
21786 2056
2071 642
642 2071
2072 2036
2036 2072
2072 2072
2072 2072
2072 6937
6937 2072
2072 17475
17475 2072
2072 24519
24519 2072
2119 2119
2119 2119
2134 1781
1781 2134
2134 1846
1846 2134
2134 1951
1951 2134
2134 2045
2045 2134
2134 2134
2134 2134
2134 2413
2413 2134
2134 3528
3528 2134
2134 3825
3825 2134
2134 4979
4979 2134
2134 5059
5059 2134
2134 5083
5083 2134
2134 5187
5187 2134
2134 5247
5247 2134
2134 5254
5254 2134
2134 5271
5271 2134
2134 9030
9030 2134
2134 14147
14147 2134
2134 17475
17475 2134
2134 17729
17729 2134
2134 18602
18602 2134
2134 20058
20058 2134
2134 21394
21394 2134
2134 21927
21927 2134
2134 23085
23085 2134
2134 24018
24018 2134
2134 24152
24152 2134
2134 24494
24494 2134
2143 1573
1573 2143
2143 2043
2043 2143
2143 2143
2143 2143
2143 3025
3025 2143
2143 5166
5166 2143
2143 5231
5231 2143
2143 22708
22708 2143
2148 14805
14805 2148
2153 13003
13003 2153
2166 4242
4242 2166
2166 5086
5086 2166
2182 2182
2182 2182
2182 23298
23298 2182
2194 230
230 2194
2194 726
726 2194
2194 830
830 2194
2194 1141
1141 2194
2194 2384
2384 2194
2194 2438
2438 2194
2194 4406
4406 2194
2194 4494
4494 2194
2194 4862
4862 2194
2194 5026
5026 2194
2194 5044
5044 2194
2194 5066
5066 2194
2194 5192
5192 2194
2194 5256
5256 2194
2194 6095
6095 2194
2194 6880
6880 2194
2194 8984
8984 2194
2194 9025
9025 2194
2194 11579
11579 2194
2194 11698
11698 2194
2194 18602
18602 2194
2194 19149
19149 2194
2194 21927
21927 2194
2194 21954
21954 2194
2194 22208
22208 2194
2194 24156
24156 2194
2197 2413
2413 2197
2197 20355
20355 2197
2202 2202
2202 2202
2233 4737
4737 2233
2239 5249
5249 2239
2239 5251
5251 2239
2239 8939
8939 2239
2239 14387
14387 2239
2239 19140
19140 2239
2242 2242
2242 2242
2242 3554
3554 2242
2242 4189
4189 2242
2242 4844
4844 2242
2242 13406
13406 2242
2243 1158
1158 2243
2243 2243
2243 2243
2304 18602
18602 2304
2307 2307
2307 2307
2361 642
642 2361
2361 2036
2036 2361
2361 2056
2056 2361
2361 2361
2361 2361
2361 2938
2938 2361
2361 5296
5296 2361
2361 5539
5539 2361
2361 8975
8975 2361
2361 18602
18602 2361
2361 20778
20778 2361
2361 24519
24519 2361
2384 498
498 2384
2384 1137
1137 2384
2384 1221
1221 2384
2384 2384
2384 2384
2384 2655
2655 2384
2384 4568
4568 2384
2384 4968
4968 2384
2384 5182
5182 2384
2384 5259
5259 2384
2384 8995
8995 2384
2384 11313
11313 2384
2384 11727
11727 2384
2384 11861
11861 2384
2384 12209
12209 2384
2384 24088
24088 2384
2384 24721
24721 2384
2387 1383
1383 2387
2387 2387
2387 2387
2387 4724
4724 2387
2387 4735
4735 2387
2387 4915
4915 2387
2387 8996
8996 2387
2387 11715
11715 2387
2387 12117
12117 2387
2387 19730
19730 2387
2387 20355
20355 2387
2387 23085
23085 2387
2392 642
642 2392
2392 1215
1215 2392
2392 1781
1781 2392
2392 2438
2438 2392
2392 3049
3049 2392
2392 3172
3172 2392
2392 4166
4166 2392
2392 4334
4334 2392
2409 929
929 2409
2409 2409
2409 2409
2409 5061
5061 2409
2411 1419
1419 2411
2411 2202
2202 2411
2411 2411
2411 2411
2411 4183
4183 2411
2411 5006
5006 2411
2411 15181
15181 2411
2413 231
231 2413
2413 285
285 2413
2413 642
642 2413
2413 1520
1520 2413
2413 1605
1605 2413
2413 1780
1780 2413
2413 1913
1913 2413
2413 2242
2242 2413
2413 2413
2413 2413
2413 3714
3714 2413
2413 4473
4473 2413
2413 5034
5034 2413
2413 5039
5039 2413
2413 5063
5063 2413
2413 5089
5089 2413
2413 5118
5118 2413
2413 5203
5203 2413
2413 5241
5241 2413
2413 6049
6049 2413
2413 8996
8996 2413
2413 13969
13969 2413
2413 24152
24152 2413
2413 24405
24405 2413
2413 24596
24596 2413
2438 117
117 2438
2438 1846
1846 2438
2438 2438
2438 2438
2443 2443
2443 2443
2443 18602
18602 2443
2463 2463
2463 2463
2467 2467
2467 2467
2467 2609
2609 2467
2467 20355
20355 2467
2487 1780
1780 2487
2487 4724
4724 2487
2487 8996
8996 2487
2487 15542
15542 2487
2487 20355
20355 2487
2487 24393
24393 2487
2491 642
642 2491
2491 1913
1913 2491
2491 2053
2053 2491
2491 2592
2592 2491
2491 5544
5544 2491
2497 405
405 2497
2497 2194
2194 2497
2497 2336
2336 2497
2497 2497
2497 2497
2497 2871
2871 2497
2497 3172
3172 2497
2497 3515
3515 2497
2497 3657
3657 2497
2497 3762
3762 2497
2497 3835
3835 2497
2497 4029
4029 2497
2497 4053
4053 2497
2497 4140
4140 2497
2497 4242
4242 2497
2497 4394
4394 2497
2497 4568
4568 2497
2497 4889
4889 2497
2497 5018
5018 2497
2497 5052
5052 2497
2497 5126
5126 2497
2497 5149
5149 2497
2497 5213
5213 2497
2497 5224
5224 2497
2497 5225
5225 2497
2497 5296
5296 2497
2497 5539
5539 2497
2497 11577
11577 2497
2497 14805
14805 2497
2497 15450
15450 2497
2497 18602
18602 2497
2497 19730
19730 2497
2497 21922
21922 2497
2497 24479
24479 2497
2508 5183
5183 2508
2508 20892
20892 2508
2540 2540
2540 2540
2540 22276
22276 2540
2550 2550
2550 2550
2550 5013
5013 2550
2550 18602
18602 2550
2550 19946
19946 2550
2558 11817
11817 2558
2573 503
503 2573
2573 5080
5080 2573
2591 3921
3921 2591
2591 9239
9239 2591
2592 502
502 2592
2592 642
642 2592
2592 1140
1140 2592
2592 1312
1312 2592
2592 2008
2008 2592
2592 2592
2592 2592
2592 3219
3219 2592
2592 5174
5174 2592
2592 5179
5179 2592
2592 5212
5212 2592
2592 5256
5256 2592
2592 6557
6557 2592
2592 12358
12358 2592
2592 19038
19038 2592
2592 19149
19149 2592
2592 19985
19985 2592
2592 21634
21634 2592
2592 23320
23320 2592
2628 2036
2036 2628
2628 2628
2628 2628
2629 934
934 2629
2629 4545
4545 2629
2629 5113
5113 2629
2629 5186
5186 2629
2629 6937
6937 2629
2629 13662
13662 2629
2629 13786
13786 2629
2629 19901
19901 2629
2633 1560
1560 2633
2633 24226
24226 2633
2655 2655
2655 2655
2655 18056
18056 2655
2700 16306
16306 2700
2700 18602
18602 2700
2736 865
865 2736
2736 4473
4473 2736
2748 3574
3574 2748
2748 24033
24033 2748
2767 2767
2767 2767
2775 255
255 2775
2797 4274
4274 2797
2811 1432
1432 2811
2811 2811
2811 2811
2811 11698
11698 2811
2811 12834
12834 2811
2811 15259
15259 2811
2831 2831
2831 2831
2831 18602
18602 2831
2840 2840
2840 2840
2841 4004
4004 2841
2864 4473
4473 2864
2871 2871
2871 2871
2931 642
642 2931
2931 2862
2862 2931
2931 5255
5255 2931
2931 24707
24707 2931
2934 2961
2961 2934
2938 2361
2361 2938
2938 2609
2609 2938
2938 2938
2938 2938
2938 13726
13726 2938
2938 18602
18602 2938
2948 15450
15450 2948
2964 4920
4920 2964
2996 2996
2996 2996
2996 10811
10811 2996
2997 231
231 2997
2997 285
285 2997
2997 2997
2997 2997
2997 4355
4355 2997
2997 4884
4884 2997
2997 5126
5126 2997
2997 5148
5148 2997
2997 5203
5203 2997
2997 5279
5279 2997
2997 18088
18088 2997
2998 1221
1221 2998
2998 1939
1939 2998
2998 4308
4308 2998
2998 8993
8993 2998
2998 24519
24519 2998
3019 3172
3172 3019
3025 2143
2143 3025
3049 4109
4109 3049
3051 3781
3781 3051
3051 15404
15404 3051
3078 20778
20778 3078
3084 726
726 3084
3084 1269
1269 3084
3084 3084
3084 3084
3091 3091
3091 3091
3091 4854
4854 3091
3113 642
642 3113
3113 2609
2609 3113
3113 3113
3113 3113
3113 3219
3219 3113
3113 5130
5130 3113
3113 5226
5226 3113
3113 5274
5274 3113
3113 18602
18602 3113
3113 18619
18619 3113
3113 18650
18650 3113
3127 3127
3127 3127
3127 6557
6557 3127
3143 949
949 3143
3153 3153
3153 3153
3153 4286
4286 3153
3153 4606
4606 3153
3153 5014
5014 3153
3172 255
255 3172
3172 642
642 3172
3172 929
929 3172
3172 1215
1215 3172
3172 1462
1462 3172
3172 1632
1632 3172
3172 1781
1781 3172
3172 1846
1846 3172
3172 2056
2056 3172
3172 2409
2409 3172
3172 2438
2438 3172
3172 3172
3172 3172
3172 4237
4237 3172
3172 4781
4781 3172
3172 5026
5026 3172
3172 5052
5052 3172
3172 5148
5148 3172
3172 5152
5152 3172
3172 5192
5192 3172
3172 5265
5265 3172
3172 5299
5299 3172
3172 5600
5600 3172
3172 6961
6961 3172
3172 8996
8996 3172
3172 9776
9776 3172
3172 11313
11313 3172
3172 11577
11577 3172
3172 12067
12067 3172
3172 13406
13406 3172
3172 14609
14609 3172
3172 15332
15332 3172
3172 15450
15450 3172
3172 17675
17675 3172
3172 20355
20355 3172
3172 21225
21225 3172
3172 21699
21699 3172
3172 22708
22708 3172
3172 22882
22882 3172
3172 24156
24156 3172
3172 24393
24393 3172
3203 285
285 3203
3203 19440
19440 3203
3206 3206
3206 3206
3219 412
412 3219
3219 3113
3113 3219
3219 3219
3219 3219
3219 4920
4920 3219
3227 884
884 3227
3227 1551
1551 3227
3227 3227
3227 3227
3227 3415
3415 3227
3227 4607
4607 3227
3227 4928
4928 3227
3227 5201
5201 3227
3227 9025
9025 3227
3227 13184
13184 3227
3227 13796
13796 3227
3227 15688
15688 3227
3227 21225
21225 3227
3227 24682
24682 3227
3231 3231
3231 3231
3255 5148
5148 3255
3292 3292
3292 3292
3292 22882
22882 3292
3296 3296
3296 3296
3296 5149
5149 3296
3296 5170
5170 3296
3358 5051
5051 3358
3358 5291
5291 3358
3425 4450
4450 3425
3425 4607
4607 3425
3428 3428
3428 3428
3428 4242
4242 3428
3431 3431
3431 3431
3431 5014
5014 3431
3433 638
638 3433
3433 4449
4449 3433
3433 5012
5012 3433
3433 16998
16998 3433
3433 21954
21954 3433
3452 3452
3452 3452
3452 4926
4926 3452
3506 24033
24033 3506
3515 820
820 3515
3523 1050
1050 3523
3523 3523
3523 3523
3528 642
642 3528
3528 2134
2134 3528
3528 2609
2609 3528
3528 3528
3528 3528
3528 14387
14387 3528
3540 11698
11698 3540
3550 5811
5811 3550
3562 5106
5106 3562
3574 1441
1441 3574
3574 2361
2361 3574
3574 2497
2497 3574
3574 2748
2748 3574
3574 3574
3574 3574
3574 5901
5901 3574
3574 8970
8970 3574
3574 18195
18195 3574
3574 19087
19087 3574
3577 4870
4870 3577
3579 10425
10425 3579
3579 20904
20904 3579
3591 4282
4282 3591
3591 12720
12720 3591
3601 2808
2808 3601
3601 3601
3601 3601
3607 3607
3607 3607
3609 3609
3609 3609
3610 22134
22134 3610
3620 2215
2215 3620
3620 5116
5116 3620
3627 2015
2015 3627
3637 4242
4242 3637
3657 3657
3657 3657
3679 642
642 3679
3684 3684
3684 3684
3705 194
194 3705
3705 3705
3705 3705
3705 18602
18602 3705
3709 4523
4523 3709
3714 3714
3714 3714
3749 13969
13969 3749
3749 19554
19554 3749
3760 5086
5086 3760
3762 3762
3762 3762
3781 3781
3781 3781
3781 20778
20778 3781
3792 642
642 3792
3792 18602
18602 3792
3824 5101
5101 3824
3824 22708
22708 3824
3827 3827
3827 3827
3827 11840
11840 3827
3834 1432
1432 3834
3843 287
287 3843
3843 1684
1684 3843
3843 5183
5183 3843
3928 1913
1913 3928
3934 24226
24226 3934
3941 3415
3415 3941
3946 3143
3143 3946
3946 5115
5115 3946
3946 5600
5600 3946
3946 9960
9960 3946
3965 5211
5211 3965
3971 8996
8996 3971
3982 3982
3982 3982
3982 6961
6961 3982
4004 255
255 4004
4004 2841
2841 4004
4004 4004
4004 4004
4018 4018
4018 4018
4018 5014
5014 4018
4018 11684
11684 4018
4018 24452
24452 4018
4029 642
642 4029
4029 4029
4029 4029
4039 3384
3384 4039
4046 1887
1887 4046
4094 1221
1221 4094
4106 255
255 4106
4106 4106
4106 4106
4106 5106
5106 4106
4106 5130
5130 4106
4121 4121
4121 4121
4121 5080
5080 4121
4121 13379
13379 4121
4121 15688
15688 4121
4125 3172
3172 4125
4125 4862
4862 4125
4125 6961
6961 4125
4125 13726
13726 4125
4126 1221
1221 4126
4126 4126
4126 4126
4140 1137
1137 4140
4140 11313
11313 4140
4140 20038
20038 4140
4140 21336
21336 4140
4154 4154
4154 4154
4154 4276
4276 4154
4154 5544
5544 4154
4160 11698
11698 4160
4183 1692
1692 4183
4187 5345
5345 4187
4189 4189
4189 4189
4223 4928
4928 4223
4223 8993
8993 4223
4228 4228
4228 4228
4237 642
642 4237
4237 2056
2056 4237
4237 2413
2413 4237
4237 2938
2938 4237
4237 3172
3172 4237
4237 3415
3415 4237
4237 3762
3762 4237
4237 4109
4109 4237
4237 4237
4237 4237
4237 4870
4870 4237
4237 5018
5018 4237
4237 5029
5029 4237
4237 5039
5039 4237
4237 5142
5142 4237
4237 5296
5296 4237
4237 6811
6811 4237
4237 8975
8975 4237
4237 19730
19730 4237
4237 20058
20058 4237
4237 21702
21702 4237
4242 44
44 4242
4242 287
287 4242
4242 424
424 4242
4242 560
560 4242
4242 642
642 4242
4242 833
833 4242
4242 934
934 4242
4242 1221
1221 4242
4242 1822
1822 4242
4242 1951
1951 4242
4242 1989
1989 4242
4242 2036
2036 4242
4242 2166
2166 4242
4242 2233
2233 4242
4242 2443
2443 4242
4242 2592
2592 4242
4242 3219
3219 4242
4242 3428
3428 4242
4242 3637
3637 4242
4242 4242
4242 4242
4242 4340
4340 4242
4242 4735
4735 4242
4242 4905
4905 4242
4242 5039
5039 4242
4242 5107
5107 4242
4242 5179
5179 4242
4242 14806
14806 4242
4242 14888
14888 4242
4242 16608
16608 4242
4242 17475
17475 4242
4242 18034
18034 4242
4242 18602
18602 4242
4242 19149
19149 4242
4242 19730
19730 4242
4242 21240
21240 4242
4242 23130
23130 4242
4242 24452
24452 4242
4255 1462
1462 4255
4255 2413
2413 4255
4255 4712
4712 4255
4255 20778
20778 4255
4255 20812
20812 4255
4276 4154
4154 4276
4276 4276
4276 4276
4276 4811
4811 4276
4276 21225
21225 4276
4282 4282
4282 4282
4303 255
255 4303
4308 4308
4308 4308
4330 4844
4844 4330
4339 4844
4844 4339
4339 14583
14583 4339
4339 24479
24479 4339
4340 15450
15450 4340
4355 4355
4355 4355
4394 2497
2497 4394
4394 4394
4394 4394
4394 5213
5213 4394
4394 5258
5258 4394
4406 287
287 4406
4406 2438
2438 4406
4406 4406
4406 4406
4406 6006
6006 4406
4406 14805
14805 4406
4406 17349
17349 4406
4406 17675
17675 4406
4407 4407
4407 4407
4411 208
208 4411
4423 830
830 4423
4423 4423
4423 4423
4440 4029
4029 4440
4440 4440
4440 4440
4440 4733
4733 4440
4440 15450
15450 4440
4440 17113
17113 4440
4440 17706
17706 4440
4440 20778
20778 4440
4440 24519
24519 4440
4449 3433
3433 4449
4449 4449
4449 4449
4449 5196
5196 4449
4449 6961
6961 4449
4449 17062
17062 4449
4449 20355
20355 4449
4449 21878
21878 4449
4449 23254
23254 4449
4450 1846
1846 4450
4450 4450
4450 4450
4455 15645
15645 4455
4458 4458
4458 4458
4473 4473
4473 4473
4488 4488
4488 4488
4494 4494
4494 4494
4533 1971
1971 4533
4545 4545
4545 4545
4546 966
966 4546
4546 4546
4546 4546
4563 1137
1137 4563
4563 2361
2361 4563
4563 4563
4563 4563
4568 2384
2384 4568
4568 4568
4568 4568
4568 19730
19730 4568
4572 4572
4572 4572
4572 5019
5019 4572
4578 3143
3143 4578
4578 4985
4985 4578
4587 2361
2361 4587
4587 5901
5901 4587
4606 4606
4606 4606
4607 2036
2036 4607
4607 4607
4607 4607
4607 4663
4663 4607
4607 4915
4915 4607
4607 5158
5158 4607
4607 5258
5258 4607
4607 5811
5811 4607
4607 13184
13184 4607
4607 15688
15688 4607
4607 19498
19498 4607
4607 20778
20778 4607
4608 44
44 4608
4608 4608
4608 4608
4660 2112
2112 4660
4663 22276
22276 4663
4667 4473
4473 4667
4667 21699
21699 4667
4685 20
20 4685
4685 255
255 4685
4685 642
642 4685
4685 2036
2036 4685
4685 2497
2497 4685
4685 4685
4685 4685
4685 4703
4703 4685
4685 4905
4905 4685
4685 4987
4987 4685
4685 5077
5077 4685
4685 17058
17058 4685
4685 23933
23933 4685
4700 19946
19946 4700
4701 18698
18698 4701
4703 5013
5013 4703
4703 20873
20873 4703
4703 23933
23933 4703
4712 194
194 4712
4712 596
596 4712
4712 726
726 4712
4712 3428
3428 4712
4712 4242
4242 4712
4712 4712
4712 4712
4712 5207
5207 4712
4712 14587
14587 4712
4712 18602
18602 4712
4712 24519
24519 4712
4713 3431
3431 4713
4713 4713
4713 4713
4715 4715
4715 4715
4715 22276
22276 4715
4715 24226
24226 4715
4719 115
115 4719
4719 1137
1137 4719
4724 4724
4724 4724
4724 18917
18917 4724
4724 19730
19730 4724
4724 23085
23085 4724
4733 4733
4733 4733
4735 2036
2036 4735
4735 4242
4242 4735
4735 4735
4735 4735
4735 11157
11157 4735
4735 20355
20355 4735
4737 503
503 4737
4737 2233
2233 4737
4737 3637
3637 4737
4737 4814
4814 4737
4737 13969
13969 4737
4772 4772
4772 4772
4781 9516
9516 4781
4795 4795
4795 4795
4811 4276
4276 4811
4835 2413
2413 4835
4835 14920
14920 4835
4843 17675
17675 4843
4844 4844
4844 4844
4844 8996
8996 4844
4854 3091
3091 4854
4854 4854
4854 4854
4854 5013
5013 4854
4854 5049
5049 4854
4854 5098
5098 4854
4854 5121
5121 4854
4854 5153
5153 4854
4854 21300
21300 4854
4854 24438
24438 4854
4862 776
776 4862
4862 4862
4862 4862
4869 20517
20517 4869
4870 596
596 4870
4870 673
673 4870
4870 1140
1140 4870
4870 3601
3601 4870
4870 3781
3781 4870
4870 4870
4870 4870
4870 5069
5069 4870
4870 5127
5127 4870
4870 5130
5130 4870
4870 5132
5132 4870
4870 5226
5226 4870
4870 6991
6991 4870
4870 10299
10299 4870
4870 17113
17113 4870
4870 19870
19870 4870
4870 19985
19985 4870
4870 24613
24613 4870
4871 4308
4308 4871
4871 19301
19301 4871
4879 44
44 4879
4883 5017
5017 4883
4884 2997
2997 4884
4884 4884
4884 4884
4885 4885
4885 4885
4889 4889
4889 4889
4889 16186
16186 4889
4903 11599
11599 4903
4915 2387
2387 4915
4915 4915
4915 4915
4920 172
172 4920
4920 642
642 4920
4920 906
906 4920
4920 2409
2409 4920
4920 2573
2573 4920
4920 2655
2655 4920
4920 2831
2831 4920
4920 2964
2964 4920
4920 3219
3219 4920
4920 4282
4282 4920
4920 4920
4920 4920
4920 5055
5055 4920
4920 5124
5124 4920
4920 5158
5158 4920
4920 5186
5186 4920
4920 5243
5243 4920
4920 5298
5298 4920
4920 6937
6937 4920
4920 15404
15404 4920
4920 17552
17552 4920
4920 19149
19149 4920
4920 22276
22276 4920
4920 24519
24519 4920
4926 3452
3452 4926
4926 4926
4926 4926
4926 17113
17113 4926
4928 287
287 4928
4928 1462
1462 4928
4928 1551
1551 4928
4928 4928
4928 4928
4928 5151
5151 4928
4928 5600
5600 4928
4928 15542
15542 4928
4928 18626
18626 4928
4937 4937
4937 4937
4937 5185
5185 4937
4937 24191
24191 4937
4950 3124
3124 4950
4950 5132
5132 4950
4952 4952
4952 4952
4952 9239
9239 4952
4952 24695
24695 4952
4968 1137
1137 4968
4968 4968
4968 4968
4979 1999
1999 4979
4979 2134
2134 4979
4979 4979
4979 4979
4979 20058
20058 4979
4980 23298
23298 4980
4981 4981
4981 4981
4984 4984
4984 4984
4984 22882
22882 4984
4987 4685
4685 4987
4989 2202
2202 4989
5002 4728
4728 5002
5002 5002
5002 5002
5002 6961
6961 5002
5006 1692
1692 5006
5006 5006
5006 5006
5008 642
642 5008
5008 17706
17706 5008
5009 22341
22341 5009
5013 5013
5013 5013
5013 22209
22209 5013
5014 935
935 5014
5014 3153
3153 5014
5014 3431
3431 5014
5014 3993
3993 5014
5014 4018
4018 5014
5014 5014
5014 5014
5014 14976
14976 5014
5014 17950
17950 5014
5014 18602
18602 5014
5016 1913
1913 5016
5017 5017
5017 5017
5018 642
642 5018
5022 11722
11722 5022
5024 2184
2184 5024
5024 3921
3921 5024
5026 5026
5026 5026
5027 5027
5027 5027
5028 5028
5028 5028
5028 18449
18449 5028
5029 5029
5029 5029
5031 5031
5031 5031
5034 5034
5034 5034
5039 4237
4237 5039
5039 5039
5039 5039
5040 5038
5038 5040
5040 5040
5040 5040
5041 596
596 5041
5041 642
642 5041
5043 2202
2202 5043
5043 5043
5043 5043
5044 5044
5044 5044
5044 10227
10227 5044
5046 7554
7554 5046
5047 5047
5047 5047
5047 21300
21300 5047
5047 23535
23535 5047
5049 642
642 5049
5049 5049
5049 5049
5049 13184
13184 5049
5052 3172
3172 5052
5052 5052
5052 5052
5054 5811
5811 5054
5054 15450
15450 5054
5055 7778
7778 5055
5056 567
567 5056
5059 2134
2134 5059
5059 5059
5059 5059
5061 2409
2409 5061
5062 5011
5011 5062
5064 2036
2036 5064
5066 5066
5066 5066
5067 968
968 5067
5069 24133
24133 5069
5070 5070
5070 5070
5072 1913
1913 5072
5073 4250
4250 5073
5074 21885
21885 5074
5075 130
130 5075
5076 5178
5178 5076
5077 5077
5077 5077
5077 23348
23348 5077
5078 5078
5078 5078
5079 5079
5079 5079
5079 11715
11715 5079
5082 13184
13184 5082
5083 642
642 5083
5083 5083
5083 5083
5086 5086
5086 5086
5086 14920
14920 5086
5087 4125
4125 5087
5087 5087
5087 5087
5089 5089
5089 5089
5090 14835
14835 5090
5093 44
44 5093
5093 5093
5093 5093
5094 5094
5094 5094
5094 11157
11157 5094
5095 24026
24026 5095
5096 5096
5096 5096
5096 19437
19437 5096
5098 5098
5098 5098
5099 1982
1982 5099
5100 1729
1729 5100
5100 18602
18602 5100
5103 642
642 5103
5105 5105
5105 5105
5105 11579
11579 5105
5105 12358
12358 5105
5109 5109
5109 5109
5110 5051
5051 5110
5113 5113
5113 5113
5115 255
255 5115
5115 3946
3946 5115
5115 5115
5115 5115
5116 19355
19355 5116
5119 18602
18602 5119
5121 5121
5121 5121
5124 4920
4920 5124
5124 5124
5124 5124
5125 5125
5125 5125
5127 633
633 5127
5127 642
642 5127
5127 1403
1403 5127
5127 1560
1560 5127
5127 4228
4228 5127
5127 4870
4870 5127
5127 5127
5127 5127
5127 5146
5146 5127
5127 22276
22276 5127
5127 24226
24226 5127
5128 4151
4151 5128
5128 7648
7648 5128
5130 4106
4106 5130
5130 5130
5130 5130
5130 9664
9664 5130
5130 15332
15332 5130
5134 5134
5134 5134
5135 5135
5135 5135
5135 14500
14500 5135
5136 287
287 5136
5137 12870
12870 5137
5137 24494
24494 5137
5138 3130
3130 5138
5139 5493
5493 5139
5141 5141
5141 5141
5142 4237
4237 5142
5145 5145
5145 5145
5146 5146
5146 5146
5147 3679
3679 5147
5148 5148
5148 5148
5149 5149
5149 5149
5150 5136
5136 5150
5151 5151
5151 5151
5152 194
194 5152
5152 1667
1667 5152
5152 2036
2036 5152
5152 2409
2409 5152
5152 2609
2609 5152
5152 2655
2655 5152
5152 3130
3130 5152
5152 3921
3921 5152
5152 5148
5148 5152
5152 5152
5152 5152
5152 8996
8996 5152
5152 11313
11313 5152
5152 14386
14386 5152
5152 14806
14806 5152
5152 14888
14888 5152
5152 15369
15369 5152
5152 18169
18169 5152
5152 19140
19140 5152
5152 22256
22256 5152
5153 726
726 5153
5154 5154
5154 5154
5154 13191
13191 5154
5156 5156
5156 5156
5157 1951
1951 5157
5157 5157
5157 5157
5158 4920
4920 5158
5160 1137
1137 5160
5160 2194
2194 5160
5160 4494
4494 5160
5160 6866
6866 5160
5160 7648
7648 5160
5160 9842
9842 5160
5160 13905
13905 5160
5160 17041
17041 5160
5160 20778
20778 5160
5160 22217
22217 5160
5160 23846
23846 5160
5161 5161
5161 5161
5163 5148
5148 5163
5165 8996
8996 5165
5165 13099
13099 5165
5166 5166
5166 5166
5166 13969
13969 5166
5168 5168
5168 5168
5169 17706
17706 5169
5170 3296
3296 5170
5170 12231
12231 5170
5171 5171
5171 5171
5172 2321
2321 5172
5173 21240
21240 5173
5175 5175
5175 5175
5178 503
503 5178
5178 642
642 5178
5178 2629
2629 5178
5178 3219
3219 5178
5178 5076
5076 5178
5178 5178
5178 5178
5178 5188
5188 5178
5178 5192
5192 5178
5178 5288
5288 5178
5178 5298
5298 5178
5178 6937
6937 5178
5178 9776
9776 5178
5178 9969
9969 5178
5178 13184
13184 5178
5178 19059
19059 5178
5178 22598
22598 5178
5178 24519
24519 5178
5181 5148
5148 5181
5181 14387
14387 5181
5182 2384
2384 5182
5185 4937
4937 5185
5185 5185
5185 5185
5186 3921
3921 5186
5186 5226
5226 5186
5186 23171
23171 5186
5190 5190
5190 5190
5194 23991
23991 5194
5195 633
633 5195
5196 1432
1432 5196
5196 4449
4449 5196
5197 6961
6961 5197
5200 5200
5200 5200
5200 14094
14094 5200
5201 44
44 5201
5201 3227
3227 5201
5201 5201
5201 5201
5202 115
115 5202
5202 1221
1221 5202
5202 5202
5202 5202
5202 20355
20355 5202
5203 642
642 5203
5203 1846
1846 5203
5203 3762
3762 5203
5203 5203
5203 5203
5203 10811
10811 5203
5203 18919
18919 5203
5204 5204
5204 5204
5207 642
642 5207
5207 4712
4712 5207
5208 712
712 5208
5208 16721
16721 5208
5209 4736
4736 5209
5210 5210
5210 5210
5211 3965
3965 5211
5212 5212
5212 5212
5213 4394
4394 5213
5214 194
194 5214
5216 24088
24088 5216
5217 13099
13099 5217
5219 5219
5219 5219
5220 5205
5205 5220
5221 5221
5221 5221
5224 5224
5224 5224
5225 642
642 5225
5234 12250
12250 5234
5235 5233
5233 5235
5235 17568
17568 5235
5236 1951
1951 5236
5236 5236
5236 5236
5237 5237
5237 5237
5238 24088
24088 5238
5240 4619
4619 5240
5241 5151
5151 5241
5245 5053
5053 5245
5247 5247
5247 5247
5248 5901
5901 5248
5249 9776
9776 5249
5249 15145
15145 5249
5251 15145
15145 5251
5252 642
642 5252
5254 24682
24682 5254
5255 5255
5255 5255
5255 8984
8984 5255
5256 5256
5256 5256
5258 4394
4394 5258
5258 5258
5258 5258
5258 24601
24601 5258
5259 5259
5259 5259
5260 5260
5260 5260
5262 5262
5262 5262
5263 11727
11727 5263
5265 5265
5265 5265
5268 2938
2938 5268
5271 2134
2134 5271
5271 5273
5273 5271
5273 5271
5271 5273
5274 2609
2609 5274
5277 1013
1013 5277
5277 5277
5277 5277
5279 2997
2997 5279
5281 401
401 5281
5282 4568
4568 5282
5284 1312
1312 5284
5284 4954
4954 5284
5284 5284
5284 5284
5284 7410
7410 5284
5284 9239
9239 5284
5284 11579
11579 5284
5284 19883
19883 5284
5286 5286
5286 5286
5289 5287
5287 5289
5289 5289
5289 5289
5290 5290
5290 5290
5293 5290
5290 5293
5294 5294
5294 5294
5294 21872
21872 5294
5295 642
642 5295
5295 18401
18401 5295
5296 5296
5296 5296
5296 21702
21702 5296
5297 1403
1403 5297
5298 5298
5298 5298
5299 5299
5299 5299
5299 24033
24033 5299
5304 1940
1940 5304
5304 6961
6961 5304
5304 11929
11929 5304
5307 4882
4882 5307
5307 5307
5307 5307
5307 14189
14189 5307
5307 17706
17706 5307
5329 115
115 5329
5329 934
934 5329
5329 2629
2629 5329
5329 5600
5600 5329
5345 115
115 5345
5345 7648
7648 5345
5345 13810
13810 5345
5409 3657
3657 5409
5409 14805
14805 5409
5544 3227
3227 5544
5544 4274
4274 5544
5544 5544
5544 5544
5544 15688
15688 5544
5544 20355
20355 5544
5600 5329
5329 5600
5600 5600
5600 5600
5600 5645
5645 5600
5600 13969
13969 5600
5645 5118
5118 5645
5645 5600
5600 5645
5845 2550
2550 5845
5855 20726
20726 5855
5855 24721
24721 5855
5925 20355
20355 5925
6006 20550
20550 6006
6049 44
44 6049
6049 6049
6049 6049
6049 15688
15688 6049
6049 19482
19482 6049
6095 642
642 6095
6095 2655
2655 6095
6095 4125
4125 6095
6095 6095
6095 6095
6095 14387
14387 6095
6095 17675
17675 6095
6114 5345
5345 6114
6177 6177
6177 6177
6278 5129
5129 6278
6278 14969
14969 6278
6278 18602
18602 6278
6528 17066
17066 6528
6557 20
20 6557
6557 642
642 6557
6557 1140
1140 6557
6557 1141
1141 6557
6557 3127
3127 6557
6557 4332
4332 6557
6557 5031
5031 6557
6557 5134
5134 6557
6557 5146
5146 6557
6557 5156
5156 6557
6557 5199
5199 6557
6557 5210
5210 6557
6557 5255
5255 6557
6557 6557
6557 6557
6557 14295
14295 6557
6557 17880
17880 6557
6660 194
194 6660
6660 2700
2700 6660
6660 4455
4455 6660
6660 18602
18602 6660
6726 1780
1780 6726
6726 6726
6726 6726
6806 6806
6806 6806
6806 12358
12358 6806
6806 12891
12891 6806
6811 3384
3384 6811
6811 3679
3679 6811
6811 4039
4039 6811
6811 4237
4237 6811
6811 6049
6049 6811
6811 6811
6811 6811
6845 4979
4979 6845
6874 18719
18719 6874
6937 4920
4920 6937
6937 5014
5014 6937
6937 5296
5296 6937
6937 6937
6937 6937
6961 623
623 6961
6961 642
642 6961
6961 1781
1781 6961
6961 2343
2343 6961
6961 3172
3172 6961
6961 3982
3982 6961
6961 4332
4332 6961
6961 5127
5127 6961
6961 5188
5188 6961
6961 5204
5204 6961
6961 5226
5226 6961
6961 6961
6961 6961
6961 15024
15024 6961
6961 18449
18449 6961
6961 18602
18602 6961
6961 20355
20355 6961
6961 21922
21922 6961
6961 24519
24519 6961
7410 2053
2053 7410
7410 7410
7410 7410
7410 24349
24349 7410
7499 1221
1221 7499
7499 5225
5225 7499
7499 14224
14224 7499
7648 115
115 7648
7648 255
255 7648
7648 287
287 7648
7648 776
776 7648
7648 1551
1551 7648
7648 1632
1632 7648
7648 1658
1658 7648
7648 1842
1842 7648
7648 1899
1899 7648
7648 2558
2558 7648
7648 2592
2592 7648
7648 3172
3172 7648
7648 3574
3574 7648
7648 3781
3781 7648
7648 3946
3946 7648
7648 4862
4862 7648
7648 5115
5115 7648
7648 5192
5192 7648
7648 5238
5238 7648
7648 5259
5259 7648
7648 5299
5299 7648
7648 7648
7648 7648
7648 8996
8996 7648
7648 9239
9239 7648
7648 10168
10168 7648
7648 11817
11817 7648
7648 13181
13181 7648
7648 14414
14414 7648
7648 20512
20512 7648
7648 20778
20778 7648
7648 21634
21634 7648
7648 23906
23906 7648
7648 24033
24033 7648
7648 24693
24693 7648
7648 24721
24721 7648
7778 155
155 7778
7778 1951
1951 7778
7778 2036
2036 7778
7778 2736
2736 7778
7778 4473
4473 7778
7778 4649
4649 7778
7778 4844
4844 7778
7778 5055
5055 7778
7778 5096
5096 7778
7778 5157
5157 7778
7778 5204
5204 7778
7778 5222
5222 7778
7778 17840
17840 7778
7778 20355
20355 7778
7778 24519
24519 7778
7923 7923
7923 7923
7971 7971
7971 7971
8102 8102
8102 8102
8102 19730
19730 8102
8107 8107
8107 8107
8132 19554
19554 8132
8132 21300
21300 8132
8132 24088
24088 8132
8147 1430
1430 8147
8147 2043
2043 8147
8147 5087
5087 8147
8147 5127
5127 8147
8147 8147
8147 8147
8147 13466
13466 8147
8147 15319
15319 8147
8147 24152
24152 8147
8199 896
896 8199
8199 5233
5233 8199
8199 8199
8199 8199
8199 10090
10090 8199
8305 8995
8995 8305
8363 642
642 8363
8363 4984
4984 8363
8491 934
934 8491
8921 1141
1141 8921
8921 2790
2790 8921
8921 17113
17113 8921
8939 14700
14700 8939
8975 3554
3554 8975
8975 3835
3835 8975
8975 8975
8975 8975
8975 21919
21919 8975
8984 804
804 8984
8984 1405
1405 8984
8984 3113
3113 8984
8984 5203
5203 8984
8984 5255
5255 8984
8984 6961
6961 8984
8984 8984
8984 8984
8984 18602
18602 8984
8984 19730
19730 8984
8988 3384
3384 8988
8993 1105
1105 8993
8993 8993
8993 8993
8993 15450
15450 8993
8993 19454
19454 8993
8995 4406
4406 8995
8996 44
44 8996
8996 115
115 8996
8996 1382
1382 8996
8996 1551
1551 8996
8996 1781
1781 8996
8996 2583
2583 8996
8996 3172
3172 8996
8996 3227
3227 8996
8996 4276
4276 8996
8996 4473
4473 8996
8996 4844
4844 8996
8996 5066
5066 8996
8996 5148
5148 8996
8996 5178
5178 8996
8996 6866
6866 8996
8996 8995
8995 8996
8996 8996
8996 8996
8996 9057
9057 8996
8996 10121
10121 8996
8996 10856
10856 8996
8996 13184
13184 8996
8996 13406
13406 8996
8996 14094
14094 8996
8996 14387
14387 8996
8996 14414
14414 8996
8996 15145
15145 8996
8996 17675
17675 8996
8996 19059
19059 8996
8996 19140
19140 8996
8996 19301
19301 8996
8996 24479
24479 8996
8996 24499
24499 8996
9002 642
642 9002
9002 9002
9002 9002
9002 10811
10811 9002
9002 24252
24252 9002
9011 390
390 9011
9011 3051
3051 9011
9011 6880
6880 9011
9011 19870
19870 9011
9011 24393
24393 9011
9025 194
194 9025
9025 1013
1013 9025
9025 1221
1221 9025
9025 2242
2242 9025
9025 2384
2384 9025
9025 2409
2409 9025
9025 3127
3127 9025
9025 3172
3172 9025
9025 3415
3415 9025
9025 3637
3637 9025
9025 4449
4449 9025
9025 5156
5156 9025
9025 5161
5161 9025
9025 5277
5277 9025
9025 8996
8996 9025
9025 9025
9025 9025
9025 20778
20778 9025
9025 24156
24156 9025
9057 172
172 9057
9057 285
285 9057
9057 1137
1137 9057
9057 2384
2384 9057
9057 2409
2409 9057
9057 3172
3172 9057
9057 4154
4154 9057
9057 5142
5142 9057
9057 5152
5152 9057
9057 5259
5259 9057
9057 8321
8321 9057
9057 9057
9057 9057
9057 11727
11727 9057
9057 14094
14094 9057
9057 14387
14387 9057
9057 14609
14609 9057
9057 17675
17675 9057
9057 18323
18323 9057
9057 18602
18602 9057
9057 21192
21192 9057
9057 22708
22708 9057
9136 5086
5086 9136
9177 4594
4594 9177
9177 5188
5188 9177
9177 5233
5233 9177
9177 24596
24596 9177
9232 5120
5120 9232
9232 9232
9232 9232
9232 17568
17568 9232
9239 3227
3227 9239
9239 3601
3601 9239
9239 3946
3946 9239
9239 4125
4125 9239
9239 4563
4563 9239
9239 4937
4937 9239
9239 4952
4952 9239
9239 4954
4954 9239
9239 5087
5087 9239
9239 5107
5107 9239
9239 5115
5115 9239
9239 6049
6049 9239
9239 9239
9239 9239
9239 17475
17475 9239
9239 18719
18719 9239
9239 19901
19901 9239
9239 24479
24479 9239
9365 2540
2540 9365
9553 2387
2387 9553
9553 4473
4473 9553
9553 4735
4735 9553
9553 6345
6345 9553
9553 24479
24479 9553
9584 17349
17349 9584
9664 5130
5130 9664
9724 287
287 9724
9724 3227
3227 9724
9724 5107
5107 9724
9724 5151
5151 9724
9724 9239
9239 9724
9724 9724
9724 9724
9724 11698
11698 9724
9724 19730
19730 9724
9724 21699
21699 9724
9724 21954
21954 9724
9776 130
130 9776
9776 1430
1430 9776
9776 9776
9776 9776
9842 255
255 9842
9842 2036
2036 9842
9842 2609
2609 9842
9842 4685
4685 9842
9842 5044
5044 9842
9842 5249
5249 9842
9842 5298
5298 9842
9842 9776
9776 9842
9842 9842
9842 9842
9842 11727
11727 9842
9842 16608
16608 9842
9842 18602
18602 9842
9842 23906
23906 9842
9960 337
337 9960
9969 5011
5011 9969
9969 15542
15542 9969
10090 10090
10090 10090
10121 212
212 10121
10121 1780
1780 10121
10121 2215
2215 10121
10121 4406
4406 10121
10121 5231
5231 10121
10121 5301
5301 10121
10121 8993
8993 10121
10121 8996
8996 10121
10121 10121
10121 10121
10121 17880
17880 10121
10121 20355
20355 10121
10168 5029
5029 10168
10168 19140
19140 10168
10227 5044
5044 10227
10292 285
285 10292
10292 2036
2036 10292
10292 2938
2938 10292
10292 3428
3428 10292
10292 4587
4587 10292
10292 4663
4663 10292
10292 5002
5002 10292
10292 5010
5010 10292
10292 5051
5051 10292
10292 5094
5094 10292
10292 8147
8147 10292
10292 9969
9969 10292
10292 14969
14969 10292
10292 18602
18602 10292
10292 23933
23933 10292
10292 24519
24519 10292
10299 10299
10299 10299
10558 2036
2036 10558
10558 10558
10558 10558
10566 285
285 10566
10566 642
642 10566
10566 1405
1405 10566
10566 2592
2592 10566
10566 4572
4572 10566
10566 5126
5126 10566
10566 5148
5148 10566
10566 6049
6049 10566
10566 7410
7410 10566
10566 7648
7648 10566
10566 9239
9239 10566
10566 13637
13637 10566
10566 15145
15145 10566
10566 15610
15610 10566
10566 20778
20778 10566
10566 23298
23298 10566
10811 20
20 10811
10811 172
172 10811
10811 2134
2134 10811
10811 2871
2871 10811
10811 2996
2996 10811
10811 3428
3428 10811
10811 5017
5017 10811
10811 5275
5275 10811
10811 5294
5294 10811
10811 9002
9002 10811
10811 10811
10811 10811
10811 19149
19149 10811
10811 19883
19883 10811
10811 23320
23320 10811
10811 24393
24393 10811
10856 115
115 10856
10856 269
269 10856
10856 606
606 10856
10856 2582
2582 10856
10856 7940
7940 10856
10856 9025
9025 10856
10856 10856
10856 10856
10856 22559
22559 10856
11062 1405
1405 11062
11062 6961
6961 11062
11062 12870
12870 11062
11077 11077
11077 11077
11149 1913
1913 11149
11157 255
255 11157
11157 642
642 11157
11157 1215
1215 11157
11157 1551
1551 11157
11157 3172
3172 11157
11157 4735
4735 11157
11157 5038
5038 11157
11157 5094
5094 11157
11157 5188
5188 11157
11157 6874
6874 11157
11157 10299
10299 11157
11157 11157
11157 11157
11157 14969
14969 11157
11157 17113
17113 11157
11157 20355
20355 11157
11157 20778
20778 11157
11157 21699
21699 11157
11276 11577
11577 11276
11313 524
524 11313
11313 1887
1887 11313
11313 2384
2384 11313
11313 4140
4140 11313
11313 5286
5286 11313
11313 11313
11313 11313
11313 11861
11861 11313
11313 14387
14387 11313
11313 24499
24499 11313
11313 24710
24710 11313
11361 623
623 11361
11361 5081
5081 11361
11361 6961
6961 11361
11361 20726
20726 11361
11460 4406
4406 11460
11460 16867
16867 11460
11460 17675
17675 11460
11460 23085
23085 11460
11488 4125
4125 11488
11488 11698
11698 11488
11488 20778
20778 11488
11503 1551
1551 11503
11503 4928
4928 11503
11503 11503
11503 11503
11503 14295
14295 11503
11522 4758
4758 11522
11577 623
623 11577
11577 3172
3172 11577
11577 4406
4406 11577
11577 5168
5168 11577
11577 5265
5265 11577
11577 11577
11577 11577
11577 13184
13184 11577
11577 14609
14609 11577
11577 19140
19140 11577
11577 20517
20517 11577
11577 24479
24479 11577
11579 2119
2119 11579
11579 3168
3168 11579
11579 4954
4954 11579
11579 5105
5105 11579
11579 5168
5168 11579
11579 9239
9239 11579
11579 11579
11579 11579
11579 19434
19434 11579
11579 19883
19883 11579
11599 3528
3528 11599
11599 4903
4903 11599
11599 11599
11599 11599
11599 15814
15814 11599
11657 1264
1264 11657
11657 3415
3415 11657
11657 11657
11657 11657
11657 19301
19301 11657
11669 1105
1105 11669
11669 11669
11669 11669
11669 17675
17675 11669
11684 1141
1141 11684
11684 4018
4018 11684
11684 4607
4607 11684
11684 4713
4713 11684
11684 5038
5038 11684
11684 7971
7971 11684
11684 11684
11684 11684
11684 18602
18602 11684
11684 20355
20355 11684
11698 642
642 11698
11698 4968
4968 11698
11698 11698
11698 11698
11700 194
194 11700
11700 405
405 11700
11700 2043
2043 11700
11700 2361
2361 11700
11700 3452
3452 11700
11700 5148
5148 11700
11700 5214
5214 11700
11700 5259
5259 11700
11700 11700
11700 11700
11715 337
337 11715
11715 1215
1215 11715
11715 1405
1405 11715
11715 1551
1551 11715
11715 2387
2387 11715
11715 5079
5079 11715
11715 11522
11522 11715
11727 2384
2384 11727
11756 24393
24393 11756
11779 2467
2467 11779
11779 3127
3127 11779
11779 4735
4735 11779
11779 11779
11779 11779
11817 1313
1313 11817
11817 2558
2558 11817
11817 11817
11817 11817
11817 13406
13406 11817
11819 11715
11715 11819
11840 2655
2655 11840
11840 5286
5286 11840
11840 11840
11840 11840
11840 18056
18056 11840
11861 498
498 11861
11861 833
833 11861
11861 5600
5600 11861
11861 11313
11313 11861
11861 11861
11861 11861
11861 15450
15450 11861
11861 19140
19140 11861
11967 287
287 11967
11967 11967
11967 11967
12053 5051
5051 12053
12067 5148
5148 12067
12067 12067
12067 12067
12117 287
287 12117
12117 2387
2387 12117
12117 6049
6049 12117
12135 145
145 12135
12135 441
441 12135
12135 642
642 12135
12135 1312
1312 12135
12135 1323
1323 12135
12135 2008
2008 12135
12135 2443
2443 12135
12135 3428
3428 12135
12135 4242
4242 12135
12135 5017
5017 12135
12135 5070
5070 12135
12135 5132
5132 12135
12135 5174
5174 12135
12135 5275
5275 12135
12135 5290
5290 12135
12135 6557
6557 12135
12135 14969
14969 12135
12197 9239
9239 12197
12358 337
337 12358
12358 1405
1405 12358
12358 2961
2961 12358
12358 5105
5105 12358
12358 6806
6806 12358
12358 12358
12358 12358
12375 4685
4685 12375
12411 5901
5901 12411
12432 4029
4029 12432
12510 24682
24682 12510
12539 16018
16018 12539
12588 23298
23298 12588
12720 12720
12720 12720
12720 22598
22598 12720
12834 2811
2811 12834
12855 14387
14387 12855
12870 833
833 12870
12870 3067
3067 12870
12870 4568
4568 12870
12870 5137
5137 12870
12870 6049
6049 12870
12870 6850
6850 12870
12870 12870
12870 12870
12870 20778
20778 12870
12874 9057
9057 12874
12874 17062
17062 12874
12891 6806
6806 12891
12900 5136
5136 12900
12900 5168
5168 12900
12900 6811
6811 12900
12900 19440
19440 12900
12900 22167
22167 12900
12964 3528
3528 12964
12964 12964
12964 12964
12964 18602
18602 12964
13003 4607
4607 13003
13003 5078
5078 13003
13003 5089
5089 13003
13027 642
642 13027
13027 3528
3528 13027
13027 13027
13027 13027
13027 20058
20058 13027
13065 4844
4844 13065
13065 4915
4915 13065
13065 5126
5126 13065
13099 5217
5217 13099
13181 1551
1551 13181
13181 2999
2999 13181
13181 4125
4125 13181
13181 5026
5026 13181
13181 5299
5299 13181
13181 21954
21954 13181
13184 721
721 13184
13184 3637
3637 13184
13184 4542
4542 13184
13184 4607
4607 13184
13184 5038
5038 13184
13184 5040
5040 13184
13184 5049
5049 13184
13184 5145
5145 13184
13184 5192
5192 13184
13184 13184
13184 13184
13191 4844
4844 13191
13191 13191
13191 13191
13196 255
255 13196
13196 5158
5158 13196
13196 19946
19946 13196
13270 498
498 13270
13270 4406
4406 13270
13270 6049
6049 13270
13270 11861
11861 13270
13270 13191
13191 13270
13336 3657
3657 13336
13337 18602
18602 13337
13370 14969
14969 13370
13370 17113
17113 13370
13370 24568
24568 13370
13379 13379
13379 13379
13383 671
671 13383
13383 902
902 13383
13383 5106
5106 13383
13383 5247
5247 13383
13383 5539
5539 13383
13383 9724
9724 13383
13383 24682
24682 13383
13406 231
231 13406
13406 642
642 13406
13406 1183
1183 13406
13406 4844
4844 13406
13406 5096
5096 13406
13406 5141
5141 13406
13406 5157
5157 13406
13406 5222
5222 13406
13406 9842
9842 13406
13406 13191
13191 13406
13406 13406
13406 13406
13406 18698
18698 13406
13406 19379
19379 13406
13406 23407
23407 13406
13431 5600
5600 13431
13431 18602
18602 13431
13466 8147
8147 13466
13466 13466
13466 13466
13483 4920
4920 13483
13483 9776
9776 13483
13601 1405
1405 13601
13601 7410
7410 13601
13637 13637
13637 13637
13652 24519
24519 13652
13662 172
172 13662
13662 5011
5011 13662
13662 5298
5298 13662
13662 17552
17552 13662
13662 18323
18323 13662
13684 4928
4928 13684
13684 5078
5078 13684
13684 5107
5107 13684
13684 6049
6049 13684
13684 8993
8993 13684
13684 19482
19482 13684
13684 20517
20517 13684
13786 130
130 13786
13786 344
344 13786
13786 896
896 13786
13786 1781
1781 13786
13786 2202
2202 13786
13786 2242
2242 13786
13786 2831
2831 13786
13786 3206
3206 13786
13786 4568
4568 13786
13786 4685
4685 13786
13786 4928
4928 13786
13786 5002
5002 13786
13786 5011
5011 13786
13786 5019
5019 13786
13786 5026
5026 13786
13786 5028
5028 13786
13786 5149
5149 13786
13786 5168
5168 13786
13786 5233
5233 13786
13786 5260
5260 13786
13786 7971
7971 13786
13786 9776
9776 13786
13786 11460
11460 13786
13786 11669
11669 13786
13786 13184
13184 13786
13786 13191
13191 13786
13786 13786
13786 13786
13786 14888
14888 13786
13786 17675
17675 13786
13786 19059
19059 13786
13786 19140
19140 13786
13786 19437
19437 13786
13786 20242
20242 13786
13786 20817
20817 13786
13786 20917
20917 13786
13786 21699
21699 13786
13786 21899
21899 13786
13786 23298
23298 13786
13796 1038
1038 13796
13969 231
231 13969
13969 285
285 13969
13969 1422
1422 13969
13969 1432
1432 13969
13969 2811
2811 13969
13969 3749
3749 13969
13969 3920
3920 13969
13969 4125
4125 13969
13969 5089
5089 13969
13969 5166
5166 13969
13969 5196
5196 13969
13969 5253
5253 13969
13969 5600
5600 13969
13969 6961
6961 13969
13969 8107
8107 13969
13969 13969
13969 13969
13969 16388
16388 13969
13969 17097
17097 13969
13969 20726
20726 13969
13969 21040
21040 13969
13969 22134
22134 13969
13969 24322
24322 13969
14010 2767
2767 14010
14010 5247
5247 14010
14010 14189
14189 14010
14054 24349
24349 14054
14055 830
830 14055
14094 5148
5148 14094
14094 5200
5200 14094
14094 14094
14094 14094
14094 14387
14387 14094
14172 2938
2938 14172
14189 5307
5307 14189
14189 13027
13027 14189
14189 14189
14189 14189
14189 21337
21337 14189
14224 2609
2609 14224
14224 3172
3172 14224
14224 3528
3528 14224
14224 14224
14224 14224
14224 23298
23298 14224
14232 13637
13637 14232
14295 6557
6557 14295
14295 14295
14295 14295
14355 1658
1658 14355
14387 344
344 14387
14387 726
726 14387
14387 5148
5148 14387
14387 11313
11313 14387
14387 14387
14387 14387
14387 17475
17475 14387
14387 22217
22217 14387
14387 23320
23320 14387
14414 130
130 14414
14414 2438
2438 14414
14414 4568
4568 14414
14414 4968
4968 14414
14414 8996
8996 14414
14414 11313
11313 14414
14414 14414
14414 14414
14414 16018
16018 14414
14471 5203
5203 14471
14500 5135
5135 14500
14500 18602
18602 14500
14583 1951
1951 14583
14583 18619
18619 14583
14587 642
642 14587
14587 18602
18602 14587
14595 3227
3227 14595
14595 4608
4608 14595
14609 640
640 14609
14805 642
642 14805
14805 2438
2438 14805
14805 4406
4406 14805
14805 13191
13191 14805
14805 14805
14805 14805
14806 1781
1781 14806
14806 5277
5277 14806
14806 14806
14806 14806
14806 19059
19059 14806
14835 4928
4928 14835
14835 5090
5090 14835
14835 14835
14835 14835
14835 18764
18764 14835
14835 20355
20355 14835
14888 3172
3172 14888
14888 14094
14094 14888
14888 14888
14888 14888
14888 16018
16018 14888
14888 20917
20917 14888
14920 726
726 14920
14920 1318
1318 14920
14920 2463
2463 14920
14920 3295
3295 14920
14920 4542
4542 14920
14920 4870
4870 14920
14920 4937
4937 14920
14920 5086
5086 14920
14920 5126
5126 14920
14920 5127
5127 14920
14920 5175
5175 14920
14920 16843
16843 14920
14920 17338
17338 14920
14920 17706
17706 14920
14920 18602
18602 14920
14920 21192
21192 14920
14927 20726
20726 14927
14969 14969
14969 14969
14969 22276
22276 14969
14976 1462
1462 14976
15024 2343
2343 15024
15024 15024
15024 15024
15057 14587
14587 15057
15116 5081
5081 15116
15116 5206
5206 15116
15116 15116
15116 15116
15116 16591
16591 15116
15116 21225
21225 15116
15117 255
255 15117
15117 2964
2964 15117
15117 15117
15117 15117
15145 15145
15145 15145
15145 23298
23298 15145
15181 1034
1034 15181
15181 2411
2411 15181
15259 608
608 15259
15259 2811
2811 15259
15259 5205
5205 15259
15259 13969
13969 15259
15259 22167
22167 15259
15277 1605
1605 15277
15277 15277
15277 15277
15319 15319
15319 15319
15319 23956
23956 15319
15332 285
285 15332
15332 3172
3172 15332
15332 3428
3428 15332
15332 5130
5130 15332
15382 714
714 15382
15382 14805
14805 15382
15404 15404
15404 15404
15404 20355
20355 15404
15447 5017
5017 15447
15447 5034
5034 15447
15447 13637
13637 15447
15447 18602
18602 15447
15450 255
255 15450
15450 287
287 15450
15450 1741
1741 15450
15450 5409
5409 15450
15450 15450
15450 15450
15483 3705
3705 15483
15542 4928
4928 15542
15594 4252
4252 15594
15594 24331
24331 15594
15610 231
231 15610
15610 3920
3920 15610
15610 4785
4785 15610
15610 6049
6049 15610
15610 15610
15610 15610
15617 2767
2767 15617
15688 1
1 15688
15688 44
44 15688
15688 830
830 15688
15688 1822
1822 15688
15688 3227
3227 15688
15688 3620
3620 15688
15688 3765
3765 15688
15688 4242
4242 15688
15688 4607
4607 15688
15688 4862
4862 15688
15688 4928
4928 15688
15688 5201
5201 15688
15688 5600
5600 15688
15688 6049
6049 15688
15688 11669
11669 15688
15688 13184
13184 15688
15688 15688
15688 15688
15688 17675
17675 15688
15688 17880
17880 15688
15688 19059
19059 15688
15688 22134
22134 15688
15688 24682
24682 15688
15841 11157
11157 15841
15841 14969
14969 15841
15989 4955
4955 15989
16018 130
130 16018
16018 1137
1137 16018
16018 2655
2655 16018
16018 4406
4406 16018
16018 5200
5200 16018
16018 5265
5265 16018
16018 11460
11460 16018
16018 14414
14414 16018
16018 14888
14888 16018
16018 16018
16018 16018
16018 24088
24088 16018
16047 424
424 16047
16047 1137
1137 16047
16076 503
503 16076
16076 642
642 16076
16076 4701
4701 16076
16076 16076
16076 16076
16087 18602
18602 16087
16186 4685
4685 16186
16186 4889
4889 16186
16186 19882
19882 16186
16306 2700
2700 16306
16306 16306
16306 16306
16388 13969
13969 16388
16581 441
441 16581
16581 1013
1013 16581
16581 3172
3172 16581
16581 4870
4870 16581
16581 5126
5126 16581
16581 12135
12135 16581
16581 16581
16581 16581
16581 24613
24613 16581
16591 285
285 16591
16591 16591
16591 16591
16608 5027
5027 16608
16609 6806
6806 16609
16613 1141
1141 16613
16613 5031
5031 16613
16613 11077
11077 16613
16759 6557
6557 16759
16843 1140
1140 16843
16843 16843
16843 16843
16856 895
895 16856
16856 16856
16856 16856
16859 4928
4928 16859
16859 5151
5151 16859
16859 17675
17675 16859
16859 22134
22134 16859
16897 13786
13786 16897
16897 20904
20904 16897
16998 3433
3433 16998
17041 5160
5160 17041
17058 804
804 17058
17058 2540
2540 17058
17058 4920
4920 17058
17058 5135
5135 17058
17058 17062
17062 17058
17058 18719
18719 17058
17090 17090
17090 17090
17090 18602
18602 17090
17097 17097
17097 17097
17111 5030
5030 17111
17113 13370
13370 17113
17113 17113
17113 17113
17157 503
503 17157
17157 3219
3219 17157
17157 4920
4920 17157
17157 9776
9776 17157
17157 17157
17157 17157
17157 18431
18431 17157
17294 1780
1780 17294
17298 17298
17298 17298
17299 1013
1013 17299
17299 20355
20355 17299
17300 17300
17300 17300
17312 4712
4712 17312
17333 1913
1913 17333
17333 2008
2008 17333
17333 5179
5179 17333
17333 20355
20355 17333
17338 5127
5127 17338
17338 17338
17338 17338
17338 24519
24519 17338
17349 130
130 17349
17349 4406
4406 17349
17349 14414
14414 17349
17349 14835
14835 17349
17349 17349
17349 17349
17412 642
642 17412
17472 4618
4618 17472
17475 2072
2072 17475
17475 2134
2134 17475
17475 17475
17475 17475
17552 17552
17552 17552
17568 9232
9232 17568
17568 17568
17568 17568
17568 17950
17950 17568
17576 4276
4276 17576
17576 5006
5006 17576
17675 642
642 17675
17675 4406
4406 17675
17675 4862
4862 17675
17675 5175
5175 17675
17675 6095
6095 17675
17675 11460
11460 17675
17675 17675
17675 17675
17675 19140
19140 17675
17698 642
642 17698
17698 20355
20355 17698
17706 2202
2202 17706
17706 5008
5008 17706
17706 5169
5169 17706
17706 5307
5307 17706
17706 17706
17706 17706
17732 3172
3172 17732
17815 1405
1405 17815
17830 255
255 17830
17830 5087
5087 17830
17840 642
642 17840
17840 726
726 17840
17840 1430
1430 17840
17840 1951
1951 17840
17840 17299
17299 17840
17880 17880
17880 17880
17916 14806
14806 17916
17950 5014
5014 17950
17950 5188
5188 17950
17950 17568
17568 17950
17950 17950
17950 17950
18034 5224
5224 18034
18034 19901
19901 18034
18056 503
503 18056
18056 2655
2655 18056
18056 13181
13181 18056
18056 18056
18056 18056
18088 18088
18088 18088
18138 5011
5011 18138
18138 13662
13662 18138
18169 194
194 18169
18169 285
285 18169
18169 2036
2036 18169
18169 2056
2056 18169
18169 2361
2361 18169
18169 2655
2655 18169
18169 3172
3172 18169
18169 4968
4968 18169
18169 5034
5034 18169
18169 9002
9002 18169
18169 14888
14888 18169
18169 18169
18169 18169
18169 20917
20917 18169
18169 21192
21192 18169
18169 22256
22256 18169
18323 9057
9057 18323
18323 13662
13662 18323
18401 20
20 18401
18401 5295
5295 18401
18401 18401
18401 18401
18401 24695
24695 18401
18426 1038
1038 18426
18428 1846
1846 18428
18428 18602
18602 18428
18438 2609
2609 18438
18438 14387
14387 18438
18438 18438
18438 18438
18449 5028
5028 18449
18449 24252
24252 18449
18574 130
130 18574
18574 642
642 18574
18574 5124
5124 18574
18574 9776
9776 18574
18602 194
194 18602
18602 348
348 18602
18602 642
642 18602
18602 726
726 18602
18602 2134
2134 18602
18602 2443
2443 18602
18602 2700
2700 18602
18602 2938
2938 18602
18602 3113
3113 18602
18602 3428
3428 18602
18602 3792
3792 18602
18602 4546
4546 18602
18602 4883
4883 18602
18602 4920
4920 18602
18602 5014
5014 18602
18602 5017
5017 18602
18602 5100
5100 18602
18602 5114
5114 18602
18602 5135
5135 18602
18602 5290
5290 18602
18602 12964
12964 18602
18602 14587
14587 18602
18602 17090
17090 18602
18602 18428
18428 18602
18602 18602
18602 18602
18602 19946
19946 18602
18602 20355
20355 18602
18602 20778
20778 18602
18602 20812
20812 18602
18602 22651
22651 18602
18602 24452
24452 18602
18602 24519
24519 18602
18619 1221
1221 18619
18619 2790
2790 18619
18619 3219
3219 18619
18619 4018
4018 18619
18619 5010
5010 18619
18619 5034
5034 18619
18619 5151
5151 18619
18619 5224
5224 18619
18619 5291
5291 18619
18619 6937
6937 18619
18619 8975
8975 18619
18619 11698
11698 18619
18619 13184
13184 18619
18619 14583
14583 18619
18619 17090
17090 18619
18619 18602
18602 18619
18619 20774
20774 18619
18619 22276
22276 18619
18689 255
255 18689
18689 642
642 18689
18689 2134
2134 18689
18689 5034
5034 18689
18689 5120
5120 18689
18689 5241
5241 18689
18689 5296
5296 18689
18689 19149
19149 18689
18689 24018
24018 18689
18698 4701
4701 18698
18698 13406
13406 18698
18698 18698
18698 18698
18719 18719
18719 18719
18771 15231
15231 18771
18822 830
830 18822
18869 20778
20778 18869
18917 2831
2831 18917
18917 4724
4724 18917
18917 11698
11698 18917
18917 18917
18917 18917
18919 1846
1846 18919
18919 5203
5203 18919
18940 337
337 18940
18940 6961
6961 18940
18940 18940
18940 18940
19059 876
876 19059
19059 1939
1939 19059
19059 4046
4046 19059
19059 4406
4406 19059
19059 5011
5011 19059
19059 5190
5190 19059
19059 5265
5265 19059
19059 8996
8996 19059
19059 16018
16018 19059
19059 17300
17300 19059
19059 17349
17349 19059
19059 19059
19059 19059
19059 19901
19901 19059
19059 19946
19946 19059
19059 22708
22708 19059
19087 2202
2202 19087
19087 3574
3574 19087
19087 5181
5181 19087
19087 14387
14387 19087
19087 17729
17729 19087
19087 19087
19087 19087
19090 19802
19802 19090
19140 11577
11577 19140
19140 18056
18056 19140
19140 19140
19140 19140
19149 255
255 19149
19149 285
285 19149
19149 642
642 19149
19149 1462
1462 19149
19149 4920
4920 19149
19149 13489
13489 19149
19149 19149
19149 19149
19149 21699
21699 19149
19165 24721
24721 19165
19301 44
44 19301
19301 19301
19301 19301
19301 21225
21225 19301
19355 642
642 19355
19355 5116
5116 19355
19355 19355
19355 19355
19379 2036
2036 19379
19379 4121
4121 19379
19379 13406
13406 19379
19421 11698
11698 19421
19421 19421
19421 19421
19421 24498
24498 19421
19438 1312
1312 19438
19438 2540
2540 19438
19438 4242
4242 19438
19438 4735
4735 19438
19438 5205
5205 19438
19438 14295
14295 19438
19438 14806
14806 19438
19438 18088
18088 19438
19438 18602
18602 19438
19438 19901
19901 19438
19438 23254
23254 19438
19440 285
285 19440
19454 1462
1462 19454
19454 1551
1551 19454
19454 2507
2507 19454
19454 5151
5151 19454
19454 8993
8993 19454
19454 19454
19454 19454
19469 19730
19730 19469
19480 11313
11313 19480
19482 6049
6049 19482
19482 13969
13969 19482
19554 2036
2036 19554
19554 2050
2050 19554
19554 3749
3749 19554
19554 4458
4458 19554
19554 5118
5118 19554
19554 5126
5126 19554
19554 9239
9239 19554
19554 19554
19554 19554
19554 21954
21954 19554
19622 4703
4703 19622
19683 19730
19730 19683
19685 5055
5055 19685
19685 19685
19685 19685
19730 454
454 19730
19730 1137
1137 19730
19730 2438
2438 19730
19730 3172
3172 19730
19730 4237
4237 19730
19730 4274
4274 19730
19730 4568
4568 19730
19730 4724
4724 19730
19730 5066
5066 19730
19730 5224
5224 19730
19730 8102
8102 19730
19730 9724
9724 19730
19730 11861
11861 19730
19730 19140
19140 19730
19730 19469
19469 19730
19730 19730
19730 19730
19730 24479
24479 19730
19730 24584
24584 19730
19802 19802
19802 19802
19802 21634
21634 19802
19870 1141
1141 19870
19870 3824
3824 19870
19870 4242
4242 19870
19870 4884
4884 19870
19870 5086
5086 19870
19870 5101
5101 19870
19870 5175
5175 19870
19870 13786
13786 19870
19870 19870
19870 19870
19871 19985
19985 19871
19878 5069
5069 19878
19883 642
642 19883
19886 19886
19886 19886
19901 865
865 19901
19901 1430
1430 19901
19901 1462
1462 19901
19901 1665
1665 19901
19901 2243
2243 19901
19901 2629
2629 19901
19901 2992
2992 19901
19901 4735
4735 19901
19901 4920
4920 19901
19901 5113
5113 19901
19901 5126
5126 19901
19901 5168
5168 19901
19901 5186
5186 19901
19901 5243
5243 19901
19901 5288
5288 19901
19901 13637
13637 19901
19901 15332
15332 19901
19901 16076
16076 19901
19901 18034
18034 19901
19901 19059
19059 19901
19901 19901
19901 19901
19901 20817
20817 19901
19915 2202
2202 19915
19946 642
642 19946
19946 19946
19946 19946
19961 3803
3803 19961
19985 4870
4870 19985
19985 22209
22209 19985
20058 1999
1999 20058
20058 3415
3415 20058
20058 4889
4889 20058
20058 4979
4979 20058
20058 5034
5034 20058
20058 20058
20058 20058
20058 24442
24442 20058
20061 20061
20061 20061
20242 130
130 20242
20242 524
524 20242
20242 556
556 20242
20242 2384
2384 20242
20242 2413
2413 20242
20242 2467
2467 20242
20242 2655
2655 20242
20242 4125
4125 20242
20242 4237
4237 20242
20242 4406
4406 20242
20242 5039
5039 20242
20242 16018
16018 20242
20242 19140
19140 20242
20242 20242
20242 20242
20276 16067
16067 20276
20285 4928
4928 20285
20285 10121
10121 20285
20285 20285
20285 20285
20285 20355
20355 20285
20292 2695
2695 20292
20355 149
149 20355
20355 255
255 20355
20355 269
269 20355
20355 623
623 20355
20355 642
642 20355
20355 1312
1312 20355
20355 1551
1551 20355
20355 2143
2143 20355
20355 2467
2467 20355
20355 3206
3206 20355
20355 5096
5096 20355
20355 5202
5202 20355
20355 5252
5252 20355
20355 6961
6961 20355
20355 9842
9842 20355
20355 11157
11157 20355
20355 13099
13099 20355
20355 17062
17062 20355
20355 17698
17698 20355
20355 18449
18449 20355
20355 18602
18602 20355
20355 20285
20285 20355
20355 20355
20355 20355
20355 20889
20889 20355
20355 22708
22708 20355
20355 23254
23254 20355
20355 24393
24393 20355
20355 24596
24596 20355
20512 255
255 20512
20512 4125
4125 20512
20512 8996
8996 20512
20512 20512
20512 20512
20512 24721
24721 20512
20517 498
498 20517
20517 4319
4319 20517
20517 4869
4869 20517
20517 11460
11460 20517
20517 11577
11577 20517
20517 13181
13181 20517
20517 20517
20517 20517
20705 11657
11657 20705
20705 20705
20705 20705
20726 20726
20726 20726
20762 20762
20762 20762
20812 3574
3574 20812
20812 9025
9025 20812
20812 11727
11727 20812
20812 20778
20778 20812
20817 1430
1430 20817
20817 3113
3113 20817
20817 4282
4282 20817
20817 4920
4920 20817
20817 5055
5055 20817
20817 5086
5086 20817
20817 5124
5124 20817
20817 5186
5186 20817
20817 13786
13786 20817
20817 19685
19685 20817
20817 19901
19901 20817
20817 20817
20817 20817
20817 24519
24519 20817
20883 642
642 20883
20883 5120
5120 20883
20883 18602
18602 20883
20889 20355
20355 20889
20897 3838
3838 20897
20904 3554
3554 20904
20904 5148
5148 20904
20904 5214
5214 20904
20904 10791
10791 20904
20904 13184
13184 20904
20904 22708
22708 20904
20917 20917
20917 20917
21058 1913
1913 21058
21058 17706
17706 21058
21079 312
312 21079
21079 1676
1676 21079
21079 5224
5224 21079
21079 5230
5230 21079
21079 6806
6806 21079
21079 6811
6811 21079
21079 14295
14295 21079
21192 117
117 21192
21192 2609
2609 21192
21192 20778
20778 21192
21194 7410
7410 21194
21213 2384
2384 21213
21225 0
0 21225
21225 15116
15116 21225
21225 19301
19301 21225
21225 21225
21225 21225
21227 18650
18650 21227
21233 13552
13552 21233
21240 1264
1264 21240
21240 5173
5173 21240
21240 11077
11077 21240
21240 21240
21240 21240
21300 4332
4332 21300
21300 5047
5047 21300
21300 21300
21300 21300
21300 24438
24438 21300
21337 642
642 21337
21337 1667
1667 21337
21337 21337
21337 21337
21394 4950
4950 21394
21394 21394
21394 21394
21402 2573
2573 21402
21434 271
271 21434
21434 424
424 21434
21634 2592
2592 21634
21699 866
866 21699
21699 896
896 21699
21699 917
917 21699
21699 934
934 21699
21699 1137
1137 21699
21699 1374
1374 21699
21699 1551
1551 21699
21699 1781
1781 21699
21699 1913
1913 21699
21699 2036
2036 21699
21699 2242
2242 21699
21699 2384
2384 21699
21699 2871
2871 21699
21699 2997
2997 21699
21699 3051
3051 21699
21699 3172
3172 21699
21699 3206
3206 21699
21699 3528
3528 21699
21699 4029
4029 21699
21699 4332
4332 21699
21699 4473
4473 21699
21699 4667
4667 21699
21699 4715
4715 21699
21699 4844
4844 21699
21699 4968
4968 21699
21699 5055
5055 21699
21699 5076
5076 21699
21699 5085
5085 21699
21699 5096
5096 21699
21699 5127
5127 21699
21699 5148
5148 21699
21699 5152
5152 21699
21699 5175
5175 21699
21699 5185
5185 21699
21699 5233
5233 21699
21699 5259
5259 21699
21699 5275
5275 21699
21699 7778
7778 21699
21699 7923
7923 21699
21699 8996
8996 21699
21699 11577
11577 21699
21699 12067
12067 21699
21699 13406
13406 21699
21699 14094
14094 21699
21699 14224
14224 21699
21699 14835
14835 21699
21699 14888
14888 21699
21699 15450
15450 21699
21699 18169
18169 21699
21699 18719
18719 21699
21699 20778
20778 21699
21699 20904
20904 21699
21699 21699
21699 21699
21699 21899
21899 21699
21699 22276
22276 21699
21699 23219
23219 21699
21699 23407
23407 21699
21702 5296
5296 21702
21739 24405
24405 21739
21786 287
287 21786
21786 1913
1913 21786
21786 2056
2056 21786
21786 5125
5125 21786
21786 21786
21786 21786
21786 23472
23472 21786
21786 24672
24672 21786
21800 4276
4276 21800
21800 11967
11967 21800
21800 24499
24499 21800
21823 17113
17113 21823
21872 5294
5294 21872
21872 21872
21872 21872
21878 4449
4449 21878
21899 255
255 21899
21899 2629
2629 21899
21899 19901
19901 21899
21919 2361
2361 21919
21919 8975
8975 21919
21919 21786
21786 21919
21926 14387
14387 21926
21926 19059
19059 21926
21926 21926
21926 21926
21954 1137
1137 21954
21954 3172
3172 21954
21954 4735
4735 21954
21954 7648
7648 21954
21954 21699
21699 21954
21954 21954
21954 21954
21954 23085
23085 21954
21954 24088
24088 21954
21954 24596
24596 21954
22092 5109
5109 22092
22092 5236
5236 22092
22134 1822
1822 22134
22134 3610
3610 22134
22134 4308
4308 22134
22134 5045
5045 22134
22134 5230
5230 22134
22134 7410
7410 22134
22134 11503
11503 22134
22134 13969
13969 22134
22134 15688
15688 22134
22134 22134
22134 22134
22208 11698
11698 22208
22208 22208
22208 22208
22209 642
642 22209
22209 2304
2304 22209
22209 3295
3295 22209
22209 4542
4542 22209
22209 4685
4685 22209
22209 4870
4870 22209
22209 5180
5180 22209
22209 10811
10811 22209
22209 18034
18034 22209
22209 19985
19985 22209
22209 21300
21300 22209
22209 22651
22651 22209
22209 24438
24438 22209
22217 14387
14387 22217
22256 18169
18169 22256
22265 4563
4563 22265
22276 596
596 22276
22276 2540
2540 22276
22276 4663
4663 22276
22276 4715
4715 22276
22276 4920
4920 22276
22276 5010
5010 22276
22276 5127
5127 22276
22276 10299
10299 22276
22276 22276
22276 22276
22276 24226
24226 22276
22341 2384
2384 22341
22341 4126
4126 22341
22341 4568
4568 22341
22341 5009
5009 22341
22341 10791
10791 22341
22341 19140
19140 22341
22513 830
830 22513
22513 5029
5029 22513
22598 503
503 22598
22598 5011
5011 22598
22708 4844
4844 22708
22708 13406
13406 22708
22708 18602
18602 22708
22708 20355
20355 22708
22708 22708
22708 22708
22730 2497
2497 22730
22730 5213
5213 22730
22807 642
642 22807
22807 5010
5010 22807
22807 5034
5034 22807
22807 18602
18602 22807
22807 22807
22807 22807
22882 405
405 22882
22882 2115
2115 22882
22882 3172
3172 22882
22882 3292
3292 22882
22882 4807
4807 22882
22882 4984
4984 22882
22882 5260
5260 22882
22882 13500
13500 22882
22882 16847
16847 22882
22882 19698
19698 22882
22882 22882
22882 22882
23039 24156
24156 23039
23085 2134
2134 23085
23085 4724
4724 23085
23085 5136
5136 23085
23085 11460
11460 23085
23085 23085
23085 23085
23130 231
231 23130
23130 4334
4334 23130
23130 4735
4735 23130
23130 5205
5205 23130
23130 8147
8147 23130
23130 13466
13466 23130
23219 2307
2307 23219
23219 23219
23219 23219
23226 596
596 23226
23226 2202
2202 23226
23226 4920
4920 23226
23226 13905
13905 23226
23226 17706
17706 23226
23298 23298
23298 23298
23320 10811
10811 23320
23320 23320
23320 23320
23348 115
115 23348
23348 642
642 23348
23348 4685
4685 23348
23348 5044
5044 23348
23348 5077
5077 23348
23348 5275
5275 23348
23348 7923
7923 23348
23348 8975
8975 23348
23348 23348
23348 23348
23348 24033
24033 23348
23348 24445
24445 23348
23348 24519
24519 23348
23407 5148
5148 23407
23535 344
344 23535
23535 5047
5047 23535
23535 5214
5214 23535
23535 11700
11700 23535
23535 19946
19946 23535
23535 21300
21300 23535
23535 23535
23535 23535
23744 4125
4125 23744
23904 23904
23904 23904
23906 2036
2036 23906
23921 255
255 23921
23921 5294
5294 23921
23921 23921
23921 23921
23927 4276
4276 23927
23927 4736
4736 23927
23933 3431
3431 23933
23933 4685
4685 23933
23943 24132
24132 23943
23946 24682
24682 23946
23956 1951
1951 23956
23956 15319
15319 23956
23956 23956
23956 23956
23996 6991
6991 23996
24033 287
287 24033
24033 5044
5044 24033
24033 5148
5148 24033
24033 5299
5299 24033
24033 7405
7405 24033
24033 8091
8091 24033
24033 14224
14224 24033
24033 18602
18602 24033
24033 20355
20355 24033
24033 21192
21192 24033
24033 23348
23348 24033
24033 24033
24033 24033
24033 24156
24156 24033
24033 24494
24494 24033
24037 6177
6177 24037
24037 20285
20285 24037
24088 1137
1137 24088
24088 1221
1221 24088
24088 2655
2655 24088
24088 4125
4125 24088
24088 4568
4568 24088
24088 4968
4968 24088
24088 5154
5154 24088
24088 5216
5216 24088
24088 5238
5238 24088
24088 5259
5259 24088
24088 6006
6006 24088
24088 11313
11313 24088
24088 11861
11861 24088
24088 13191
13191 24088
24088 19140
19140 24088
24088 21954
21954 24088
24088 24088
24088 24088
24127 19149
19149 24127
24127 24519
24519 24127
24132 23943
23943 24132
24132 24132
24132 24132
24133 194
194 24133
24133 285
285 24133
24133 2202
2202 24133
24133 4870
4870 24133
24133 5069
5069 24133
24152 1789
1789 24152
24152 2413
2413 24152
24152 24152
24152 24152
24156 3172
3172 24156
24156 24156
24156 24156
24167 1551
1551 24167
24167 9239
9239 24167
24191 4542
4542 24191
24191 24191
24191 24191
24224 5077
5077 24224
24224 5121
5121 24224
24224 24224
24224 24224
24226 633
633 24226
24226 3934
3934 24226
24226 4715
4715 24226
24226 5017
5017 24226
24226 5030
5030 24226
24226 5038
5038 24226
24226 5127
5127 24226
24226 5151
5151 24226
24226 5180
5180 24226
24226 5291
5291 24226
24226 14976
14976 24226
24226 15319
15319 24226
24226 17111
17111 24226
24226 18602
18602 24226
24226 22276
22276 24226
24226 23219
23219 24226
24226 24226
24226 24226
24250 16
16 24250
24250 642
642 24250
24250 5044
5044 24250
24252 212
212 24252
24252 255
255 24252
24252 337
337 24252
24252 503
503 24252
24252 1551
1551 24252
24252 2036
2036 24252
24252 2050
2050 24252
24252 2384
2384 24252
24252 3172
3172 24252
24252 4406
4406 24252
24252 4928
4928 24252
24252 5051
5051 24252
24252 5901
5901 24252
24252 8363
8363 24252
24252 9002
9002 24252
24252 14387
14387 24252
24252 14835
14835 24252
24252 16047
16047 24252
24252 17062
17062 24252
24252 20242
20242 24252
24252 24252
24252 24252
24281 17066
17066 24281
24322 9239
9239 24322
24349 24349
24349 24349
24349 24626
24626 24349
24381 11313
11313 24381
24383 642
642 24383
24383 2343
2343 24383
24393 212
212 24393
24393 2036
2036 24393
24393 3172
3172 24393
24393 10811
10811 24393
24393 11460
11460 24393
24393 11756
11756 24393
24393 17003
17003 24393
24393 18169
18169 24393
24393 20355
20355 24393
24393 23298
23298 24393
24399 24399
24399 24399
24399 24519
24519 24399
24404 9002
9002 24404
24404 24033
24033 24404
24405 14583
14583 24405
24405 24405
24405 24405
24409 10299
10299 24409
24409 18650
18650 24409
24438 21300
21300 24438
24438 24438
24438 24438
24442 5034
5034 24442
24442 13003
13003 24442
24442 24442
24442 24442
24451 1038
1038 24451
24452 642
642 24452
24452 830
830 24452
24452 4018
4018 24452
24452 5014
5014 24452
24452 5127
5127 24452
24452 18602
18602 24452
24452 24452
24452 24452
24460 644
644 24460
24460 1038
1038 24460
24460 4928
4928 24460
24463 5143
5143 24463
24469 6557
6557 24469
24469 11817
11817 24469
24474 726
726 24474
24474 4928
4928 24474
24474 17066
17066 24474
24479 4125
4125 24479
24479 19730
19730 24479
24479 24479
24479 24479
24494 5137
5137 24494
24494 24494
24494 24494
24498 19421
19421 24498
24502 1089
1089 24502
24502 9239
9239 24502
24518 5021
5021 24518
24518 24518
24518 24518
24519 19881
19881 24519
24519 24519
24519 24519
24526 385
385 24526
24526 7648
7648 24526
24526 15450
15450 24526
24526 18619
18619 24526
24526 19901
19901 24526
24531 24601
24601 24531
24555 14189
14189 24555
24568 642
642 24568
24568 5034
5034 24568
24568 13370
13370 24568
24599 24266
24266 24599
24599 24599
24599 24599
24601 5211
5211 24601
24601 5258
5258 24601
24601 18771
18771 24601
24613 1013
1013 24613
24613 24613
24613 24613
24637 12874
12874 24637
24640 11698
11698 24640
24672 21786
21786 24672
24676 16856
16856 24676
24676 19454
19454 24676
24682 3227
3227 24682
24682 4183
4183 24682
24682 4889
4889 24682
24682 5006
5006 24682
24682 5078
5078 24682
24682 5247
5247 24682
24682 5254
5254 24682
24682 14595
14595 24682
24682 15688
15688 24682
24682 20058
20058 24682
24682 21927
21927 24682
24682 23946
23946 24682
24682 24682
24682 24682
24693 7648
7648 24693
24695 3637
3637 24695
24695 5030
5030 24695
24695 5040
5040 24695
24707 5300
5300 24707
24707 24707
24707 24707
24710 5029
5029 24710
24710 11313
11313 24710
24710 12067
12067 24710
24710 13191
13191 24710
24710 14387
14387 24710
24710 15450
15450 24710
24710 19140
19140 24710
24721 13726
13726 24721
24721 19165
19165 24721
24721 24721
24721 24721
24737 2384
2384 24737
