1 1
1 1
21 21
21 21
21 7471
7471 21
44 44
44 44
44 1676
1676 44
44 3657
3657 44
44 3944
3944 44
44 6459
6459 44
44 8576
8576 44
44 8632
8632 44
44 11669
11669 44
44 13684
13684 44
44 20594
20594 44
44 24313
24313 44
44 24657
24657 44
54 54
54 54
54 8421
8421 54
54 18602
18602 54
115 115
115 115
115 7022
7022 115
115 7388
7388 115
115 8413
8413 115
115 8433
8433 115
115 8464
8464 115
115 8555
8555 115
115 8565
8565 115
115 22513
22513 115
119 119
119 119
125 4928
4928 125
125 17840
17840 125
149 149
149 149
149 642
642 149
149 6707
6707 149
149 19438
19438 149
155 155
155 155
155 836
836 155
155 3275
3275 155
155 6167
6167 155
155 6494
6494 155
155 6735
6735 155
155 21702
21702 155
155 23348
23348 155
155 24174
24174 155
156 6027
6027 156
165 165
165 165
172 172
172 172
194 1842
1842 194
194 5946
5946 194
194 7343
7343 194
198 18457
18457 198
212 1235
1235 212
213 833
833 213
213 1846
1846 213
213 8565
8565 213
231 231
231 231
231 5089
5089 231
231 5517
5517 231
231 7955
7955 231
231 8289
8289 231
231 11955
11955 231
231 13601
13601 231
231 14806
14806 231
231 16976
16976 231
231 19870
19870 231
252 4014
4014 252
252 8735
8735 252
255 255
255 255
255 2387
2387 255
255 3554
3554 255
255 4242
4242 255
255 5703
5703 255
255 5946
5946 255
255 6121
6121 255
255 6124
6124 255
255 7540
7540 255
255 7759
7759 255
255 8567
8567 255
255 8686
8686 255
255 8714
8714 255
255 11881
11881 255
255 12900
12900 255
255 13518
13518 255
255 13969
13969 255
255 14195
14195 255
255 16601
16601 255
255 18457
18457 255
255 19138
19138 255
255 21919
21919 255
255 23221
23221 255
269 24288
24288 269
271 4153
4153 271
271 21457
21457 271
275 12900
12900 275
287 7457
7457 287
287 8430
8430 287
287 8572
8572 287
287 13211
13211 287
312 6049
6049 312
320 320
320 320
320 4417
4417 320
320 6976
6976 320
320 8449
8449 320
320 8661
8661 320
320 14224
14224 320
331 14583
14583 331
335 21457
21457 335
348 8634
8634 348
348 14224
14224 348
349 349
349 349
349 2423
2423 349
349 4638
4638 349
349 5072
5072 349
349 8394
8394 349
349 16892
16892 349
349 20292
20292 349
349 21240
21240 349
349 22265
22265 349
349 24451
24451 349
375 255
255 375
386 19438
19438 386
386 21786
21786 386
394 394
394 394
395 395
395 395
395 17695
17695 395
395 18574
18574 395
412 5816
5816 412
412 8498
8498 412
412 24565
24565 412
437 23912
23912 437
438 438
438 438
438 1760
1760 438
438 8591
8591 438
465 6997
6997 465
465 7858
7858 465
491 8353
8353 491
501 15145
15145 501
503 503
503 503
503 2197
2197 503
503 6593
6593 503
503 15594
15594 503
524 524
524 524
525 8510
8510 525
540 9025
9025 540
540 12977
12977 540
540 13448
13448 540
545 14232
14232 545
572 4154
4154 572
572 4811
4811 572
572 7022
7022 572
576 576
576 576
576 8102
8102 576
596 596
596 596
596 6424
6424 596
596 8108
8108 596
596 8352
8352 596
596 8418
8418 596
596 8460
8460 596
596 8630
8630 596
596 11929
11929 596
601 1846
1846 601
601 2411
2411 601
601 3192
3192 601
601 5702
5702 601
601 6248
6248 601
601 8023
8023 601
601 8306
8306 601
601 9057
9057 601
601 21192
21192 601
608 608
608 608
610 4920
4920 610
616 2487
2487 616
622 3168
3168 622
622 3947
3947 622
623 503
503 623
623 1846
1846 623
623 2831
2831 623
623 3986
3986 623
623 4154
4154 623
623 8527
8527 623
623 8546
8546 623
623 8553
8553 623
623 8652
8652 623
623 8653
8653 623
623 24174
24174 623
623 24404
24404 623
623 24568
24568 623
623 24657
24657 623
640 640
640 640
642 149
149 642
642 642
642 642
642 714
714 642
642 1001
1001 642
642 1221
1221 642
642 1578
1578 642
642 1816
1816 642
642 1846
1846 642
642 1951
1951 642
642 2015
2015 642
642 2361
2361 642
642 4066
4066 642
642 4539
4539 642
642 4663
4663 642
642 4751
4751 642
642 4854
4854 642
642 5429
5429 642
642 6227
6227 642
642 6589
6589 642
642 6861
6861 642
642 6937
6937 642
642 7037
7037 642
642 7529
7529 642
642 7855
7855 642
642 7955
7955 642
642 8433
8433 642
642 8467
8467 642
642 8468
8468 642
642 8516
8516 642
642 8560
8560 642
642 8562
8562 642
642 8565
8565 642
642 8585
8585 642
642 8614
8614 642
642 8641
8641 642
642 8648
8648 642
642 8658
8658 642
642 8673
8673 642
642 8710
8710 642
642 9025
9025 642
642 11569
11569 642
642 11579
11579 642
642 12005
12005 642
642 12894
12894 642
642 14583
14583 642
642 14738
14738 642
642 15588
15588 642
642 20355
20355 642
642 22276
22276 642
642 24568
24568 642
642 24657
24657 642
642 24707
24707 642
642 24734
24734 642
644 644
644 644
656 656
656 656
656 8102
8102 656
666 8587
8587 666
701 671
671 701
701 2831
2831 701
701 8353
8353 701
701 8658
8658 701
702 18689
18689 702
704 18602
18602 704
714 7921
7921 714
714 13214
13214 714
714 20517
20517 714
726 656
656 726
726 726
726 726
726 3153
3153 726
726 3223
3223 726
726 6211
6211 726
726 8567
8567 726
726 8617
8617 726
726 8636
8636 726
726 8675
8675 726
726 8753
8753 726
726 12190
12190 726
726 19946
19946 726
726 21020
21020 726
726 24288
24288 726
737 442
442 737
737 6836
6836 737
737 8472
8472 737
737 8691
8691 737
737 8718
8718 737
764 5311
5311 764
776 17276
17276 776
776 24174
24174 776
804 804
804 804
804 8984
8984 804
804 19438
19438 804
814 1667
1667 814
814 16303
16303 814
830 115
115 830
830 830
830 830
830 833
833 830
830 9713
9713 830
833 213
213 833
833 830
830 833
833 833
833 833
833 8739
8739 833
833 11488
11488 833
833 16608
16608 833
833 23348
23348 833
836 836
836 836
865 21356
21356 865
866 8671
8671 866
866 11700
11700 866
866 14806
14806 866
876 3736
3736 876
876 4242
4242 876
876 8449
8449 876
891 891
891 891
895 895
895 895
895 4399
4399 895
895 6049
6049 895
895 6201
6201 895
895 7292
7292 895
895 21786
21786 895
906 5036
5036 906
906 8262
8262 906
906 19772
19772 906
917 917
917 917
929 165
165 929
929 929
929 929
929 5112
5112 929
929 8449
8449 929
929 8554
8554 929
929 8692
8692 929
929 11700
11700 929
929 13184
13184 929
929 18602
18602 929
929 19730
19730 929
929 22598
22598 929
934 934
934 934
934 2997
2997 934
934 24393
24393 934
946 946
946 946
946 8984
8984 946
962 962
962 962
962 5682
5682 962
986 24226
24226 986
1001 642
642 1001
1001 1001
1001 1001
1001 1846
1846 1001
1001 2134
2134 1001
1001 8463
8463 1001
1013 1013
1013 1013
1013 3363
3363 1013
1013 4121
4121 1013
1013 4370
4370 1013
1013 4567
4567 1013
1013 6201
6201 1013
1013 7617
7617 1013
1013 7695
7695 1013
1013 8606
8606 1013
1013 11353
11353 1013
1018 3610
3610 1018
1018 7037
7037 1018
1038 2411
2411 1038
1063 1063
1063 1063
1063 3506
3506 1063
1063 18689
18689 1063
1097 3172
3172 1097
1105 4876
4876 1105
1105 6578
6578 1105
1105 6937
6937 1105
1105 7681
7681 1105
1105 8438
8438 1105
1105 8453
8453 1105
1105 8464
8464 1105
1105 14888
14888 1105
1105 15594
15594 1105
1105 18034
18034 1105
1105 18449
18449 1105
1105 18602
18602 1105
1105 24570
24570 1105
1110 8473
8473 1110
1110 8496
8496 1110
1110 8500
8500 1110
1116 8551
8551 1116
1116 24360
24360 1116
1137 830
830 1137
1137 833
833 1137
1137 1137
1137 1137
1137 1846
1846 1137
1137 2948
2948 1137
1137 3084
3084 1137
1137 3192
3192 1137
1137 3657
3657 1137
1137 3736
3736 1137
1137 3762
3762 1137
1137 5805
5805 1137
1137 6063
6063 1137
1137 6387
6387 1137
1137 6682
6682 1137
1137 7921
7921 1137
1137 8306
8306 1137
1137 8407
8407 1137
1137 8459
8459 1137
1137 8572
8572 1137
1137 8996
8996 1137
1137 9911
9911 1137
1137 11872
11872 1137
1137 12959
12959 1137
1137 22341
22341 1137
1137 22513
22513 1137
1137 24322
24322 1137
1137 24710
24710 1137
1140 1140
1140 1140
1140 1555
1555 1140
1140 2419
2419 1140
1140 4738
4738 1140
1141 714
714 1141
1141 1141
1141 1141
1141 7759
7759 1141
1148 1221
1221 1148
1158 12394
12394 1158
1167 5854
5854 1167
1215 7037
7037 1215
1215 8656
8656 1215
1220 1220
1220 1220
1221 1221
1221 1221
1221 3405
3405 1221
1221 8506
8506 1221
1221 24451
24451 1221
1235 1235
1235 1235
1235 5969
5969 1235
1244 1913
1913 1244
1244 5152
5152 1244
1244 10292
10292 1244
1244 20292
20292 1244
1260 8625
8625 1260
1286 2628
2628 1286
1312 1312
1312 1312
1312 1555
1555 1312
1312 3986
3986 1312
1312 6124
6124 1312
1312 13466
13466 1312
1312 14738
14738 1312
1312 24409
24409 1312
1313 8407
8407 1313
1333 1333
1333 1333
1346 1346
1346 1346
1346 8996
8996 1346
1346 19140
19140 1346
1346 22341
22341 1346
1354 8649
8649 1354
1383 21192
21192 1383
1403 2015
2015 1403
1403 8656
8656 1403
1403 8661
8661 1403
1403 23926
23926 1403
1407 836
836 1407
1407 5762
5762 1407
1407 8648
8648 1407
1407 24150
24150 1407
1411 891
891 1411
1411 1411
1411 1411
1411 4066
4066 1411
1411 8597
8597 1411
1430 1430
1430 1430
1430 3098
3098 1430
1430 4751
4751 1430
1430 4761
4761 1430
1430 6475
6475 1430
1430 7457
7457 1430
1430 8567
8567 1430
1430 8590
8590 1430
1430 8687
8687 1430
1430 8692
8692 1430
1430 8706
8706 1430
1430 9057
9057 1430
1430 13553
13553 1430
1430 19438
19438 1430
1430 19901
19901 1430
1430 20861
20861 1430
1430 22234
22234 1430
1430 22283
22283 1430
1430 22807
22807 1430
1430 24657
24657 1430
1466 10121
10121 1466
1495 8509
8509 1495
1504 1504
1504 1504
1504 3143
3143 1504
1532 7656
7656 1532
1538 1538
1538 1538
1538 4183
4183 1538
1538 4944
4944 1538
1538 5299
5299 1538
1538 5762
5762 1538
1538 6047
6047 1538
1538 6709
6709 1538
1538 8116
8116 1538
1538 8476
8476 1538
1538 8509
8509 1538
1538 8523
8523 1538
1538 8622
8622 1538
1538 8625
8625 1538
1538 8692
8692 1538
1538 16868
16868 1538
1538 17675
17675 1538
1542 2361
2361 1542
1543 1543
1543 1543
1543 2592
2592 1543
1555 1140
1140 1555
1569 1221
1221 1569
1581 8637
8637 1581
1581 8692
8692 1581
1632 7759
7759 1632
1639 1639
1639 1639
1639 4567
4567 1639
1639 6589
6589 1639
1654 1654
1654 1654
1654 8752
8752 1654
1658 1658
1658 1658
1658 2202
2202 1658
1658 3292
3292 1658
1658 6009
6009 1658
1658 6049
6049 1658
1658 6201
6201 1658
1658 6811
6811 1658
1658 7759
7759 1658
1658 8595
8595 1658
1658 8993
8993 1658
1658 13518
13518 1658
1658 21786
21786 1658
1658 21876
21876 1658
1667 814
814 1667
1667 1221
1221 1667
1667 1667
1667 1667
1667 8047
8047 1667
1667 8508
8508 1667
1676 44
44 1676
1676 1676
1676 1676
1676 6592
6592 1676
1692 714
714 1692
1692 1221
1221 1692
1692 4638
4638 1692
1692 8609
8609 1692
1692 8670
8670 1692
1692 20058
20058 1692
1716 5852
5852 1716
1740 5600
5600 1740
1740 21786
21786 1740
1760 438
438 1760
1760 1760
1760 1760
1760 6975
6975 1760
1760 8561
8561 1760
1780 1780
1780 1780
1780 2202
2202 1780
1780 5969
5969 1780
1780 7292
7292 1780
1780 7759
7759 1780
1800 1800
1800 1800
1800 19087
19087 1800
1816 8567
8567 1816
1842 44
44 1842
1842 1842
1842 1842
1842 5544
5544 1842
1842 6592
6592 1842
1842 8473
8473 1842
1842 11503
11503 1842
1842 11657
11657 1842
1842 19172
19172 1842
1842 20285
20285 1842
1842 24492
24492 1842
1842 24682
24682 1842
1846 155
155 1846
1846 642
642 1846
1846 714
714 1846
1846 1001
1001 1846
1846 1846
1846 1846
1846 2197
2197 1846
1846 2487
2487 1846
1846 2794
2794 1846
1846 3192
3192 1846
1846 3275
3275 1846
1846 3954
3954 1846
1846 5429
5429 1846
1846 5702
5702 1846
1846 7921
7921 1846
1846 8427
8427 1846
1846 8468
8468 1846
1846 8497
8497 1846
1846 8565
8565 1846
1846 8645
8645 1846
1846 8661
8661 1846
1846 8683
8683 1846
1846 8726
8726 1846
1846 12894
12894 1846
1846 22730
22730 1846
1846 22764
22764 1846
1846 24451
24451 1846
1865 1865
1865 1865
1899 1899
1899 1899
1899 3610
3610 1899
1899 4928
4928 1899
1899 5112
5112 1899
1899 6294
6294 1899
1899 7292
7292 1899
1899 8996
8996 1899
1899 19087
19087 1899
1899 24288
24288 1899
1901 7291
7291 1901
1913 1913
1913 1913
1913 6211
6211 1913
1913 8617
8617 1913
1921 1951
1951 1921
1934 1934
1934 1934
1934 11579
11579 1934
1951 442
442 1951
1951 917
917 1951
1951 1921
1921 1951
1951 1951
1951 1951
1951 3452
3452 1951
1951 3517
3517 1951
1951 4663
4663 1951
1951 6227
6227 1951
1951 6582
6582 1951
1951 6589
6589 1951
1951 7037
7037 1951
1951 7759
7759 1951
1951 7955
7955 1951
1951 8564
8564 1951
1951 8602
8602 1951
1951 8641
8641 1951
1951 8673
8673 1951
1951 8691
8691 1951
1951 8734
8734 1951
1951 10109
10109 1951
1951 14882
14882 1951
1951 14920
14920 1951
1951 19426
19426 1951
1951 22221
22221 1951
1951 22454
22454 1951
1951 24033
24033 1951
1999 2580
2580 1999
2014 2014
2014 2014
2014 2166
2166 2014
2014 8421
8421 2014
2014 8554
8554 2014
2014 8578
8578 2014
2014 16591
16591 2014
2014 18602
18602 2014
2014 24710
24710 2014
2015 2015
2015 2015
2036 11700
11700 2036
2056 2056
2056 2056
2134 1904
1904 2134
2134 2134
2134 2134
2134 2961
2961 2134
2134 3954
3954 2134
2134 6248
6248 2134
2134 8301
8301 2134
2134 8338
8338 2134
2134 8377
8377 2134
2134 8432
8432 2134
2134 8445
8445 2134
2134 8584
8584 2134
2134 8635
8635 2134
2134 8683
8683 2134
2134 16213
16213 2134
2134 23221
23221 2134
2148 8321
8321 2148
2153 2153
2153 2153
2166 2166
2166 2166
2166 21213
21213 2166
2194 438
438 2194
2194 1221
1221 2194
2194 1504
1504 2194
2194 1913
1913 2194
2194 2497
2497 2194
2194 3084
3084 2194
2194 4154
4154 2194
2194 7648
7648 2194
2194 7890
7890 2194
2194 8321
8321 2194
2194 8413
8413 2194
2194 8455
8455 2194
2194 8464
8464 2194
2194 8529
8529 2194
2194 8711
8711 2194
2194 11503
11503 2194
2194 12209
12209 2194
2194 13684
13684 2194
2194 16613
16613 2194
2194 18602
18602 2194
2194 20242
20242 2194
2194 24451
24451 2194
2197 155
155 2197
2197 503
503 2197
2197 642
642 2197
2197 2197
2197 2197
2197 2906
2906 2197
2197 3777
3777 2197
2197 5946
5946 2197
2197 8426
8426 2197
2197 8480
8480 2197
2197 8726
8726 2197
2197 8737
8737 2197
2197 12834
12834 2197
2197 16976
16976 2197
2197 18293
18293 2197
2197 19454
19454 2197
2197 21800
21800 2197
2202 2202
2202 2202
2202 4829
4829 2202
2207 8557
8557 2207
2215 2215
2215 2215
2239 2239
2239 2239
2239 6040
6040 2239
2239 8565
8565 2239
2239 18602
18602 2239
2239 22807
22807 2239
2242 14805
14805 2242
2242 16976
16976 2242
2304 1951
1951 2304
2307 3517
3517 2307
2307 8511
8511 2307
2307 8560
8560 2307
2307 8651
8651 2307
2307 8675
8675 2307
2307 19087
19087 2307
2307 22283
22283 2307
2335 19683
19683 2335
2361 642
642 2361
2361 714
714 2361
2361 934
934 2361
2361 1542
1542 2361
2361 2361
2361 2361
2361 4539
4539 2361
2361 6010
6010 2361
2361 7338
7338 2361
2361 8321
8321 2361
2361 8445
8445 2361
2361 8448
8448 2361
2361 8650
8650 2361
2361 15588
15588 2361
2384 1951
1951 2384
2384 2384
2384 2384
2384 8459
8459 2384
2384 24710
24710 2384
2387 87
87 2387
2387 255
255 2387
2387 934
934 2387
2387 2387
2387 2387
2387 4066
4066 2387
2387 6917
6917 2387
2387 7751
7751 2387
2387 8076
8076 2387
2387 8426
8426 2387
2387 8546
8546 2387
2387 8656
8656 2387
2387 8714
8714 2387
2387 11819
11819 2387
2387 13059
13059 2387
2387 23926
23926 2387
2392 87
87 2392
2392 6961
6961 2392
2392 24570
24570 2392
2405 2405
2405 2405
2411 1038
1038 2411
2411 2411
2411 2411
2411 5178
5178 2411
2411 8685
8685 2411
2411 8693
8693 2411
2411 12394
12394 2411
2413 2015
2015 2413
2413 2997
2997 2413
2413 3275
3275 2413
2413 7427
7427 2413
2413 7478
7478 2413
2413 8426
8426 2413
2413 8433
8433 2413
2413 8684
8684 2413
2413 12415
12415 2413
2413 13141
13141 2413
2413 16976
16976 2413
2413 19087
19087 2413
2416 2416
2416 2416
2423 2423
2423 2423
2467 2467
2467 2467
2467 5178
5178 2467
2487 642
642 2487
2487 763
763 2487
2487 1846
1846 2487
2487 2487
2487 2487
2487 2794
2794 2487
2487 3777
3777 2487
2487 5112
5112 2487
2487 5969
5969 2487
2487 6209
6209 2487
2487 6707
6707 2487
2487 7504
7504 2487
2487 8511
8511 2487
2487 8563
8563 2487
2487 8565
8565 2487
2487 8687
8687 2487
2487 11422
11422 2487
2487 12894
12894 2487
2487 12959
12959 2487
2487 22513
22513 2487
2487 22730
22730 2487
2487 22764
22764 2487
2491 1934
1934 2491
2491 19870
19870 2491
2491 19946
19946 2491
2497 115
115 2497
2497 394
394 2497
2497 642
642 2497
2497 1001
1001 2497
2497 1221
1221 2497
2497 3334
3334 2497
2497 3762
3762 2497
2497 7529
7529 2497
2497 7828
7828 2497
2497 8023
8023 2497
2497 8047
8047 2497
2497 8472
8472 2497
2497 8503
8503 2497
2497 8508
8508 2497
2497 8528
8528 2497
2497 8554
8554 2497
2497 8563
8563 2497
2497 8565
8565 2497
2497 8631
8631 2497
2497 11422
11422 2497
2497 19946
19946 2497
2497 23822
23822 2497
2497 24451
24451 2497
2497 24657
24657 2497
2499 5299
5299 2499
2499 8719
8719 2499
2508 5023
5023 2508
2508 6046
6046 2508
2516 2516
2516 2516
2580 1999
1999 2580
2581 6027
6027 2581
2583 5645
5645 2583
2583 7759
7759 2583
2592 726
726 2592
2592 1543
1543 2592
2592 2592
2592 2592
2592 3223
3223 2592
2592 4242
4242 2592
2592 5755
5755 2592
2592 5816
5816 2592
2592 6582
6582 2592
2592 6937
6937 2592
2592 8155
8155 2592
2592 8562
8562 2592
2592 18619
18619 2592
2592 19871
19871 2592
2592 20021
20021 2592
2592 24393
24393 2592
2593 6040
6040 2593
2628 2628
2628 2628
2628 23912
23912 2628
2629 2629
2629 2629
2629 6582
6582 2629
2629 8262
8262 2629
2629 14583
14583 2629
2629 18574
18574 2629
2629 21192
21192 2629
2629 22283
22283 2629
2629 22521
22521 2629
2633 891
891 2633
2633 21917
21917 2633
2633 23926
23926 2633
2658 2497
2497 2658
2658 2658
2658 2658
2682 8626
8626 2682
2699 17675
17675 2699
2700 21337
21337 2700
2701 8418
8418 2701
2701 9177
9177 2701
2736 23473
23473 2736
2811 2811
2811 2811
2831 830
830 2831
2831 2831
2831 2831
2831 5178
5178 2831
2831 8921
8921 2831
2831 21192
21192 2831
2872 8476
8476 2872
2906 2197
2197 2906
2934 966
966 2934
2934 2934
2934 2934
2934 5232
5232 2934
2934 8567
8567 2934
2934 8643
8643 2934
2934 12394
12394 2934
2934 21020
21020 2934
2934 22412
22412 2934
2934 22454
22454 2934
2934 24411
24411 2934
2939 2939
2939 2939
2939 4417
4417 2939
2948 2948
2948 2948
2961 2134
2134 2961
2961 2961
2961 2961
2984 12670
12670 2984
2997 934
934 2997
2997 2997
2997 2997
2997 8517
8517 2997
2997 8532
8532 2997
2997 8551
8551 2997
2997 8558
8558 2997
2997 8651
8651 2997
2997 9611
9611 2997
2997 13110
13110 2997
2997 15814
15814 2997
2997 19554
19554 2997
2997 22559
22559 2997
2997 24393
24393 2997
3021 4724
4724 3021
3021 6049
6049 3021
3021 8566
8566 3021
3021 16591
16591 3021
3021 24427
24427 3021
3049 115
115 3049
3049 213
213 3049
3049 1780
1780 3049
3049 1846
1846 3049
3049 3335
3335 3049
3049 8565
8565 3049
3049 8617
8617 3049
3055 3055
3055 3055
3084 3172
3172 3084
3098 3098
3098 3098
3113 8418
8418 3113
3113 8675
8675 3113
3113 8713
8713 3113
3113 13370
13370 3113
3130 2487
2487 3130
3130 8921
8921 3130
3143 1504
1504 3143
3143 3143
3143 3143
3143 7505
7505 3143
3143 14401
14401 3143
3153 726
726 3153
3153 2373
2373 3153
3153 3153
3153 3153
3153 7504
7504 3153
3153 8694
8694 3153
3153 14691
14691 3153
3153 24448
24448 3153
3168 3168
3168 3168
3172 3
3 3172
3172 3084
3084 3172
3172 3172
3172 3172
3172 3452
3452 3172
3172 5178
5178 3172
3172 5530
5530 3172
3172 6917
6917 3172
3172 8076
8076 3172
3172 8518
8518 3172
3172 8521
8521 3172
3172 13553
13553 3172
3172 18602
18602 3172
3172 20355
20355 3172
3172 21919
21919 3172
3172 24570
24570 3172
3192 3192
3192 3192
3192 6780
6780 3192
3192 15369
15369 3192
3203 8526
8526 3203
3203 8584
8584 3203
3203 24722
24722 3203
3223 726
726 3223
3223 3223
3223 3223
3227 640
640 3227
3227 7292
7292 3227
3227 7388
7388 3227
3227 8464
8464 3227
3260 8617
8617 3260
3271 8615
8615 3271
3275 155
155 3275
3275 3275
3275 3275
3275 23912
23912 3275
3292 3292
3292 3292
3292 21876
21876 3292
3293 8002
8002 3293
3301 6469
6469 3301
3334 320
320 3334
3334 3334
3334 3334
3334 4382
4382 3334
3363 1013
1013 3363
3379 19946
19946 3379
3405 1221
1221 3405
3405 3405
3405 3405
3405 5646
5646 3405
3405 7283
7283 3405
3415 19915
19915 3415
3425 2497
2497 3425
3425 8468
8468 3425
3449 3449
3449 3449
3452 1951
1951 3452
3452 3172
3172 3452
3452 3452
3452 3452
3452 6027
6027 3452
3452 24252
24252 3452
3468 714
714 3468
3506 1063
1063 3506
3506 3506
3506 3506
3506 20292
20292 3506
3528 2961
2961 3528
3528 3449
3449 3528
3528 5311
5311 3528
3528 8306
8306 3528
3528 8472
8472 3528
3528 15814
15814 3528
3528 24710
24710 3528
3555 714
714 3555
3555 3944
3944 3555
3555 16588
16588 3555
3562 3562
3562 3562
3562 5762
5762 3562
3570 524
524 3570
3591 3591
3591 3591
3591 3777
3777 3591
3591 4920
4920 3591
3610 1018
1018 3610
3610 3610
3610 3610
3610 4242
4242 3610
3610 5572
5572 3610
3610 11076
11076 3610
3610 17843
17843 3610
3620 3620
3620 3620
3620 6666
6666 3620
3657 7006
7006 3657
3657 9057
9057 3657
3657 15433
15433 3657
3657 19172
19172 3657
3705 3705
3705 3705
3705 8209
8209 3705
3714 17066
17066 3714
3729 3729
3729 3729
3736 1137
1137 3736
3736 3736
3736 3736
3736 9057
9057 3736
3736 11872
11872 3736
3760 917
917 3760
3762 2497
2497 3762
3777 3777
3777 3777
3777 8671
8671 3777
3777 8692
8692 3777
3777 12874
12874 3777
3817 4685
4685 3817
3817 7759
7759 3817
3824 836
836 3824
3824 6638
6638 3824
3834 3834
3834 3834
3834 11076
11076 3834
3834 13969
13969 3834
3843 5600
5600 3843
3843 6201
6201 3843
3843 6459
6459 3843
3843 6917
6917 3843
3843 8331
8331 3843
3843 8576
8576 3843
3843 8604
8604 3843
3843 14595
14595 3843
3843 19438
19438 3843
3843 24722
24722 3843
3864 3864
3864 3864
3865 8464
8464 3865
3874 1140
1140 3874
3921 8437
8437 3921
3944 44
44 3944
3944 3944
3944 3944
3947 4282
4282 3947
3947 18869
18869 3947
3954 3954
3954 3954
3954 8017
8017 3954
3986 1312
1312 3986
3986 2611
2611 3986
3986 3334
3334 3986
3986 3986
3986 3986
3986 8076
8076 3986
3986 8431
8431 3986
3986 8493
8493 3986
3986 8536
8536 3986
3986 24707
24707 3986
4036 6557
6557 4036
4121 4121
4121 4121
4121 7617
7617 4121
4121 7874
7874 4121
4121 8687
8687 4121
4121 18619
18619 4121
4121 21800
21800 4121
4121 23711
23711 4121
4131 5477
5477 4131
4150 4150
4150 4150
4150 7759
7759 4150
4150 13027
13027 4150
4154 4154
4154 4154
4154 8464
8464 4154
4158 4230
4230 4158
4158 6201
6201 4158
4158 8306
8306 4158
4158 8553
8553 4158
4158 16591
16591 4158
4158 16892
16892 4158
4183 1538
1538 4183
4183 3708
3708 4183
4186 4186
4186 4186
4186 8102
8102 4186
4225 7504
7504 4225
4230 4158
4158 4230
4242 44
44 4242
4242 54
54 4242
4242 255
255 4242
4242 349
349 4242
4242 503
503 4242
4242 714
714 4242
4242 895
895 4242
4242 1504
1504 4242
4242 2014
2014 4242
4242 3528
3528 4242
4242 3610
3610 4242
4242 4066
4066 4242
4242 4242
4242 4242
4242 4738
4738 4242
4242 5967
5967 4242
4242 6009
6009 4242
4242 6201
6201 4242
4242 6531
6531 4242
4242 6557
6557 4242
4242 6937
6937 4242
4242 7388
7388 4242
4242 7855
7855 4242
4242 7890
7890 4242
4242 7921
7921 4242
4242 8076
8076 4242
4242 8177
8177 4242
4242 8261
8261 4242
4242 8321
8321 4242
4242 8421
8421 4242
4242 8463
8463 4242
4242 8511
8511 4242
4242 8543
8543 4242
4242 8632
8632 4242
4242 8715
8715 4242
4242 9026
9026 4242
4242 11669
11669 4242
4242 11819
11819 4242
4242 13019
13019 4242
4242 14583
14583 4242
4242 17299
17299 4242
4242 17306
17306 4242
4242 18602
18602 4242
4242 19454
19454 4242
4242 19946
19946 4242
4242 21079
21079 4242
4242 21800
21800 4242
4242 22513
22513 4242
4242 24722
24722 4242
4255 986
986 4255
4255 22221
22221 4255
4255 24226
24226 4255
4280 17338
17338 4280
4306 8532
8532 4306
4331 4331
4331 4331
4331 6201
6201 4331
4331 8076
8076 4331
4331 8389
8389 4331
4331 9011
9011 4331
4331 12394
12394 4331
4331 13601
13601 4331
4331 24393
24393 4331
4331 24682
24682 4331
4340 714
714 4340
4340 19946
19946 4340
4343 4343
4343 4343
4343 5311
5311 4343
4343 6124
6124 4343
4343 8752
8752 4343
4343 15588
15588 4343
4343 15940
15940 4343
4343 18619
18619 4343
4343 19438
19438 4343
4343 19730
19730 4343
4343 23822
23822 4343
4343 24710
24710 4343
4361 4361
4361 4361
4370 1013
1013 4370
4373 2872
2872 4373
4382 3334
3334 4382
4406 5152
5152 4406
4417 320
320 4417
4417 4417
4417 4417
4417 21878
21878 4417
4440 4440
4440 4440
4440 8552
8552 4440
4440 8585
8585 4440
4440 8597
8597 4440
4449 4449
4449 4449
4449 11536
11536 4449
4459 5311
5311 4459
4462 4021
4021 4462
4462 8503
8503 4462
4462 16892
16892 4462
4462 21954
21954 4462
4521 4521
4521 4521
4521 6528
6528 4521
4521 19438
19438 4521
4539 4539
4539 4539
4539 15588
15588 4539
4567 1639
1639 4567
4567 3986
3986 4567
4567 4567
4567 4567
4567 4738
4738 4567
4567 4751
4751 4567
4567 6027
6027 4567
4567 6040
6040 4567
4567 6345
6345 4567
4567 6582
6582 4567
4567 7378
7378 4567
4567 8030
8030 4567
4567 8527
8527 4567
4567 8604
8604 4567
4567 8656
8656 4567
4567 8659
8659 4567
4567 19438
19438 4567
4578 3765
3765 4578
4578 6582
6582 4578
4578 8700
8700 4578
4578 8996
8996 4578
4638 1692
1692 4638
4638 4638
4638 4638
4638 21240
21240 4638
4663 1951
1951 4663
4663 4663
4663 4663
4685 3817
3817 4685
4685 4685
4685 4685
4685 6124
6124 4685
4685 8481
8481 4685
4685 8553
8553 4685
4685 8585
8585 4685
4685 8603
8603 4685
4685 8696
8696 4685
4685 8729
8729 4685
4685 19644
19644 4685
4712 891
891 4712
4712 4712
4712 4712
4712 8448
8448 4712
4712 8543
8543 4712
4712 18602
18602 4712
4719 5544
5544 4719
4719 7656
7656 4719
4719 8473
8473 4719
4724 3021
3021 4724
4735 24524
24524 4735
4751 4751
4751 4751
4761 4761
4761 4761
4761 13553
13553 4761
4785 8232
8232 4785
4802 8567
8567 4802
4811 572
572 4811
4811 4242
4242 4811
4829 2202
2202 4829
4829 3817
3817 4829
4829 4186
4186 4829
4829 4829
4829 4829
4829 8499
8499 4829
4829 11722
11722 4829
4837 4837
4837 4837
4837 5408
5408 4837
4854 642
642 4854
4854 4854
4854 4854
4854 5622
5622 4854
4869 4928
4928 4869
4869 19946
19946 4869
4874 21192
21192 4874
4920 165
165 4920
4920 172
172 4920
4920 503
503 4920
4920 644
644 4920
4920 2467
2467 4920
4920 3591
3591 4920
4920 4920
4920 4920
4920 5178
5178 4920
4920 6232
6232 4920
4920 8477
8477 4920
4920 8505
8505 4920
4920 8573
8573 4920
4920 8590
8590 4920
4920 8613
8613 4920
4920 12874
12874 4920
4920 14888
14888 4920
4920 17695
17695 4920
4920 18574
18574 4920
4920 20817
20817 4920
4920 20861
20861 4920
4920 21899
21899 4920
4920 22598
22598 4920
4920 24226
24226 4920
4928 125
125 4928
4928 3164
3164 4928
4928 4928
4928 4928
4928 6049
6049 4928
4928 7292
7292 4928
4928 16613
16613 4928
4952 6761
6761 4952
4952 21110
21110 4952
4952 24161
24161 4952
4982 7778
7778 4982
5023 5023
5023 5023
5023 24657
24657 5023
5052 2700
2700 5052
5052 8047
8047 5052
5052 10227
10227 5052
5072 5072
5072 5072
5084 13601
13601 5084
5089 15610
15610 5089
5096 5096
5096 5096
5112 5282
5282 5112
5127 23926
23926 5127
5152 1346
1346 5152
5152 3657
3657 5152
5152 5112
5112 5152
5152 5152
5152 5152
5152 5967
5967 5152
5152 9057
9057 5152
5152 11861
11861 5152
5152 19683
19683 5152
5152 21192
21192 5152
5152 24322
24322 5152
5178 644
644 5178
5178 804
804 5178
5178 2411
2411 5178
5178 2467
2467 5178
5178 2831
2831 5178
5178 3591
3591 5178
5178 4738
4738 5178
5178 4920
4920 5178
5178 5178
5178 5178
5178 8438
8438 5178
5178 8545
8545 5178
5178 8628
8628 5178
5178 9057
9057 5178
5178 9842
9842 5178
5178 13786
13786 5178
5178 19730
19730 5178
5178 21786
21786 5178
5178 22598
22598 5178
5190 9057
9057 5190
5203 5203
5203 5203
5203 8543
8543 5203
5261 968
968 5261
5261 5261
5261 5261
5261 6404
6404 5261
5261 8543
8543 5261
5261 9177
9177 5261
5274 20904
20904 5274
5282 830
830 5282
5282 833
833 5282
5282 5112
5112 5282
5282 5600
5600 5282
5284 3610
3610 5284
5284 4242
4242 5284
5284 4521
4521 5284
5284 19946
19946 5284
5310 5310
5310 5310
5310 19901
19901 5310
5311 764
764 5311
5311 1001
1001 5311
5311 1538
1538 5311
5311 1951
1951 5311
5311 2215
2215 5311
5311 2373
2373 5311
5311 3528
3528 5311
5311 4150
4150 5311
5311 4343
4343 5311
5311 4854
4854 5311
5311 5311
5311 5311
5311 5682
5682 5311
5311 5703
5703 5311
5311 6589
6589 5311
5311 6997
6997 5311
5311 7470
7470 5311
5311 7858
7858 5311
5311 8463
8463 5311
5311 8554
8554 5311
5311 8578
8578 5311
5311 8640
8640 5311
5311 8695
8695 5311
5311 11422
11422 5311
5311 15940
15940 5311
5311 22559
22559 5311
5311 23822
23822 5311
5345 119
119 5345
5345 519
519 5345
5345 5282
5282 5345
5345 19871
19871 5345
5397 5397
5397 5397
5408 4837
4837 5408
5408 6047
6047 5408
5408 8308
8308 5408
5408 8528
8528 5408
5408 8541
8541 5408
5409 5409
5409 5409
5409 8508
8508 5409
5409 8995
8995 5409
5409 20889
20889 5409
5411 18689
18689 5411
5429 642
642 5429
5429 5429
5429 5429
5448 7874
7874 5448
5449 7904
7904 5449
5477 16613
16613 5477
5489 5489
5489 5489
5506 9177
9177 5506
5506 9842
9842 5506
5517 5517
5517 5517
5519 3021
3021 5519
5519 7855
7855 5519
5523 2407
2407 5523
5523 5523
5523 5523
5523 8065
8065 5523
5523 8471
8471 5523
5523 24206
24206 5523
5530 5530
5530 5530
5530 20355
20355 5530
5531 5531
5531 5531
5531 8384
8384 5531
5534 17003
17003 5534
5544 8464
8464 5544
5544 17290
17290 5544
5583 6997
6997 5583
5583 8472
8472 5583
5600 5600
5600 5600
5622 4854
4854 5622
5636 6780
6780 5636
5639 4920
4920 5639
5639 6937
6937 5639
5639 8297
8297 5639
5639 8424
8424 5639
5639 8501
8501 5639
5639 8573
8573 5639
5639 8653
8653 5639
5645 5645
5645 5645
5645 7759
7759 5645
5645 8617
8617 5645
5645 24486
24486 5645
5646 3405
3405 5646
5646 7283
7283 5646
5646 24288
24288 5646
5651 16601
16601 5651
5677 8499
8499 5677
5682 962
962 5682
5682 5682
5682 5682
5682 14595
14595 5682
5702 5702
5702 5702
5753 8506
8506 5753
5753 8670
8670 5753
5755 5755
5755 5755
5801 54
54 5801
5801 656
656 5801
5801 1312
1312 5801
5801 1639
1639 5801
5801 2405
2405 5801
5801 3049
3049 5801
5801 7828
7828 5801
5801 13270
13270 5801
5801 14583
14583 5801
5801 17922
17922 5801
5801 18869
18869 5801
5801 18917
18917 5801
5801 19730
19730 5801
5801 21058
21058 5801
5816 5816
5816 5816
5852 1716
1716 5852
5854 5854
5854 5854
5855 8499
8499 5855
5887 5887
5887 5887
5925 12135
12135 5925
5946 213
213 5946
5946 642
642 5946
5946 1846
1846 5946
5946 2487
2487 5946
5946 3049
3049 5946
5946 3986
3986 5946
5946 5946
5946 5946
5946 5969
5969 5946
5946 6209
6209 5946
5946 7123
7123 5946
5946 7343
7343 5946
5946 7828
7828 5946
5946 7855
7855 5946
5946 8239
8239 5946
5946 8524
8524 5946
5946 8565
8565 5946
5946 8566
8566 5946
5946 8645
8645 5946
5946 9911
9911 5946
5946 12959
12959 5946
5946 18619
18619 5946
5946 19446
19446 5946
5946 23711
23711 5946
5946 23822
23822 5946
5946 24451
24451 5946
5956 5956
5956 5956
5956 6961
6961 5956
5969 1235
1235 5969
5969 2592
2592 5969
5969 4449
4449 5969
5969 7123
7123 5969
5969 8656
8656 5969
5969 19901
19901 5969
6007 7863
7863 6007
6009 1658
1658 6009
6009 6009
6009 6009
6009 14295
14295 6009
6010 6010
6010 6010
6027 6027
6027 6027
6034 6034
6034 6034
6040 2593
2593 6040
6040 6040
6040 6040
6047 1654
1654 6047
6047 4150
4150 6047
6047 6047
6047 6047
6047 6638
6638 6047
6047 7764
7764 6047
6047 8541
8541 6047
6047 8622
8622 6047
6047 17675
17675 6047
6047 21020
21020 6047
6047 24033
24033 6047
6049 895
895 6049
6049 4928
4928 6049
6049 5600
5600 6049
6049 6049
6049 6049
6049 7656
7656 6049
6049 12670
12670 6049
6049 13118
13118 6049
6049 15688
15688 6049
6049 15896
15896 6049
6054 726
726 6054
6063 24552
24552 6063
6070 5409
5409 6070
6095 9025
9025 6095
6113 8213
8213 6113
6113 18689
18689 6113
6121 6121
6121 6121
6121 7540
7540 6121
6121 7751
7751 6121
6124 3817
3817 6124
6124 6124
6124 6124
6124 7743
7743 6124
6124 7759
7759 6124
6124 8457
8457 6124
6124 8509
8509 6124
6124 13466
13466 6124
6124 21917
21917 6124
6124 24033
24033 6124
6124 24404
24404 6124
6167 24265
24265 6167
6186 18619
18619 6186
6201 4331
4331 6201
6201 6201
6201 6201
6209 2487
2487 6209
6211 6211
6211 6211
6232 6232
6232 6232
6232 14361
14361 6232
6234 9025
9025 6234
6247 6747
6747 6247
6248 8363
8363 6248
6278 8675
8675 6278
6285 20861
20861 6285
6318 6318
6318 6318
6318 6986
6986 6318
6318 8464
8464 6318
6333 8626
8626 6333
6338 6338
6338 6338
6338 21192
21192 6338
6369 8558
8558 6369
6369 20517
20517 6369
6373 5755
5755 6373
6373 8155
8155 6373
6373 8419
8419 6373
6373 22276
22276 6373
6373 24707
24707 6373
6387 6387
6387 6387
6409 6409
6409 6409
6459 6459
6459 6459
6475 6475
6475 6475
6475 9057
9057 6475
6493 16601
16601 6493
6494 6494
6494 6494
6497 7657
7657 6497
6497 8208
8208 6497
6528 4521
4521 6528
6528 8493
8493 6528
6528 13601
13601 6528
6531 4242
4242 6531
6531 6531
6531 6531
6545 1842
1842 6545
6557 1140
1140 6557
6557 3051
3051 6557
6557 4036
4036 6557
6557 4663
4663 6557
6557 4738
4738 6557
6557 6027
6027 6557
6557 6201
6201 6557
6557 6557
6557 6557
6557 7037
7037 6557
6557 7292
7292 6557
6557 8076
8076 6557
6557 8461
8461 6557
6557 15594
15594 6557
6557 16613
16613 6557
6557 19438
19438 6557
6557 19946
19946 6557
6578 6578
6578 6578
6582 6582
6582 6582
6589 119
119 6589
6589 1221
1221 6589
6589 1639
1639 6589
6589 4417
4417 6589
6589 6582
6582 6589
6589 6589
6589 6589
6589 8013
8013 6589
6589 8531
8531 6589
6589 8691
8691 6589
6589 8715
8715 6589
6589 12394
12394 6589
6589 14806
14806 6589
6589 17299
17299 6589
6589 19871
19871 6589
6589 21192
21192 6589
6589 24707
24707 6589
6592 1842
1842 6592
6592 8609
8609 6592
6593 503
503 6593
6593 6593
6593 6593
6598 8426
8426 6598
6619 21020
21020 6619
6621 1407
1407 6621
6638 1141
1141 6638
6638 2592
2592 6638
6638 4183
4183 6638
6638 6047
6047 6638
6638 6638
6638 6638
6638 7759
7759 6638
6638 8622
8622 6638
6638 21110
21110 6638
6638 24033
24033 6638
6666 165
165 6666
6666 3620
3620 6666
6666 5299
5299 6666
6666 6666
6666 6666
6666 7778
7778 6666
6666 8538
8538 6666
6666 8573
8573 6666
6666 18698
18698 6666
6666 21786
21786 6666
6681 2416
2416 6681
6707 6707
6707 6707
6707 20355
20355 6707
6709 1538
1538 6709
6709 6709
6709 6709
6735 155
155 6735
6735 6209
6209 6735
6735 6735
6735 6735
6735 8563
8563 6735
6747 8607
8607 6747
6761 7100
7100 6761
6772 3225
3225 6772
6772 7680
7680 6772
6780 115
115 6780
6780 412
412 6780
6780 2239
2239 6780
6780 3192
3192 6780
6780 5044
5044 6780
6780 5636
5636 6780
6780 6010
6010 6780
6780 6095
6095 6780
6780 6780
6780 6780
6780 8617
8617 6780
6780 8631
8631 6780
6780 8632
8632 6780
6780 8711
8711 6780
6780 8921
8921 6780
6780 12933
12933 6780
6780 17290
17290 6780
6780 19683
19683 6780
6780 19946
19946 6780
6780 22283
22283 6780
6780 23822
23822 6780
6780 24033
24033 6780
6780 24206
24206 6780
6780 24565
24565 6780
6811 7905
7905 6811
6811 8427
8427 6811
6811 9025
9025 6811
6845 714
714 6845
6845 1221
1221 6845
6845 20058
20058 6845
6861 6861
6861 6861
6861 8102
8102 6861
6869 5805
5805 6869
6874 386
386 6874
6874 8076
8076 6874
6874 8384
8384 6874
6892 8552
8552 6892
6911 6911
6911 6911
6911 14387
14387 6911
6917 349
349 6917
6917 3309
3309 6917
6917 3986
3986 6917
6917 6917
6917 6917
6917 8076
8076 6917
6917 8248
8248 6917
6917 8306
8306 6917
6937 1105
1105 6937
6937 4242
4242 6937
6937 6937
6937 6937
6937 15450
15450 6937
6937 17706
17706 6937
6955 16608
16608 6955
6961 503
503 6961
6961 1846
1846 6961
6961 1913
1913 6961
6961 5956
5956 6961
6961 6874
6874 6961
6961 6961
6961 6961
6961 8076
8076 6961
6961 9025
9025 6961
6961 21240
21240 6961
6961 24579
24579 6961
6975 1760
1760 6975
6975 6975
6975 6975
6976 320
320 6976
6976 6976
6976 6976
6986 6318
6318 6986
6986 6986
6986 6986
6997 6997
6997 6997
6997 8421
8421 6997
6999 6999
6999 6999
6999 13684
13684 6999
6999 18634
18634 6999
6999 24288
24288 6999
7006 7006
7006 7006
7006 8690
8690 7006
7006 16892
16892 7006
7022 7022
7022 7022
7022 8464
8464 7022
7022 8529
8529 7022
7045 115
115 7045
7045 434
434 7045
7045 2056
2056 7045
7045 5345
5345 7045
7045 11835
11835 7045
7100 4150
4150 7100
7100 6761
6761 7100
7107 6478
6478 7107
7107 7107
7107 7107
7123 87
87 7123
7123 4066
4066 7123
7123 5969
5969 7123
7123 6707
6707 7123
7123 20355
20355 7123
7123 24570
24570 7123
7129 7129
7129 7129
7188 8603
8603 7188
7203 8617
8617 7203
7211 627
627 7211
7211 6944
6944 7211
7211 7211
7211 7211
7211 8002
8002 7211
7211 8632
8632 7211
7211 13969
13969 7211
7234 6566
6566 7234
7283 3405
3405 7283
7283 7283
7283 7283
7283 8433
8433 7283
7286 2497
2497 7286
7291 1901
1901 7291
7338 2361
2361 7338
7343 5946
5946 7343
7343 6034
6034 7343
7343 7343
7343 7343
7343 8449
8449 7343
7343 8640
8640 7343
7369 7369
7369 7369
7388 8529
8529 7388
7410 2794
2794 7410
7410 4521
4521 7410
7410 6528
6528 7410
7410 7410
7410 7410
7410 8441
8441 7410
7410 8453
8453 7410
7410 17880
17880 7410
7410 19946
19946 7410
7442 7442
7442 7442
7442 7856
7856 7442
7442 8500
8500 7442
7442 8731
8731 7442
7442 23711
23711 7442
7457 1430
1430 7457
7470 5036
5036 7470
7470 7470
7470 7470
7471 21
21 7471
7471 7471
7471 7471
7478 7478
7478 7478
7504 4225
4225 7504
7505 7759
7759 7505
7514 986
986 7514
7514 18602
18602 7514
7527 4104
4104 7527
7527 7527
7527 7527
7527 8511
8511 7527
7527 8531
8531 7527
7527 19149
19149 7527
7529 642
642 7529
7529 8421
8421 7529
7540 7540
7540 7540
7540 7751
7751 7540
7540 22283
22283 7540
7596 8579
8579 7596
7617 1013
1013 7617
7617 4121
4121 7617
7617 7617
7617 7617
7617 21110
21110 7617
7648 5762
5762 7648
7648 6780
6780 7648
7648 8563
8563 7648
7648 10227
10227 7648
7648 11881
11881 7648
7648 12209
12209 7648
7648 15394
15394 7648
7648 18602
18602 7648
7656 255
255 7656
7656 1532
1532 7656
7656 7656
7656 7656
7656 15116
15116 7656
7656 16601
16601 7656
7656 24313
24313 7656
7657 7657
7657 7657
7662 7662
7662 7662
7662 8497
8497 7662
7664 623
623 7664
7664 4150
4150 7664
7664 7100
7100 7664
7664 7664
7664 7664
7664 8579
8579 7664
7664 8580
8580 7664
7664 8588
8588 7664
7664 8649
8649 7664
7664 8735
8735 7664
7664 24502
24502 7664
7680 2580
2580 7680
7680 5409
5409 7680
7680 8466
8466 7680
7680 11698
11698 7680
7684 21699
21699 7684
7720 1
1 7720
7720 7720
7720 7720
7720 12900
12900 7720
7720 13786
13786 7720
7720 21192
21192 7720
7743 6124
6124 7743
7743 7743
7743 7743
7743 8443
8443 7743
7743 8493
8493 7743
7743 22276
22276 7743
7743 22283
22283 7743
7751 2387
2387 7751
7751 7540
7540 7751
7751 7751
7751 7751
7751 22283
22283 7751
7759 25
25 7759
7759 231
231 7759
7759 642
642 7759
7759 1141
1141 7759
7759 1728
1728 7759
7759 3817
3817 7759
7759 4150
4150 7759
7759 6227
6227 7759
7759 6638
6638 7759
7759 7481
7481 7759
7759 7505
7505 7759
7759 7759
7759 7759
7759 7955
7955 7759
7759 8076
8076 7759
7759 8483
8483 7759
7759 8524
8524 7759
7759 8617
8617 7759
7759 8632
8632 7759
7759 8636
8636 7759
7759 8665
8665 7759
7759 8691
8691 7759
7759 14583
14583 7759
7759 17066
17066 7759
7759 18602
18602 7759
7759 20292
20292 7759
7778 438
438 7778
7778 1760
1760 7778
7778 2736
2736 7778
7778 3725
3725 7778
7778 4982
4982 7778
7778 7129
7129 7778
7778 7778
7778 7778
7778 8421
8421 7778
7778 8570
8570 7778
7778 8669
8669 7778
7785 6997
6997 7785
7798 16976
16976 7798
7801 7801
7801 7801
7811 7811
7811 7811
7828 2497
2497 7828
7828 7828
7828 7828
7828 24276
24276 7828
7855 7855
7855 7855
7856 14171
14171 7856
7856 20114
20114 7856
7858 465
465 7858
7858 5311
5311 7858
7874 7874
7874 7874
7874 19946
19946 7874
7880 3821
3821 7880
7890 4242
4242 7890
7900 8550
8550 7900
7905 7905
7905 7905
7921 4242
4242 7921
7921 7921
7921 7921
7921 8426
8426 7921
7921 24451
24451 7921
7924 7924
7924 7924
7955 1951
1951 7955
7955 7955
7955 7955
7983 7983
7983 7983
7990 6974
6974 7990
7990 7539
7539 7990
7990 7990
7990 7990
7990 12823
12823 7990
7990 13786
13786 7990
7990 18602
18602 7990
7990 19440
19440 7990
7990 21954
21954 7990
7992 7992
7992 7992
7993 18457
18457 7993
8002 7211
7211 8002
8005 1654
1654 8005
8005 4417
4417 8005
8005 6047
6047 8005
8005 6638
6638 8005
8005 8005
8005 8005
8005 8116
8116 8005
8005 8551
8551 8005
8005 8574
8574 8005
8005 8592
8592 8005
8005 8653
8653 8005
8005 8695
8695 8005
8005 13155
13155 8005
8005 17675
17675 8005
8005 20292
20292 8005
8005 23926
23926 8005
8017 3954
3954 8017
8030 4567
4567 8030
8030 8030
8030 8030
8031 20817
20817 8031
8065 3051
3051 8065
8065 6201
6201 8065
8065 8480
8480 8065
8065 15688
15688 8065
8065 17840
17840 8065
8065 19446
19446 8065
8065 19870
19870 8065
8102 576
576 8102
8102 656
656 8102
8102 1063
1063 8102
8102 2166
2166 8102
8102 4186
4186 8102
8102 4567
4567 8102
8102 6861
6861 8102
8102 7764
7764 8102
8102 8102
8102 8102
8102 8567
8567 8102
8102 16591
16591 8102
8102 20517
20517 8102
8108 8108
8108 8108
8116 1538
1538 8116
8116 2384
2384 8116
8116 8005
8005 8116
8116 8116
8116 8116
8116 24710
24710 8116
8127 18619
18619 8127
8155 1543
1543 8155
8155 6478
6478 8155
8155 8155
8155 8155
8155 9036
9036 8155
8160 14888
14888 8160
8199 3153
3153 8199
8199 3301
3301 8199
8208 7471
7471 8208
8208 8208
8208 8208
8208 8424
8424 8208
8208 14691
14691 8208
8208 17568
17568 8208
8209 3705
3705 8209
8209 21240
21240 8209
8213 18689
18689 8213
8230 8573
8573 8230
8232 8232
8232 8232
8239 5946
5946 8239
8239 8239
8239 8239
8239 18034
18034 8239
8239 18619
18619 8239
8248 255
255 8248
8248 8248
8248 8248
8249 8577
8577 8249
8262 1063
1063 8262
8262 2872
2872 8262
8262 5946
5946 8262
8262 6960
6960 8262
8262 7759
7759 8262
8262 8262
8262 8262
8289 8289
8289 8289
8295 155
155 8295
8295 1063
1063 8295
8295 5639
5639 8295
8295 8295
8295 8295
8295 8551
8551 8295
8295 13358
13358 8295
8295 21702
21702 8295
8297 2036
2036 8297
8297 2831
2831 8297
8297 8269
8269 8297
8297 8297
8297 8297
8297 8541
8541 8297
8297 8567
8567 8297
8297 8603
8603 8297
8297 13297
13297 8297
8297 18619
18619 8297
8297 18917
18917 8297
8297 21382
21382 8297
8306 8306
8306 8306
8321 8321
8321 8321
8321 14500
14500 8321
8321 16608
16608 8321
8321 19901
19901 8321
8331 8331
8331 8331
8332 6201
6201 8332
8344 8421
8421 8344
8352 596
596 8352
8352 7759
7759 8352
8353 8353
8353 8353
8363 601
601 8363
8363 1654
1654 8363
8363 2961
2961 8363
8363 3055
3055 8363
8363 4343
4343 8363
8363 8363
8363 8363
8363 8476
8476 8363
8363 21786
21786 8363
8374 19772
19772 8374
8384 8384
8384 8384
8398 8398
8398 8398
8408 8408
8408 8408
8410 23348
23348 8410
8412 21192
21192 8412
8416 21192
21192 8416
8418 8418
8418 8418
8421 54
54 8421
8421 269
269 8421
8421 1313
1313 8421
8421 2416
2416 8421
8421 3123
3123 8421
8421 3415
3415 8421
8421 4014
4014 8421
8421 4931
4931 8421
8421 5148
5148 8421
8421 5411
5411 8421
8421 6248
6248 8421
8421 6997
6997 8421
8421 7529
7529 8421
8421 8321
8321 8421
8421 8344
8344 8421
8421 8421
8421 8421
8421 8472
8472 8421
8421 8562
8562 8421
8421 8564
8564 8421
8421 8570
8570 8421
8421 14559
14559 8421
8421 14805
14805 8421
8421 15361
15361 8421
8421 17675
17675 8421
8422 8422
8422 8422
8423 5411
5411 8423
8425 16601
16601 8425
8426 8426
8426 8426
8427 1846
1846 8427
8427 8427
8427 8427
8429 4642
4642 8429
8430 287
287 8430
8432 8432
8432 8432
8433 642
642 8433
8437 3921
3921 8437
8438 20285
20285 8438
8441 7410
7410 8441
8441 8441
8441 8441
8443 7743
7743 8443
8443 8443
8443 8443
8445 2134
2134 8445
8445 8445
8445 8445
8448 8448
8448 8448
8449 876
876 8449
8449 8449
8449 8449
8449 12874
12874 8449
8451 6063
6063 8451
8451 8452
8452 8451
8452 8451
8451 8452
8454 8454
8454 8454
8454 21879
21879 8454
8455 8455
8455 8455
8455 19870
19870 8455
8457 6124
6124 8457
8457 8457
8457 8457
8457 19439
19439 8457
8459 2384
2384 8459
8459 8459
8459 8459
8460 8460
8460 8460
8461 8461
8461 8461
8461 8467
8467 8461
8462 18034
18034 8462
8463 5311
5311 8463
8463 11422
11422 8463
8463 14195
14195 8463
8463 19901
19901 8463
8464 115
115 8464
8464 4154
4154 8464
8464 5544
5544 8464
8464 6318
6318 8464
8464 8464
8464 8464
8465 8465
8465 8465
8465 8469
8469 8465
8466 8466
8466 8466
8467 8461
8461 8467
8467 8467
8467 8467
8467 19901
19901 8467
8468 642
642 8468
8468 8468
8468 8468
8469 8465
8465 8469
8471 5523
5523 8471
8472 8472
8472 8472
8473 714
714 8473
8473 1842
1842 8473
8473 4242
4242 8473
8473 6201
6201 8473
8473 6209
6209 8473
8473 6531
6531 8473
8473 7022
7022 8473
8473 8473
8473 8473
8473 8496
8496 8473
8473 8529
8529 8473
8473 8532
8532 8473
8473 8632
8632 8473
8473 8677
8677 8473
8473 12394
12394 8473
8473 23927
23927 8473
8476 8476
8476 8476
8481 4685
4685 8481
8481 8481
8481 8481
8482 8482
8482 8482
8482 19901
19901 8482
8483 7759
7759 8483
8483 8483
8483 8483
8485 8352
8352 8485
8488 19683
19683 8488
8492 509
509 8492
8493 8493
8493 8493
8494 14551
14551 8494
8497 814
814 8497
8497 7662
7662 8497
8498 412
412 8498
8498 18619
18619 8498
8501 5639
5639 8501
8506 1063
1063 8506
8506 8506
8506 8506
8508 8508
8508 8508
8510 525
525 8510
8511 8511
8511 8511
8513 8168
8168 8513
8515 10552
10552 8515
8516 642
642 8516
8517 3130
3130 8517
8517 8517
8517 8517
8518 3172
3172 8518
8519 453
453 8519
8521 3172
3172 8521
8521 8521
8521 8521
8522 20904
20904 8522
8523 1538
1538 8523
8524 8524
8524 8524
8525 8525
8525 8525
8527 4567
4567 8527
8527 8527
8527 8527
8527 22276
22276 8527
8529 8529
8529 8529
8530 2184
2184 8530
8531 7527
7527 8531
8531 8531
8531 8531
8531 8617
8617 8531
8532 2997
2997 8532
8532 8532
8532 8532
8535 8535
8535 8535
8536 3986
3986 8536
8537 24707
24707 8537
8538 6666
6666 8538
8541 6047
6047 8541
8541 8541
8541 8541
8542 17695
17695 8542
8543 4242
4242 8543
8543 4712
4712 8543
8543 5203
5203 8543
8543 5261
5261 8543
8543 8543
8543 8543
8544 8213
8213 8544
8545 8545
8545 8545
8545 10997
10997 8545
8545 14232
14232 8545
8547 8547
8547 8547
8550 7900
7900 8550
8551 8551
8551 8551
8554 5311
5311 8554
8554 8554
8554 8554
8556 14792
14792 8556
8557 2207
2207 8557
8557 9057
9057 8557
8557 24206
24206 8557
8558 8558
8558 8558
8559 8556
8556 8559
8560 8560
8560 8560
8560 22276
22276 8560
8561 1760
1760 8561
8561 8561
8561 8561
8563 2487
2487 8563
8563 2497
2497 8563
8563 11819
11819 8563
8563 12209
12209 8563
8564 1951
1951 8564
8565 115
115 8565
8565 2487
2487 8565
8565 3049
3049 8565
8565 8565
8565 8565
8567 255
255 8567
8567 1430
1430 8567
8567 1816
1816 8567
8567 7813
7813 8567
8567 8567
8567 8567
8567 8610
8610 8567
8567 22807
22807 8567
8568 19434
19434 8568
8569 24183
24183 8569
8570 7778
7778 8570
8572 8572
8572 8572
8572 10121
10121 8572
8575 5717
5717 8575
8577 8577
8577 8577
8577 19087
19087 8577
8578 8578
8578 8578
8578 12949
12949 8578
8578 19730
19730 8578
8580 7664
7664 8580
8583 8583
8583 8583
8584 1904
1904 8584
8584 8693
8693 8584
8585 642
642 8585
8587 8587
8587 8587
8592 8005
8005 8592
8593 22276
22276 8593
8594 19438
19438 8594
8596 8596
8596 8596
8597 1411
1411 8597
8597 8597
8597 8597
8598 8598
8598 8598
8599 14920
14920 8599
8600 8600
8600 8600
8600 13184
13184 8600
8602 1951
1951 8602
8606 8606
8606 8606
8606 16581
16581 8606
8607 6747
6747 8607
8609 8609
8609 8609
8609 20058
20058 8609
8613 4920
4920 8613
8615 8615
8615 8615
8616 3638
3638 8616
8617 8617
8617 8617
8620 6747
6747 8620
8621 8621
8621 8621
8621 11577
11577 8621
8622 6047
6047 8622
8622 6638
6638 8622
8624 8621
8621 8624
8625 1260
1260 8625
8625 8625
8625 8625
8627 3001
3001 8627
8630 8630
8630 8630
8631 8631
8631 8631
8634 8634
8634 8634
8635 8635
8635 8635
8636 7759
7759 8636
8637 8637
8637 8637
8638 21192
21192 8638
8639 8639
8639 8639
8640 8640
8640 8640
8642 8640
8640 8642
8643 2934
2934 8643
8645 5946
5946 8645
8645 18619
18619 8645
8650 19730
19730 8650
8652 8652
8652 8652
8653 8660
8660 8653
8656 1215
1215 8656
8656 4567
4567 8656
8656 8656
8656 8656
8657 24275
24275 8657
8658 701
701 8658
8660 8653
8653 8660
8660 8660
8660 8660
8661 1846
1846 8661
8661 8661
8661 8661
8663 14195
14195 8663
8664 0
0 8664
8664 12394
12394 8664
8666 8666
8666 8666
8669 8669
8669 8669
8670 8635
8635 8670
8670 8670
8670 8670
8671 14806
14806 8671
8672 16613
16613 8672
8673 642
642 8673
8673 1951
1951 8673
8674 4231
4231 8674
8675 8675
8675 8675
8677 8677
8677 8677
8678 18917
18917 8678
8679 14609
14609 8679
8681 8675
8675 8681
8684 23711
23711 8684
8685 2411
2411 8685
8685 8685
8685 8685
8685 17840
17840 8685
8686 255
255 8686
8687 8687
8687 8687
8689 519
519 8689
8690 8690
8690 8690
8694 8694
8694 8694
8695 5311
5311 8695
8696 4685
4685 8696
8698 8698
8698 8698
8699 7427
7427 8699
8701 5178
5178 8701
8702 2736
2736 8702
8704 4150
4150 8704
8705 14882
14882 8705
8708 22559
22559 8708
8711 6780
6780 8711
8712 3898
3898 8712
8713 6349
6349 8713
8714 255
255 8714
8715 6589
6589 8715
8715 8715
8715 8715
8718 737
737 8718
8720 8719
8719 8720
8721 6211
6211 8721
8722 18602
18602 8722
8726 8726
8726 8726
8727 8727
8727 8727
8727 21954
21954 8727
8729 4685
4685 8729
8729 8729
8729 8729
8729 18619
18619 8729
8730 2831
2831 8730
8731 7442
7442 8731
8734 8734
8734 8734
8738 4215
4215 8738
8739 833
833 8739
8740 6227
6227 8740
8742 1871
1871 8742
8746 8746
8746 8746
8749 8748
8748 8749
8751 6621
6621 8751
8921 2387
2387 8921
8921 2700
2700 8921
8921 2831
2831 8921
8921 3517
3517 8921
8921 6409
6409 8921
8921 8464
8464 8921
8921 8921
8921 8921
8921 18457
18457 8921
8921 24579
24579 8921
8975 4242
4242 8975
8984 946
946 8984
8984 2053
2053 8984
8984 7410
7410 8984
8984 7427
7427 8984
8984 8289
8289 8984
8984 9239
9239 8984
8984 11579
11579 8984
8984 17299
17299 8984
8984 19438
19438 8984
8984 24393
24393 8984
8993 8993
8993 8993
8995 6589
6589 8995
8995 8508
8508 8995
8995 8995
8995 8995
8995 9025
9025 8995
8995 21954
21954 8995
8996 1346
1346 8996
8996 1684
1684 8996
8996 5282
5282 8996
8996 7720
7720 8996
8996 8652
8652 8996
8996 8668
8668 8996
8996 8996
8996 8996
8996 11881
11881 8996
8996 13211
13211 8996
9005 44
44 9005
9005 8576
8576 9005
9005 9026
9026 9005
9005 15688
15688 9005
9005 24734
24734 9005
9011 714
714 9011
9011 3610
3610 9011
9011 4242
4242 9011
9011 6049
6049 9011
9011 7921
7921 9011
9011 8558
8558 9011
9011 8617
8617 9011
9011 15896
15896 9011
9011 17299
17299 9011
9011 19946
19946 9011
9011 21786
21786 9011
9011 24393
24393 9011
9020 9020
9020 9020
9025 165
165 9025
9025 255
255 9025
9025 601
601 9025
9025 642
642 9025
9025 2153
2153 9025
9025 3986
3986 9025
9025 4154
4154 9025
9025 4242
4242 9025
9025 4417
4417 9025
9025 5409
5409 9025
9025 6040
6040 9025
9025 6409
6409 9025
9025 6589
6589 9025
9025 6937
6937 9025
9025 6961
6961 9025
9025 7583
7583 9025
9025 8248
8248 9025
9025 8472
8472 9025
9025 8493
8493 9025
9025 8577
8577 9025
9025 8615
8615 9025
9025 8651
8651 9025
9025 8729
8729 9025
9025 8995
8995 9025
9025 9025
9025 9025
9025 11881
11881 9025
9025 19454
19454 9025
9025 19901
19901 9025
9025 21954
21954 9025
9026 9005
9005 9026
9026 9026
9026 9026
9030 21020
21020 9030
9057 54
54 9057
9057 601
601 9057
9057 763
763 9057
9057 1183
1183 9057
9057 1887
1887 9057
9057 1899
1899 9057
9057 1921
1921 9057
9057 1951
1951 9057
9057 3130
3130 9057
9057 3657
3657 9057
9057 3736
3736 9057
9057 5190
5190 9057
9057 5854
5854 9057
9057 6475
6475 9057
9057 6478
6478 9057
9057 8416
8416 9057
9057 8449
8449 9057
9057 8500
8500 9057
9057 8540
8540 9057
9057 8557
8557 9057
9057 8617
8617 9057
9057 8685
8685 9057
9057 8691
8691 9057
9057 9025
9025 9057
9057 9057
9057 9057
9057 11872
11872 9057
9057 11881
11881 9057
9057 13110
13110 9057
9057 14583
14583 9057
9057 16099
16099 9057
9057 16608
16608 9057
9057 17840
17840 9057
9057 19087
19087 9057
9057 19730
19730 9057
9057 21192
21192 9057
9057 24243
24243 9057
9177 704
704 9177
9177 1383
1383 9177
9177 3517
3517 9177
9177 3950
3950 9177
9177 4242
4242 9177
9177 5409
5409 9177
9177 5506
5506 9177
9177 6404
6404 9177
9177 7305
7305 9177
9177 7720
7720 9177
9177 7759
7759 9177
9177 7983
7983 9177
9177 8416
8416 9177
9177 8419
8419 9177
9177 8567
8567 9177
9177 8610
8610 9177
9177 8626
8626 9177
9177 9057
9057 9177
9177 9177
9177 9177
9177 12977
12977 9177
9177 14224
14224 9177
9177 15588
15588 9177
9177 15594
15594 9177
9177 16976
16976 9177
9177 21192
21192 9177
9177 24517
24517 9177
9239 3192
3192 9239
9239 4156
4156 9239
9239 6049
6049 9239
9239 6201
6201 9239
9239 8455
8455 9239
9239 9239
9239 9239
9239 13141
13141 9239
9239 16608
16608 9239
9239 17880
17880 9239
9239 18457
18457 9239
9239 24657
24657 9239
9305 8565
8565 9305
9325 12900
12900 9325
9325 14806
14806 9325
9516 833
833 9516
9516 9516
9516 9516
9516 11861
11861 9516
9524 8498
8498 9524
9549 21899
21899 9549
9553 7648
7648 9553
9611 87
87 9611
9611 8651
8651 9611
9611 9611
9611 9611
9611 13969
13969 9611
9682 597
597 9682
9713 8433
8433 9713
9713 9713
9713 9713
9724 929
929 9724
9724 19454
19454 9724
9724 19946
19946 9724
9842 5178
5178 9842
9842 18602
18602 9842
9911 9911
9911 9911
10109 10109
10109 10109
10121 2487
2487 10121
10121 3554
3554 10121
10121 8572
8572 10121
10121 8710
8710 10121
10121 10121
10121 10121
10168 10168
10168 10168
10168 11422
11422 10168
10168 24710
24710 10168
10259 6046
6046 10259
10558 642
642 10558
10558 5096
5096 10558
10566 4066
4066 10566
10566 8532
8532 10566
10566 13110
13110 10566
10566 17299
17299 10566
10811 946
946 10811
10811 1913
1913 10811
10811 2202
2202 10811
10811 2794
2794 10811
10811 3517
3517 10811
10811 6823
6823 10811
10811 8232
8232 10811
10811 8614
8614 10811
10811 8648
8648 10811
10811 10811
10811 10811
10811 24707
24707 10811
11076 3610
3610 11076
11076 8532
8532 11076
11076 11076
11076 11076
11076 11579
11579 11076
11076 19946
19946 11076
11313 833
833 11313
11313 5600
5600 11313
11313 11861
11861 11313
11405 8602
8602 11405
11422 2497
2497 11422
11422 5311
5311 11422
11422 8463
8463 11422
11422 11422
11422 11422
11422 22513
22513 11422
11460 16867
16867 11460
11488 2811
2811 11488
11488 16601
16601 11488
11503 5600
5600 11503
11503 6201
6201 11503
11503 13211
13211 11503
11503 17306
17306 11503
11503 19438
19438 11503
11503 20285
20285 11503
11522 5805
5805 11522
11522 8691
8691 11522
11522 17794
17794 11522
11536 149
149 11536
11536 726
726 11536
11536 917
917 11536
11536 1555
1555 11536
11536 1913
1913 11536
11536 2997
2997 11536
11536 3172
3172 11536
11536 3452
3452 11536
11536 3777
3777 11536
11536 3986
3986 11536
11536 4449
4449 11536
11536 4920
4920 11536
11536 5178
5178 11536
11536 5530
5530 11536
11536 6211
6211 11536
11536 6227
6227 11536
11536 6666
6666 11536
11536 6961
6961 11536
11536 7527
7527 11536
11536 7759
7759 11536
11536 8076
8076 11536
11536 8155
8155 11536
11536 8384
8384 11536
11536 8405
8405 11536
11536 8448
8448 11536
11536 8449
8449 11536
11536 8464
8464 11536
11536 8467
8467 11536
11536 8505
8505 11536
11536 8531
8531 11536
11536 8532
8532 11536
11536 8547
8547 11536
11536 8567
8567 11536
11536 8617
8617 11536
11536 8639
8639 11536
11536 8668
8668 11536
11536 8675
8675 11536
11536 8682
8682 11536
11536 8715
8715 11536
11536 8743
8743 11536
11536 10811
10811 11536
11536 11536
11536 11536
11536 13370
13370 11536
11536 14224
14224 11536
11536 15588
15588 11536
11536 18602
18602 11536
11536 18619
18619 11536
11536 19438
19438 11536
11536 20861
20861 11536
11536 22276
22276 11536
11536 22807
22807 11536
11536 24226
24226 11536
11536 24393
24393 11536
11536 24404
24404 11536
11577 3638
3638 11577
11577 8621
8621 11577
11577 11577
11577 11577
11577 24322
24322 11577
11579 2831
2831 11579
11579 5466
5466 11579
11579 8577
8577 11579
11579 8648
8648 11579
11579 8674
8674 11579
11579 11579
11579 11579
11579 16601
16601 11579
11579 19946
19946 11579
11657 1221
1221 11657
11657 1504
1504 11657
11657 1842
1842 11657
11657 5600
5600 11657
11657 7022
7022 11657
11657 7890
7890 11657
11657 8464
8464 11657
11657 11657
11657 11657
11657 18420
18420 11657
11657 20280
20280 11657
11657 24313
24313 11657
11669 4242
4242 11669
11669 11669
11669 11669
11684 1913
1913 11684
11684 2872
2872 11684
11684 3334
3334 11684
11684 3762
3762 11684
11684 12959
12959 11684
11698 1312
1312 11698
11698 2467
2467 11698
11698 8363
8363 11698
11698 17880
17880 11698
11700 866
866 11700
11700 2036
2036 11700
11700 3130
3130 11700
11700 7481
7481 11700
11700 8538
8538 11700
11700 11700
11700 11700
11700 12789
12789 11700
11704 8668
8668 11704
11715 14224
14224 11715
11715 19946
19946 11715
11725 16976
16976 11725
11725 19946
19946 11725
11725 21192
21192 11725
11725 21786
21786 11725
11819 2387
2387 11819
11819 3777
3777 11819
11819 4567
4567 11819
11819 5636
5636 11819
11819 6027
6027 11819
11819 8563
8563 11819
11819 8656
8656 11819
11819 8719
8719 11819
11819 8720
8720 11819
11861 524
524 11861
11861 5409
5409 11861
11861 6201
6201 11861
11861 9516
9516 11861
11861 11861
11861 11861
11872 3736
3736 11872
11872 11872
11872 11872
11872 22598
22598 11872
11881 11881
11881 11881
11929 11929
11929 11929
11929 19438
19438 11929
11967 213
213 11967
12005 12005
12005 12005
12005 24707
24707 12005
12012 23822
23822 12012
12053 714
714 12053
12053 1934
1934 12053
12135 149
149 12135
12135 1846
1846 12135
12135 5178
5178 12135
12135 5956
5956 12135
12135 6027
6027 12135
12135 6589
6589 12135
12135 7037
7037 12135
12135 7540
7540 12135
12135 8076
8076 12135
12135 8418
8418 12135
12135 8438
8438 12135
12135 8527
8527 12135
12135 8560
8560 12135
12135 8661
8661 12135
12135 8692
8692 12135
12135 8696
8696 12135
12135 8743
8743 12135
12135 10109
10109 12135
12135 18917
18917 12135
12190 726
726 12190
12209 8563
8563 12209
12209 12209
12209 12209
12231 8693
8693 12231
12234 3439
3439 12234
12242 8407
8407 12242
12279 836
836 12279
12279 12279
12279 12279
12358 16613
16613 12358
12375 4819
4819 12375
12394 1158
1158 12394
12394 8473
8473 12394
12415 12415
12415 12415
12415 12572
12572 12415
12482 7759
7759 12482
12482 19946
19946 12482
12482 24393
24393 12482
12519 1312
1312 12519
12670 2984
2984 12670
12670 3555
3555 12670
12670 4154
4154 12670
12670 4215
4215 12670
12670 6049
6049 12670
12670 6201
6201 12670
12670 8529
8529 12670
12670 8576
8576 12670
12670 11669
11669 12670
12670 12670
12670 12670
12670 16895
16895 12670
12670 24451
24451 12670
12720 3591
3591 12720
12720 14583
14583 12720
12774 1221
1221 12774
12774 5409
5409 12774
12789 12789
12789 12789
12832 115
115 12832
12834 13969
13969 12834
12870 833
833 12870
12870 15483
15483 12870
12874 8449
8449 12874
12874 9057
9057 12874
12874 12874
12874 12874
12894 1221
1221 12894
12894 14267
14267 12894
12900 7921
7921 12900
12900 8564
8564 12900
12900 8584
8584 12900
12900 12900
12900 12900
12900 13969
13969 12900
12900 18420
18420 12900
12933 6780
6780 12933
12949 6681
6681 12949
12949 8578
8578 12949
12949 8625
8625 12949
12959 12959
12959 12959
12977 6999
6999 12977
12977 21192
21192 12977
13003 8609
8609 13003
13019 24393
24393 13019
13027 4150
4150 13027
13027 6104
6104 13027
13027 8432
8432 13027
13027 8483
8483 13027
13059 13059
13059 13059
13110 13110
13110 13110
13141 2831
2831 13141
13141 13141
13141 13141
13181 1913
1913 13181
13181 3562
3562 13181
13181 3864
3864 13181
13181 8533
8533 13181
13181 16303
16303 13181
13181 18457
18457 13181
13184 929
929 13184
13184 8600
8600 13184
13191 1800
1800 13191
13196 1842
1842 13196
13196 3864
3864 13196
13196 4638
4638 13196
13196 4712
4712 13196
13196 5023
5023 13196
13196 6582
6582 13196
13196 6603
6603 13196
13196 6986
6986 13196
13196 7529
7529 13196
13196 8464
8464 13196
13196 8596
8596 13196
13196 8666
8666 13196
13196 16601
16601 13196
13211 13211
13211 13211
13214 714
714 13214
13238 3425
3425 13238
13238 13238
13238 13238
13270 8573
8573 13270
13270 8630
8630 13270
13270 13270
13270 13270
13270 16904
16904 13270
13270 21356
21356 13270
13270 21954
21954 13270
13297 13297
13297 13297
13336 8507
8507 13336
13337 642
642 13337
13337 8047
8047 13337
13343 24380
24380 13343
13358 8295
8295 13358
13358 13358
13358 13358
13370 1140
1140 13370
13370 8610
8610 13370
13370 8675
8675 13370
13370 13370
13370 13370
13370 18602
18602 13370
13379 8047
8047 13379
13379 8621
8621 13379
13379 10121
10121 13379
13379 17840
17840 13379
13383 8609
8609 13383
13431 8496
8496 13431
13466 1312
1312 13466
13466 3736
3736 13466
13466 6124
6124 13466
13466 13466
13466 13466
13518 1658
1658 13518
13518 13518
13518 13518
13518 14595
14595 13518
13518 17291
17291 13518
13518 24734
24734 13518
13535 21919
21919 13535
13604 6874
6874 13604
13604 8384
8384 13604
13604 13604
13604 13604
13662 13662
13662 13662
13662 14583
14583 13662
13684 1532
1532 13684
13684 3657
3657 13684
13684 4819
4819 13684
13684 5072
5072 13684
13684 6049
6049 13684
13684 6999
6999 13684
13684 8430
8430 13684
13684 8482
8482 13684
13684 8584
8584 13684
13684 12670
12670 13684
13684 13684
13684 13684
13684 24657
24657 13684
13684 24710
24710 13684
13694 6917
6917 13694
13717 255
255 13717
13786 714
714 13786
13786 830
830 13786
13786 2411
2411 13786
13786 3736
3736 13786
13786 5178
5178 13786
13786 5310
5310 13786
13786 6387
6387 13786
13786 7338
7338 13786
13786 7720
7720 13786
13786 7858
7858 13786
13786 7866
7866 13786
13786 7990
7990 13786
13786 8421
8421 13786
13786 8454
8454 13786
13786 8668
8668 13786
13786 8698
8698 13786
13786 8727
8727 13786
13786 8734
8734 13786
13786 8747
8747 13786
13786 8748
8748 13786
13786 8996
8996 13786
13786 10109
10109 13786
13786 12789
12789 13786
13786 13786
13786 13786
13786 14805
14805 13786
13786 16867
16867 13786
13786 19901
19901 13786
13786 22521
22521 13786
13786 24226
24226 13786
13969 2387
2387 13969
13969 2811
2811 13969
13969 3834
3834 13969
13969 4066
4066 13969
13969 5762
5762 13969
13969 6780
6780 13969
13969 7211
7211 13969
13969 8002
8002 13969
13969 8526
8526 13969
13969 8558
8558 13969
13969 8563
8563 13969
13969 8632
8632 13969
13969 8714
8714 13969
13969 8728
8728 13969
13969 12394
12394 13969
13969 12834
12834 13969
13969 13059
13059 13969
13969 13969
13969 13969
13969 14453
14453 13969
13969 19554
19554 13969
14054 8680
8680 14054
14054 14401
14401 14054
14094 8617
8617 14094
14195 255
255 14195
14195 8463
8463 14195
14195 8526
8526 14195
14195 8663
8663 14195
14195 11669
11669 14195
14195 14195
14195 14195
14224 3610
3610 14224
14224 8453
8453 14224
14224 14224
14224 14224
14224 16897
16897 14224
14224 18457
18457 14224
14224 19946
19946 14224
14224 24552
24552 14224
14232 8545
8545 14232
14232 14232
14232 14232
14295 6009
6009 14295
14355 946
946 14355
14355 1658
1658 14355
14355 4242
4242 14355
14355 7720
7720 14355
14355 14355
14355 14355
14361 18602
18602 14361
14371 8675
8675 14371
14401 2811
2811 14401
14401 14054
14054 14401
14401 14401
14401 14401
14414 524
524 14414
14414 24380
24380 14414
14453 13969
13969 14453
14453 14453
14453 14453
14500 14500
14500 14500
14507 7759
7759 14507
14583 642
642 14583
14583 2629
2629 14583
14583 7759
7759 14583
14583 8671
8671 14583
14583 13662
13662 14583
14583 14583
14583 14583
14583 18602
18602 14583
14583 19693
19693 14583
14583 19901
19901 14583
14583 22598
22598 14583
14583 24710
24710 14583
14595 44
44 14595
14595 3292
3292 14595
14595 5682
5682 14595
14595 6459
6459 14595
14595 7905
7905 14595
14595 7921
7921 14595
14595 8402
8402 14595
14595 8598
8598 14595
14595 8632
8632 14595
14595 12670
12670 14595
14595 13518
13518 14595
14595 14595
14595 14595
14595 16588
16588 14595
14595 24313
24313 14595
14595 24579
24579 14595
14691 8208
8208 14691
14738 6487
6487 14738
14738 8648
8648 14738
14738 14738
14738 14738
14792 8556
8556 14792
14805 3449
3449 14805
14805 8421
8421 14805
14805 8483
8483 14805
14805 22513
22513 14805
14806 14806
14806 14806
14806 24174
24174 14806
14835 287
287 14835
14835 14094
14094 14835
14882 1951
1951 14882
14882 8705
8705 14882
14888 21884
21884 14888
14920 503
503 14920
14920 1639
1639 14920
14920 1921
1921 14920
14920 1951
1951 14920
14920 4920
4920 14920
14920 5816
5816 14920
14920 7471
7471 14920
14920 8262
8262 14920
14920 8449
8449 14920
14920 8538
8538 14920
14920 8567
8567 14920
14920 8573
8573 14920
14920 8599
8599 14920
14920 9057
9057 14920
14920 11700
11700 14920
14920 14920
14920 14920
14920 16976
16976 14920
14920 17338
17338 14920
14920 24710
24710 14920
14927 1865
1865 14927
15116 7656
7656 15116
15116 8464
8464 15116
15161 18457
18457 15161
15229 763
763 15229
15229 6201
6201 15229
15229 12900
12900 15229
15229 16076
16076 15229
15251 5397
5397 15251
15277 1716
1716 15277
15282 1333
1333 15282
15332 5852
5852 15332
15332 6937
6937 15332
15332 12900
12900 15332
15361 8421
8421 15361
15394 14355
14355 15394
15394 15394
15394 15394
15447 8617
8617 15447
15447 10121
10121 15447
15447 14583
14583 15447
15447 19946
19946 15447
15447 21192
21192 15447
15447 24555
24555 15447
15450 929
929 15450
15450 6937
6937 15450
15450 8692
8692 15450
15450 9057
9057 15450
15450 12670
12670 15450
15588 15588
15588 15588
15594 15594
15594 15594
15602 15602
15602 15602
15610 5089
5089 15610
15617 5311
5311 15617
15688 1842
1842 15688
15688 1913
1913 15688
15688 4154
4154 15688
15688 6049
6049 15688
15688 7681
7681 15688
15688 8331
8331 15688
15688 15688
15688 15688
15688 17880
17880 15688
15688 19446
19446 15688
15688 24657
24657 15688
15688 24722
24722 15688
15698 6318
6318 15698
15698 10121
10121 15698
15714 1018
1018 15714
15714 15714
15714 15714
15714 19438
19438 15714
15888 18449
18449 15888
15896 2248
2248 15896
15896 15896
15896 15896
15935 946
946 15935
15935 19946
19946 15935
15940 5311
5311 15940
16018 1382
1382 16018
16018 5805
5805 16018
16018 17349
17349 16018
16087 1555
1555 16087
16186 3055
3055 16186
16186 5311
5311 16186
16186 6589
6589 16186
16186 15940
15940 16186
16186 19087
19087 16186
16213 2134
2134 16213
16282 255
255 16282
16303 814
814 16303
16303 16303
16303 16303
16581 8076
8076 16581
16581 8606
8606 16581
16581 8648
8648 16581
16581 18619
18619 16581
16581 24393
24393 16581
16591 5178
5178 16591
16591 8464
8464 16591
16591 8584
8584 16591
16591 12670
12670 16591
16591 16892
16892 16591
16591 17840
17840 16591
16601 5651
5651 16601
16601 6493
6493 16601
16601 13684
13684 16601
16601 16601
16601 16601
16601 18056
18056 16601
16609 255
255 16609
16609 5072
5072 16609
16609 24313
24313 16609
16613 4928
4928 16613
16613 5072
5072 16613
16613 6201
6201 16613
16613 8596
8596 16613
16613 12358
12358 16613
16613 16613
16613 16613
16859 21786
21786 16859
16859 24657
24657 16859
16859 24682
24682 16859
16867 13786
13786 16867
16867 16867
16867 16867
16880 1430
1430 16880
16880 3098
3098 16880
16880 9057
9057 16880
16880 18034
18034 16880
16892 349
349 16892
16892 7006
7006 16892
16892 7940
7940 16892
16892 8690
8690 16892
16892 16892
16892 16892
16892 21240
21240 16892
16892 22265
22265 16892
16895 7014
7014 16895
16897 4521
4521 16897
16897 9177
9177 16897
16897 14224
14224 16897
16897 16897
16897 16897
16904 16904
16904 16904
16904 19901
19901 16904
16976 12977
12977 16976
16976 16613
16613 16976
16976 21192
21192 16976
16976 23711
23711 16976
17013 17013
17013 17013
17013 21954
21954 17013
17041 16976
16976 17041
17055 17055
17055 17055
17066 7759
7759 17066
17157 20904
20904 17157
17290 1842
1842 17290
17290 17290
17290 17290
17291 13518
13518 17291
17299 1846
1846 17299
17299 3610
3610 17299
17299 3657
3657 17299
17299 4331
4331 17299
17299 6049
6049 17299
17299 6589
6589 17299
17299 17299
17299 17299
17299 19438
19438 17299
17299 19946
19946 17299
17299 23926
23926 17299
17300 13211
13211 17300
17306 4242
4242 17306
17333 13141
13141 17333
17338 4280
4280 17338
17338 24174
24174 17338
17349 7197
7197 17349
17349 7759
7759 17349
17349 8617
8617 17349
17349 11313
11313 17349
17349 17349
17349 17349
17568 8208
8208 17568
17568 17568
17568 17568
17576 1728
1728 17576
17576 11669
11669 17576
17576 22265
22265 17576
17675 1538
1538 17675
17675 2361
2361 17675
17675 8005
8005 17675
17695 172
172 17695
17695 3591
3591 17695
17695 8542
8542 17695
17695 17695
17695 17695
17706 5755
5755 17706
17706 6937
6937 17706
17706 8108
8108 17706
17830 1407
1407 17830
17840 8617
8617 17840
17840 8685
8685 17840
17840 15814
15814 17840
17840 16591
16591 17840
17840 17840
17840 17840
17840 19946
19946 17840
17843 3610
3610 17843
17843 15714
15714 17843
17843 17843
17843 17843
17880 17880
17880 17880
17950 3153
3153 17950
17950 8511
8511 17950
17950 18457
18457 17950
18005 5112
5112 18005
18005 8524
8524 18005
18005 8563
8563 18005
18034 4255
4255 18034
18034 4712
4712 18034
18034 8239
8239 18034
18034 8297
8297 18034
18034 8462
8462 18034
18034 8590
8590 18034
18034 11700
11700 18034
18034 11929
11929 18034
18034 13297
13297 18034
18034 16880
16880 18034
18034 18034
18034 18034
18034 20817
20817 18034
18056 5963
5963 18056
18056 8107
8107 18056
18056 16601
16601 18056
18056 17013
17013 18056
18056 24368
24368 18056
18138 8628
8628 18138
18138 19901
19901 18138
18169 255
255 18169
18169 438
438 18169
18169 12977
12977 18169
18291 9057
9057 18291
18293 18293
18293 18293
18396 4663
4663 18396
18401 8421
8421 18401
18401 18034
18034 18401
18401 23348
23348 18401
18420 11657
11657 18420
18438 11881
11881 18438
18438 20517
20517 18438
18449 1934
1934 18449
18449 8659
8659 18449
18449 8743
8743 18449
18449 15935
15935 18449
18449 18449
18449 18449
18457 7993
7993 18457
18457 17950
17950 18457
18457 18457
18457 18457
18472 24552
24552 18472
18515 8493
8493 18515
18574 3591
3591 18574
18574 4920
4920 18574
18574 7759
7759 18574
18574 8725
8725 18574
18574 12789
12789 18574
18574 18574
18574 18574
18574 21786
21786 18574
18574 22521
22521 18574
18602 704
704 18602
18602 929
929 18602
18602 2014
2014 18602
18602 3172
3172 18602
18602 4242
4242 18602
18602 4712
4712 18602
18602 5531
5531 18602
18602 8543
8543 18602
18602 8722
8722 18602
18602 11536
11536 18602
18602 14583
14583 18602
18602 18602
18602 18602
18602 21192
21192 18602
18602 21917
21917 18602
18619 623
623 18619
18619 3725
3725 18619
18619 4121
4121 18619
18619 4343
4343 18619
18619 4417
4417 18619
18619 4819
4819 18619
18619 5036
5036 18619
18619 5311
5311 18619
18619 5755
5755 18619
18619 5801
5801 18619
18619 6010
6010 18619
18619 6186
6186 18619
18619 6247
6247 18619
18619 6976
6976 18619
18619 7037
7037 18619
18619 7505
7505 18619
18619 7924
7924 18619
18619 8155
8155 18619
18619 8239
8239 18619
18619 8262
8262 18619
18619 8297
8297 18619
18619 8498
8498 18619
18619 8555
8555 18619
18619 8606
8606 18619
18619 8645
8645 18619
18619 8653
8653 18619
18619 8729
8729 18619
18619 14888
14888 18619
18619 17568
17568 18619
18619 18619
18619 18619
18675 3638
3638 18675
18689 576
576 18689
18689 1063
1063 18689
18689 2134
2134 18689
18689 3405
3405 18689
18689 4183
4183 18689
18689 5411
5411 18689
18689 5677
5677 18689
18689 7764
7764 18689
18689 8102
8102 18689
18689 8213
8213 18689
18689 8445
8445 18689
18689 8476
8476 18689
18689 8534
8534 18689
18689 8551
8551 18689
18689 8640
8640 18689
18689 8690
8690 18689
18689 13358
13358 18689
18689 18689
18689 18689
18698 6494
6494 18698
18698 18698
18698 18698
18764 5755
5755 18764
18764 8543
8543 18764
18822 8102
8102 18822
18822 23226
23226 18822
18917 5702
5702 18917
18917 12959
12959 18917
18940 24393
24393 18940
18960 23934
23934 18960
19038 24167
24167 19038
19059 830
830 19059
19059 3452
3452 19059
19087 1800
1800 19087
19087 3554
3554 19087
19087 18602
18602 19087
19087 19087
19087 19087
19105 3657
3657 19105
19105 8529
8529 19105
19105 8635
8635 19105
19138 255
255 19138
19138 8747
8747 19138
19138 14224
14224 19138
19138 19138
19138 19138
19140 1346
1346 19140
19149 7527
7527 19149
19165 8583
8583 19165
19172 1842
1842 19172
19184 7933
7933 19184
19355 1846
1846 19355
19355 5887
5887 19355
19379 7369
7369 19379
19421 1220
1220 19421
19421 8680
8680 19421
19426 1743
1743 19426
19438 149
149 19438
19438 231
231 19438
19438 525
525 19438
19438 1842
1842 19438
19438 4343
4343 19438
19438 4521
4521 19438
19438 4567
4567 19438
19438 6557
6557 19438
19438 6582
6582 19438
19438 7388
7388 19438
19438 8441
8441 19438
19438 8468
8468 19438
19438 8532
8532 19438
19438 8594
8594 19438
19438 8659
8659 19438
19438 8714
8714 19438
19438 8726
8726 19438
19438 8984
8984 19438
19438 11929
11929 19438
19438 14806
14806 19438
19438 15714
15714 19438
19438 19438
19438 19438
19438 19870
19870 19438
19438 19946
19946 19438
19438 22276
22276 19438
19438 24174
24174 19438
19438 24393
24393 19438
19446 15688
15688 19446
19446 19446
19446 19446
19454 642
642 19454
19454 1407
1407 19454
19454 6209
6209 19454
19454 8993
8993 19454
19454 19454
19454 19454
19454 19901
19901 19454
19498 8735
8735 19498
19554 12834
12834 19554
19554 12900
12900 19554
19554 19554
19554 19554
19554 20292
20292 19554
19644 8696
8696 19644
19683 2335
2335 19683
19683 5152
5152 19683
19683 6780
6780 19683
19683 8488
8488 19683
19683 19683
19683 19683
19693 14583
14583 19693
19730 833
833 19730
19730 1780
1780 19730
19730 2014
2014 19730
19730 4343
4343 19730
19730 5801
5801 19730
19730 5963
5963 19730
19730 6248
6248 19730
19730 8578
8578 19730
19730 8650
8650 19730
19730 16591
16591 19730
19730 19730
19730 19730
19730 21192
21192 19730
19772 19772
19772 19772
19870 231
231 19870
19870 1934
1934 19870
19870 5517
5517 19870
19870 8455
8455 19870
19870 19870
19870 19870
19870 19946
19946 19870
19871 714
714 19871
19871 19871
19871 19871
19901 501
501 19901
19901 934
934 19901
19901 1913
1913 19901
19901 4186
4186 19901
19901 4920
4920 19901
19901 5969
5969 19901
19901 6027
6027 19901
19901 8321
8321 19901
19901 8418
8418 19901
19901 8449
8449 19901
19901 8463
8463 19901
19901 8467
8467 19901
19901 8482
8482 19901
19901 8498
8498 19901
19901 8603
8603 19901
19901 8652
8652 19901
19901 9057
9057 19901
19901 11704
11704 19901
19901 13786
13786 19901
19901 14583
14583 19901
19901 16904
16904 19901
19901 17695
17695 19901
19901 18034
18034 19901
19901 18574
18574 19901
19901 19693
19693 19901
19901 19901
19901 19901
19901 19946
19946 19901
19901 22521
22521 19901
19901 22598
22598 19901
19901 24517
24517 19901
19915 3415
3415 19915
19915 8344
8344 19915
19915 19915
19915 19915
19938 7388
7388 19938
19938 8473
8473 19938
19946 7410
7410 19946
19946 8453
8453 19946
19946 11076
11076 19946
19946 11579
11579 19946
19946 12482
12482 19946
19946 17299
17299 19946
19946 17840
17840 19946
19946 19946
19946 19946
19946 24393
24393 19946
20058 8338
8338 20058
20058 8609
8609 20058
20058 8635
8635 20058
20058 8670
8670 20058
20058 20058
20058 20058
20242 16591
16591 20242
20280 11657
11657 20280
20280 20280
20280 20280
20285 4567
4567 20285
20285 8453
8453 20285
20285 13684
13684 20285
20285 20285
20285 20285
20292 7759
7759 20292
20292 20292
20292 20292
20355 642
642 20355
20355 3777
3777 20355
20355 5530
5530 20355
20355 6027
6027 20355
20355 6707
6707 20355
20355 12959
12959 20355
20355 13059
13059 20355
20355 19298
19298 20355
20355 20355
20355 20355
20355 23912
23912 20355
20387 5703
5703 20387
20422 6722
6722 20422
20512 671
671 20512
20512 1504
1504 20512
20517 1842
1842 20517
20517 6603
6603 20517
20517 8690
8690 20517
20517 11881
11881 20517
20517 20517
20517 20517
20594 20594
20594 20594
20594 23320
23320 20594
20817 929
929 20817
20817 4920
4920 20817
20817 8031
8031 20817
20817 8155
8155 20817
20817 8692
8692 20817
20817 9025
9025 20817
20817 11700
11700 20817
20817 12789
12789 20817
20817 14583
14583 20817
20817 18574
18574 20817
20817 20817
20817 20817
20817 24365
24365 20817
20883 3528
3528 20883
20889 6209
6209 20889
20889 8656
8656 20889
20890 24033
24033 20890
20892 3954
3954 20892
20892 8554
8554 20892
20892 20892
20892 20892
20904 20904
20904 20904
21020 6047
6047 21020
21020 8490
8490 21020
21020 21020
21020 21020
21020 24565
24565 21020
21079 6010
6010 21079
21079 8465
8465 21079
21079 8662
8662 21079
21079 21079
21079 21079
21110 2215
2215 21110
21110 2416
2416 21110
21110 6638
6638 21110
21110 7617
7617 21110
21110 11579
11579 21110
21110 18457
18457 21110
21110 21110
21110 21110
21110 21786
21786 21110
21110 21876
21876 21110
21110 24161
24161 21110
21110 24508
24508 21110
21110 24552
24552 21110
21177 13110
13110 21177
21192 6338
6338 21192
21192 8412
8412 21192
21192 12977
12977 21192
21192 21192
21192 21192
21194 4331
4331 21194
21194 8532
8532 21194
21213 576
576 21213
21213 2166
2166 21213
21213 3415
3415 21213
21213 19105
19105 21213
21213 21192
21192 21213
21213 21213
21213 21213
21240 1842
1842 21240
21240 2423
2423 21240
21240 4638
4638 21240
21240 5969
5969 21240
21240 8209
8209 21240
21240 8420
8420 21240
21240 8555
8555 21240
21240 8637
8637 21240
21240 16601
16601 21240
21240 16892
16892 21240
21240 20280
20280 21240
21240 21240
21240 21240
21240 24313
24313 21240
21336 5282
5282 21336
21336 8615
8615 21336
21337 21337
21337 21337
21356 865
865 21356
21356 21356
21356 21356
21457 335
335 21457
21584 3725
3725 21584
21607 2361
2361 21607
21634 19087
19087 21634
21699 438
438 21699
21699 836
836 21699
21699 1221
1221 21699
21699 1639
1639 21699
21699 1913
1913 21699
21699 2387
2387 21699
21699 2413
2413 21699
21699 2736
2736 21699
21699 2794
2794 21699
21699 3084
3084 21699
21699 3620
3620 21699
21699 4417
4417 21699
21699 4819
4819 21699
21699 5096
5096 21699
21699 7369
7369 21699
21699 7759
7759 21699
21699 7990
7990 21699
21699 8352
8352 21699
21699 8408
8408 21699
21699 8416
8416 21699
21699 8421
8421 21699
21699 8477
8477 21699
21699 8501
8501 21699
21699 8541
8541 21699
21699 8543
8543 21699
21699 8545
8545 21699
21699 8591
8591 21699
21699 8653
8653 21699
21699 8660
8660 21699
21699 8691
8691 21699
21699 8719
8719 21699
21699 8720
8720 21699
21699 10121
10121 21699
21699 16976
16976 21699
21699 18449
18449 21699
21699 19683
19683 21699
21699 19946
19946 21699
21699 21699
21699 21699
21702 8295
8295 21702
21786 155
155 21786
21786 714
714 21786
21786 3223
3223 21786
21786 4018
4018 21786
21786 5178
5178 21786
21786 6638
6638 21786
21786 6666
6666 21786
21786 7617
7617 21786
21786 7874
7874 21786
21786 8363
8363 21786
21786 11929
11929 21786
21786 13214
13214 21786
21786 21786
21786 21786
21786 21800
21800 21786
21786 24142
24142 21786
21786 24393
24393 21786
21800 804
804 21800
21800 8076
8076 21800
21800 19438
19438 21800
21800 21786
21786 21800
21800 21800
21800 21800
21876 3292
3292 21876
21878 4417
4417 21878
21879 8454
8454 21879
21881 21881
21881 21881
21884 14888
14888 21884
21899 503
503 21899
21899 6186
6186 21899
21899 8500
8500 21899
21899 8725
8725 21899
21913 1842
1842 21913
21914 17880
17880 21914
21917 18602
18602 21917
21917 21917
21917 21917
21919 3172
3172 21919
21919 21919
21919 21919
21926 2194
2194 21926
21954 4819
4819 21954
21954 8047
8047 21954
21954 8408
8408 21954
21954 8727
8727 21954
21954 17013
17013 21954
21954 18602
18602 21954
21954 21954
21954 21954
22075 8473
8473 22075
22075 22075
22075 22075
22089 1846
1846 22089
22089 8661
8661 22089
22089 22089
22089 22089
22134 6578
6578 22134
22134 15896
15896 22134
22160 608
608 22160
22208 3084
3084 22208
22221 1951
1951 22221
22227 6702
6702 22227
22234 22234
22234 22234
22265 16892
16892 22265
22265 22265
22265 22265
22276 149
149 22276
22276 2015
2015 22276
22276 4567
4567 22276
22276 6494
6494 22276
22276 8076
8076 22276
22276 8493
8493 22276
22276 8527
8527 22276
22276 8560
8560 22276
22276 8561
8561 22276
22276 8567
8567 22276
22276 8577
8577 22276
22276 8593
8593 22276
22276 8668
8668 22276
22276 8743
8743 22276
22276 12789
12789 22276
22276 18602
18602 22276
22276 22221
22221 22276
22276 22276
22276 22276
22276 23926
23926 22276
22283 255
255 22283
22283 804
804 22283
22283 3874
3874 22283
22283 6027
6027 22283
22283 7540
7540 22283
22283 7751
7751 22283
22283 8563
8563 22283
22283 8656
8656 22283
22283 12959
12959 22283
22283 14453
14453 22283
22283 21192
21192 22283
22283 22283
22283 22283
22283 23320
23320 22283
22283 24033
24033 22283
22283 24565
24565 22283
22315 8669
8669 22315
22341 9911
9911 22341
22341 22513
22513 22341
22385 4854
4854 22385
22454 1951
1951 22454
22513 5963
5963 22513
22513 5967
5967 22513
22513 6638
6638 22513
22513 7905
7905 22513
22513 8262
8262 22513
22513 8463
8463 22513
22513 8514
8514 22513
22513 8535
8535 22513
22513 8565
8565 22513
22513 8650
8650 22513
22513 11422
11422 22513
22513 12959
12959 22513
22513 15940
15940 22513
22513 19730
19730 22513
22513 22513
22513 22513
22521 6232
6232 22521
22521 8615
8615 22521
22521 13786
13786 22521
22521 22521
22521 22521
22592 19946
19946 22592
22598 3725
3725 22598
22598 4920
4920 22598
22598 6027
6027 22598
22598 14583
14583 22598
22598 19901
19901 22598
22598 22598
22598 22598
22730 2487
2487 22730
22764 1846
1846 22764
22764 22764
22764 22764
22807 763
763 22807
22807 2872
2872 22807
22807 8505
8505 22807
22807 8509
8509 22807
22807 8567
8567 22807
22807 22807
22807 22807
22882 6638
6638 22882
22906 8669
8669 22906
22906 20647
20647 22906
22911 503
503 22911
22911 1973
1973 22911
22911 7759
7759 22911
23221 255
255 23221
23221 23221
23221 23221
23348 155
155 23348
23348 3528
3528 23348
23348 5311
5311 23348
23348 8410
8410 23348
23348 23348
23348 23348
23348 24033
24033 23348
23707 4440
4440 23707
23711 5946
5946 23711
23822 4343
4343 23822
23822 5311
5311 23822
23822 23822
23822 23822
23912 2628
2628 23912
23912 3275
3275 23912
23912 23912
23912 23912
23921 7100
7100 23921
23921 8408
8408 23921
23921 23921
23921 23921
23924 21192
21192 23924
23926 5127
5127 23926
23926 23926
23926 23926
23927 6201
6201 23927
23927 23927
23927 23927
23933 3153
3153 23933
23933 8223
8223 23933
23933 8534
8534 23933
23934 8637
8637 23934
23935 9029
9029 23935
23935 10719
10719 23935
23946 6201
6201 23946
23946 6917
6917 23946
23996 24033
24033 23996
24033 763
763 24033
24033 1951
1951 24033
24033 6124
6124 24033
24033 6638
6638 24033
24033 6709
6709 24033
24033 6761
6761 24033
24033 8490
8490 24033
24033 19426
19426 24033
24037 17840
17840 24037
24133 7617
7617 24133
24142 21786
21786 24142
24150 16591
16591 24150
24150 24150
24150 24150
24161 21110
21110 24161
24167 19038
19038 24167
24167 23926
23926 24167
24167 24167
24167 24167
24174 5854
5854 24174
24174 14806
14806 24174
24174 17338
17338 24174
24174 24174
24174 24174
24191 4837
4837 24191
24206 8557
8557 24206
24206 24206
24206 24206
24224 18602
18602 24224
24224 24657
24657 24224
24226 1951
1951 24226
24226 4104
4104 24226
24226 4255
4255 24226
24226 6892
6892 24226
24226 8460
8460 24226
24226 8465
8465 24226
24226 8752
8752 24226
24226 14500
14500 24226
24226 23921
23921 24226
24226 23926
23926 24226
24226 24404
24404 24226
24250 8546
8546 24250
24250 8714
8714 24250
24252 726
726 24252
24252 929
929 24252
24252 1913
1913 24252
24252 1934
1934 24252
24252 3130
3130 24252
24252 3168
3168 24252
24252 3452
3452 24252
24252 4340
4340 24252
24252 4738
4738 24252
24252 5072
5072 24252
24252 8005
8005 24252
24252 8617
8617 24252
24252 8621
8621 24252
24252 8671
8671 24252
24252 8691
8691 24252
24252 8746
8746 24252
24252 11536
11536 24252
24252 13110
13110 24252
24252 14224
14224 24252
24252 14583
14583 24252
24252 14806
14806 24252
24252 17840
17840 24252
24252 18405
18405 24252
24252 19871
19871 24252
24252 20292
20292 24252
24252 23926
23926 24252
24252 24033
24033 24252
24252 24174
24174 24252
24252 24252
24252 24252
24252 24710
24710 24252
24276 7828
7828 24276
24276 8466
8466 24276
24286 8248
8248 24286
24313 7656
7656 24313
24313 14595
14595 24313
24313 24313
24313 24313
24322 6531
6531 24322
24322 6999
6999 24322
24322 8993
8993 24322
24322 11577
11577 24322
24322 24322
24322 24322
24329 1692
1692 24329
24360 1116
1116 24360
24365 20817
20817 24365
24393 934
934 24393
24393 4928
4928 24393
24393 6049
6049 24393
24393 7759
7759 24393
24393 8473
8473 24393
24393 8659
8659 24393
24393 13019
13019 24393
24393 16581
16581 24393
24393 19946
19946 24393
24393 22466
22466 24393
24393 24393
24393 24393
24401 814
814 24401
24404 24404
24404 24404
24409 255
255 24409
24442 8416
8416 24442
24442 8472
8472 24442
24442 8617
8617 24442
24442 8646
8646 24442
24448 3153
3153 24448
24448 4837
4837 24448
24451 1001
1001 24451
24451 1221
1221 24451
24451 7921
7921 24451
24451 8101
8101 24451
24451 8451
8451 24451
24451 8506
8506 24451
24451 13684
13684 24451
24451 24451
24451 24451
24451 24657
24657 24451
24460 1842
1842 24460
24460 3864
3864 24460
24460 11657
11657 24460
24460 16892
16892 24460
24460 21192
21192 24460
24460 24710
24710 24460
24469 3638
3638 24469
24474 14111
14111 24474
24492 1842
1842 24492
24492 24492
24492 24492
24502 8586
8586 24502
24517 21192
21192 24517
24518 12279
12279 24518
24531 8575
8575 24531
24552 19534
19534 24552
24552 24552
24552 24552
24553 351
351 24553
24555 44
44 24555
24555 16892
16892 24555
24555 21192
21192 24555
24555 24555
24555 24555
24565 412
412 24565
24565 21020
21020 24565
24568 623
623 24568
24568 4150
4150 24568
24568 4343
4343 24568
24568 8102
8102 24568
24568 8509
8509 24568
24568 8564
8564 24568
24568 24224
24224 24568
24568 24568
24568 24568
24579 1141
1141 24579
24579 5299
5299 24579
24579 8680
8680 24579
24579 18457
18457 24579
24579 21192
21192 24579
24579 24579
24579 24579
24591 4567
4567 24591
24591 8656
8656 24591
24594 4158
4158 24594
24657 44
44 24657
24657 8752
8752 24657
24657 13684
13684 24657
24657 24224
24224 24657
24657 24451
24451 24657
24657 24657
24657 24657
24671 1658
1658 24671
24671 4242
4242 24671
24682 5023
5023 24682
24682 5230
5230 24682
24682 8670
8670 24682
24682 8690
8690 24682
24682 9005
9005 24682
24682 11077
11077 24682
24682 16601
16601 24682
24682 24682
24682 24682
24707 255
255 24707
24707 3452
3452 24707
24707 8537
8537 24707
24707 12005
12005 24707
24707 13141
13141 24707
24707 24707
24707 24707
24710 1728
1728 24710
24710 3528
3528 24710
24710 4663
4663 24710
24710 6957
6957 24710
24710 9911
9911 24710
24710 10168
10168 24710
24710 11422
11422 24710
24710 13118
13118 24710
24710 14583
14583 24710
24710 24710
24710 24710
24722 15688
15688 24722
24722 24722
24722 24722
24728 20594
20594 24728
24734 8047
8047 24734
24734 9005
9005 24734
24734 13518
13518 24734
24734 24552
24552 24734
24734 24734
24734 24734
