7 9057
9057 7
20 20
20 20
20 642
642 20
20 2592
2592 20
20 2622
2622 20
20 4440
4440 20
20 5817
5817 20
20 6213
6213 20
20 11579
11579 20
20 12734
12734 20
21 5086
5086 21
43 43
43 43
43 804
804 43
44 44
44 44
44 4408
4408 44
44 12188
12188 44
44 12310
12310 44
44 12389
12389 44
54 54
54 54
54 968
968 54
54 1296
1296 54
54 18602
18602 54
54 24591
24591 54
141 2938
2938 141
156 9418
9418 156
194 194
194 194
194 7186
7186 194
196 1740
1740 196
212 212
212 212
212 3433
3433 212
212 6961
6961 212
212 12882
12882 212
213 13025
13025 213
213 21800
21800 213
215 8996
8996 215
215 12902
12902 215
231 231
231 231
231 1141
1141 231
231 6975
6975 231
231 7838
7838 231
231 8184
8184 231
231 8368
8368 231
231 9022
9022 231
231 12452
12452 231
231 12610
12610 231
231 12978
12978 231
231 13175
13175 231
231 13422
13422 231
231 14964
14964 231
231 16867
16867 231
231 24133
24133 231
231 24626
24626 231
242 6589
6589 242
252 642
642 252
252 701
701 252
252 11507
11507 252
252 13094
13094 252
252 13221
13221 252
260 260
260 260
260 13326
13326 260
287 212
212 287
287 287
287 287
287 9753
9753 287
287 12744
12744 287
287 13133
13133 287
287 13250
13250 287
287 16345
16345 287
292 292
292 292
292 13021
13021 292
320 20
20 320
320 320
320 320
320 11328
11328 320
348 348
348 348
348 13286
13286 348
349 349
349 349
349 1842
1842 349
349 8507
8507 349
349 11056
11056 349
386 1658
1658 386
386 23235
23235 386
394 5953
5953 394
412 412
412 412
412 642
642 412
412 11953
11953 412
412 12812
12812 412
412 19149
19149 412
412 22276
22276 412
466 3609
3609 466
466 12350
12350 466
473 10681
10681 473
496 496
496 496
496 18619
18619 496
525 525
525 525
525 13218
13218 525
525 24265
24265 525
546 2592
2592 546
555 555
555 555
555 8852
8852 555
560 560
560 560
560 8364
8364 560
560 12736
12736 560
572 572
572 572
572 2194
2194 572
572 10429
10429 572
572 11919
11919 572
572 12805
12805 572
574 7354
7354 574
574 17872
17872 574
596 596
596 596
596 1038
1038 596
596 9312
9312 596
596 12078
12078 596
596 12576
12576 596
596 13021
13021 596
596 13116
13116 596
596 20355
20355 596
596 21985
21985 596
623 623
623 623
623 642
642 623
623 701
701 623
623 814
814 623
623 6310
6310 623
623 9853
9853 623
623 10569
10569 623
623 12777
12777 623
623 12853
12853 623
623 13042
13042 623
623 13141
13141 623
623 13845
13845 623
630 630
630 630
630 644
644 630
630 18574
18574 630
642 623
623 642
642 642
642 642
642 701
701 642
642 1312
1312 642
642 2392
2392 642
642 6575
6575 642
642 6589
6589 642
642 7778
7778 642
642 8657
8657 642
642 11357
11357 642
642 12078
12078 642
642 12840
12840 642
642 12982
12982 642
642 13094
13094 642
642 13289
13289 642
642 13307
13307 642
642 13328
13328 642
642 13331
13331 642
642 13633
13633 642
642 23360
23360 642
644 630
630 644
644 644
644 644
644 686
686 644
644 4920
4920 644
644 19685
19685 644
664 664
664 664
664 4242
4242 664
686 644
644 686
701 630
630 701
701 642
642 701
701 701
701 701
701 1038
1038 701
701 1296
1296 701
701 1639
1639 701
701 2831
2831 701
701 6054
6054 701
701 6124
6124 701
701 6167
6167 701
701 7759
7759 701
701 7923
7923 701
701 8232
8232 701
701 9360
9360 701
701 9779
9779 701
701 9841
9841 701
701 10429
10429 701
701 11826
11826 701
701 12033
12033 701
701 12037
12037 701
701 12376
12376 701
701 12492
12492 701
701 12542
12542 701
701 12610
12610 701
701 12744
12744 701
701 12812
12812 701
701 12956
12956 701
701 13018
13018 701
701 13037
13037 701
701 13056
13056 701
701 13125
13125 701
701 13136
13136 701
701 13154
13154 701
701 13156
13156 701
701 13159
13159 701
701 13162
13162 701
701 13170
13170 701
701 13178
13178 701
701 13195
13195 701
701 13227
13227 701
701 13269
13269 701
701 13281
13281 701
701 13302
13302 701
701 13307
13307 701
701 13325
13325 701
701 13344
13344 701
701 13360
13360 701
701 13408
13408 701
701 16581
16581 701
701 24320
24320 701
701 24393
24393 701
701 24404
24404 701
726 726
726 726
726 1296
1296 726
726 1369
1369 726
726 1393
1393 726
726 2611
2611 726
726 5032
5032 726
726 7268
7268 726
726 11357
11357 726
726 11869
11869 726
726 12734
12734 726
726 12736
12736 726
726 12902
12902 726
726 12945
12945 726
726 12976
12976 726
726 12980
12980 726
726 12991
12991 726
726 13094
13094 726
726 14691
14691 726
726 14920
14920 726
726 16581
16581 726
726 20355
20355 726
763 763
763 763
776 7759
7759 776
804 804
804 804
804 1430
1430 804
804 3777
3777 804
804 6557
6557 804
804 9011
9011 804
804 19266
19266 804
814 814
814 814
830 570
570 830
830 830
830 830
830 3528
3528 830
830 4975
4975 830
830 12777
12777 830
830 12953
12953 830
833 11861
11861 833
833 20904
20904 833
834 23206
23206 834
866 11916
11916 866
876 876
876 876
876 1473
1473 876
876 6049
6049 876
876 6167
6167 876
876 7365
7365 876
876 8852
8852 876
876 10844
10844 876
876 11644
11644 876
876 12539
12539 876
876 12650
12650 876
876 13349
13349 876
876 16377
16377 876
876 18434
18434 876
876 22217
22217 876
876 23941
23941 876
895 7387
7387 895
906 1951
1951 906
906 7338
7338 906
917 1312
1312 917
929 929
929 929
929 1296
1296 929
929 1312
1312 929
929 4920
4920 929
929 9893
9893 929
929 10718
10718 929
929 16345
16345 929
929 17675
17675 929
929 20917
20917 929
929 20938
20938 929
929 21336
21336 929
934 934
934 934
934 4242
4242 934
968 54
54 968
968 968
968 968
979 2134
2134 979
1013 1013
1013 1013
1013 1296
1296 1013
1013 11357
11357 1013
1013 12077
12077 1013
1013 12230
12230 1013
1013 12610
12610 1013
1018 5513
5513 1018
1018 10811
10811 1018
1018 12450
12450 1018
1018 13200
13200 1018
1038 1038
1038 1038
1038 7759
7759 1038
1038 11758
11758 1038
1038 12452
12452 1038
1038 22536
22536 1038
1105 7
7 1105
1105 230
230 1105
1105 260
260 1105
1105 1105
1105 1105
1105 2767
2767 1105
1105 3729
3729 1105
1105 3823
3823 1105
1105 4242
4242 1105
1105 9405
9405 1105
1105 10410
10410 1105
1105 11562
11562 1105
1105 11698
11698 1105
1105 12812
12812 1105
1105 13105
13105 1105
1105 13206
13206 1105
1105 13280
13280 1105
1105 13326
13326 1105
1105 13328
13328 1105
1105 13374
13374 1105
1105 13485
13485 1105
1105 14583
14583 1105
1105 24265
24265 1105
1116 1393
1393 1116
1116 13216
13216 1116
1116 13407
13407 1116
1116 17675
17675 1116
1116 22882
22882 1116
1133 1133
1133 1133
1133 13267
13267 1133
1133 13387
13387 1133
1137 1137
1137 1137
1137 3072
3072 1137
1137 4572
4572 1137
1137 8107
8107 1137
1137 9573
9573 1137
1137 9660
9660 1137
1137 10573
10573 1137
1137 11644
11644 1137
1137 12450
12450 1137
1137 12650
12650 1137
1137 12719
12719 1137
1137 13328
13328 1137
1141 231
231 1141
1197 13021
13021 1197
1215 1215
1215 1215
1215 10429
10429 1215
1215 12037
12037 1215
1215 14401
14401 1215
1221 1221
1221 1221
1221 5147
5147 1221
1221 12054
12054 1221
1221 13328
13328 1221
1221 16637
16637 1221
1230 12953
12953 1230
1244 13093
13093 1244
1301 1301
1301 1301
1312 244
244 1312
1312 496
496 1312
1312 929
929 1312
1312 1312
1312 1312
1312 1543
1543 1312
1312 6124
6124 1312
1312 8935
8935 1312
1312 12812
12812 1312
1312 12945
12945 1312
1312 13081
13081 1312
1312 13156
13156 1312
1312 13165
13165 1312
1312 14976
14976 1312
1312 16581
16581 1312
1312 19871
19871 1312
1313 1313
1313 1313
1313 12402
12402 1313
1317 6124
6124 1317
1317 11953
11953 1317
1317 13237
13237 1317
1318 1312
1312 1318
1346 6049
6049 1346
1346 21336
21336 1346
1346 24088
24088 1346
1354 13390
13390 1354
1369 726
726 1369
1382 5682
5682 1382
1382 13211
13211 1382
1383 3172
3172 1383
1393 21
21 1393
1393 726
726 1393
1393 1393
1393 1393
1393 4769
4769 1393
1393 12282
12282 1393
1393 13226
13226 1393
1403 6124
6124 1403
1403 9853
9853 1403
1403 13156
13156 1403
1430 804
804 1430
1430 929
929 1430
1430 1430
1430 1430
1430 4920
4920 1430
1430 5178
5178 1430
1430 7554
7554 1430
1430 8462
8462 1430
1430 10250
10250 1430
1430 11507
11507 1430
1430 13023
13023 1430
1430 13141
13141 1430
1430 16345
16345 1430
1430 18414
18414 1430
1430 18619
18619 1430
1441 18602
18602 1441
1473 1473
1473 1473
1520 7921
7921 1520
1538 3123
3123 1538
1538 4903
4903 1538
1538 12033
12033 1538
1538 12282
12282 1538
1538 12563
12563 1538
1538 13038
13038 1538
1538 13051
13051 1538
1538 13293
13293 1538
1538 13427
13427 1538
1542 3049
3049 1542
1543 1312
1312 1543
1543 1543
1543 1543
1547 18855
18855 1547
1549 1403
1403 1549
1549 1549
1549 1549
1558 1558
1558 1558
1581 7365
7365 1581
1631 1631
1631 1631
1632 1137
1137 1632
1632 5633
5633 1632
1633 13113
13113 1633
1633 16213
16213 1633
1639 701
701 1639
1639 3172
3172 1639
1658 1658
1658 1658
1658 1999
1999 1658
1658 2497
2497 1658
1658 2794
2794 1658
1658 4928
4928 1658
1658 5953
5953 1658
1658 10939
10939 1658
1658 12230
12230 1658
1658 12953
12953 1658
1658 13024
13024 1658
1658 13105
13105 1658
1658 13200
13200 1658
1658 13315
13315 1658
1658 13518
13518 1658
1658 13786
13786 1658
1658 14820
14820 1658
1658 21913
21913 1658
1658 24322
24322 1658
1658 24354
24354 1658
1658 24555
24555 1658
1676 13120
13120 1676
1708 1708
1708 1708
1708 4920
4920 1708
1740 196
196 1740
1740 1740
1740 1740
1740 1904
1904 1740
1740 6592
6592 1740
1740 7478
7478 1740
1740 8232
8232 1740
1740 8632
8632 1740
1740 9405
9405 1740
1740 12045
12045 1740
1740 12392
12392 1740
1740 12805
12805 1740
1740 12834
12834 1740
1740 13142
13142 1740
1740 13173
13173 1740
1740 13185
13185 1740
1740 13224
13224 1740
1740 13349
13349 1740
1740 16892
16892 1740
1740 16895
16895 1740
1740 24722
24722 1740
1741 726
726 1741
1741 1542
1542 1741
1741 1741
1741 1741
1741 2424
2424 1741
1741 5409
5409 1741
1741 5892
5892 1741
1741 7186
7186 1741
1741 8598
8598 1741
1741 10259
10259 1741
1741 11507
11507 1741
1741 12283
12283 1741
1741 12450
12450 1741
1741 12539
12539 1741
1741 12688
12688 1741
1741 13006
13006 1741
1741 13007
13007 1741
1741 13078
13078 1741
1741 13151
13151 1741
1741 13215
13215 1741
1741 13218
13218 1741
1741 22559
22559 1741
1800 1800
1800 1800
1800 11378
11378 1800
1807 1807
1807 1807
1842 349
349 1842
1842 1842
1842 1842
1842 10681
10681 1842
1846 1846
1846 1846
1846 2392
2392 1846
1846 2497
2497 1846
1846 3049
3049 1846
1846 3141
3141 1846
1846 3172
3172 1846
1846 10627
10627 1846
1846 10681
10681 1846
1846 11149
11149 1846
1846 11843
11843 1846
1846 12450
12450 1846
1846 12982
12982 1846
1846 13262
13262 1846
1846 13328
13328 1846
1846 14976
14976 1846
1861 7
7 1861
1861 1861
1861 1861
1861 3101
3101 1861
1861 9057
9057 1861
1861 19059
19059 1861
1861 20917
20917 1861
1875 1875
1875 1875
1875 3172
3172 1875
1875 5178
5178 1875
1875 18169
18169 1875
1904 1740
1740 1904
1904 1904
1904 1904
1913 5032
5032 1913
1913 9256
9256 1913
1913 9360
9360 1913
1934 1934
1934 1934
1934 4242
4242 1934
1949 1949
1949 1949
1949 8632
8632 1949
1951 1951
1951 1951
1951 6961
6961 1951
1951 8310
8310 1951
1951 9841
9841 1951
1951 9853
9853 1951
1951 11901
11901 1951
1951 13111
13111 1951
1951 13136
13136 1951
1951 13180
13180 1951
1951 18602
18602 1951
1952 11378
11378 1952
2099 17966
17966 2099
2134 726
726 2134
2134 979
979 2134
2134 1741
1741 2134
2134 2134
2134 2134
2134 5892
5892 2134
2134 7656
7656 2134
2134 7764
7764 2134
2134 11758
11758 2134
2134 11843
11843 2134
2134 12188
12188 2134
2134 12956
12956 2134
2134 13289
13289 2134
2134 13328
13328 2134
2134 13356
13356 2134
2194 701
701 2194
2194 1741
1741 2194
2194 2194
2194 2194
2194 2831
2831 2194
2194 4047
4047 2194
2194 4343
4343 2194
2194 5682
5682 2194
2194 5866
5866 2194
2194 5892
5892 2194
2194 5946
5946 2194
2194 6063
6063 2194
2194 7478
7478 2194
2194 7921
7921 2194
2194 11767
11767 2194
2194 12900
12900 2194
2194 12902
12902 2194
2194 12983
12983 2194
2194 13006
13006 2194
2194 13052
13052 2194
2194 13090
13090 2194
2194 13114
13114 2194
2194 13170
13170 2194
2194 13337
13337 2194
2194 18602
18602 2194
2197 642
642 2197
2197 1018
1018 2197
2197 2197
2197 2197
2197 5925
5925 2197
2197 6707
6707 2197
2197 6975
6975 2197
2197 9239
9239 2197
2197 9933
9933 2197
2197 10410
10410 2197
2197 13062
13062 2197
2197 13332
13332 2197
2197 19379
19379 2197
2197 20889
20889 2197
2225 2225
2225 2225
2225 8232
8232 2225
2225 14189
14189 2225
2279 2279
2279 2279
2281 12886
12886 2281
2282 2282
2282 2282
2307 1312
1312 2307
2307 2307
2307 2307
2307 12734
12734 2307
2307 13138
13138 2307
2361 2361
2361 2361
2361 7759
7759 2361
2384 1658
1658 2384
2384 2497
2497 2384
2384 5953
5953 2384
2384 10573
10573 2384
2384 13211
13211 2384
2384 24710
24710 2384
2389 13673
13673 2389
2392 1846
1846 2392
2392 2392
2392 2392
2392 9418
9418 2392
2392 13377
13377 2392
2411 1038
1038 2411
2411 13021
13021 2411
2416 2416
2416 2416
2424 2134
2134 2424
2424 2424
2424 2424
2424 5677
5677 2424
2424 13006
13006 2424
2427 12777
12777 2427
2487 630
630 2487
2487 642
642 2487
2487 1913
1913 2487
2487 2487
2487 2487
2487 2497
2497 2487
2487 5519
5519 2487
2487 10121
10121 2487
2487 11730
11730 2487
2487 11953
11953 2487
2487 12925
12925 2487
2487 13332
13332 2487
2487 20889
20889 2487
2487 24480
24480 2487
2487 24545
24545 2487
2491 7410
7410 2491
2497 1543
1543 2497
2497 1846
1846 2497
2497 2497
2497 2497
2497 4794
4794 2497
2497 6851
6851 2497
2497 8237
8237 2497
2497 8657
8657 2497
2497 8995
8995 2497
2497 10027
10027 2497
2497 11406
11406 2497
2497 11826
11826 2497
2497 11899
11899 2497
2497 12082
12082 2497
2497 12953
12953 2497
2497 18602
18602 2497
2499 2499
2499 2499
2499 6149
6149 2499
2499 6851
6851 2499
2499 8232
8232 2499
2508 12805
12805 2508
2508 12899
12899 2508
2583 2583
2583 2583
2583 9648
9648 2583
2592 260
260 2592
2592 546
546 2592
2592 642
642 2592
2592 1543
1543 2592
2592 2592
2592 2592
2592 5105
5105 2592
2592 6961
6961 2592
2592 9853
9853 2592
2592 10811
10811 2592
2592 11357
11357 2592
2592 12600
12600 2592
2592 12786
12786 2592
2592 13014
13014 2592
2592 13101
13101 2592
2592 13141
13141 2592
2592 13307
13307 2592
2592 14195
14195 2592
2592 18602
18602 2592
2592 19149
19149 2592
2592 21800
21800 2592
2611 2611
2611 2611
2611 13042
13042 2611
2622 20
20 2622
2622 1312
1312 2622
2622 2497
2497 2622
2622 2622
2622 2622
2622 12812
12812 2622
2622 13042
13042 2622
2622 14583
14583 2622
2622 23711
23711 2622
2629 4920
4920 2629
2629 15450
15450 2629
2633 1403
1403 2633
2659 13136
13136 2659
2713 9405
9405 2713
2767 2767
2767 2767
2794 2794
2794 2794
2794 22438
22438 2794
2811 7478
7478 2811
2811 9022
9022 2811
2811 10681
10681 2811
2811 13108
13108 2811
2815 1264
1264 2815
2815 4242
4242 2815
2831 701
701 2831
2831 763
763 2831
2831 2831
2831 2831
2831 4343
4343 2831
2831 8820
8820 2831
2831 11743
11743 2831
2831 11929
11929 2831
2831 12135
12135 2831
2872 2872
2872 2872
2872 3055
3055 2872
2872 11843
11843 2872
2872 12957
12957 2872
2872 13054
13054 2872
2872 13223
13223 2872
2953 18169
18169 2953
2997 2997
2997 2997
2997 4769
4769 2997
2997 7478
7478 2997
2997 12033
12033 2997
2997 13018
13018 2997
2997 13109
13109 2997
2997 19554
19554 2997
2997 22882
22882 2997
2997 24033
24033 2997
3003 8096
8096 3003
3003 24518
24518 3003
3049 1393
1393 3049
3049 1542
1542 3049
3049 3049
3049 3049
3049 6149
6149 3049
3049 10833
10833 3049
3055 2134
2134 3055
3055 3055
3055 3055
3055 12957
12957 3055
3072 3072
3072 3072
3078 11023
11023 3078
3101 929
929 3101
3101 1038
1038 3101
3101 3101
3101 3101
3101 4185
4185 3101
3101 8321
8321 3101
3101 9057
9057 3101
3101 11507
11507 3101
3101 18169
18169 3101
3101 18414
18414 3101
3130 6851
6851 3130
3141 1846
1846 3141
3141 3141
3141 3141
3141 7186
7186 3141
3172 642
642 3172
3172 798
798 3172
3172 1861
1861 3172
3172 3172
3172 3172
3172 4242
4242 3172
3172 4920
4920 3172
3172 5178
5178 3172
3172 6707
6707 3172
3172 9082
9082 3172
3172 9256
9256 3172
3172 10681
10681 3172
3172 11313
11313 3172
3172 11507
11507 3172
3172 11722
11722 3172
3172 12829
12829 3172
3172 12900
12900 3172
3172 12902
12902 3172
3172 13141
13141 3172
3172 13206
13206 3172
3172 14583
14583 3172
3172 20889
20889 3172
3172 22598
22598 3172
3172 23711
23711 3172
3172 24226
24226 3172
3172 24722
24722 3172
3192 285
285 3192
3203 9256
9256 3203
3227 5969
5969 3227
3372 13022
13022 3372
3420 13211
13211 3420
3425 2815
2815 3425
3425 5409
5409 3425
3425 10027
10027 3425
3433 212
212 3433
3433 11357
11357 3433
3452 3452
3452 3452
3455 3455
3455 3455
3455 4607
4607 3455
3455 8321
8321 3455
3455 11953
11953 3455
3455 13186
13186 3455
3506 13358
13358 3506
3523 6917
6917 3523
3528 3714
3714 3528
3528 4775
4775 3528
3528 12033
12033 3528
3528 13406
13406 3528
3570 3570
3570 3570
3570 13101
13101 3570
3675 3675
3675 3675
3675 11743
11743 3675
3714 2997
2997 3714
3729 3729
3729 3729
3754 17675
17675 3754
3757 1875
1875 3757
3760 3760
3760 3760
3760 13423
13423 3760
3784 630
630 3784
3823 3823
3823 3823
3843 934
934 3843
3843 12805
12805 3843
3843 13200
13200 3843
3865 13144
13144 3865
3874 3874
3874 3874
3874 4275
4275 3874
3874 12876
12876 3874
3874 13063
13063 3874
3986 320
320 3986
3986 10830
10830 3986
3986 14583
14583 3986
3986 22412
22412 3986
4048 11503
11503 4048
4094 4094
4094 4094
4094 8995
8995 4094
4094 24710
24710 4094
4121 1116
1116 4121
4121 1393
1393 4121
4121 1631
1631 4121
4121 4121
4121 4121
4121 6247
6247 4121
4121 8364
8364 4121
4121 12838
12838 4121
4125 12376
12376 4125
4146 4146
4146 4146
4158 13173
13173 4158
4183 4186
4186 4183
4185 4185
4185 4185
4185 18414
18414 4185
4186 4183
4183 4186
4186 4186
4186 4186
4187 5105
5105 4187
4242 20
20 4242
4242 642
642 4242
4242 664
664 4242
4242 763
763 4242
4242 934
934 4242
4242 1934
1934 4242
4242 3038
3038 4242
4242 3172
3172 4242
4242 4242
4242 4242
4242 5105
5105 4242
4242 5519
5519 4242
4242 8102
8102 4242
4242 8310
8310 4242
4242 8996
8996 4242
4242 9239
9239 4242
4242 9312
9312 4242
4242 9486
9486 4242
4242 11056
11056 4242
4242 11097
11097 4242
4242 12450
12450 4242
4242 13231
13231 4242
4242 13287
13287 4242
4242 13300
13300 4242
4242 13324
13324 4242
4242 13717
13717 4242
4242 16345
16345 4242
4242 19554
19554 4242
4242 20285
20285 4242
4242 20817
20817 4242
4242 21800
21800 4242
4242 23235
23235 4242
4271 4271
4271 4271
4275 12876
12876 4275
4275 14500
14500 4275
4280 4920
4920 4280
4280 12896
12896 4280
4331 10566
10566 4331
4331 13030
13030 4331
4331 15714
15714 4331
4343 212
212 4343
4343 3172
3172 4343
4343 4343
4343 4343
4343 5946
5946 4343
4343 9135
9135 4343
4343 11994
11994 4343
4343 12600
12600 4343
4343 12900
12900 4343
4343 12953
12953 4343
4343 13485
13485 4343
4343 24480
24480 4343
4407 1913
1913 4407
4407 13143
13143 4407
4407 21985
21985 4407
4408 44
44 4408
4408 11657
11657 4408
4408 13381
13381 4408
4430 18602
18602 4430
4459 7478
7478 4459
4482 23223
23223 4482
4547 4683
4683 4547
4551 17326
17326 4551
4567 3172
3172 4567
4567 4567
4567 4567
4567 5105
5105 4567
4567 9239
9239 4567
4567 11378
11378 4567
4572 4572
4572 4572
4578 4578
4578 4578
4578 10681
10681 4578
4578 13101
13101 4578
4607 4607
4607 4607
4607 6851
6851 4607
4607 11606
11606 4607
4607 12902
12902 4607
4607 12909
12909 4607
4607 13186
13186 4607
4653 4653
4653 4653
4653 11743
11743 4653
4653 12563
12563 4653
4667 4769
4769 4667
4667 11846
11846 4667
4667 12082
12082 4667
4667 17675
17675 4667
4683 4683
4683 4683
4683 7778
7778 4683
4683 12178
12178 4683
4685 701
701 4685
4685 4685
4685 4685
4685 13123
13123 4685
4685 13427
13427 4685
4685 24722
24722 4685
4704 21899
21899 4704
4724 4724
4724 4724
4724 13387
13387 4724
4735 13377
13377 4735
4737 1312
1312 4737
4737 3130
3130 4737
4737 4737
4737 4737
4737 11357
11357 4737
4737 11606
11606 4737
4737 12789
12789 4737
4737 17412
17412 4737
4737 24226
24226 4737
4743 2602
2602 4743
4781 12037
12037 4781
4794 1658
1658 4794
4794 2497
2497 4794
4794 4794
4794 4794
4794 9057
9057 4794
4829 4829
4829 4829
4829 13236
13236 4829
4829 13328
13328 4829
4879 24265
24265 4879
4903 4903
4903 4903
4920 287
287 4920
4920 630
630 4920
4920 642
642 4920
4920 644
644 4920
4920 1393
1393 4920
4920 1708
1708 4920
4920 4607
4607 4920
4920 4920
4920 4920
4920 6879
6879 4920
4920 7565
7565 4920
4920 8462
8462 4920
4920 9046
9046 4920
4920 9648
9648 4920
4920 9978
9978 4920
4920 11507
11507 4920
4920 12789
12789 4920
4920 12886
12886 4920
4920 13023
13023 4920
4920 13905
13905 4920
4920 16345
16345 4920
4920 16880
16880 4920
4920 18414
18414 4920
4920 18754
18754 4920
4920 19685
19685 4920
4920 19901
19901 4920
4920 20817
20817 4920
4920 24519
24519 4920
4928 1658
1658 4928
4928 9256
9256 4928
4928 21240
21240 4928
4952 10429
10429 4952
4960 8321
8321 4960
4960 8462
8462 4960
4960 22521
22521 4960
4975 4975
4975 4975
4982 5310
5310 4982
5032 5032
5032 5032
5052 320
320 5052
5105 1543
1543 5105
5105 2592
2592 5105
5105 5105
5105 5105
5107 5107
5107 5107
5112 24682
24682 5112
5123 13364
13364 5123
5127 5127
5127 5127
5127 8005
8005 5127
5147 5147
5147 5147
5147 12178
12178 5147
5152 3953
3953 5152
5152 6634
6634 5152
5178 804
804 5178
5178 1430
1430 5178
5178 1875
1875 5178
5178 3101
3101 5178
5178 4920
4920 5178
5178 5105
5105 5178
5178 5178
5178 5178
5178 8462
8462 5178
5178 12326
12326 5178
5178 12948
12948 5178
5178 13012
13012 5178
5178 13023
13023 5178
5178 13175
13175 5178
5178 13188
13188 5178
5178 13321
13321 5178
5178 14583
14583 5178
5178 15450
15450 5178
5178 16345
16345 5178
5178 18414
18414 5178
5178 24121
24121 5178
5203 12037
12037 5203
5231 8017
8017 5231
5282 5282
5282 5282
5282 6049
6049 5282
5282 24088
24088 5282
5284 231
231 5284
5310 4982
4982 5310
5310 5310
5310 5310
5345 726
726 5345
5345 4123
4123 5345
5345 5345
5345 5345
5345 9751
9751 5345
5345 11644
11644 5345
5345 12178
12178 5345
5345 13211
13211 5345
5345 13381
13381 5345
5345 14595
14595 5345
5345 16377
16377 5345
5345 18955
18955 5345
5345 24033
24033 5345
5446 545
545 5446
5448 5448
5448 5448
5448 12230
12230 5448
5485 16345
16345 5485
5489 18602
18602 5489
5519 2282
2282 5519
5519 2487
2487 5519
5519 2497
2497 5519
5519 5519
5519 5519
5519 6917
6917 5519
5519 7209
7209 5519
5519 11819
11819 5519
5519 13008
13008 5519
5544 5544
5544 5544
5544 6063
6063 5544
5544 11657
11657 5544
5544 12834
12834 5544
5544 13351
13351 5544
5544 13359
13359 5544
5544 16892
16892 5544
5583 7785
7785 5583
5595 5595
5595 5595
5595 6278
6278 5595
5633 1632
1632 5633
5639 7759
7759 5639
5644 13023
13023 5644
5658 5658
5658 5658
5658 14195
14195 5658
5660 2053
2053 5660
5660 2612
2612 5660
5660 3570
3570 5660
5660 6026
6026 5660
5660 6757
6757 5660
5660 11644
11644 5660
5660 11826
11826 5660
5660 12112
12112 5660
5660 12838
12838 5660
5660 12947
12947 5660
5660 13221
13221 5660
5660 18634
18634 5660
5660 19441
19441 5660
5660 24573
24573 5660
5677 701
701 5677
5677 2424
2424 5677
5677 5677
5677 5677
5677 12033
12033 5677
5677 14361
14361 5677
5677 19355
19355 5677
5677 24635
24635 5677
5682 5682
5682 5682
5769 1913
1913 5769
5808 3141
3141 5808
5817 5817
5817 5817
5866 5866
5866 5866
5887 12572
12572 5887
5892 1741
1741 5892
5892 2134
2134 5892
5892 5892
5892 5892
5925 5925
5925 5925
5946 1842
1842 5946
5946 2392
2392 5946
5946 3072
3072 5946
5946 4094
4094 5946
5946 4343
4343 5946
5946 5946
5946 5946
5946 6917
6917 5946
5946 7209
7209 5946
5946 8657
8657 5946
5946 10027
10027 5946
5946 10681
10681 5946
5946 11916
11916 5946
5946 12163
12163 5946
5946 12178
12178 5946
5946 12449
12449 5946
5946 12450
12450 5946
5946 12894
12894 5946
5946 13034
13034 5946
5946 13154
13154 5946
5946 13262
13262 5946
5946 21328
21328 5946
5953 1658
1658 5953
5953 4094
4094 5953
5953 5953
5953 5953
5959 13005
13005 5959
6002 1296
1296 6002
6002 6002
6002 6002
6002 9340
9340 6002
6002 13810
13810 6002
6017 12054
12054 6017
6047 12283
12283 6047
6047 13018
13018 6047
6047 14691
14691 6047
6049 5282
5282 6049
6049 6049
6049 6049
6049 9660
9660 6049
6049 20285
20285 6049
6083 10410
10410 6083
6083 10811
10811 6083
6095 1658
1658 6095
6095 6095
6095 6095
6095 6278
6278 6095
6095 9365
9365 6095
6095 11378
11378 6095
6095 12789
12789 6095
6095 17675
17675 6095
6124 1312
1312 6124
6124 11953
11953 6124
6124 12876
12876 6124
6149 6149
6149 6149
6149 8232
8232 6149
6149 8935
8935 6149
6167 876
876 6167
6167 6167
6167 6167
6182 3301
3301 6182
6182 13158
13158 6182
6209 7682
7682 6209
6209 19554
19554 6209
6247 1393
1393 6247
6247 4121
4121 6247
6247 5310
5310 6247
6247 5516
5516 6247
6247 6247
6247 6247
6247 8820
8820 6247
6247 12371
12371 6247
6247 12838
12838 6247
6247 18034
18034 6247
6258 1692
1692 6258
6258 9405
9405 6258
6258 12310
12310 6258
6258 13225
13225 6258
6278 4275
4275 6278
6278 5595
5595 6278
6278 6124
6124 6278
6278 6278
6278 6278
6278 11953
11953 6278
6278 12789
12789 6278
6278 12876
12876 6278
6278 13237
13237 6278
6278 20355
20355 6278
6310 12777
12777 6310
6319 11023
11023 6319
6417 1221
1221 6417
6417 5539
5539 6417
6417 5817
5817 6417
6417 6417
6417 6417
6417 13139
13139 6417
6419 1502
1502 6419
6419 1653
1653 6419
6485 13419
13419 6485
6485 20917
20917 6485
6485 24226
24226 6485
6497 13068
13068 6497
6528 309
309 6528
6528 6528
6528 6528
6529 6529
6529 6529
6529 9584
9584 6529
6529 11606
11606 6529
6557 231
231 6557
6557 701
701 6557
6557 934
934 6557
6557 1543
1543 6557
6557 4928
4928 6557
6557 5105
5105 6557
6557 5658
5658 6557
6557 6557
6557 6557
6557 7387
7387 6557
6557 8232
8232 6557
6557 8507
8507 6557
6557 9256
9256 6557
6557 12045
12045 6557
6557 12600
12600 6557
6557 13039
13039 6557
6557 13163
13163 6557
6557 13300
13300 6557
6557 14195
14195 6557
6557 18574
18574 6557
6557 18619
18619 6557
6575 642
642 6575
6575 6575
6575 6575
6589 6589
6589 6589
6589 12135
12135 6589
6589 16799
16799 6589
6589 18602
18602 6589
6589 19149
19149 6589
6592 1740
1740 6592
6592 6592
6592 6592
6666 4903
4903 6666
6666 6666
6666 6666
6666 12517
12517 6666
6666 16345
16345 6666
6666 17675
17675 6666
6698 19438
19438 6698
6707 19379
19379 6707
6735 10811
10811 6735
6735 12607
12607 6735
6735 13361
13361 6735
6790 6790
6790 6790
6790 13190
13190 6790
6845 642
642 6845
6845 12188
12188 6845
6845 13105
13105 6845
6845 13338
13338 6845
6851 642
642 6851
6851 2421
2421 6851
6869 5303
5303 6869
6869 5776
5776 6869
6869 18689
18689 6869
6914 6914
6914 6914
6917 54
54 6917
6917 1018
1018 6917
6917 4242
4242 6917
6917 5519
5519 6917
6917 6917
6917 6917
6917 8996
8996 6917
6917 12310
12310 6917
6917 14189
14189 6917
6917 17872
17872 6917
6917 22188
22188 6917
6934 496
496 6934
6944 8632
8632 6944
6961 6961
6961 6961
6961 12876
12876 6961
6975 6975
6975 6975
6975 7209
7209 6975
6975 9082
9082 6975
6975 13332
13332 6975
7028 10410
10410 7028
7094 8921
8921 7094
7107 6589
6589 7107
7152 1221
1221 7152
7152 2134
2134 7152
7152 6417
6417 7152
7152 10027
10027 7152
7152 13139
13139 7152
7158 7158
7158 7158
7186 1312
1312 7186
7186 3141
3141 7186
7186 7186
7186 7186
7186 9779
9779 7186
7198 7198
7198 7198
7244 7244
7244 7244
7266 7266
7266 7266
7266 9239
9239 7266
7268 7268
7268 7268
7326 7326
7326 7326
7354 1038
1038 7354
7354 18034
18034 7354
7387 7387
7387 7387
7410 231
231 7410
7410 546
546 7410
7410 3152
3152 7410
7410 7410
7410 7410
7410 12514
12514 7410
7410 13200
13200 7410
7410 17003
17003 7410
7478 7478
7478 7478
7478 9025
9025 7478
7478 9770
9770 7478
7478 14595
14595 7478
7478 18056
18056 7478
7478 18438
18438 7478
7478 19421
19421 7478
7498 13104
13104 7498
7499 8305
8305 7499
7514 2831
2831 7514
7514 12840
12840 7514
7514 19149
19149 7514
7565 7565
7565 7565
7566 6167
6167 7566
7566 11929
11929 7566
7601 701
701 7601
7601 968
968 7601
7601 6437
6437 7601
7601 7266
7266 7601
7601 7601
7601 7601
7601 13138
13138 7601
7648 4737
4737 7648
7648 5107
5107 7648
7648 8352
8352 7648
7648 9025
9025 7648
7648 10429
10429 7648
7648 10666
10666 7648
7648 12900
12900 7648
7648 12991
12991 7648
7648 13071
13071 7648
7648 21786
21786 7648
7648 21881
21881 7648
7656 7656
7656 7656
7656 13356
13356 7656
7668 14595
14595 7668
7682 7682
7682 7682
7743 12600
12600 7743
7759 1038
1038 7759
7759 2794
2794 7759
7759 3123
3123 7759
7759 6851
6851 7759
7759 7186
7186 7759
7759 7759
7759 7759
7759 8820
8820 7759
7759 9679
9679 7759
7759 9716
9716 7759
7759 11916
11916 7759
7759 12079
12079 7759
7759 12230
12230 7759
7759 12492
12492 7759
7759 13199
13199 7759
7759 13262
13262 7759
7759 13362
13362 7759
7764 7764
7764 7764
7778 630
630 7778
7778 642
642 7778
7778 4683
4683 7778
7778 5310
5310 7778
7778 7778
7778 7778
7778 9177
9177 7778
7778 11912
11912 7778
7778 12282
12282 7778
7778 12948
12948 7778
7778 12953
12953 7778
7778 13094
13094 7778
7778 13297
13297 7778
7778 14583
14583 7778
7785 5583
5583 7785
7838 9555
9555 7838
7851 21
21 7851
7851 7851
7851 7851
7851 12371
12371 7851
7851 12838
12838 7851
7921 7921
7921 7921
7921 13412
13412 7921
7923 701
701 7923
7923 13370
13370 7923
7942 7923
7923 7942
8031 9641
9641 8031
8097 13969
13969 8097
8100 12789
12789 8100
8102 4242
4242 8102
8102 7244
7244 8102
8102 8102
8102 8102
8102 9297
9297 8102
8102 10429
10429 8102
8102 11929
11929 8102
8102 12944
12944 8102
8102 13230
13230 8102
8107 14595
14595 8107
8127 8127
8127 8127
8160 13030
13030 8160
8162 11814
11814 8162
8166 8166
8166 8166
8166 13094
13094 8166
8166 13231
13231 8166
8166 13314
13314 8166
8199 13158
13158 8199
8199 13380
13380 8199
8232 701
701 8232
8232 3452
3452 8232
8232 5105
5105 8232
8232 6149
6149 8232
8232 6557
6557 8232
8232 8232
8232 8232
8232 8984
8984 8232
8232 9742
9742 8232
8232 10148
10148 8232
8232 11313
11313 8232
8232 11357
11357 8232
8232 11814
11814 8232
8232 12734
12734 8232
8232 12915
12915 8232
8232 14224
14224 8232
8232 16613
16613 8232
8232 21240
21240 8232
8237 8237
8237 8237
8237 8995
8995 8237
8305 8305
8305 8305
8305 13037
13037 8305
8305 18005
18005 8305
8305 20512
20512 8305
8310 1951
1951 8310
8310 12668
12668 8310
8310 12734
12734 8310
8311 8311
8311 8311
8321 3455
3455 8321
8321 8996
8996 8321
8321 22598
22598 8321
8346 8346
8346 8346
8352 8352
8352 8352
8352 13093
13093 8352
8364 560
560 8364
8364 4121
4121 8364
8364 8364
8364 8364
8364 10410
10410 8364
8452 2416
2416 8452
8462 1430
1430 8462
8462 2416
2416 8462
8462 4960
4960 8462
8462 8462
8462 8462
8462 12789
12789 8462
8462 24365
24365 8462
8507 8507
8507 8507
8632 1949
1949 8632
8632 8632
8632 8632
8657 642
642 8657
8657 2392
2392 8657
8657 2497
2497 8657
8657 3072
3072 8657
8657 8657
8657 8657
8657 10356
10356 8657
8664 8664
8664 8664
8664 13373
13373 8664
8813 3089
3089 8813
8813 5756
5756 8813
8813 8813
8813 8813
8813 13237
13237 8813
8820 3834
3834 8820
8826 2487
2487 8826
8846 2794
2794 8846
8846 13024
13024 8846
8852 555
555 8852
8852 24710
24710 8852
8878 8878
8878 8878
8921 2194
2194 8921
8921 7094
7094 8921
8921 11994
11994 8921
8921 18619
18619 8921
8935 642
642 8935
8935 1312
1312 8935
8935 2499
2499 8935
8935 3863
3863 8935
8935 4920
4920 8935
8935 6149
6149 8935
8935 6589
6589 8935
8935 9057
9057 8935
8935 12734
12734 8935
8935 12777
12777 8935
8935 12900
12900 8935
8935 13317
13317 8935
8935 13326
13326 8935
8935 13377
13377 8935
8935 24518
24518 8935
8944 8944
8944 8944
8944 14361
14361 8944
8984 4
4 8984
8984 3953
3953 8984
8984 8984
8984 8984
8984 12574
12574 8984
8984 12812
12812 8984
8993 8993
8993 8993
8995 4094
4094 8995
8995 8237
8237 8995
8995 8995
8995 8995
8995 9365
9365 8995
8996 7
7 8996
8996 990
990 8996
8996 1301
1301 8996
8996 2352
2352 8996
8996 3420
3420 8996
8996 4920
4920 8996
8996 5682
5682 8996
8996 5953
5953 8996
8996 6049
6049 8996
8996 7921
7921 8996
8996 8132
8132 8996
8996 8996
8996 8996
8996 9025
9025 8996
8996 9057
9057 8996
8996 11547
11547 8996
8996 11861
11861 8996
8996 12600
12600 8996
8996 12677
12677 8996
8996 12789
12789 8996
8996 13052
13052 8996
8996 13071
13071 8996
8996 13185
13185 8996
8996 13211
13211 8996
8996 13222
13222 8996
8996 13349
13349 8996
8996 14595
14595 8996
8996 14888
14888 8996
8996 18169
18169 8996
8996 19454
19454 8996
8996 20817
20817 8996
8996 20917
20917 8996
8996 22438
22438 8996
8996 23478
23478 8996
9005 10115
10115 9005
9005 22438
22438 9005
9011 9011
9011 9011
9022 7478
7478 9022
9022 9022
9022 9022
9022 19554
19554 9022
9025 1875
1875 9025
9025 2497
2497 9025
9025 4351
4351 9025
9025 5682
5682 9025
9025 7478
7478 9025
9025 9025
9025 9025
9025 9742
9742 9025
9025 12627
12627 9025
9025 13113
13113 9025
9025 13114
13114 9025
9025 13328
13328 9025
9025 14583
14583 9025
9025 15450
15450 9025
9025 16377
16377 9025
9025 19149
19149 9025
9025 19554
19554 9025
9030 12517
12517 9030
9046 9046
9046 9046
9057 7
7 9057
9057 798
798 9057
9057 1296
1296 9057
9057 1312
1312 9057
9057 1861
1861 9057
9057 3172
3172 9057
9057 4794
4794 9057
9057 6149
6149 9057
9057 6247
6247 9057
9057 7326
7326 9057
9057 9057
9057 9057
9057 9082
9082 9057
9057 9679
9679 9057
9057 11357
11357 9057
9057 11685
11685 9057
9057 12135
12135 9057
9057 12242
12242 9057
9057 12252
12252 9057
9057 12537
12537 9057
9057 12574
12574 9057
9057 12945
12945 9057
9057 12976
12976 9057
9057 13101
13101 9057
9057 13265
13265 9057
9057 13485
13485 9057
9057 16775
16775 9057
9057 17326
17326 9057
9057 18169
18169 9057
9057 18602
18602 9057
9057 18619
18619 9057
9057 19059
19059 9057
9057 22167
22167 9057
9057 22217
22217 9057
9057 22990
22990 9057
9057 23711
23711 9057
9082 6851
6851 9082
9082 6975
6975 9082
9082 9057
9057 9082
9082 9082
9082 9082
9082 12976
12976 9082
9082 20355
20355 9082
9140 9679
9679 9140
9157 9157
9157 9157
9157 12537
12537 9157
9165 9232
9232 9165
9177 572
572 9177
9177 2307
2307 9177
9177 6589
6589 9177
9177 9177
9177 9177
9177 12068
12068 9177
9177 12812
12812 9177
9177 13094
13094 9177
9177 13287
13287 9177
9177 13325
13325 9177
9177 13374
13374 9177
9177 16345
16345 9177
9177 18602
18602 9177
9177 19149
19149 9177
9177 23235
23235 9177
9232 9165
9165 9232
9232 9232
9232 9232
9232 11901
11901 9232
9232 13286
13286 9232
9238 13365
13365 9238
9238 13390
13390 9238
9238 13421
13421 9238
9239 4920
4920 9239
9239 5105
5105 9239
9239 5969
5969 9239
9239 6095
6095 9239
9239 6557
6557 9239
9239 7266
7266 9239
9239 9239
9239 9239
9239 9360
9360 9239
9239 11357
11357 9239
9239 11758
11758 9239
9239 12734
12734 9239
9239 13132
13132 9239
9239 13154
13154 9239
9239 13372
13372 9239
9239 24722
24722 9239
9256 4928
4928 9256
9256 9256
9256 9256
9256 9363
9363 9256
9275 1105
1105 9275
9275 9275
9275 9275
9297 12452
12452 9297
9312 4242
4242 9312
9360 701
701 9360
9360 979
979 9360
9363 9256
9256 9363
9363 12805
12805 9363
9365 7
7 9365
9365 6149
6149 9365
9365 9365
9365 9365
9365 9467
9467 9365
9365 12037
12037 9365
9405 450
450 9405
9405 6258
6258 9405
9405 9405
9405 9405
9486 9486
9486 9486
9524 11953
11953 9524
9539 15450
15450 9539
9547 12668
12668 9547
9553 814
814 9553
9553 9256
9256 9553
9553 13018
13018 9553
9553 13123
13123 9553
9555 2389
2389 9555
9555 6602
6602 9555
9555 7427
7427 9555
9555 7838
7838 9555
9555 8310
8310 9555
9555 9555
9555 9555
9555 11761
11761 9555
9555 12012
12012 9555
9555 12999
12999 9555
9555 13377
13377 9555
9555 23235
23235 9555
9573 9573
9573 9573
9660 6049
6049 9660
9660 9660
9660 9660
9660 11644
11644 9660
9679 763
763 9679
9679 1895
1895 9679
9679 4975
4975 9679
9679 6851
6851 9679
9679 12953
12953 9679
9679 13333
13333 9679
9679 22882
22882 9679
9716 7759
7759 9716
9736 968
968 9736
9742 9742
9742 9742
9742 12789
12789 9742
9751 9751
9751 9751
9764 285
285 9764
9764 19438
19438 9764
9770 7478
7478 9770
9770 9770
9770 9770
9779 7186
7186 9779
9779 9779
9779 9779
9808 8352
8352 9808
9811 16336
16336 9811
9827 18414
18414 9827
9834 9834
9834 9834
9842 726
726 9842
9842 1296
1296 9842
9842 9842
9842 9842
9842 11727
11727 9842
9842 11953
11953 9842
9842 16345
16345 9842
9842 17290
17290 9842
9842 19149
19149 9842
9893 8321
8321 9893
9893 18414
18414 9893
9957 2497
2497 9957
9957 6961
6961 9957
9957 9957
9957 9957
9957 11357
11357 9957
9957 13094
13094 9957
9957 18602
18602 9957
9960 12777
12777 9960
9962 12720
12720 9962
9978 4920
4920 9978
9978 9978
9978 9978
9978 13321
13321 9978
9978 13365
13365 9978
10006 9256
9256 10006
10027 10027
10027 10027
10028 10028
10028 10028
10115 9005
9005 10115
10115 12450
12450 10115
10121 2487
2487 10121
10121 6851
6851 10121
10121 10027
10027 10121
10121 10121
10121 10121
10121 12925
12925 10121
10121 24545
24545 10121
10168 5147
5147 10168
10168 10168
10168 10168
10207 13377
13377 10207
10259 7478
7478 10259
10273 13294
13294 10273
10292 320
320 10292
10292 11357
11357 10292
10307 934
934 10307
10307 5817
5817 10307
10307 10307
10307 10307
10307 12900
12900 10307
10307 13017
13017 10307
10307 13179
13179 10307
10307 24722
24722 10307
10351 6278
6278 10351
10356 5925
5925 10356
10356 6975
6975 10356
10356 8657
8657 10356
10356 10356
10356 10356
10356 12574
12574 10356
10356 13331
13331 10356
10410 7478
7478 10410
10410 8364
8364 10410
10410 10410
10410 10410
10410 12665
12665 10410
10410 13058
13058 10410
10410 13218
13218 10410
10410 13250
13250 10410
10410 13386
13386 10410
10429 124
124 10429
10429 572
572 10429
10429 1215
1215 10429
10429 1913
1913 10429
10429 3564
3564 10429
10429 4952
4952 10429
10429 6851
6851 10429
10429 10429
10429 10429
10429 11929
11929 10429
10429 12510
12510 10429
10429 12607
12607 10429
10429 12777
12777 10429
10429 13306
13306 10429
10429 24320
24320 10429
10544 18619
18619 10544
10566 6557
6557 10566
10566 9555
9555 10566
10566 10566
10566 10566
10566 10939
10939 10566
10566 18574
18574 10566
10573 1137
1137 10573
10666 10666
10666 10666
10676 12944
12944 10676
10681 473
473 10681
10681 1842
1842 10681
10681 8107
8107 10681
10681 10681
10681 10681
10681 18602
18602 10681
10767 13149
13149 10767
10811 642
642 10811
10811 1018
1018 10811
10811 9978
9978 10811
10811 10410
10410 10811
10811 10811
10811 10811
10811 11357
11357 10811
10811 12037
12037 10811
10811 12982
12982 10811
10811 13049
13049 10811
10811 13411
13411 10811
10811 18602
18602 10811
10811 23360
23360 10811
10833 3049
3049 10833
10833 7478
7478 10833
10833 10833
10833 10833
10844 10844
10844 10844
10844 21884
21884 10844
10997 16345
16345 10997
11055 4920
4920 11055
11055 22521
22521 11055
11056 8507
8507 11056
11056 11056
11056 11056
11056 12964
12964 11056
11082 12344
12344 11082
11087 11087
11087 11087
11149 8310
8310 11149
11152 1846
1846 11152
11152 9177
9177 11152
11152 9842
9842 11152
11152 24409
24409 11152
11167 630
630 11167
11167 6124
6124 11167
11167 6589
6589 11167
11167 13394
13394 11167
11313 3172
3172 11313
11313 11313
11313 11313
11324 11324
11324 11324
11328 320
320 11328
11328 3172
3172 11328
11328 13146
13146 11328
11357 260
260 11357
11357 8232
8232 11357
11357 9239
9239 11357
11357 10292
10292 11357
11357 11357
11357 11357
11357 13432
13432 11357
11357 24226
24226 11357
11361 11361
11361 11361
11361 24386
24386 11361
11378 1800
1800 11378
11378 4567
4567 11378
11378 10811
10811 11378
11378 11378
11378 11378
11378 17675
17675 11378
11378 23707
23707 11378
11393 18602
18602 11393
11406 11899
11899 11406
11406 12778
12778 11406
11406 12925
12925 11406
11406 13267
13267 11406
11406 16213
16213 11406
11419 11419
11419 11419
11419 21786
21786 11419
11507 4920
4920 11507
11507 11507
11507 11507
11507 18602
18602 11507
11517 11517
11517 11517
11547 4242
4242 11547
11547 11606
11606 11547
11547 13071
13071 11547
11547 24722
24722 11547
11577 8852
8852 11577
11579 8664
8664 11579
11579 8984
8984 11579
11579 12734
12734 11579
11579 12812
12812 11579
11606 11547
11547 11606
11606 11606
11606 11606
11607 5682
5682 11607
11644 9660
9660 11644
11644 11644
11644 11644
11657 4408
4408 11657
11657 8507
8507 11657
11657 8632
8632 11657
11657 9405
9405 11657
11657 11657
11657 11657
11657 12805
12805 11657
11657 13022
13022 11657
11657 13053
13053 11657
11657 13108
13108 11657
11657 13321
13321 11657
11657 24722
24722 11657
11684 1639
1639 11684
11684 6437
6437 11684
11684 8237
8237 11684
11684 11378
11378 11684
11684 11507
11507 11684
11684 12045
12045 11684
11684 12623
12623 11684
11684 13287
13287 11684
11684 13331
13331 11684
11684 18602
18602 11684
11685 6851
6851 11685
11698 9113
9113 11698
11698 11756
11756 11698
11698 13211
13211 11698
11700 12953
12953 11700
11700 16345
16345 11700
11715 13090
13090 11715
11722 3172
3172 11722
11724 11724
11724 11724
11725 285
285 11725
11725 16998
16998 11725
11726 831
831 11726
11727 11727
11727 11727
11730 2487
2487 11730
11730 11730
11730 11730
11733 11733
11733 11733
11743 2831
2831 11743
11743 3675
3675 11743
11743 4146
4146 11743
11743 4653
4653 11743
11743 7266
7266 11743
11743 9165
9165 11743
11743 9312
9312 11743
11743 11743
11743 11743
11743 13020
13020 11743
11743 13159
13159 11743
11743 13264
13264 11743
11743 13302
13302 11743
11743 13382
13382 11743
11755 2497
2497 11755
11756 231
231 11756
11756 11698
11698 11756
11756 11756
11756 11756
11756 20817
20817 11756
11758 1038
1038 11758
11758 11758
11758 11758
11758 23348
23348 11758
11761 9555
9555 11761
11761 11761
11761 11761
11764 13027
13027 11764
11764 13247
13247 11764
11764 21786
21786 11764
11764 24568
24568 11764
11767 212
212 11767
11767 285
285 11767
11767 496
496 11767
11767 1018
1018 11767
11767 8984
8984 11767
11767 9834
9834 11767
11767 11357
11357 11767
11767 12812
12812 11767
11767 12876
12876 11767
11767 13091
13091 11767
11767 13093
13093 11767
11767 21786
21786 11767
11767 23235
23235 11767
11784 3101
3101 11784
11793 11793
11793 11793
11793 20355
20355 11793
11819 642
642 11819
11819 3172
3172 11819
11819 6310
6310 11819
11819 7209
7209 11819
11819 9486
9486 11819
11819 11819
11819 11819
11819 12777
12777 11819
11819 13058
13058 11819
11819 13377
13377 11819
11826 11826
11826 11826
11840 285
285 11840
11840 3289
3289 11840
11840 11967
11967 11840
11841 2411
2411 11841
11843 11843
11843 11843
11846 11846
11846 11846
11848 2583
2583 11848
11854 1296
1296 11854
11861 8996
8996 11861
11861 11861
11861 11861
11890 6851
6851 11890
11890 13170
13170 11890
11899 11406
11406 11899
11899 11899
11899 11899
11901 1951
1951 11901
11901 11901
11901 11901
11901 13033
13033 11901
11910 3632
3632 11910
11910 11910
11910 11910
11916 11916
11916 11916
11921 12789
12789 11921
11945 11945
11945 11945
11949 22276
22276 11949
11953 412
412 11953
11953 6278
6278 11953
11953 11953
11953 11953
11994 11994
11994 11994
12006 9841
9841 12006
12013 13300
13300 12013
12013 13372
13372 12013
12013 16998
16998 12013
12022 12054
12054 12022
12022 17675
17675 12022
12033 269
269 12033
12033 280
280 12033
12033 410
410 12033
12033 777
777 12033
12033 1116
1116 12033
12033 3528
3528 12033
12033 4186
4186 12033
12033 4332
4332 12033
12033 4903
4903 12033
12033 4952
4952 12033
12033 5539
5539 12033
12033 6047
6047 12033
12033 6638
6638 12033
12033 6665
6665 12033
12033 6782
6782 12033
12033 7244
7244 12033
12033 8924
8924 12033
12033 12033
12033 12033
12033 12511
12511 12033
12033 13184
13184 12033
12033 13406
13406 12033
12033 13407
13407 12033
12033 15450
15450 12033
12033 18619
18619 12033
12033 20517
20517 12033
12033 20907
20907 12033
12033 22559
22559 12033
12033 22882
22882 12033
12033 23943
23943 12033
12033 24033
24033 12033
12033 24265
24265 12033
12037 701
701 12037
12037 1215
1215 12037
12037 4186
4186 12037
12037 12037
12037 12037
12041 12407
12407 12041
12045 12045
12045 12045
12045 18602
18602 12045
12054 8995
8995 12054
12054 12022
12022 12054
12054 12054
12054 12054
12068 12068
12068 12068
12077 1013
1013 12077
12077 18940
18940 12077
12078 596
596 12078
12078 12078
12078 12078
12078 21891
21891 12078
12079 7759
7759 12079
12080 13146
13146 12080
12105 13030
13030 12105
12105 17293
17293 12105
12106 19901
19901 12106
12112 12112
12112 12112
12126 231
231 12126
12135 20
20 12135
12135 496
496 12135
12135 701
701 12135
12135 814
814 12135
12135 3172
3172 12135
12135 5105
5105 12135
12135 6149
6149 12135
12135 6589
6589 12135
12135 6851
6851 12135
12135 6961
6961 12135
12135 8127
8127 12135
12135 8232
8232 12135
12135 11357
11357 12135
12135 12135
12135 12135
12135 12734
12734 12135
12135 12953
12953 12135
12135 12973
12973 12135
12135 13138
13138 12135
12135 13198
13198 12135
12135 13326
13326 12135
12135 14756
14756 12135
12135 14920
14920 12135
12135 15161
15161 12135
12135 18619
18619 12135
12135 20355
20355 12135
12141 12623
12623 12141
12163 5946
5946 12163
12163 12163
12163 12163
12163 13146
13146 12163
12163 21336
21336 12163
12169 9742
9742 12169
12171 7478
7478 12171
12171 13215
13215 12171
12174 15714
15714 12174
12174 16998
16998 12174
12178 4683
4683 12178
12178 5147
5147 12178
12178 7014
7014 12178
12178 12178
12178 12178
12178 12449
12449 12178
12188 12188
12188 12188
12211 726
726 12211
12211 8632
8632 12211
12211 12211
12211 12211
12211 12976
12976 12211
12216 24393
24393 12216
12222 11727
11727 12222
12224 11357
11357 12224
12230 5448
5448 12230
12230 7759
7759 12230
12242 11507
11507 12242
12242 12242
12242 12242
12253 12253
12253 12253
12273 12273
12273 12273
12273 12805
12805 12273
12282 12282
12282 12282
12283 12283
12283 12283
12326 5178
5178 12326
12326 12326
12326 12326
12342 1627
1627 12342
12343 12343
12343 12343
12346 6124
6124 12346
12346 24226
24226 12346
12358 11313
11313 12358
12364 1116
1116 12364
12364 4121
4121 12364
12364 4920
4920 12364
12367 1312
1312 12367
12367 3172
3172 12367
12367 12367
12367 12367
12367 20992
20992 12367
12371 6247
6247 12371
12371 12371
12371 12371
12384 630
630 12384
12389 12805
12805 12389
12392 12392
12392 12392
12394 12394
12394 12394
12402 1313
1313 12402
12402 12402
12402 12402
12449 5946
5946 12449
12450 1018
1018 12450
12450 4242
4242 12450
12450 5946
5946 12450
12450 10115
10115 12450
12450 12450
12450 12450
12450 13024
13024 12450
12450 13100
13100 12450
12450 13120
13120 12450
12452 8352
8352 12452
12452 9297
9297 12452
12452 12283
12283 12452
12452 12452
12452 12452
12452 13241
13241 12452
12452 22718
22718 12452
12456 673
673 12456
12468 21336
21336 12468
12492 7759
7759 12492
12514 7410
7410 12514
12537 9157
9157 12537
12537 12537
12537 12537
12539 876
876 12539
12539 1313
1313 12539
12539 1741
1741 12539
12539 8995
8995 12539
12539 9025
9025 12539
12539 12402
12402 12539
12539 12539
12539 12539
12539 24088
24088 12539
12542 12542
12542 12542
12563 4653
4653 12563
12574 6851
6851 12574
12574 8984
8984 12574
12574 12574
12574 12574
12574 13180
13180 12574
12574 21786
21786 12574
12574 24393
24393 12574
12576 596
596 12576
12587 9082
9082 12587
12600 12600
12600 12600
12600 12876
12876 12600
12600 13237
13237 12600
12600 20355
20355 12600
12603 12603
12603 12603
12604 20285
20285 12604
12607 13969
13969 12607
12610 231
231 12610
12610 1013
1013 12610
12610 12610
12610 12610
12618 1846
1846 12618
12618 2794
2794 12618
12620 2134
2134 12620
12658 6851
6851 12658
12658 9022
9022 12658
12665 503
503 12665
12665 2831
2831 12665
12665 5369
5369 12665
12665 6874
6874 12665
12665 8996
8996 12665
12665 12665
12665 12665
12665 12812
12812 12665
12665 13071
13071 12665
12665 13126
13126 12665
12665 13403
13403 12665
12668 496
496 12668
12668 4121
4121 12668
12668 6417
6417 12668
12668 8310
8310 12668
12668 9256
9256 12668
12668 9547
9547 12668
12668 12600
12600 12668
12668 12668
12668 12668
12668 13126
13126 12668
12668 13294
13294 12668
12668 13295
13295 12668
12669 11906
11906 12669
12670 9256
9256 12670
12670 12604
12604 12670
12670 13412
13412 12670
12677 12677
12677 12677
12684 1846
1846 12684
12688 1741
1741 12688
12712 4146
4146 12712
12712 12712
12712 12712
12712 13344
13344 12712
12712 17568
17568 12712
12719 1137
1137 12719
12720 9962
9962 12720
12720 12720
12720 12720
12728 13138
13138 12728
12729 12968
12968 12729
12732 496
496 12732
12734 20
20 12734
12734 2307
2307 12734
12734 4242
4242 12734
12734 4343
4343 12734
12734 7266
7266 12734
12734 8127
8127 12734
12734 8232
8232 12734
12734 8310
8310 12734
12734 8935
8935 12734
12734 11419
11419 12734
12734 11579
11579 12734
12734 12734
12734 12734
12734 13061
13061 12734
12734 13097
13097 12734
12734 13386
13386 12734
12734 13399
13399 12734
12734 21891
21891 12734
12734 23235
23235 12734
12734 24226
24226 12734
12734 24393
24393 12734
12735 4086
4086 12735
12736 560
560 12736
12736 12736
12736 12736
12736 14920
14920 12736
12743 12743
12743 12743
12744 701
701 12744
12744 12744
12744 12744
12745 12745
12745 12745
12768 24265
24265 12768
12777 623
623 12777
12777 2427
2427 12777
12777 4242
4242 12777
12777 6310
6310 12777
12777 11819
11819 12777
12777 12777
12777 12777
12777 13042
13042 12777
12777 13065
13065 12777
12777 13231
13231 12777
12777 19438
19438 12777
12777 22276
22276 12777
12789 570
570 12789
12789 4920
4920 12789
12789 5409
5409 12789
12789 6095
6095 12789
12789 6278
6278 12789
12789 8462
8462 12789
12789 8664
8664 12789
12789 9025
9025 12789
12789 9679
9679 12789
12789 9742
9742 12789
12789 11211
11211 12789
12789 12169
12169 12789
12789 12326
12326 12789
12789 12574
12574 12789
12789 12789
12789 12789
12789 13114
13114 12789
12789 13268
13268 12789
12789 23039
23039 12789
12805 11657
11657 12805
12805 12389
12389 12805
12805 12805
12805 12805
12812 412
412 12812
12812 496
496 12812
12812 701
701 12812
12812 1215
1215 12812
12812 9025
9025 12812
12812 9177
9177 12812
12812 11579
11579 12812
12812 12812
12812 12812
12812 13326
13326 12812
12834 5544
5544 12834
12838 4121
4121 12838
12838 7851
7851 12838
12838 12838
12838 12838
12840 12840
12840 12840
12840 14927
14927 12840
12853 12853
12853 12853
12870 5953
5953 12870
12870 11313
11313 12870
12876 798
798 12876
12876 4275
4275 12876
12876 6278
6278 12876
12876 12876
12876 12876
12876 14500
14500 12876
12886 4920
4920 12886
12886 12886
12886 12886
12893 12893
12893 12893
12894 3953
3953 12894
12894 8995
8995 12894
12894 12778
12778 12894
12900 1740
1740 12900
12900 4343
4343 12900
12900 5817
5817 12900
12900 5892
5892 12900
12900 7682
7682 12900
12900 9239
9239 12900
12900 11378
11378 12900
12900 12900
12900 12900
12900 13120
13120 12900
12900 13321
13321 12900
12900 13518
13518 12900
12900 16998
16998 12900
12900 24555
24555 12900
12900 24722
24722 12900
12902 726
726 12902
12930 12900
12900 12930
12934 5032
5032 12934
12945 6851
6851 12945
12945 13081
13081 12945
12945 23348
23348 12945
12948 12948
12948 12948
12953 4343
4343 12953
12953 12953
12953 12953
12956 701
701 12956
12956 2134
2134 12956
12956 5145
5145 12956
12956 6851
6851 12956
12964 12964
12964 12964
12971 6278
6278 12971
12982 3528
3528 12982
12982 10811
10811 12982
12982 12385
12385 12982
12982 12982
12982 12982
12982 13049
13049 12982
12982 18919
18919 12982
12990 12990
12990 12990
12991 726
726 12991
12999 9256
9256 12999
12999 9555
9555 12999
12999 12999
12999 12999
12999 13211
13211 12999
13003 4047
4047 13003
13003 5892
5892 13003
13003 13003
13003 13003
13003 13361
13361 13003
13003 16213
16213 13003
13005 13005
13005 13005
13006 12473
12473 13006
13006 13006
13006 13006
13009 213
213 13009
13011 12948
12948 13011
13011 13011
13011 13011
13012 18414
18414 13012
13013 21444
21444 13013
13014 9868
9868 13014
13015 13015
13015 13015
13020 11743
11743 13020
13022 13022
13022 13022
13024 20285
20285 13024
13027 7244
7244 13027
13027 11562
11562 13027
13027 11764
11764 13027
13027 12037
12037 13027
13027 21786
21786 13027
13028 13028
13028 13028
13030 642
642 13030
13030 1105
1105 13030
13030 2382
2382 13030
13030 6592
6592 13030
13030 7921
7921 13030
13030 8160
8160 13030
13030 8632
8632 13030
13030 9239
9239 13030
13030 11313
11313 13030
13030 12105
12105 13030
13030 13030
13030 13030
13030 13098
13098 13030
13030 13208
13208 13030
13030 13300
13300 13030
13030 13324
13324 13030
13030 13361
13361 13030
13030 13372
13372 13030
13030 13412
13412 13030
13030 13969
13969 13030
13030 15714
15714 13030
13030 16613
16613 13030
13030 17293
17293 13030
13030 20285
20285 13030
13030 21786
21786 13030
13033 11901
11901 13033
13033 13033
13033 13033
13034 623
623 13034
13034 1789
1789 13034
13034 4134
4134 13034
13034 4920
4920 13034
13034 11507
11507 13034
13034 12135
12135 13034
13034 13034
13034 13034
13034 13094
13094 13034
13037 701
701 13037
13037 8305
8305 13037
13037 18602
18602 13037
13038 22882
22882 13038
13039 13039
13039 13039
13042 968
968 13042
13042 2611
2611 13042
13042 10683
10683 13042
13042 12777
12777 13042
13042 12840
12840 13042
13042 13042
13042 13042
13042 13231
13231 13042
13042 13326
13326 13042
13042 20345
20345 13042
13049 10811
10811 13049
13049 13049
13049 13049
13049 13233
13233 13049
13051 6593
6593 13051
13052 8996
8996 13052
13052 13052
13052 13052
13054 2872
2872 13054
13057 18764
18764 13057
13061 11579
11579 13061
13062 13062
13062 13062
13064 11826
11826 13064
13065 6851
6851 13065
13065 12777
12777 13065
13065 12944
12944 13065
13065 13065
13065 13065
13065 13317
13317 13065
13069 19059
19059 13069
13073 13211
13211 13073
13074 15161
15161 13074
13075 3564
3564 13075
13076 23138
23138 13076
13079 19199
19199 13079
13080 5032
5032 13080
13090 2194
2194 13090
13090 11715
11715 13090
13090 13090
13090 13090
13091 13091
13091 13091
13093 8352
8352 13093
13094 8166
8166 13094
13094 9177
9177 13094
13094 9957
9957 13094
13094 13034
13034 13094
13094 13094
13094 13094
13097 12734
12734 13097
13098 13098
13098 13098
13099 15594
15594 13099
13099 17675
17675 13099
13101 13101
13101 13101
13105 13105
13105 13105
13108 2811
2811 13108
13108 11657
11657 13108
13108 13108
13108 13108
13109 13134
13134 13109
13109 13969
13969 13109
13111 13111
13111 13111
13114 9025
9025 13114
13114 13114
13114 13114
13115 11727
11727 13115
13119 13109
13109 13119
13120 1676
1676 13120
13124 13123
13123 13124
13125 13125
13125 13125
13126 12665
12665 13126
13126 13126
13126 13126
13126 18602
18602 13126
13130 2376
2376 13130
13132 11324
11324 13132
13133 287
287 13133
13134 13134
13134 13134
13139 1221
1221 13139
13141 623
623 13141
13141 13141
13141 13141
13142 1740
1740 13142
13142 13142
13142 13142
13143 4407
4407 13143
13143 13143
13143 13143
13144 3865
3865 13144
13144 13144
13144 13144
13147 13147
13147 13147
13149 20883
20883 13149
13151 13151
13151 13151
13153 3335
3335 13153
13153 13153
13153 13153
13156 701
701 13156
13158 13158
13158 13158
13159 11743
11743 13159
13159 13159
13159 13159
13162 13162
13162 13162
13163 6557
6557 13163
13167 2633
2633 13167
13171 22222
22222 13171
13172 12068
12068 13172
13173 13173
13173 13173
13173 21800
21800 13173
13179 13179
13179 13179
13180 1951
1951 13180
13180 12574
12574 13180
13180 18619
18619 13180
13186 3455
3455 13186
13186 4607
4607 13186
13186 13186
13186 13186
13187 18396
18396 13187
13188 13188
13188 13188
13190 6790
6790 13190
13190 13190
13190 13190
13191 17675
17675 13191
13195 13195
13195 13195
13197 7001
7001 13197
13198 13198
13198 13198
13211 8996
8996 13211
13211 12999
12999 13211
13211 13211
13211 13211
13212 231
231 13212
13212 13198
13198 13212
13216 13216
13216 13216
13218 525
525 13218
13218 21240
21240 13218
13219 12789
12789 13219
13219 13219
13219 13219
13221 13221
13221 13221
13223 12157
12157 13223
13229 13244
13244 13229
13230 13230
13230 13230
13231 8166
8166 13231
13231 13042
13042 13231
13231 13231
13231 13231
13231 22276
22276 13231
13233 13049
13049 13233
13235 24265
24265 13235
13236 4829
4829 13236
13237 8813
8813 13237
13237 12600
12600 13237
13237 13237
13237 13237
13237 14500
14500 13237
13238 8993
8993 13238
13239 10121
10121 13239
13240 13147
13147 13240
13241 12452
12452 13241
13241 13241
13241 13241
13244 13229
13229 13244
13246 6879
6879 13246
13247 1116
1116 13247
13247 2643
2643 13247
13247 4183
4183 13247
13247 6002
6002 13247
13247 8363
8363 13247
13247 10321
10321 13247
13247 11764
11764 13247
13247 11808
11808 13247
13247 13358
13358 13247
13250 287
287 13250
13251 1823
1823 13251
13253 13250
13250 13253
13253 22990
22990 13253
13256 12464
12464 13256
13259 2612
2612 13259
13265 12789
12789 13265
13268 12789
12789 13268
13269 13269
13269 13269
13273 19901
19901 13273
13277 21356
21356 13277
13280 13280
13280 13280
13281 16581
16581 13281
13287 9177
9177 13287
13289 642
642 13289
13289 13289
13289 13289
13292 7955
7955 13292
13293 24282
24282 13293
13295 12668
12668 13295
13300 13300
13300 13300
13301 5146
5146 13301
13304 6851
6851 13304
13305 12805
12805 13305
13306 10429
10429 13306
13307 701
701 13307
13307 13307
13307 13307
13314 13231
13231 13314
13315 1658
1658 13315
13321 1842
1842 13321
13321 5299
5299 13321
13321 5544
5544 13321
13321 7209
7209 13321
13321 9259
9259 13321
13321 9978
9978 13321
13321 12112
12112 13321
13321 13351
13351 13321
13321 13405
13405 13321
13321 21328
21328 13321
13324 13324
13324 13324
13326 13042
13042 13326
13326 13326
13326 13326
13328 13328
13328 13328
13331 642
642 13331
13331 13331
13331 13331
13331 18602
18602 13331
13332 2487
2487 13332
13332 13332
13332 13332
13335 1369
1369 13335
13337 12900
12900 13337
13341 19554
19554 13341
13344 12712
12712 13344
13344 13344
13344 13344
13344 13347
13347 13344
13346 1407
1407 13346
13346 24684
24684 13346
13347 13344
13344 13347
13349 13349
13349 13349
13355 5892
5892 13355
13356 7656
7656 13356
13356 13356
13356 13356
13357 10352
10352 13357
13359 16892
16892 13359
13361 13361
13361 13361
13362 7759
7759 13362
13362 13362
13362 13362
13364 5123
5123 13364
13365 9978
9978 13365
13370 7923
7923 13370
13370 8311
8311 13370
13371 23707
23707 13371
13372 9239
9239 13372
13372 16613
16613 13372
13376 8722
8722 13376
13381 13381
13381 13381
13382 11743
11743 13382
13384 10002
10002 13384
13387 1133
1133 13387
13387 4724
4724 13387
13387 6949
6949 13387
13387 13387
13387 13387
13399 13399
13399 13399
13403 13125
13125 13403
13403 21584
21584 13403
13404 13400
13400 13404
13405 13405
13405 13405
13406 13406
13406 13406
13408 13408
13408 13408
13408 23348
23348 13408
13411 10811
10811 13411
13412 13412
13412 13412
13415 8598
8598 13415
13419 6485
6485 13419
13425 13421
13421 13425
13429 24351
24351 13429
13432 11357
11357 13432
13434 24065
24065 13434
13485 13485
13485 13485
13518 9256
9256 13518
13673 2389
2389 13673
13717 4242
4242 13717
13786 1658
1658 13786
13786 13485
13485 13786
13786 13786
13786 13786
13786 18602
18602 13786
13845 4343
4343 13845
13845 13845
13845 13845
13969 3823
3823 13969
13969 7478
7478 13969
13969 7838
7838 13969
13969 8097
8097 13969
13969 8993
8993 13969
13969 10939
10939 13969
13969 12037
12037 13969
13969 12607
12607 13969
13969 12777
12777 13969
13969 13098
13098 13969
13969 13109
13109 13969
13969 13361
13361 13969
13969 13372
13372 13969
13969 13969
13969 13969
13969 16867
16867 13969
13969 21786
21786 13969
13969 24393
24393 13969
14054 9239
9239 14054
14189 14189
14189 14189
14195 5658
5658 14195
14211 10429
10429 14211
14211 13151
13151 14211
14361 8944
8944 14361
14361 13151
13151 14361
14401 13252
13252 14401
14401 14401
14401 14401
14414 1050
1050 14414
14414 11313
11313 14414
14469 12894
12894 14469
14469 13185
13185 14469
14500 4275
4275 14500
14500 13237
13237 14500
14500 14500
14500 14500
14583 5178
5178 14583
14583 18602
18602 14583
14583 19901
19901 14583
14595 4928
4928 14595
14595 7478
7478 14595
14595 7668
7668 14595
14595 8107
8107 14595
14595 8996
8996 14595
14595 10307
10307 14595
14595 12900
12900 14595
14595 14595
14595 14595
14691 726
726 14691
14691 14691
14691 14691
14756 14756
14756 14756
14820 1658
1658 14820
14853 1861
1861 14853
14853 24710
24710 14853
14920 1312
1312 14920
14920 1875
1875 14920
14920 12371
12371 14920
14920 12736
12736 14920
14920 13007
13007 14920
14920 13018
13018 14920
14920 13198
13198 14920
14920 24519
24519 14920
14927 12840
12840 14927
14927 24722
24722 14927
15082 10681
10681 15082
15161 6149
6149 15161
15161 7198
7198 15161
15161 9022
9022 15161
15161 12607
12607 15161
15161 13377
13377 15161
15161 15161
15161 15161
15161 19421
19421 15161
15161 19554
19554 15161
15250 3570
3570 15250
15251 11660
11660 15251
15282 12037
12037 15282
15361 8107
8107 15361
15447 20355
20355 15447
15450 1215
1215 15450
15450 11761
11761 15450
15542 7940
7940 15542
15570 630
630 15570
15570 15570
15570 15570
15688 1264
1264 15688
15688 13208
13208 15688
15714 13030
13030 15714
15814 21
21 15814
15814 1116
1116 15814
15814 1393
1393 15814
15814 2036
2036 15814
15814 6149
6149 15814
15814 13371
13371 15814
15888 8127
8127 15888
15953 12343
12343 15953
16018 876
876 16018
16186 596
596 16186
16186 1951
1951 16186
16186 5677
5677 16186
16186 11507
11507 16186
16186 12078
12078 16186
16186 12449
12449 16186
16186 12517
12517 16186
16186 13219
13219 16186
16186 13231
13231 16186
16186 13289
13289 16186
16186 13362
13362 16186
16186 17872
17872 16186
16186 18602
18602 16186
16213 11406
11406 16213
16213 13003
13003 16213
16303 22364
22364 16303
16336 7410
7410 16336
16336 9811
9811 16336
16336 16336
16336 16336
16345 287
287 16345
16345 4920
4920 16345
16345 6666
6666 16345
16345 8346
8346 16345
16345 9842
9842 16345
16345 10997
10997 16345
16345 16345
16345 16345
16377 16377
16377 16377
16581 701
701 16581
16581 1312
1312 16581
16581 11149
11149 16581
16581 11357
11357 16581
16609 4928
4928 16609
16613 8232
8232 16613
16613 13142
13142 16613
16613 13372
13372 16613
16775 9057
9057 16775
16799 16799
16799 16799
16859 2225
2225 16859
16859 6592
6592 16859
16859 12273
12273 16859
16859 12389
12389 16859
16859 13173
13173 16859
16859 13315
13315 16859
16859 24722
24722 16859
16867 16867
16867 16867
16880 9555
9555 16880
16880 11761
11761 16880
16880 16880
16880 16880
16880 24519
24519 16880
16892 285
285 16892
16892 13359
13359 16892
16892 16892
16892 16892
16895 16895
16895 16895
16998 12174
12174 16998
17003 17003
17003 17003
17058 9177
9177 17058
17058 10410
10410 17058
17058 16323
16323 17058
17097 24108
24108 17097
17290 1296
1296 17290
17290 9842
9842 17290
17290 17290
17290 17290
17290 24722
24722 17290
17293 12105
12105 17293
17293 12198
12198 17293
17293 12677
12677 17293
17293 24393
24393 17293
17298 19730
19730 17298
17299 12677
12677 17299
17299 13969
13969 17299
17326 17326
17326 17326
17338 4242
4242 17338
17338 5595
5595 17338
17338 6278
6278 17338
17349 726
726 17349
17412 11357
11357 17412
17675 54
54 17675
17675 1116
1116 17675
17675 3754
3754 17675
17675 5409
5409 17675
17675 6666
6666 17675
17675 8237
8237 17675
17675 11378
11378 17675
17675 11910
11910 17675
17675 12627
12627 17675
17675 12999
12999 17675
17675 13138
13138 17675
17675 13211
13211 17675
17675 14920
14920 17675
17675 17675
17675 17675
17675 18619
18619 17675
17706 13333
13333 17706
17801 5409
5409 17801
17840 12899
12899 17840
17872 574
574 17872
17872 6917
6917 17872
17872 17872
17872 17872
17966 12279
12279 17966
18034 1430
1430 18034
18034 18034
18034 18034
18056 7478
7478 18056
18169 726
726 18169
18169 1137
1137 18169
18169 6167
6167 18169
18169 9057
9057 18169
18169 10573
10573 18169
18169 18169
18169 18169
18323 14583
14583 18323
18414 1430
1430 18414
18414 4185
4185 18414
18414 5178
5178 18414
18414 18414
18414 18414
18434 18434
18434 18434
18438 7478
7478 18438
18438 12177
12177 18438
18438 18438
18438 18438
18472 1846
1846 18472
18472 3141
3141 18472
18574 630
630 18574
18574 1215
1215 18574
18574 1430
1430 18574
18574 4920
4920 18574
18574 4940
4940 18574
18574 9113
9113 18574
18574 12886
12886 18574
18574 17180
17180 18574
18574 18574
18574 18574
18602 54
54 18602
18602 642
642 18602
18602 763
763 18602
18602 1441
1441 18602
18602 1951
1951 18602
18602 2497
2497 18602
18602 2831
2831 18602
18602 3172
3172 18602
18602 6124
6124 18602
18602 6961
6961 18602
18602 10681
10681 18602
18602 11507
11507 18602
18602 12045
12045 18602
18602 12600
12600 18602
18602 13023
13023 18602
18602 13037
13037 18602
18602 13126
13126 18602
18602 13147
13147 18602
18602 13287
13287 18602
18602 13331
13331 18602
18602 14583
14583 18602
18602 18602
18602 18602
18619 410
410 18619
18619 496
496 18619
18619 642
642 18619
18619 1312
1312 18619
18619 1393
1393 18619
18619 1430
1430 18619
18619 2516
2516 18619
18619 6917
6917 18619
18619 9256
9256 18619
18619 10544
10544 18619
18619 11023
11023 18619
18619 11357
11357 18619
18619 11700
11700 18619
18619 11733
11733 18619
18619 11967
11967 18619
18619 12033
12033 18619
18619 12082
12082 18619
18619 12135
12135 18619
18619 12452
12452 18619
18619 12893
12893 18619
18619 13015
13015 18619
18619 13111
13111 18619
18619 13138
13138 18619
18619 13153
13153 18619
18619 13180
13180 18619
18619 13198
13198 18619
18619 13230
13230 18619
18619 13236
13236 18619
18619 14691
14691 18619
18619 17298
17298 18619
18619 18619
18619 18619
18619 24442
24442 18619
18619 24480
24480 18619
18664 13058
13058 18664
18698 6125
6125 18698
18754 4920
4920 18754
18764 13057
13057 18764
18822 14482
14482 18822
18855 18855
18855 18855
18917 24710
24710 18917
18919 12778
12778 18919
18940 12077
12077 18940
18940 13104
13104 18940
18940 18940
18940 18940
19059 1188
1188 19059
19059 8996
8996 19059
19059 9573
9573 19059
19059 10573
10573 19059
19059 16775
16775 19059
19059 19059
19059 19059
19087 5409
5409 19087
19087 9256
9256 19087
19087 12838
12838 19087
19105 5892
5892 19105
19138 13088
13088 19138
19138 13125
13125 19138
19149 1296
1296 19149
19149 4920
4920 19149
19149 12230
12230 19149
19149 18602
18602 19149
19172 12171
12171 19172
19266 1543
1543 19266
19266 1913
1913 19266
19266 19266
19266 19266
19328 1846
1846 19328
19328 9057
9057 19328
19328 11644
11644 19328
19355 701
701 19355
19355 3141
3141 19355
19355 8305
8305 19355
19355 10356
10356 19355
19355 12045
12045 19355
19355 12668
12668 19355
19355 13143
13143 19355
19355 13239
13239 19355
19355 13267
13267 19355
19355 20355
20355 19355
19379 6707
6707 19379
19379 11378
11378 19379
19379 13332
13332 19379
19421 7478
7478 19421
19442 11378
11378 19442
19445 12068
12068 19445
19454 466
466 19454
19454 15450
15450 19454
19454 19454
19454 19454
19480 13969
13969 19480
19498 642
642 19498
19554 7478
7478 19554
19554 9022
9022 19554
19554 13341
13341 19554
19554 19554
19554 19554
19554 21786
21786 19554
19685 644
644 19685
19712 12615
12615 19712
19802 2592
2592 19802
19871 1312
1312 19871
19871 19871
19871 19871
19882 19882
19882 19882
19901 644
644 19901
19901 4343
4343 19901
19901 4920
4920 19901
19901 6167
6167 19901
19901 10997
10997 19901
19901 11023
11023 19901
19901 12106
12106 19901
19901 12574
12574 19901
19901 13273
13273 19901
19901 14583
14583 19901
19901 15450
15450 19901
19901 19901
19901 19901
19901 20817
20817 19901
19901 20938
20938 19901
19902 726
726 19902
19902 1296
1296 19902
19904 1296
1296 19904
19915 1312
1312 19915
19915 5703
5703 19915
19938 19938
19938 19938
19938 24386
24386 19938
20242 8107
8107 20242
20285 115
115 20285
20285 1658
1658 20285
20285 6049
6049 20285
20285 8846
8846 20285
20285 11313
11313 20285
20285 11801
11801 20285
20285 12604
12604 20285
20285 13024
13024 20285
20285 20285
20285 20285
20355 2611
2611 20355
20355 3172
3172 20355
20355 4607
4607 20355
20355 6851
6851 20355
20355 9082
9082 20355
20355 9256
9256 20355
20355 9978
9978 20355
20355 11357
11357 20355
20355 11793
11793 20355
20355 12135
12135 20355
20355 12600
12600 20355
20355 13008
13008 20355
20355 13071
13071 20355
20355 13377
13377 20355
20355 18602
18602 20355
20355 20355
20355 20355
20355 20889
20889 20355
20355 23223
23223 20355
20387 1904
1904 20387
20387 5345
5345 20387
20387 11945
11945 20387
20387 13381
13381 20387
20387 16601
16601 20387
20676 701
701 20676
20676 14401
14401 20676
20676 16880
16880 20676
20676 24519
24519 20676
20812 20812
20812 20812
20817 630
630 20817
20817 644
644 20817
20817 1296
1296 20817
20817 4920
4920 20817
20817 12384
12384 20817
20817 12789
12789 20817
20817 15450
15450 20817
20817 18574
18574 20817
20817 19901
19901 20817
20817 20817
20817 20817
20861 928
928 20861
20861 4275
4275 20861
20861 22559
22559 20861
20861 24550
24550 20861
20869 3152
3152 20869
20883 6914
6914 20883
20883 12283
12283 20883
20892 12964
12964 20892
20917 6485
6485 20917
20917 20917
20917 20917
20992 12367
12367 20992
20992 18169
18169 20992
20992 20992
20992 20992
20992 24226
24226 20992
21079 13071
13071 21079
21110 1313
1313 21110
21213 16345
16345 21213
21240 1740
1740 21240
21240 2767
2767 21240
21240 7186
7186 21240
21240 11761
11761 21240
21240 13218
13218 21240
21240 13430
13430 21240
21240 13518
13518 21240
21240 21240
21240 21240
21336 570
570 21336
21336 1393
1393 21336
21336 2497
2497 21336
21336 3172
3172 21336
21336 12517
12517 21336
21336 13034
13034 21336
21336 13111
13111 21336
21336 13113
13113 21336
21336 17979
17979 21336
21336 19441
19441 21336
21336 20917
20917 21336
21336 21336
21336 21336
21336 22217
22217 21336
21356 4920
4920 21356
21356 11507
11507 21356
21356 21356
21356 21356
21584 12948
12948 21584
21699 726
726 21699
21699 2997
2997 21699
21699 5409
5409 21699
21699 6149
6149 21699
21699 6634
6634 21699
21699 9853
9853 21699
21699 11743
11743 21699
21699 12242
12242 21699
21699 12838
12838 21699
21699 12948
12948 21699
21699 12976
12976 21699
21699 12980
12980 21699
21699 13005
13005 21699
21699 13111
13111 21699
21699 13143
13143 21699
21699 20817
20817 21699
21786 642
642 21786
21786 1296
1296 21786
21786 6851
6851 21786
21786 9405
9405 21786
21786 9555
9555 21786
21786 9842
9842 21786
21786 10681
10681 21786
21786 11419
11419 21786
21786 11764
11764 21786
21786 12610
12610 21786
21786 12789
12789 21786
21786 13028
13028 21786
21786 19554
19554 21786
21800 213
213 21800
21800 934
934 21800
21800 8632
8632 21800
21800 8993
8993 21800
21800 13173
13173 21800
21800 16895
16895 21800
21800 21800
21800 21800
21800 24722
24722 21800
21854 348
348 21854
21876 11357
11357 21876
21878 11357
11357 21878
21881 7648
7648 21881
21881 21881
21881 21881
21884 10844
10844 21884
21884 12805
12805 21884
21891 2307
2307 21891
21891 12734
12734 21891
21891 21891
21891 21891
21913 1658
1658 21913
21913 5147
5147 21913
21926 4607
4607 21926
21954 763
763 21954
21954 1543
1543 21954
21954 7478
7478 21954
21954 12997
12997 21954
21985 21985
21985 21985
22072 777
777 22072
22134 7387
7387 22134
22134 12899
12899 22134
22134 13053
13053 22134
22188 6917
6917 22188
22188 13180
13180 22188
22217 22217
22217 22217
22276 968
968 22276
22276 3172
3172 22276
22276 5105
5105 22276
22276 11949
11949 22276
22276 12984
12984 22276
22276 13088
13088 22276
22276 13231
13231 22276
22276 13326
13326 22276
22276 22276
22276 22276
22276 24226
24226 22276
22283 701
701 22283
22283 5925
5925 22283
22283 9834
9834 22283
22283 11819
11819 22283
22283 13156
13156 22283
22412 1807
1807 22412
22412 11357
11357 22412
22412 11517
11517 22412
22412 12925
12925 22412
22412 13231
13231 22412
22438 2794
2794 22438
22438 9005
9005 22438
22438 22438
22438 22438
22452 11562
11562 22452
22513 1296
1296 22513
22513 2279
2279 22513
22513 7209
7209 22513
22513 13090
13090 22513
22513 13140
13140 22513
22513 13222
13222 22513
22536 1038
1038 22536
22598 630
630 22598
22598 4920
4920 22598
22598 6529
6529 22598
22598 13111
13111 22598
22598 20817
20817 22598
22598 22598
22598 22598
22882 1116
1116 22882
22882 13027
13027 22882
22882 13038
13038 22882
22882 22882
22882 22882
22906 1654
1654 22906
22906 11901
11901 22906
22906 12427
12427 22906
22906 12838
12838 22906
22906 16946
16946 22906
22943 13045
13045 22943
23223 2392
2392 23223
23223 23223
23223 23223
23226 20812
20812 23226
23235 111
111 23235
23235 570
570 23235
23235 642
642 23235
23235 5946
5946 23235
23235 7759
7759 23235
23235 8820
8820 23235
23235 11023
11023 23235
23235 11929
11929 23235
23235 12079
12079 23235
23235 12135
12135 23235
23235 12371
12371 23235
23235 13162
13162 23235
23235 13230
13230 23235
23235 13231
13231 23235
23235 23235
23235 23235
23298 2389
2389 23298
23348 701
701 23348
23348 1296
1296 23348
23348 1895
1895 23348
23348 2831
2831 23348
23348 4975
4975 23348
23348 6124
6124 23348
23348 6149
6149 23348
23348 6589
6589 23348
23348 7244
7244 23348
23348 7326
7326 23348
23348 7759
7759 23348
23348 9239
9239 23348
23348 9841
9841 23348
23348 11423
11423 23348
23348 11724
11724 23348
23348 11758
11758 23348
23348 12600
12600 23348
23348 12789
12789 23348
23348 12945
12945 23348
23348 12990
12990 23348
23348 13005
13005 23348
23348 13071
13071 23348
23348 13125
13125 23348
23348 13408
13408 23348
23348 16163
16163 23348
23348 18602
18602 23348
23348 20817
20817 23348
23348 23348
23348 23348
23348 24480
24480 23348
23360 155
155 23360
23360 252
252 23360
23360 5677
5677 23360
23360 23360
23360 23360
23472 231
231 23472
23478 8996
8996 23478
23707 11378
11378 23707
23707 13371
13371 23707
23707 21985
21985 23707
23707 23707
23707 23707
23711 2622
2622 23711
23711 3172
3172 23711
23711 20021
20021 23711
23711 23711
23711 23711
23923 24077
24077 23923
23933 6589
6589 23933
23941 20917
20917 23941
23941 23941
23941 23941
24088 24088
24088 24088
24108 17097
17097 24108
24133 231
231 24133
24133 292
292 24133
24133 1038
1038 24133
24133 6887
6887 24133
24133 9256
9256 24133
24133 11949
11949 24133
24133 13011
13011 24133
24133 13021
13021 24133
24133 13175
13175 24133
24133 13421
13421 24133
24133 14756
14756 24133
24133 16581
16581 24133
24133 21985
21985 24133
24133 24133
24133 24133
24150 18619
18619 24150
24191 10429
10429 24191
24206 22521
22521 24206
24206 24206
24206 24206
24226 3172
3172 24226
24226 3874
3874 24226
24226 4275
4275 24226
24226 6278
6278 24226
24226 7266
7266 24226
24226 8352
8352 24226
24226 11357
11357 24226
24226 12367
12367 24226
24226 12876
12876 24226
24226 13033
13033 24226
24226 13063
13063 24226
24226 13231
13231 24226
24226 13286
13286 24226
24226 14500
14500 24226
24226 20992
20992 24226
24252 726
726 24252
24252 1018
1018 24252
24252 11087
11087 24252
24252 12902
12902 24252
24265 709
709 24265
24265 9292
9292 24265
24265 11260
11260 24265
24265 13235
13235 24265
24265 24265
24265 24265
24320 701
701 24320
24320 10429
10429 24320
24322 1658
1658 24322
24322 7682
7682 24322
24322 19554
19554 24322
24322 24322
24322 24322
24354 24710
24710 24354
24365 8462
8462 24365
24386 11361
11361 24386
24393 4343
4343 24393
24393 8984
8984 24393
24393 10719
10719 24393
24393 17293
17293 24393
24393 24393
24393 24393
24404 701
701 24404
24404 11023
11023 24404
24404 24448
24448 24404
24409 701
701 24409
24448 24404
24404 24448
24452 6437
6437 24452
24460 6851
6851 24460
24474 6149
6149 24474
24480 4343
4343 24480
24480 23348
23348 24480
24492 12834
12834 24492
24518 320
320 24518
24518 2611
2611 24518
24518 8364
8364 24518
24518 8935
8935 24518
24518 11328
11328 24518
24518 11393
11393 24518
24518 13141
13141 24518
24518 13147
13147 24518
24518 24518
24518 24518
24518 24519
24519 24518
24519 16880
16880 24519
24519 24519
24519 24519
24545 24545
24545 24545
24555 12273
12273 24555
24555 12389
12389 24555
24555 12805
12805 24555
24555 24555
24555 24555
24555 24579
24579 24555
24568 6437
6437 24568
24568 7326
7326 24568
24568 11764
11764 24568
24568 13015
13015 24568
24568 13130
13130 24568
24568 13241
13241 24568
24568 24620
24620 24568
24579 6975
6975 24579
24579 24555
24555 24579
24620 24620
24620 24620
24635 14361
14361 24635
24635 24635
24635 24635
24682 349
349 24682
24682 1741
1741 24682
24682 6258
6258 24682
24682 9405
9405 24682
24682 13047
13047 24682
24682 24682
24682 24682
24707 13237
13237 24707
24710 4094
4094 24710
24710 5953
5953 24710
24710 8852
8852 24710
24710 10168
10168 24710
24710 14853
14853 24710
24710 24710
24710 24710
24722 4685
4685 24722
24722 11657
11657 24722
24722 17290
17290 24722
24722 24722
24722 24722
