0 0
0 0
34 34
34 34
40 40
40 40
44 44
44 44
44 13305
13305 44
44 13518
13518 44
44 14255
14255 44
44 14919
14919 44
44 15450
15450 44
49 49
49 49
49 9256
9256 49
97 6049
6049 97
97 15084
15084 97
121 8961
8961 121
194 194
194 194
194 15189
15189 194
212 12882
12882 212
213 213
213 213
213 524
524 213
213 7648
7648 213
213 12079
12079 213
215 215
215 215
215 6937
6937 215
215 8939
8939 215
215 14780
14780 215
215 14975
14975 215
215 15144
15144 215
223 17157
17157 223
231 3143
3143 231
231 5639
5639 231
231 11488
11488 231
231 14953
14953 231
231 15039
15039 231
252 6497
6497 252
252 7759
7759 252
252 7778
7778 252
255 230
230 255
255 255
255 255
255 1018
1018 255
255 1312
1312 255
255 1901
1901 255
255 3425
3425 255
255 4196
4196 255
255 4242
4242 255
255 5633
5633 255
255 5892
5892 255
255 6953
6953 255
255 8921
8921 255
255 9025
9025 255
255 9275
9275 255
255 12829
12829 255
255 13109
13109 255
255 13969
13969 255
255 14769
14769 255
255 14881
14881 255
255 14929
14929 255
255 15120
15120 255
255 15161
15161 255
255 23223
23223 255
255 24393
24393 255
255 24588
24588 255
280 14791
14791 280
287 287
287 287
287 3425
3425 287
287 15067
15067 287
287 15131
15131 287
287 15187
15187 287
287 20285
20285 287
309 14891
14891 309
320 320
320 320
320 1235
1235 320
320 8921
8921 320
320 9110
9110 320
320 12668
12668 320
320 12734
12734 320
320 15076
15076 320
320 15090
15090 320
331 1971
1971 331
331 4920
4920 331
331 20817
20817 331
344 6167
6167 344
344 11577
11577 344
386 0
0 386
386 386
386 386
386 1658
1658 386
386 4158
4158 386
386 6815
6815 386
386 8632
8632 386
386 9057
9057 386
386 10273
10273 386
386 10811
10811 386
386 11361
11361 386
386 19087
19087 386
386 21584
21584 386
386 24393
24393 386
395 686
686 395
395 4920
4920 395
401 8447
8447 401
408 408
408 408
408 7759
7759 408
412 412
412 412
412 6582
6582 412
465 4966
4966 465
491 3083
3083 491
491 6226
6226 491
491 17342
17342 491
491 24156
24156 491
496 496
496 496
496 1740
1740 496
496 11056
11056 496
517 517
517 517
517 3986
3986 517
524 524
524 524
525 525
525 525
525 934
934 525
525 7226
7226 525
525 13533
13533 525
525 14919
14919 525
540 9030
9030 540
560 560
560 560
560 642
642 560
572 7751
7751 572
596 9275
9275 596
596 9957
9957 596
596 11780
11780 596
596 12117
12117 596
596 12465
12465 596
596 13754
13754 596
596 13954
13954 596
596 14648
14648 596
596 15117
15117 596
596 15125
15125 596
596 16742
16742 596
596 19138
19138 596
596 20970
20970 596
596 22276
22276 596
601 287
287 601
601 601
601 601
601 3425
3425 601
601 4849
4849 601
601 7759
7759 601
601 9057
9057 601
601 12665
12665 601
601 14948
14948 601
601 17830
17830 601
623 320
320 623
623 910
910 623
623 1430
1430 623
623 3425
3425 623
623 9110
9110 623
623 12803
12803 623
623 14627
14627 623
626 626
626 626
626 14599
14599 626
630 630
630 630
630 3784
3784 630
630 14016
14016 630
630 20817
20817 630
630 22598
22598 630
640 12665
12665 640
642 560
560 642
642 642
642 642
642 8921
8921 642
642 9789
9789 642
642 10568
10568 642
642 11902
11902 642
642 12668
12668 642
642 12731
12731 642
642 13472
13472 642
642 14791
14791 642
642 14793
14793 642
642 14897
14897 642
642 15012
15012 642
642 15019
15019 642
644 630
630 644
644 14269
14269 644
644 24397
24397 644
674 255
255 674
674 4150
4150 674
674 5539
5539 674
674 8463
8463 674
674 24393
24393 674
686 395
395 686
686 4920
4920 686
686 20817
20817 686
686 21899
21899 686
687 14909
14909 687
687 24639
24639 687
701 496
496 701
701 701
701 701
701 4920
4920 701
701 5639
5639 701
701 8005
8005 701
701 8961
8961 701
701 9920
9920 701
701 11890
11890 701
701 12220
12220 701
701 12711
12711 701
701 13874
13874 701
701 14648
14648 701
701 14761
14761 701
701 14780
14780 701
701 14804
14804 701
701 14818
14818 701
701 14826
14826 701
701 14928
14928 701
701 14940
14940 701
701 15078
15078 701
701 15450
15450 701
726 11342
11342 726
726 17298
17298 726
763 21882
21882 763
766 10121
10121 766
804 642
642 804
804 804
804 804
804 10862
10862 804
804 11786
11786 804
804 12053
12053 804
804 14991
14991 804
804 20904
20904 804
810 9025
9025 810
810 17323
17323 810
810 19768
19768 810
810 19786
19786 810
810 22559
22559 810
830 830
830 830
830 833
833 830
830 9770
9770 830
830 14871
14871 830
830 22217
22217 830
831 3425
3425 831
833 833
833 833
833 9380
9380 833
833 12182
12182 833
833 14777
14777 833
833 14898
14898 833
833 15020
15020 833
834 2194
2194 834
834 2516
2516 834
866 14838
14838 866
876 830
830 876
876 1137
1137 876
876 2352
2352 876
876 3420
3420 876
876 9086
9086 876
876 9770
9770 876
876 11313
11313 876
876 11577
11577 876
876 11725
11725 876
876 12597
12597 876
876 14106
14106 876
876 15050
15050 876
876 20917
20917 876
876 22217
22217 876
895 13533
13533 895
895 13694
13694 895
895 14503
14503 895
895 15018
15018 895
929 40
40 929
929 215
215 929
929 929
929 929
929 4920
4920 929
929 5644
5644 929
929 6937
6937 929
929 7648
7648 929
929 9110
9110 929
929 12806
12806 929
929 14512
14512 929
929 14934
14934 929
934 525
525 934
934 934
934 934
935 935
935 935
935 8436
8436 935
935 14761
14761 935
993 993
993 993
1013 386
386 1013
1013 1013
1013 1013
1013 4158
4158 1013
1013 5640
5640 1013
1013 8289
8289 1013
1013 9126
9126 1013
1013 15090
15090 1013
1013 15094
15094 1013
1013 15103
15103 1013
1013 15109
15109 1013
1018 496
496 1018
1018 1018
1018 1018
1018 3425
3425 1018
1018 4326
4326 1018
1018 12668
12668 1018
1018 12789
12789 1018
1018 13305
13305 1018
1018 13544
13544 1018
1018 14693
14693 1018
1018 14791
14791 1018
1018 15114
15114 1018
1018 15146
15146 1018
1018 16336
16336 1018
1018 17880
17880 1018
1050 3425
3425 1050
1105 255
255 1105
1105 401
401 1105
1105 1105
1105 1105
1105 1543
1543 1105
1105 1934
1934 1105
1105 3143
3143 1105
1105 3823
3823 1105
1105 8447
8447 1105
1105 8996
8996 1105
1105 10331
10331 1105
1105 11474
11474 1105
1105 11767
11767 1105
1105 13118
13118 1105
1105 13305
13305 1105
1105 13901
13901 1105
1105 14775
14775 1105
1105 14894
14894 1105
1105 14898
14898 1105
1105 14899
14899 1105
1105 14948
14948 1105
1105 15058
15058 1105
1105 18619
18619 1105
1110 9405
9405 1110
1116 1116
1116 1116
1116 1948
1948 1116
1116 3255
3255 1116
1116 6036
6036 1116
1116 10544
10544 1116
1116 11188
11188 1116
1116 14326
14326 1116
1116 14674
14674 1116
1116 14775
14775 1116
1116 14795
14795 1116
1116 14880
14880 1116
1116 14886
14886 1116
1116 14908
14908 1116
1116 14913
14913 1116
1116 14916
14916 1116
1116 14963
14963 1116
1116 14993
14993 1116
1116 15117
15117 1116
1116 15121
15121 1116
1116 15181
15181 1116
1137 344
344 1137
1137 1137
1137 1137
1137 3420
3420 1137
1137 9770
9770 1137
1137 11881
11881 1137
1137 12079
12079 1137
1137 12209
12209 1137
1137 12802
12802 1137
1137 13533
13533 1137
1137 14651
14651 1137
1137 15050
15050 1137
1137 15144
15144 1137
1137 16018
16018 1137
1137 20917
20917 1137
1140 1140
1140 1140
1140 4242
4242 1140
1140 18602
18602 1140
1141 8944
8944 1141
1141 14224
14224 1141
1173 13303
13303 1173
1197 14429
14429 1197
1215 6582
6582 1215
1215 13348
13348 1215
1221 8858
8858 1221
1221 9025
9025 1221
1230 24226
24226 1230
1235 14775
14775 1235
1235 14791
14791 1235
1244 11717
11717 1244
1244 14898
14898 1244
1244 15075
15075 1244
1249 19911
19911 1249
1312 1312
1312 1312
1312 1318
1318 1312
1312 2622
2622 1312
1312 4158
4158 1312
1312 4920
4920 1312
1312 5096
5096 1312
1312 6124
6124 1312
1312 6815
6815 1312
1312 8232
8232 1312
1312 9177
9177 1312
1312 10429
10429 1312
1312 12812
12812 1312
1312 13673
13673 1312
1312 14243
14243 1312
1312 15101
15101 1312
1312 16336
16336 1312
1312 22276
22276 1312
1313 10995
10995 1313
1317 3874
3874 1317
1318 1312
1312 1318
1371 804
804 1371
1382 1382
1382 1382
1382 12597
12597 1382
1384 15187
15187 1384
1392 14472
14472 1392
1392 14990
14990 1392
1403 747
747 1403
1403 2886
2886 1403
1403 3083
3083 1403
1403 3559
3559 1403
1403 3874
3874 1403
1403 8005
8005 1403
1403 14340
14340 1403
1403 14787
14787 1403
1407 9405
9405 1407
1407 13969
13969 1407
1430 496
496 1430
1430 623
623 1430
1430 910
910 1430
1430 1430
1430 1430
1430 2629
2629 1430
1430 4920
4920 1430
1430 5644
5644 1430
1430 5677
5677 1430
1430 7751
7751 1430
1430 8063
8063 1430
1430 8346
8346 1430
1430 9420
9420 1430
1430 11167
11167 1430
1430 11717
11717 1430
1430 12394
12394 1430
1430 12789
12789 1430
1430 13655
13655 1430
1430 13915
13915 1430
1430 14621
14621 1430
1430 14693
14693 1430
1430 14785
14785 1430
1430 14834
14834 1430
1430 15075
15075 1430
1430 15186
15186 1430
1430 16775
16775 1430
1430 17892
17892 1430
1430 24206
24206 1430
1430 24365
24365 1430
1486 1486
1486 1486
1486 4667
4667 1486
1486 8102
8102 1486
1493 1493
1493 1493
1520 12900
12900 1520
1520 14968
14968 1520
1538 1204
1204 1538
1538 1538
1538 1538
1538 1578
1578 1538
1538 6036
6036 1538
1538 14322
14322 1538
1538 14406
14406 1538
1538 14886
14886 1538
1538 14993
14993 1538
1543 1543
1543 1543
1543 2592
2592 1543
1547 24435
24435 1547
1578 1538
1538 1578
1578 1578
1578 1578
1581 9957
9957 1581
1582 7648
7648 1582
1582 21131
21131 1582
1609 1609
1609 1609
1631 11050
11050 1631
1632 9957
9957 1632
1639 701
701 1639
1639 1639
1639 1639
1639 10997
10997 1639
1639 14780
14780 1639
1639 14802
14802 1639
1639 14897
14897 1639
1639 15000
15000 1639
1639 22598
22598 1639
1654 13407
13407 1654
1658 1658
1658 1658
1658 2423
2423 1658
1658 6247
6247 1658
1658 13305
13305 1658
1658 15018
15018 1658
1667 1667
1667 1667
1667 9177
9177 1667
1667 12079
12079 1667
1667 12220
12220 1667
1667 15055
15055 1667
1667 22276
22276 1667
1740 496
496 1740
1740 934
934 1740
1740 1740
1740 1740
1740 3803
3803 1740
1740 6598
6598 1740
1740 10331
10331 1740
1740 11765
11765 1740
1740 12889
12889 1740
1740 13196
13196 1740
1740 13305
13305 1740
1740 13518
13518 1740
1740 13533
13533 1740
1740 13747
13747 1740
1740 13900
13900 1740
1740 14255
14255 1740
1740 14305
14305 1740
1740 14787
14787 1740
1740 14919
14919 1740
1740 14967
14967 1740
1740 15084
15084 1740
1740 15129
15129 1740
1740 15131
15131 1740
1740 15450
15450 1740
1740 16613
16613 1740
1741 1741
1741 1741
1741 2424
2424 1741
1741 4966
4966 1741
1741 9405
9405 1741
1741 11765
11765 1741
1741 11946
11946 1741
1741 12319
12319 1741
1741 12889
12889 1741
1741 13361
13361 1741
1741 14913
14913 1741
1741 14991
14991 1741
1741 15061
15061 1741
1741 15148
15148 1741
1741 20829
20829 1741
1749 1749
1749 1749
1749 16976
16976 1749
1784 1784
1784 1784
1784 24710
24710 1784
1788 3255
3255 1788
1842 1842
1842 1842
1846 1846
1846 1846
1846 2104
2104 1846
1846 4242
4242 1846
1846 5946
5946 1846
1846 6707
6707 1846
1846 6954
6954 1846
1846 6975
6975 1846
1846 7760
7760 1846
1846 7878
7878 1846
1846 8650
8650 1846
1846 9177
9177 1846
1846 9190
9190 1846
1846 9696
9696 1846
1846 10092
10092 1846
1846 11406
11406 1846
1846 12079
12079 1846
1846 12925
12925 1846
1846 13472
13472 1846
1846 14555
14555 1846
1846 14583
14583 1846
1846 15062
15062 1846
1846 17085
17085 1846
1846 21584
21584 1846
1846 21636
21636 1846
1861 8939
8939 1861
1861 9573
9573 1861
1899 3425
3425 1899
1901 1901
1901 1901
1901 11892
11892 1901
1901 14769
14769 1901
1901 14877
14877 1901
1913 1913
1913 1913
1916 1916
1916 1916
1934 7410
7410 1934
1934 14998
14998 1934
1934 16336
16336 1934
1934 17472
17472 1934
1934 20061
20061 1934
1948 16186
16186 1948
1951 11946
11946 1951
1951 15036
15036 1951
1971 1971
1971 1971
1971 19685
19685 1971
2018 2018
2018 2018
2018 11406
11406 2018
2069 13203
13203 2069
2086 3172
3172 2086
2104 1555
1555 2104
2134 2134
2134 2134
2134 2361
2361 2134
2134 2424
2424 2134
2134 6053
6053 2134
2134 7427
7427 2134
2134 8664
8664 2134
2134 13712
13712 2134
2134 13750
13750 2134
2134 15024
15024 2134
2134 15049
15049 2134
2134 15100
15100 2134
2134 16213
16213 2134
2134 18602
18602 2134
2134 21394
21394 2134
2148 2886
2886 2148
2194 2194
2194 2194
2194 5892
5892 2194
2194 7759
7759 2194
2194 8447
8447 2194
2194 9177
9177 2194
2194 11767
11767 2194
2194 11911
11911 2194
2194 12054
12054 2194
2194 12079
12079 2194
2194 12710
12710 2194
2194 14583
14583 2194
2194 14787
14787 2194
2194 14791
14791 2194
2194 14793
14793 2194
2194 14991
14991 2194
2194 15044
15044 2194
2194 15061
15061 2194
2194 17349
17349 2194
2194 24252
24252 2194
2194 24568
24568 2194
2197 814
814 2197
2197 1846
1846 2197
2197 2197
2197 2197
2197 2487
2487 2197
2197 3255
3255 2197
2197 3725
3725 2197
2197 3823
3823 2197
2197 5946
5946 2197
2197 6707
6707 2197
2197 6735
6735 2197
2197 6975
6975 2197
2197 9025
9025 2197
2197 9190
9190 2197
2197 9551
9551 2197
2197 10092
10092 2197
2197 11963
11963 2197
2197 12829
12829 2197
2197 13969
13969 2197
2197 14787
14787 2197
2197 14907
14907 2197
2197 15053
15053 2197
2197 18385
18385 2197
2197 21194
21194 2197
2197 21584
21584 2197
2274 2274
2274 2274
2274 14873
14873 2274
2274 19178
19178 2274
2307 2307
2307 2307
2307 11342
11342 2307
2307 12078
12078 2307
2307 14376
14376 2307
2307 14991
14991 2307
2352 2352
2352 2352
2361 2361
2361 2361
2361 5946
5946 2361
2361 7759
7759 2361
2361 12220
12220 2361
2361 12465
12465 2361
2361 14512
14512 2361
2361 14552
14552 2361
2361 14812
14812 2361
2361 17262
17262 2361
2361 18602
18602 2361
2362 2362
2362 2362
2362 20883
20883 2362
2384 2384
2384 2384
2384 3679
3679 2384
2384 15251
15251 2384
2384 15450
15450 2384
2384 20917
20917 2384
2387 2387
2387 2387
2387 3172
3172 2387
2387 5519
5519 2387
2387 7123
7123 2387
2387 7221
7221 2387
2387 7878
7878 2387
2387 9643
9643 2387
2387 11963
11963 2387
2387 13096
13096 2387
2387 14757
14757 2387
2387 14785
14785 2387
2387 14799
14799 2387
2387 15035
15035 2387
2387 15092
15092 2387
2392 14787
14787 2392
2392 15034
15034 2392
2409 2409
2409 2409
2409 15117
15117 2409
2411 2411
2411 2411
2411 2491
2491 2411
2411 6836
6836 2411
2411 12942
12942 2411
2413 215
215 2413
2413 642
642 2413
2413 993
993 2413
2413 5345
5345 2413
2413 12079
12079 2413
2413 12220
12220 2413
2413 13203
13203 2413
2413 14787
14787 2413
2413 24435
24435 2413
2423 1658
1658 2423
2423 2423
2423 2423
2423 13518
13518 2423
2424 1741
1741 2424
2424 2134
2134 2424
2424 2424
2424 2424
2442 626
626 2442
2442 2442
2442 2442
2442 7338
7338 2442
2442 7759
7759 2442
2442 14963
14963 2442
2442 15011
15011 2442
2442 15101
15101 2442
2487 642
642 2487
2487 1846
1846 2487
2487 2487
2487 2487
2487 3172
3172 2487
2487 5845
5845 2487
2487 6070
6070 2487
2487 9025
9025 2487
2487 13969
13969 2487
2487 14785
14785 2487
2487 15053
15053 2487
2487 15117
15117 2487
2487 21584
21584 2487
2487 24252
24252 2487
2497 642
642 2497
2497 2497
2497 2497
2497 7760
7760 2497
2497 12079
12079 2497
2497 12200
12200 2497
2497 12710
12710 2497
2497 14793
14793 2497
2497 14890
14890 2497
2497 14909
14909 2497
2497 14984
14984 2497
2497 22559
22559 2497
2499 20061
20061 2499
2583 2352
2352 2583
2583 7648
7648 2583
2583 9742
9742 2583
2592 1018
1018 2592
2592 1543
1543 2592
2592 2361
2361 2592
2592 2592
2592 2592
2592 4123
4123 2592
2592 6815
6815 2592
2592 6953
6953 2592
2592 11778
11778 2592
2592 11968
11968 2592
2592 12668
12668 2592
2592 12735
12735 2592
2592 14295
14295 2592
2592 14648
14648 2592
2592 14895
14895 2592
2594 2594
2594 2594
2622 1312
1312 2622
2622 2622
2622 2622
2622 5677
5677 2622
2622 8921
8921 2622
2622 11342
11342 2622
2622 11717
11717 2622
2622 12163
12163 2622
2622 13042
13042 2622
2629 2629
2629 2629
2629 8109
8109 2629
2629 16345
16345 2629
2633 1741
1741 2633
2633 3083
3083 2633
2633 3874
3874 2633
2633 7743
7743 2633
2633 14897
14897 2633
2633 15141
15141 2633
2655 5112
5112 2655
2668 11968
11968 2668
2713 2748
2748 2713
2736 2736
2736 2736
2748 3725
3725 2748
2748 11313
11313 2748
2777 2777
2777 2777
2794 6354
6354 2794
2831 4920
4920 2831
2831 9494
9494 2831
2831 11700
11700 2831
2831 11890
11890 2831
2831 14822
14822 2831
2831 18602
18602 2831
2831 19440
19440 2831
2864 4982
4982 2864
2872 7404
7404 2872
2872 14552
14552 2872
2886 6319
6319 2886
2920 2920
2920 2920
2920 6735
6735 2920
2953 4607
4607 2953
2953 6598
6598 2953
2956 9113
9113 2956
2997 993
993 2997
2997 8481
8481 2997
2997 9126
9126 2997
2997 13118
13118 2997
3049 2487
2487 3049
3049 7759
7759 3049
3049 12242
12242 3049
3049 14785
14785 3049
3049 14803
14803 3049
3049 14812
14812 3049
3049 14991
14991 3049
3078 3078
3078 3078
3078 9957
9957 3078
3083 1403
1403 3083
3083 3083
3083 3083
3130 1658
1658 3130
3130 3130
3130 3130
3130 8858
8858 3130
3143 3143
3143 3143
3168 10429
10429 3168
3172 642
642 3172
3172 2487
2487 3172
3172 2920
2920 3172
3172 3172
3172 3172
3172 5644
5644 3172
3172 6247
6247 3172
3172 7123
7123 3172
3172 11378
11378 3172
3172 12371
12371 3172
3172 14648
14648 3172
3172 14780
14780 3172
3172 14781
14781 3172
3172 14785
14785 3172
3172 15053
15053 3172
3172 15062
15062 3172
3172 15154
15154 3172
3172 22598
22598 3172
3203 5304
5304 3203
3227 6049
6049 3227
3255 3255
3255 3255
3292 993
993 3292
3337 14993
14993 3337
3372 1639
1639 3372
3372 2913
2913 3372
3372 21079
21079 3372
3372 24460
24460 3372
3379 14717
14717 3379
3379 18426
18426 3379
3420 1137
1137 3420
3420 3420
3420 3420
3420 4242
4242 3420
3420 8939
8939 3420
3420 11313
11313 3420
3425 601
601 3425
3425 1846
1846 3425
3425 3425
3425 3425
3425 5152
5152 3425
3425 7760
7760 3425
3425 9957
9957 3425
3425 10121
10121 3425
3425 11698
11698 3425
3425 12315
12315 3425
3425 14467
14467 3425
3425 14621
14621 3425
3425 16588
16588 3425
3425 19946
19946 3425
3425 24321
24321 3425
3433 496
496 3433
3433 3433
3433 3433
3433 14831
14831 3433
3433 14878
14878 3433
3433 14881
14881 3433
3433 14895
14895 3433
3433 18449
18449 3433
3452 9275
9275 3452
3455 3455
3455 3455
3491 3491
3491 3491
3506 3506
3506 3506
3506 7338
7338 3506
3523 3523
3523 3523
3523 6582
6582 3523
3523 14765
14765 3523
3528 15012
15012 3528
3570 14777
14777 3570
3591 3591
3591 3591
3607 642
642 3607
3607 5892
5892 3607
3620 2920
2920 3620
3620 3620
3620 3620
3620 6598
6598 3620
3652 3652
3652 3652
3679 5660
5660 3679
3704 2384
2384 3704
3704 3704
3704 3704
3704 17349
17349 3704
3714 3714
3714 3714
3725 9025
9025 3725
3757 8961
8961 3757
3757 14768
14768 3757
3760 1193
1193 3760
3760 3760
3760 3760
3760 7778
7778 3760
3760 12465
12465 3760
3760 12960
12960 3760
3760 13970
13970 3760
3784 18574
18574 3784
3784 20259
20259 3784
3803 1740
1740 3803
3803 3803
3803 3803
3803 7751
7751 3803
3803 13305
13305 3803
3803 14693
14693 3803
3803 17742
17742 3803
3823 8421
8421 3823
3823 8481
8481 3823
3843 5345
5345 3843
3843 5633
5633 3843
3843 6049
6049 3843
3843 12889
12889 3843
3843 13533
13533 3843
3843 13853
13853 3843
3843 14864
14864 3843
3843 14919
14919 3843
3843 15114
15114 3843
3908 6437
6437 3908
3986 517
517 3986
3986 3986
3986 3986
3986 11929
11929 3986
3986 14114
14114 3986
3986 18602
18602 3986
4048 386
386 4048
4089 4089
4089 4089
4094 4094
4094 4094
4121 6687
6687 4121
4121 15195
15195 4121
4125 4125
4125 4125
4125 13305
13305 4125
4150 6047
6047 4150
4158 386
386 4158
4158 4158
4158 4158
4158 10761
10761 4158
4158 12220
12220 4158
4158 15146
15146 4158
4173 5892
5892 4173
4185 4185
4185 4185
4185 14874
14874 4185
4196 19087
19087 4196
4242 255
255 4242
4242 601
601 4242
4242 1140
1140 4242
4242 1846
1846 4242
4242 1971
1971 4242
4242 2361
2361 4242
4242 4242
4242 4242
4242 4743
4743 4242
4242 4920
4920 4242
4242 5304
5304 4242
4242 5633
5633 4242
4242 6285
6285 4242
4242 6497
6497 4242
4242 6961
6961 4242
4242 7770
7770 4242
4242 7809
7809 4242
4242 8232
8232 4242
4242 9025
9025 4242
4242 9742
9742 4242
4242 11765
11765 4242
4242 12079
12079 4242
4242 12163
12163 4242
4242 12392
12392 4242
4242 13533
13533 4242
4242 13711
13711 4242
4242 14255
14255 4242
4242 14399
14399 4242
4242 14621
14621 4242
4242 14798
14798 4242
4242 14952
14952 4242
4242 15012
15012 4242
4242 15027
15027 4242
4242 15028
15028 4242
4242 15104
15104 4242
4242 15117
15117 4242
4242 17675
17675 4242
4242 18602
18602 4242
4280 14016
14016 4280
4286 4286
4286 4286
4326 1018
1018 4326
4331 1312
1312 4331
4331 4242
4242 4331
4331 4331
4331 4331
4331 8995
8995 4331
4331 9239
9239 4331
4331 14574
14574 4331
4331 14820
14820 4331
4343 910
910 4343
4343 7759
7759 4343
4343 8787
8787 4343
4343 13305
13305 4343
4343 19440
19440 4343
4355 4355
4355 4355
4407 12903
12903 4407
4407 14429
14429 4407
4407 15181
15181 4407
4408 12735
12735 4408
4440 7648
7648 4440
4450 12004
12004 4450
4459 15052
15052 4459
4533 496
496 4533
4533 21899
21899 4533
4567 4125
4125 4567
4567 14878
14878 4567
4567 15012
15012 4567
4578 6598
6598 4578
4578 15044
15044 4578
4607 2953
2953 4607
4607 4607
4607 4607
4607 14755
14755 4607
4607 14780
14780 4607
4607 14785
14785 4607
4607 14802
14802 4607
4653 4653
4653 4653
4663 14916
14916 4663
4667 1486
1486 4667
4667 4667
4667 4667
4667 8102
8102 4667
4667 14924
14924 4667
4667 14970
14970 4667
4667 17349
17349 4667
4681 4681
4681 4681
4681 17058
17058 4681
4685 408
408 4685
4685 2504
2504 4685
4685 2886
2886 4685
4685 8564
8564 4685
4685 12803
12803 4685
4685 14033
14033 4685
4685 14501
14501 4685
4685 14627
14627 4685
4685 14779
14779 4685
4685 14789
14789 4685
4685 14897
14897 4685
4685 18684
18684 4685
4719 572
572 4719
4719 8664
8664 4719
4724 14890
14890 4724
4735 6961
6961 4735
4737 701
701 4737
4737 14399
14399 4737
4743 17830
17830 4743
4794 4794
4794 4794
4794 11861
11861 4794
4802 4802
4802 4802
4802 7648
7648 4802
4802 9239
9239 4802
4829 701
701 4829
4829 4829
4829 4829
4829 8005
8005 4829
4829 13303
13303 4829
4829 13969
13969 4829
4829 14940
14940 4829
4829 15032
15032 4829
4849 601
601 4849
4920 34
34 4920
4920 331
331 4920
4920 630
630 4920
4920 686
686 4920
4920 2831
2831 4920
4920 4185
4185 4920
4920 4920
4920 4920
4920 8403
8403 4920
4920 9110
9110 4920
4920 9842
9842 4920
4920 10641
10641 4920
4920 11767
11767 4920
4920 12371
12371 4920
4920 12394
12394 4920
4920 12573
12573 4920
4920 12587
12587 4920
4920 12900
12900 4920
4920 13354
13354 4920
4920 14243
14243 4920
4920 14269
14269 4920
4920 14621
14621 4920
4920 14670
14670 4920
4920 14785
14785 4920
4920 14826
14826 4920
4920 14868
14868 4920
4920 14869
14869 4920
4920 17695
17695 4920
4920 17809
17809 4920
4920 18414
18414 4920
4920 20817
20817 4920
4920 22598
22598 4920
4928 12450
12450 4928
4928 14895
14895 4928
4966 4966
4966 4966
4982 2736
2736 4982
4982 2864
2864 4982
4982 4982
4982 4982
5001 7335
7335 5001
5001 11193
11193 5001
5052 6278
6278 5052
5052 6961
6961 5052
5052 8820
8820 5052
5052 13377
13377 5052
5052 24588
24588 5052
5079 14572
14572 5079
5096 5096
5096 5096
5096 7759
7759 5096
5112 0
0 5112
5127 11357
11357 5127
5127 14787
14787 5127
5127 15319
15319 5127
5150 556
556 5150
5152 2077
2077 5152
5152 3425
3425 5152
5152 5152
5152 5152
5152 7648
7648 5152
5152 17349
17349 5152
5152 19440
19440 5152
5152 19683
19683 5152
5152 20917
20917 5152
5152 24627
24627 5152
5178 1430
1430 5178
5178 2629
2629 5178
5178 3704
3704 5178
5178 4920
4920 5178
5178 5178
5178 5178
5178 6960
6960 5178
5178 8063
8063 5178
5178 8346
8346 5178
5178 9057
9057 5178
5178 9239
9239 5178
5178 12394
12394 5178
5178 12900
12900 5178
5178 14755
14755 5178
5178 14869
14869 5178
5178 14874
14874 5178
5178 15115
15115 5178
5178 15134
15134 5178
5178 17157
17157 5178
5178 18574
18574 5178
5178 21584
21584 5178
5178 22598
22598 5178
5189 19786
19786 5189
5210 13460
13460 5210
5261 11929
11929 5261
5261 16857
16857 5261
5261 18602
18602 5261
5304 2622
2622 5304
5304 6976
6976 5304
5304 14648
14648 5304
5304 24404
24404 5304
5311 1486
1486 5311
5311 3425
3425 5311
5311 3714
3714 5311
5311 3760
3760 5311
5311 5311
5311 5311
5311 5892
5892 5311
5311 14900
14900 5311
5311 14993
14993 5311
5325 2700
2700 5325
5325 18602
18602 5325
5331 15319
15319 5331
5345 5345
5345 5345
5345 11048
11048 5345
5345 12220
12220 5345
5345 12665
12665 5345
5345 13305
13305 5345
5345 13810
13810 5345
5345 15030
15030 5345
5345 16018
16018 5345
5345 20917
20917 5345
5387 14957
14957 5387
5408 9219
9219 5408
5408 14123
14123 5408
5409 15140
15140 5409
5411 1312
1312 5411
5411 5411
5411 5411
5411 9398
9398 5411
5411 12465
12465 5411
5411 14765
14765 5411
5411 14924
14924 5411
5446 545
545 5446
5448 21786
21786 5448
5449 5449
5449 5449
5506 5506
5506 5506
5506 16581
16581 5506
5506 19871
19871 5506
5516 22598
22598 5516
5519 5519
5519 5519
5519 7123
7123 5519
5519 7759
7759 5519
5519 13869
13869 5519
5519 14881
14881 5519
5519 18574
18574 5519
5519 18619
18619 5519
5530 15000
15000 5530
5539 674
674 5539
5544 13747
13747 5544
5583 16892
16892 5583
5633 5633
5633 5633
5639 1204
1204 5639
5639 2508
2508 5639
5639 5639
5639 5639
5639 7778
7778 5639
5639 8102
8102 5639
5639 8421
8421 5639
5639 11846
11846 5639
5639 13305
13305 5639
5639 14872
14872 5639
5639 14893
14893 5639
5639 14913
14913 5639
5639 15151
15151 5639
5640 12734
12734 5640
5644 2409
2409 5644
5644 3172
3172 5644
5644 5644
5644 5644
5644 9380
9380 5644
5644 11767
11767 5644
5644 13124
13124 5644
5644 14699
14699 5644
5644 14785
14785 5644
5658 15087
15087 5658
5660 3657
3657 5660
5660 5660
5660 5660
5660 10273
10273 5660
5660 11406
11406 5660
5660 14893
14893 5660
5660 14898
14898 5660
5660 14906
14906 5660
5660 15011
15011 5660
5660 16856
16856 5660
5660 18602
18602 5660
5677 2134
2134 5677
5677 5677
5677 5677
5677 12079
12079 5677
5677 13874
13874 5677
5677 14755
14755 5677
5677 15075
15075 5677
5677 17262
17262 5677
5700 7393
7393 5700
5753 5892
5892 5753
5753 7759
7759 5753
5753 14803
14803 5753
5762 5762
5762 5762
5762 14266
14266 5762
5769 14859
14859 5769
5808 15037
15037 5808
5845 5845
5845 5845
5865 24252
24252 5865
5892 5311
5311 5892
5892 5892
5892 5892
5892 10410
10410 5892
5892 13383
13383 5892
5946 3172
3172 5946
5946 5946
5946 5946
5946 6707
6707 5946
5946 8935
8935 5946
5946 9025
9025 5946
5946 9696
9696 5946
5946 11406
11406 5946
5946 13830
13830 5946
5946 14870
14870 5946
5946 17085
17085 5946
5946 24150
24150 5946
5969 5969
5969 5969
5969 15076
15076 5969
6009 2920
2920 6009
6009 6009
6009 6009
6009 13383
13383 6009
6009 14355
14355 6009
6009 14787
14787 6009
6009 24380
24380 6009
6036 1116
1116 6036
6047 4150
4150 6047
6047 6047
6047 6047
6047 10406
10406 6047
6047 15165
15165 6047
6049 6049
6049 6049
6049 13951
13951 6049
6049 14106
14106 6049
6049 14744
14744 6049
6049 21800
21800 6049
6070 1639
1639 6070
6070 1843
1843 6070
6070 6070
6070 6070
6070 8657
8657 6070
6095 6095
6095 6095
6095 14769
14769 6095
6124 1312
1312 6124
6124 14873
14873 6124
6167 929
929 6167
6167 5639
5639 6167
6167 6167
6167 6167
6167 6505
6505 6167
6167 11725
11725 6167
6167 14975
14975 6167
6167 20917
20917 6167
6167 21884
21884 6167
6182 6182
6182 6182
6182 11355
11355 6182
6182 13970
13970 6182
6182 14677
14677 6182
6182 22283
22283 6182
6228 12239
12239 6228
6228 14797
14797 6228
6228 14913
14913 6228
6247 3172
3172 6247
6247 6247
6247 6247
6247 9420
9420 6247
6247 10995
10995 6247
6247 12079
12079 6247
6247 12573
12573 6247
6247 14785
14785 6247
6247 16775
16775 6247
6247 22598
22598 6247
6258 9256
9256 6258
6278 19440
19440 6278
6285 6285
6285 6285
6310 15070
15070 6310
6319 287
287 6319
6319 2886
2886 6319
6319 2913
2913 6319
6319 14311
14311 6319
6319 15597
15597 6319
6413 7648
7648 6413
6485 5178
5178 6485
6485 13747
13747 6485
6485 15117
15117 6485
6485 15450
15450 6485
6497 6497
6497 6497
6497 11355
11355 6497
6497 13394
13394 6497
6497 15009
15009 6497
6497 15043
15043 6497
6528 12450
12450 6528
6528 13305
13305 6528
6528 14891
14891 6528
6528 15163
15163 6528
6531 255
255 6531
6531 14968
14968 6531
6582 412
412 6582
6582 6582
6582 6582
6589 6589
6589 6589
6589 8447
8447 6589
6589 8935
8935 6589
6589 9082
9082 6589
6589 12079
12079 6589
6589 13348
13348 6589
6589 14717
14717 6589
6589 14787
14787 6589
6589 15034
15034 6589
6598 2953
2953 6598
6598 3143
3143 6598
6598 3620
3620 6598
6598 3725
3725 6598
6598 6598
6598 6598
6598 7809
7809 6598
6598 9742
9742 6598
6598 13533
13533 6598
6598 14699
14699 6598
6598 14785
14785 6598
6598 15044
15044 6598
6598 22276
22276 6598
6660 18574
18574 6660
6666 6666
6666 6666
6666 9842
9842 6666
6666 9924
9924 6666
6666 12079
12079 6666
6666 14269
14269 6666
6666 14406
14406 6666
6666 14822
14822 6666
6666 15115
15115 6666
6666 16186
16186 6666
6666 17675
17675 6666
6666 18574
18574 6666
6687 194
194 6687
6687 2592
2592 6687
6687 6687
6687 6687
6687 11968
11968 6687
6687 12079
12079 6687
6707 5946
5946 6707
6707 6707
6707 6707
6735 2920
2920 6735
6735 6735
6735 6735
6735 7760
7760 6735
6735 12735
12735 6735
6735 12894
12894 6735
6735 15044
15044 6735
6815 386
386 6815
6815 496
496 6815
6815 1312
1312 6815
6815 6815
6815 6815
6815 14255
14255 6815
6815 19685
19685 6815
6850 15030
15030 6850
6850 15049
15049 6850
6851 7759
7759 6851
6851 9842
9842 6851
6851 24233
24233 6851
6851 24252
24252 6851
6851 24409
24409 6851
6869 14414
14414 6869
6874 18214
18214 6874
6896 24265
24265 6896
6917 408
408 6917
6937 215
215 6937
6937 929
929 6937
6937 6937
6937 6937
6953 255
255 6953
6953 6953
6953 6953
6953 7751
7751 6953
6953 7895
7895 6953
6953 8288
8288 6953
6953 8935
8935 6953
6953 14785
14785 6953
6953 14994
14994 6953
6953 20893
20893 6953
6954 1846
1846 6954
6954 6954
6954 6954
6960 6960
6960 6960
6961 5052
5052 6961
6961 6961
6961 6961
6961 8921
8921 6961
6961 15263
15263 6961
6966 6182
6182 6966
6975 6975
6975 6975
6976 5304
5304 6976
7026 7026
7026 7026
7081 4920
4920 7081
7081 7081
7081 7081
7081 11342
11342 7081
7106 7106
7106 7106
7107 14583
14583 7107
7123 1430
1430 7123
7123 2387
2387 7123
7123 2920
2920 7123
7123 3172
3172 7123
7123 4196
4196 7123
7123 5519
5519 7123
7123 7123
7123 7123
7123 11819
11819 7123
7123 14785
14785 7123
7123 15000
15000 7123
7152 15024
15024 7152
7152 21394
21394 7152
7186 14789
14789 7186
7186 14955
14955 7186
7209 11018
11018 7209
7211 15133
15133 7211
7283 14787
14787 7283
7305 701
701 7305
7305 830
830 7305
7305 11881
11881 7305
7305 12802
12802 7305
7305 18619
18619 7305
7326 19901
19901 7326
7338 3506
3506 7338
7338 7338
7338 7338
7404 7404
7404 7404
7404 14552
14552 7404
7410 1934
1934 7410
7410 6815
6815 7410
7410 7410
7410 7410
7410 9126
9126 7410
7410 10414
10414 7410
7410 14891
14891 7410
7410 15018
15018 7410
7410 16551
16551 7410
7470 11419
11419 7470
7499 24150
24150 7499
7514 4242
4242 7514
7514 7514
7514 7514
7514 7648
7648 7514
7514 9275
9275 7514
7514 11929
11929 7514
7514 12220
12220 7514
7514 23223
23223 7514
7514 24226
24226 7514
7516 1137
1137 7516
7516 8939
8939 7516
7516 13533
13533 7516
7516 13747
13747 7516
7516 14106
14106 7516
7557 7557
7557 7557
7567 1139
1139 7567
7601 7601
7601 7601
7601 9177
9177 7601
7601 9392
9392 7601
7601 9608
9608 7601
7601 15199
15199 7601
7648 993
993 7648
7648 6953
6953 7648
7648 7648
7648 7648
7648 7759
7759 7648
7648 10410
10410 7648
7648 12322
12322 7648
7648 13290
13290 7648
7648 14927
14927 7648
7682 2920
2920 7682
7682 3823
3823 7682
7682 7682
7682 7682
7682 8481
8481 7682
7682 8632
8632 7682
7682 12079
12079 7682
7682 12665
12665 7682
7682 13118
13118 7682
7682 13303
13303 7682
7682 14779
14779 7682
7682 14955
14955 7682
7717 7717
7717 7717
7743 7743
7743 7743
7743 13026
13026 7743
7743 13231
13231 7743
7743 15075
15075 7743
7743 15141
15141 7743
7751 572
572 7751
7759 40
40 7759
7759 255
255 7759
7759 408
408 7759
7759 1202
1202 7759
7759 2411
2411 7759
7759 3425
3425 7759
7759 3506
3506 7759
7759 4286
4286 7759
7759 4903
4903 7759
7759 5096
5096 7759
7759 5639
5639 7759
7759 6589
6589 7759
7759 6851
6851 7759
7759 7338
7338 7759
7759 7759
7759 7759
7759 7760
7760 7759
7759 8297
8297 7759
7759 8935
8935 7759
7759 9405
9405 7759
7759 10707
10707 7759
7759 12621
12621 7759
7759 12668
12668 7759
7759 12789
12789 7759
7759 13387
13387 7759
7759 14764
14764 7759
7759 14789
14789 7759
7759 14963
14963 7759
7759 14991
14991 7759
7759 15009
15009 7759
7759 17262
17262 7759
7759 20970
20970 7759
7759 24252
24252 7759
7760 6735
6735 7760
7760 7759
7759 7760
7760 7760
7760 7760
7778 2736
2736 7778
7778 3760
3760 7778
7778 4653
4653 7778
7778 5677
5677 7778
7778 6666
6666 7778
7778 7137
7137 7778
7778 7759
7759 7778
7778 7778
7778 7778
7778 8364
8364 7778
7778 10013
10013 7778
7778 11188
11188 7778
7778 12079
12079 7778
7778 12465
12465 7778
7778 14897
14897 7778
7778 15151
15151 7778
7778 17262
17262 7778
7778 17675
17675 7778
7792 7792
7792 7792
7792 13321
13321 7792
7792 15087
15087 7792
7809 7809
7809 7809
7816 10995
10995 7816
7824 8447
8447 7824
7888 11577
11577 7888
7888 11968
11968 7888
7973 8336
8336 7973
8004 15031
15031 8004
8005 701
701 8005
8005 8858
8858 8005
8005 14387
14387 8005
8005 14491
14491 8005
8005 14963
14963 8005
8005 15172
15172 8005
8031 23235
23235 8031
8097 2272
2272 8097
8102 40
40 8102
8102 1486
1486 8102
8102 4802
4802 8102
8102 8102
8102 8102
8102 14941
14941 8102
8102 15101
15101 8102
8232 503
503 8232
8232 1312
1312 8232
8232 4849
4849 8232
8232 8232
8232 8232
8232 12220
12220 8232
8232 21233
21233 8232
8262 8262
8262 8262
8262 14764
14764 8262
8277 5152
5152 8277
8289 8289
8289 8289
8297 7759
7759 8297
8297 8297
8297 8297
8305 1740
1740 8305
8305 4849
4849 8305
8305 5841
5841 8305
8310 8310
8310 8310
8346 14243
14243 8346
8364 8364
8364 8364
8364 16345
16345 8364
8403 644
644 8403
8403 8369
8369 8403
8403 8403
8403 8403
8421 3823
3823 8421
8421 4286
4286 8421
8421 6074
6074 8421
8421 7427
7427 8421
8421 12665
12665 8421
8421 14916
14916 8421
8421 14933
14933 8421
8421 14984
14984 8421
8436 935
935 8436
8436 8436
8436 8436
8436 12668
12668 8436
8447 401
401 8447
8447 8447
8447 8447
8452 8452
8452 8452
8452 12220
12220 8452
8463 674
674 8463
8481 8481
8481 8481
8491 15185
15185 8491
8564 18689
18689 8564
8600 15008
15008 8600
8632 7682
7682 8632
8632 8632
8632 8632
8632 10681
10681 8632
8634 8634
8634 8634
8657 6070
6070 8657
8657 8650
8650 8657
8657 8657
8657 8657
8664 3415
3415 8664
8664 4196
4196 8664
8664 7751
7751 8664
8664 8664
8664 8664
8664 10761
10761 8664
8664 12182
12182 8664
8664 12220
12220 8664
8664 12375
12375 8664
8664 13969
13969 8664
8664 14693
14693 8664
8664 17710
17710 8664
8664 17809
17809 8664
8664 17935
17935 8664
8664 19087
19087 8664
8664 24252
24252 8664
8681 9586
9586 8681
8787 8787
8787 8787
8787 14837
14837 8787
8813 496
496 8813
8813 642
642 8813
8813 8310
8310 8813
8813 12013
12013 8813
8813 12211
12211 8813
8813 14881
14881 8813
8813 14898
14898 8813
8858 8858
8858 8858
8858 11684
11684 8858
8895 15144
15144 8895
8895 20917
20917 8895
8895 24183
24183 8895
8921 642
642 8921
8921 4089
4089 8921
8921 6582
6582 8921
8921 8921
8921 8921
8921 10429
10429 8921
8921 14881
14881 8921
8921 15006
15006 8921
8921 15012
15012 8921
8921 15035
15035 8921
8921 22276
22276 8921
8935 6953
6953 8935
8935 8232
8232 8935
8935 9110
9110 8935
8935 14801
14801 8935
8935 14831
14831 8935
8935 15028
15028 8935
8935 16588
16588 8935
8935 17675
17675 8935
8939 8939
8939 8939
8944 8944
8944 8944
8961 701
701 8961
8961 8961
8961 8961
8961 14749
14749 8961
8984 8984
8984 8984
8984 10410
10410 8984
8984 12013
12013 8984
8995 8995
8995 8995
9005 9005
9005 9005
9005 13305
13305 9005
9005 14255
14255 9005
9011 9011
9011 9011
9025 255
255 9025
9025 525
525 9025
9025 830
830 9025
9025 929
929 9025
9025 1312
1312 9025
9025 1913
1913 9025
9025 3143
3143 9025
9025 3725
3725 9025
9025 4158
4158 9025
9025 4242
4242 9025
9025 8939
8939 9025
9025 9025
9025 9025
9025 9086
9086 9025
9025 9239
9239 9025
9025 9380
9380 9025
9025 9696
9696 9025
9025 9770
9770 9025
9025 11765
11765 9025
9025 12079
12079 9025
9025 12537
12537 9025
9025 12665
12665 9025
9025 12731
12731 9025
9025 12829
12829 9025
9025 13118
13118 9025
9025 13290
13290 9025
9025 13305
13305 9025
9025 14730
14730 9025
9025 14782
14782 9025
9025 14791
14791 9025
9025 14798
14798 9025
9025 15144
15144 9025
9025 17349
17349 9025
9025 18602
18602 9025
9025 20242
20242 9025
9025 22276
22276 9025
9026 3372
3372 9026
9026 15116
15116 9026
9026 21240
21240 9026
9030 4966
4966 9030
9030 6851
6851 9030
9030 10429
10429 9030
9057 642
642 9057
9057 3172
3172 9057
9057 5152
5152 9057
9057 5644
5644 9057
9057 7759
7759 9057
9057 9030
9030 9057
9057 9057
9057 9057
9057 9405
9405 9057
9057 10429
10429 9057
9057 10774
10774 9057
9057 11890
11890 9057
9057 12079
12079 9057
9057 12731
12731 9057
9057 14269
14269 9057
9057 14651
14651 9057
9057 14780
14780 9057
9057 14930
14930 9057
9057 15008
15008 9057
9057 15050
15050 9057
9057 15450
15450 9057
9057 17349
17349 9057
9057 18169
18169 9057
9057 22217
22217 9057
9057 22598
22598 9057
9061 14953
14953 9061
9082 3123
3123 9082
9086 9086
9086 9086
9110 320
320 9110
9110 9110
9110 9110
9110 23348
23348 9110
9120 2736
2736 9120
9126 1013
1013 9126
9126 7410
7410 9126
9126 9126
9126 9126
9140 9140
9140 9140
9140 11785
11785 9140
9157 8109
8109 9157
9177 1312
1312 9177
9177 6589
6589 9177
9177 8232
8232 9177
9177 8421
8421 9177
9177 9177
9177 9177
9177 9880
9880 9177
9177 11929
11929 9177
9177 13286
13286 9177
9177 14582
14582 9177
9177 14870
14870 9177
9177 14916
14916 9177
9177 14929
14929 9177
9177 14981
14981 9177
9177 15027
15027 9177
9177 15047
15047 9177
9177 15095
15095 9177
9177 15098
15098 9177
9177 15263
15263 9177
9177 17349
17349 9177
9177 17675
17675 9177
9177 21542
21542 9177
9190 9190
9190 9190
9190 10202
10202 9190
9238 14621
14621 9238
9239 491
491 9239
9239 642
642 9239
9239 934
934 9239
9239 1312
1312 9239
9239 1430
1430 9239
9239 3083
3083 9239
9239 4802
4802 9239
9239 5304
5304 9239
9239 7026
7026 9239
9239 8944
8944 9239
9239 9025
9025 9239
9239 9239
9239 9239
9239 11929
11929 9239
9239 12394
12394 9239
9239 12735
12735 9239
9239 12789
12789 9239
9239 12900
12900 9239
9239 13383
13383 9239
9239 13915
13915 9239
9239 14378
14378 9239
9239 15006
15006 9239
9239 15138
15138 9239
9239 15144
15144 9239
9239 16892
16892 9239
9239 21584
21584 9239
9239 23348
23348 9239
9256 49
49 9256
9256 9256
9256 9256
9256 13969
13969 9256
9256 21240
21240 9256
9275 320
320 9275
9275 1312
1312 9275
9275 6124
6124 9275
9275 14500
14500 9275
9275 14598
14598 9275
9275 14929
14929 9275
9275 15263
15263 9275
9275 22276
22276 9275
9312 14991
14991 9312
9325 18693
18693 9325
9331 13750
13750 9331
9398 7895
7895 9398
9398 13747
13747 9398
9398 14765
14765 9398
9398 14787
14787 9398
9405 9405
9405 9405
9494 9239
9239 9494
9494 14920
14920 9494
9524 7514
7514 9524
9553 804
804 9553
9553 1486
1486 9553
9553 3725
3725 9553
9553 4150
4150 9553
9553 9239
9239 9553
9553 12537
12537 9553
9553 12690
12690 9553
9553 13042
13042 9553
9555 642
642 9555
9555 11819
11819 9555
9555 14758
14758 9555
9573 9573
9573 9573
9586 9586
9586 9586
9586 13632
13632 9586
9600 14928
14928 9600
9608 7601
7601 9608
9679 5644
5644 9679
9679 12211
12211 9679
9679 14866
14866 9679
9679 24252
24252 9679
9682 12964
12964 9682
9682 14429
14429 9682
9716 7759
7759 9716
9716 9716
9716 9716
9733 7770
7770 9733
9733 9110
9110 9733
9733 9733
9733 9733
9733 14621
14621 9733
9742 4242
4242 9742
9742 9742
9742 9742
9742 14255
14255 9742
9770 830
830 9770
9770 9770
9770 9770
9770 20242
20242 9770
9811 16336
16336 9811
9842 1018
1018 9842
9842 3425
3425 9842
9842 7759
7759 9842
9842 9842
9842 9842
9842 10718
10718 9842
9842 14269
14269 9842
9842 14699
14699 9842
9842 14755
14755 9842
9842 14775
14775 9842
9842 21584
21584 9842
9893 7648
7648 9893
9893 13631
13631 9893
9920 701
701 9920
9920 10410
10410 9920
9924 6666
6666 9924
9957 2043
2043 9957
9957 3078
3078 9957
9957 9380
9380 9957
9957 9957
9957 9957
9957 10811
10811 9957
9957 14114
14114 9957
9957 14760
14760 9957
9957 14785
14785 9957
9957 15450
15450 9957
9957 18602
18602 9957
9960 9405
9405 9960
10007 14778
14778 10007
10057 2194
2194 10057
10092 10092
10092 10092
10121 993
993 10121
10121 2018
2018 10121
10121 6666
6666 10121
10121 7760
7760 10121
10121 9177
9177 10121
10121 9696
9696 10121
10121 10121
10121 10121
10121 14813
14813 10121
10121 14822
14822 10121
10121 14877
14877 10121
10121 14881
14881 10121
10121 14898
14898 10121
10121 15037
15037 10121
10121 15055
15055 10121
10121 15106
15106 10121
10121 20061
20061 10121
10121 24150
24150 10121
10121 24568
24568 10121
10205 7743
7743 10205
10205 18602
18602 10205
10273 13118
13118 10273
10292 2015
2015 10292
10292 3172
3172 10292
10292 4920
4920 10292
10292 4982
4982 10292
10292 6247
6247 10292
10292 6666
6666 10292
10292 9586
9586 10292
10292 11157
11157 10292
10292 11929
11929 10292
10292 12079
12079 10292
10292 13377
13377 10292
10292 14757
14757 10292
10292 14785
14785 10292
10292 14881
14881 10292
10292 15068
15068 10292
10292 15138
15138 10292
10292 16775
16775 10292
10307 16892
16892 10307
10323 450
450 10323
10325 11819
11819 10325
10331 1105
1105 10331
10331 1740
1740 10331
10343 2409
2409 10343
10351 701
701 10351
10406 6047
6047 10406
10406 10406
10406 10406
10406 13247
13247 10406
10410 814
814 10410
10410 910
910 10410
10410 3440
3440 10410
10410 5892
5892 10410
10410 9770
9770 10410
10410 9920
9920 10410
10410 10410
10410 10410
10410 12079
12079 10410
10410 13305
13305 10410
10410 14453
14453 10410
10410 14791
14791 10410
10410 14864
14864 10410
10410 15060
15060 10410
10410 20061
20061 10410
10414 7410
7410 10414
10414 10414
10414 10414
10429 4355
4355 10429
10429 10429
10429 10429
10429 11890
11890 10429
10429 12220
12220 10429
10429 12889
12889 10429
10429 13305
13305 10429
10429 14920
14920 10429
10429 18574
18574 10429
10486 14941
14941 10486
10544 10544
10544 10544
10544 14748
14748 10544
10566 2622
2622 10566
10566 9177
9177 10566
10566 10429
10429 10566
10566 12079
12079 10566
10566 12566
12566 10566
10566 14756
14756 10566
10566 14785
14785 10566
10566 14911
14911 10566
10566 16895
16895 10566
10566 24252
24252 10566
10568 642
642 10568
10573 9011
9011 10573
10613 14785
14785 10613
10676 935
935 10676
10681 8632
8632 10681
10681 10681
10681 10681
10718 10718
10718 10718
10718 14269
14269 10718
10767 14491
14491 10767
10767 24348
24348 10767
10811 642
642 10811
10811 4982
4982 10811
10811 5411
5411 10811
10811 5633
5633 10811
10811 8939
8939 10811
10811 9957
9957 10811
10811 10811
10811 10811
10811 11157
11157 10811
10811 12974
12974 10811
10811 14775
14775 10811
10811 14897
14897 10811
10811 14956
14956 10811
10811 15037
15037 10811
10811 17742
17742 10811
10862 804
804 10862
10862 10862
10862 10862
10995 6247
6247 10995
10995 13270
13270 10995
11056 934
934 11056
11056 13712
13712 11056
11059 11059
11059 11059
11082 11724
11724 11082
11157 496
496 11157
11157 11157
11157 11157
11157 14785
14785 11157
11157 22276
22276 11157
11167 2307
2307 11167
11167 5639
5639 11167
11167 5677
5677 11167
11167 11167
11167 11167
11167 14582
14582 11167
11167 14992
14992 11167
11167 15075
15075 11167
11167 15083
15083 11167
11167 15128
15128 11167
11167 19149
19149 11167
11313 876
876 11313
11313 3420
3420 11313
11324 11324
11324 11324
11342 7081
7081 11342
11342 8935
8935 11342
11342 11342
11342 11342
11342 24664
24664 11342
11355 6182
6182 11355
11355 6497
6497 11355
11355 11355
11355 11355
11355 14069
14069 11355
11357 11357
11357 11357
11361 386
386 11361
11378 401
401 11378
11378 11378
11378 11378
11378 11607
11607 11378
11406 2018
2018 11406
11406 2591
2591 11406
11406 7760
7760 11406
11406 10273
10273 11406
11406 11406
11406 11406
11406 12710
12710 11406
11406 13238
13238 11406
11406 14851
14851 11406
11408 2467
2467 11408
11408 11408
11408 11408
11419 6666
6666 11419
11419 7470
7470 11419
11474 11474
11474 11474
11507 1846
1846 11507
11507 18602
18602 11507
11547 8232
8232 11547
11547 8921
8921 11547
11547 11547
11547 11547
11547 15006
15006 11547
11577 344
344 11577
11577 1493
1493 11577
11577 6961
6961 11577
11577 11577
11577 11577
11577 21194
21194 11577
11579 14937
14937 11579
11607 11378
11378 11607
11657 2423
2423 11657
11657 2913
2913 11657
11657 7226
7226 11657
11657 13518
13518 11657
11657 15714
15714 11657
11684 1116
1116 11684
11684 1951
1951 11684
11684 4849
4849 11684
11684 8858
8858 11684
11684 11684
11684 11684
11684 14340
14340 11684
11684 14760
14760 11684
11684 14826
14826 11684
11684 14880
14880 11684
11684 15026
15026 11684
11684 15170
15170 11684
11684 17262
17262 11684
11684 21542
21542 11684
11696 4242
4242 11696
11696 11696
11696 11696
11696 14730
14730 11696
11698 12079
12079 11698
11698 18034
18034 11698
11700 935
935 11700
11700 2524
2524 11700
11700 7648
7648 11700
11700 7717
7717 11700
11700 9924
9924 11700
11700 15075
15075 11700
11717 14833
14833 11717
11725 6167
6167 11725
11725 8447
8447 11725
11725 11725
11725 11725
11743 1913
1913 11743
11743 11743
11743 11743
11743 12803
12803 11743
11743 15047
15047 11743
11762 14555
14555 11762
11765 1740
1740 11765
11765 11765
11765 11765
11767 1140
1140 11767
11767 6124
6124 11767
11767 9177
9177 11767
11767 9586
9586 11767
11767 10526
10526 11767
11767 11717
11717 11767
11767 11767
11767 11767
11767 14785
14785 11767
11767 14822
14822 11767
11767 14909
14909 11767
11767 14981
14981 11767
11767 14991
14991 11767
11767 15109
15109 11767
11767 18602
18602 11767
11767 20638
20638 11767
11780 11780
11780 11780
11780 15814
15814 11780
11780 19890
19890 11780
11785 2491
2491 11785
11785 11785
11785 11785
11785 18602
18602 11785
11785 21786
21786 11785
11786 804
804 11786
11786 11786
11786 11786
11786 13622
13622 11786
11819 2387
2387 11819
11819 4125
4125 11819
11819 5519
5519 11819
11819 9190
9190 11819
11819 11819
11819 11819
11819 13337
13337 11819
11819 14757
14757 11819
11819 14799
14799 11819
11819 14856
14856 11819
11819 15012
15012 11819
11819 21194
21194 11819
11819 22283
22283 11819
11839 929
929 11839
11861 4794
4794 11861
11861 14777
14777 11861
11861 14790
14790 11861
11861 14871
14871 11861
11890 2920
2920 11890
11890 8463
8463 11890
11890 8858
8858 11890
11890 10429
10429 11890
11890 11890
11890 11890
11890 12960
12960 11890
11890 14966
14966 11890
11890 14971
14971 11890
11892 1901
1901 11892
11892 2194
2194 11892
11902 15099
15099 11902
11902 18602
18602 11902
11910 22559
22559 11910
11921 14785
14785 11921
11929 11929
11929 11929
11946 1951
1951 11946
11946 11946
11946 11946
11963 2387
2387 11963
11968 2592
2592 11968
11968 11968
11968 11968
11968 14787
14787 11968
11974 11974
11974 11974
11974 13896
13896 11974
11974 15117
15117 11974
11974 15175
15175 11974
12013 9190
9190 12013
12013 9256
9256 12013
12013 10862
10862 12013
12013 12220
12220 12013
12013 13305
13305 12013
12013 13533
13533 12013
12013 14922
14922 12013
12013 14991
14991 12013
12013 15110
15110 12013
12013 15163
15163 12013
12013 15197
15197 12013
12013 16613
16613 12013
12013 24393
24393 12013
12053 19138
19138 12053
12056 6638
6638 12056
12074 6049
6049 12074
12074 20061
20061 12074
12078 2307
2307 12078
12079 213
213 12079
12079 496
496 12079
12079 1784
1784 12079
12079 2424
2424 12079
12079 4242
4242 12079
12079 5677
5677 12079
12079 6247
6247 12079
12079 6666
6666 12079
12079 6687
6687 12079
12079 7778
7778 12079
12079 9025
9025 12079
12079 9057
9057 12079
12079 12079
12079 12079
12079 13305
13305 12079
12079 14893
14893 12079
12079 21786
21786 12079
12093 2447
2447 12093
12093 9405
9405 12093
12093 12093
12093 12093
12106 14884
14884 12106
12117 15125
15125 12117
12135 1015
1015 12135
12135 1312
1312 12135
12135 4242
4242 12135
12135 8858
8858 12135
12135 10429
10429 12135
12135 11717
11717 12135
12135 12135
12135 12135
12135 14399
14399 12135
12135 14673
14673 12135
12135 14813
14813 12135
12135 14965
14965 12135
12135 17326
17326 12135
12135 18602
18602 12135
12135 19685
19685 12135
12155 7759
7759 12155
12163 1140
1140 12163
12163 5946
5946 12163
12163 8232
8232 12163
12163 11342
11342 12163
12163 12163
12163 12163
12163 13750
13750 12163
12163 13896
13896 12163
12163 17809
17809 12163
12163 18602
18602 12163
12169 14255
14255 12169
12182 12182
12182 12182
12200 12200
12200 12200
12200 18602
18602 12200
12211 12211
12211 12211
12211 20061
20061 12211
12220 12220
12220 12220
12242 1430
1430 12242
12242 14785
14785 12242
12242 15110
15110 12242
12292 12292
12292 12292
12315 3425
3425 12315
12322 12322
12322 12322
12334 12334
12334 12334
12334 14946
14946 12334
12343 12343
12343 12343
12362 19890
19890 12362
12371 12371
12371 12371
12392 4242
4242 12392
12392 12392
12392 12392
12392 21194
21194 12392
12450 8935
8935 12450
12450 13305
13305 12450
12450 14712
14712 12450
12465 3760
3760 12465
12465 7778
7778 12465
12465 12465
12465 12465
12465 13305
13305 12465
12465 14924
14924 12465
12537 12537
12537 12537
12537 21584
21584 12537
12539 3714
3714 12539
12539 5805
5805 12539
12539 12182
12182 12539
12539 12539
12539 12539
12539 12889
12889 12539
12539 14550
14550 12539
12573 4920
4920 12573
12573 12573
12573 12573
12573 22598
22598 12573
12587 6247
6247 12587
12587 12371
12371 12587
12587 12587
12587 12587
12587 14869
14869 12587
12591 15036
15036 12591
12597 1382
1382 12597
12597 12597
12597 12597
12600 1015
1015 12600
12600 12600
12600 12600
12600 13237
13237 12600
12600 14340
14340 12600
12600 15071
15071 12600
12621 7759
7759 12621
12648 8564
8564 12648
12665 3425
3425 12665
12665 12665
12665 12665
12665 13270
13270 12665
12665 13303
13303 12665
12665 14873
14873 12665
12665 17675
17675 12665
12665 24183
24183 12665
12668 320
320 12668
12668 4355
4355 12668
12668 10566
10566 12668
12668 11765
11765 12668
12668 12668
12668 12668
12668 14799
14799 12668
12668 15138
15138 12668
12668 16163
16163 12668
12668 18602
18602 12668
12670 15054
15054 12670
12710 11406
11406 12710
12711 701
701 12711
12712 5646
5646 12712
12712 6182
6182 12712
12712 12465
12465 12712
12712 13786
13786 12712
12731 642
642 12731
12734 320
320 12734
12734 5506
5506 12734
12734 5640
5640 12734
12734 8289
8289 12734
12734 10526
10526 12734
12734 11717
11717 12734
12734 12093
12093 12734
12734 12566
12566 12734
12734 12668
12668 12734
12734 12734
12734 12734
12734 12789
12789 12734
12734 12925
12925 12734
12734 13348
13348 12734
12734 14756
14756 12734
12734 14791
14791 12734
12734 14822
14822 12734
12734 14881
14881 12734
12734 14956
14956 12734
12734 14981
14981 12734
12734 15046
15046 12734
12734 15047
15047 12734
12734 15090
15090 12734
12734 15092
15092 12734
12734 18602
18602 12734
12735 12735
12735 12735
12768 24333
24333 12768
12777 929
929 12777
12789 12789
12789 12789
12803 11743
11743 12803
12803 12803
12803 12803
12812 1312
1312 12812
12812 2015
2015 12812
12829 2197
2197 12829
12829 12829
12829 12829
12829 16388
16388 12829
12843 15035
15035 12843
12889 12889
12889 12889
12894 12894
12894 12894
12894 15049
15049 12894
12900 255
255 12900
12900 4743
4743 12900
12900 7682
7682 12900
12900 8944
8944 12900
12900 9025
9025 12900
12900 11765
11765 12900
12900 13183
13183 12900
12900 13969
13969 12900
12900 14255
14255 12900
12900 14885
14885 12900
12900 14981
14981 12900
12900 15032
15032 12900
12900 15136
15136 12900
12900 24657
24657 12900
12903 4407
4407 12903
12910 13554
13554 12910
12942 2411
2411 12942
12945 1609
1609 12945
12945 9405
9405 12945
12945 13754
13754 12945
12945 15142
15142 12945
12960 3760
3760 12960
12960 11890
11890 12960
12964 12964
12964 12964
12964 14429
14429 12964
12974 12974
12974 12974
12999 14919
14919 12999
13003 674
674 13003
13026 13026
13026 13026
13027 5812
5812 13027
13027 8447
8447 13027
13027 10121
10121 13027
13027 11785
11785 13027
13027 11881
11881 13027
13027 15102
15102 13027
13027 23943
23943 13027
13034 11357
11357 13034
13034 13034
13034 13034
13042 11929
11929 13042
13042 13042
13042 13042
13065 3172
3172 13065
13065 14785
14785 13065
13065 22598
22598 13065
13068 4355
4355 13068
13068 10429
10429 13068
13068 14775
14775 13068
13083 496
496 13083
13083 13096
13096 13083
13094 15117
15117 13094
13096 13096
13096 13096
13099 5946
5946 13099
13118 13118
13118 13118
13118 13305
13305 13118
13118 17293
17293 13118
13119 1913
1913 13119
13119 6049
6049 13119
13124 5644
5644 13124
13124 10429
10429 13124
13124 12239
12239 13124
13124 13124
13124 13124
13124 14897
14897 13124
13124 14937
14937 13124
13172 13996
13996 13172
13191 8935
8935 13191
13191 13191
13191 13191
13201 13201
13201 13201
13211 9256
9256 13211
13211 15190
15190 13211
13214 12053
12053 13214
13231 7743
7743 13231
13231 15001
15001 13231
13238 11406
11406 13238
13247 2283
2283 13247
13247 2519
2519 13247
13247 6047
6047 13247
13247 10406
10406 13247
13247 12735
12735 13247
13247 12867
12867 13247
13247 13247
13247 13247
13247 14491
14491 13247
13247 14797
14797 13247
13247 14811
14811 13247
13247 14862
14862 13247
13247 14913
14913 13247
13250 13250
13250 13250
13250 22276
22276 13250
13270 10995
10995 13270
13290 13290
13290 13290
13303 2424
2424 13303
13303 4829
4829 13303
13303 13303
13303 13303
13305 255
255 13305
13305 934
934 13305
13305 1270
1270 13305
13305 2102
2102 13305
13305 3714
3714 13305
13305 3803
3803 13305
13305 4242
4242 13305
13305 5128
5128 13305
13305 5633
5633 13305
13305 6598
6598 13305
13305 6815
6815 13305
13305 7427
7427 13305
13305 8297
8297 13305
13305 8858
8858 13305
13305 8944
8944 13305
13305 9256
9256 13305
13305 9615
9615 13305
13305 10121
10121 13305
13305 10331
10331 13305
13305 10429
10429 13305
13305 12079
12079 13305
13305 12450
12450 13305
13305 12465
12465 13305
13305 12889
12889 13305
13305 13118
13118 13305
13305 13305
13305 13305
13305 13383
13383 13305
13305 13533
13533 13305
13305 13747
13747 13305
13305 13786
13786 13305
13305 14079
14079 13305
13305 14255
14255 13305
13305 14787
14787 13305
13305 14809
14809 13305
13305 14848
14848 13305
13305 14903
14903 13305
13305 14916
14916 13305
13305 14919
14919 13305
13305 15016
15016 13305
13305 15037
15037 13305
13305 15041
15041 13305
13305 15074
15074 13305
13305 15081
15081 13305
13305 15100
15100 13305
13305 15110
15110 13305
13305 15124
15124 13305
13305 15136
15136 13305
13305 15148
15148 13305
13305 16892
16892 13305
13305 22283
22283 13305
13305 24657
24657 13305
13321 1846
1846 13321
13321 5633
5633 13321
13321 5946
5946 13321
13321 7759
7759 13321
13321 7792
7792 13321
13321 8481
8481 13321
13321 9239
9239 13321
13321 9256
9256 13321
13321 10331
10331 13321
13321 12079
12079 13321
13321 12220
12220 13321
13321 12690
12690 13321
13321 13305
13305 13321
13321 13321
13321 13321
13321 14127
14127 13321
13321 14698
14698 13321
13321 14735
14735 13321
13321 14955
14955 13321
13321 15002
15002 13321
13335 13371
13371 13335
13337 14757
14757 13337
13348 12734
12734 13348
13348 15117
15117 13348
13354 4920
4920 13354
13371 14932
14932 13371
13383 4966
4966 13383
13383 6009
6009 13383
13383 9239
9239 13383
13383 13305
13305 13383
13387 7759
7759 13387
13446 13901
13901 13446
13472 642
642 13472
13472 13472
13472 13472
13472 14994
14994 13472
13484 14744
14744 13484
13492 14835
14835 13492
13504 4920
4920 13504
13504 13504
13504 13504
13504 15117
15117 13504
13504 18574
18574 13504
13518 13305
13305 13518
13518 13518
13518 13518
13518 15194
15194 13518
13533 13533
13533 13533
13544 13544
13544 13544
13554 12910
12910 13554
13580 13580
13580 13580
13580 14627
14627 13580
13580 14893
14893 13580
13631 9893
9893 13631
13631 13631
13631 13631
13631 20817
20817 13631
13639 7648
7648 13639
13655 13655
13655 13655
13655 14920
14920 13655
13673 1312
1312 13673
13673 13544
13544 13673
13673 13673
13673 13673
13679 496
496 13679
13684 13305
13305 13684
13684 15031
15031 13684
13715 14777
14777 13715
13741 16581
16581 13741
13747 11313
11313 13747
13747 13747
13747 13747
13750 2134
2134 13750
13750 13750
13750 13750
13754 9111
9111 13754
13754 13754
13754 13754
13754 14131
14131 13754
13786 3130
3130 13786
13786 3679
3679 13786
13786 7648
7648 13786
13786 8984
8984 13786
13786 9057
9057 13786
13786 10641
10641 13786
13786 13786
13786 13786
13786 14924
14924 13786
13786 20917
20917 13786
13786 24568
24568 13786
13800 8491
8491 13800
13817 11819
11819 13817
13830 13830
13830 13830
13869 5519
5519 13869
13874 285
285 13874
13874 3130
3130 13874
13874 7292
7292 13874
13874 24150
24150 13874
13889 496
496 13889
13889 1740
1740 13889
13896 11974
11974 13896
13896 13896
13896 13896
13896 14875
14875 13896
13915 9239
9239 13915
13925 6124
6124 13925
13951 13951
13951 13951
13954 596
596 13954
13969 993
993 13969
13969 1749
1749 13969
13969 2920
2920 13969
13969 4829
4829 13969
13969 6285
6285 13969
13969 6735
6735 13969
13969 8664
8664 13969
13969 9256
9256 13969
13969 9696
9696 13969
13969 11819
11819 13969
13969 12371
12371 13969
13969 12900
12900 13969
13969 13118
13118 13969
13969 13969
13969 13969
13969 14849
14849 13969
13969 14907
14907 13969
13969 14953
14953 13969
13969 14968
14968 13969
13969 15044
15044 13969
13969 16976
16976 13969
13970 3760
3760 13970
13995 15450
15450 13995
14003 386
386 14003
14008 14008
14008 14008
14008 18698
18698 14008
14010 12079
12079 14010
14033 4685
4685 14033
14069 11355
11355 14069
14069 14069
14069 14069
14070 14795
14795 14070
14079 3372
3372 14079
14079 13305
13305 14079
14079 14079
14079 14079
14084 15087
15087 14084
14106 14106
14106 14106
14113 14550
14550 14113
14114 9957
9957 14114
14195 12450
12450 14195
14213 13747
13747 14213
14219 13853
13853 14219
14224 7567
7567 14224
14226 642
642 14226
14226 993
993 14226
14226 6009
6009 14226
14226 6049
6049 14226
14226 8632
8632 14226
14226 9025
9025 14226
14226 12093
12093 14226
14226 12539
12539 14226
14226 13305
13305 14226
14226 14226
14226 14226
14226 14744
14744 14226
14226 14785
14785 14226
14226 14798
14798 14226
14226 14936
14936 14226
14226 14979
14979 14226
14226 15084
15084 14226
14226 15114
15114 14226
14226 15187
15187 14226
14226 15197
15197 14226
14226 16551
16551 14226
14226 16613
16613 14226
14226 22466
22466 14226
14243 4920
4920 14243
14243 14243
14243 14243
14255 44
44 14255
14255 9005
9005 14255
14255 9742
9742 14255
14255 13305
13305 14255
14255 14255
14255 14255
14266 5762
5762 14266
14269 9057
9057 14269
14269 9842
9842 14269
14269 10718
10718 14269
14269 14269
14269 14269
14271 2831
2831 14271
14271 3172
3172 14271
14271 12135
12135 14271
14271 14785
14785 14271
14271 16179
16179 14271
14271 22135
22135 14271
14279 14999
14999 14279
14293 1740
1740 14293
14293 3620
3620 14293
14293 14693
14693 14293
14293 15394
15394 14293
14293 17349
17349 14293
14295 4242
4242 14295
14295 13544
13544 14295
14305 14305
14305 14305
14322 1538
1538 14322
14332 14387
14387 14332
14340 14340
14340 14340
14355 13118
13118 14355
14362 2421
2421 14362
14372 496
496 14372
14377 19999
19999 14377
14387 1784
1784 14387
14387 9312
9312 14387
14387 12220
12220 14387
14387 15075
15075 14387
14387 22452
22452 14387
14387 24435
24435 14387
14399 4242
4242 14399
14399 14399
14399 14399
14406 6638
6638 14406
14406 6666
6666 14406
14406 9842
9842 14406
14406 12465
12465 14406
14406 14491
14491 14406
14406 15061
15061 14406
14406 21233
21233 14406
14406 24018
24018 14406
14429 12964
12964 14429
14463 14463
14463 14463
14463 14893
14893 14463
14467 3425
3425 14467
14491 8005
8005 14491
14491 10767
10767 14491
14491 14491
14491 14491
14500 1312
1312 14500
14500 9275
9275 14500
14500 11929
11929 14500
14500 13026
13026 14500
14500 14500
14500 14500
14500 15019
15019 14500
14500 24226
24226 14500
14521 6850
6850 14521
14535 14069
14069 14535
14541 14775
14775 14541
14550 386
386 14550
14550 8939
8939 14550
14550 9978
9978 14550
14550 14113
14113 14550
14550 14582
14582 14550
14550 15047
15047 14550
14550 22598
22598 14550
14574 13003
13003 14574
14582 9177
9177 14582
14582 11167
11167 14582
14583 1846
1846 14583
14583 4920
4920 14583
14595 1740
1740 14595
14595 13305
13305 14595
14595 13518
13518 14595
14595 14595
14595 14595
14595 14730
14730 14595
14595 14919
14919 14595
14595 15044
15044 14595
14595 15136
15136 14595
14595 15450
15450 14595
14598 5519
5519 14598
14598 9275
9275 14598
14598 14598
14598 14598
14598 14814
14814 14598
14598 14841
14841 14598
14598 14868
14868 14598
14598 14942
14942 14598
14598 22598
22598 14598
14599 626
626 14599
14599 12163
12163 14599
14599 12220
12220 14599
14599 14599
14599 14599
14603 14603
14603 14603
14621 9733
9733 14621
14621 14621
14621 14621
14621 15117
15117 14621
14627 13580
13580 14627
14627 14627
14627 14627
14648 14648
14648 14648
14648 23348
23348 14648
14649 14649
14649 14649
14651 14651
14651 14651
14667 7682
7682 14667
14670 1312
1312 14670
14670 9573
9573 14670
14670 12806
12806 14670
14674 1116
1116 14674
14677 14677
14677 14677
14693 8664
8664 14693
14693 14693
14693 14693
14698 14698
14698 14698
14698 15617
15617 14698
14699 1140
1140 14699
14699 14699
14699 14699
14713 8858
8858 14713
14713 9025
9025 14713
14717 14717
14717 14717
14728 10410
10410 14728
14730 7770
7770 14730
14730 8996
8996 14730
14730 11696
11696 14730
14730 14730
14730 14730
14734 2519
2519 14734
14735 3591
3591 14735
14737 19498
19498 14737
14744 1740
1740 14744
14744 6049
6049 14744
14744 13484
13484 14744
14744 14829
14829 14744
14744 14979
14979 14744
14747 14747
14747 14747
14749 8961
8961 14749
14749 14749
14749 14749
14751 2499
2499 14751
14756 14756
14756 14756
14757 44
44 14757
14757 14744
14744 14757
14757 14757
14757 14757
14758 4242
4242 14758
14758 15003
15003 14758
14758 17293
17293 14758
14760 14760
14760 14760
14761 460
460 14761
14761 935
935 14761
14761 13170
13170 14761
14761 14761
14761 14761
14764 8262
8262 14764
14764 14764
14764 14764
14765 6953
6953 14765
14765 14765
14765 14765
14769 255
255 14769
14773 9811
9811 14773
14777 14777
14777 14777
14779 14779
14779 14779
14780 4607
4607 14780
14780 14780
14780 14780
14780 15235
15235 14780
14781 1639
1639 14781
14781 14781
14781 14781
14781 16087
16087 14781
14782 14782
14782 14782
14785 496
496 14785
14785 1430
1430 14785
14785 2104
2104 14785
14785 3172
3172 14785
14785 4920
4920 14785
14785 5519
5519 14785
14785 5644
5644 14785
14785 6247
6247 14785
14785 7123
7123 14785
14785 9957
9957 14785
14785 10613
10613 14785
14785 11157
11157 14785
14785 11767
11767 14785
14785 12690
12690 14785
14785 12734
12734 14785
14785 14621
14621 14785
14785 14785
14785 14785
14785 15092
15092 14785
14787 213
213 14787
14787 1018
1018 14787
14787 1403
1403 14787
14787 1784
1784 14787
14787 2497
2497 14787
14787 2920
2920 14787
14787 3083
3083 14787
14787 4743
4743 14787
14787 4982
4982 14787
14787 5127
5127 14787
14787 7283
7283 14787
14787 7427
7427 14787
14787 8005
8005 14787
14787 11929
11929 14787
14787 11968
11968 14787
14787 12211
12211 14787
14787 12710
12710 14787
14787 12803
12803 14787
14787 13250
13250 14787
14787 14295
14295 14787
14787 14399
14399 14787
14787 14765
14765 14787
14787 14787
14787 14787
14787 14803
14803 14787
14787 14811
14811 14787
14787 14900
14900 14787
14787 14919
14919 14787
14787 14950
14950 14787
14787 14963
14963 14787
14787 14972
14972 14787
14787 15000
15000 14787
14787 15019
15019 14787
14787 15034
15034 14787
14787 15042
15042 14787
14787 15068
15068 14787
14787 15146
15146 14787
14787 15190
15190 14787
14787 15199
15199 14787
14787 16551
16551 14787
14787 18619
18619 14787
14787 22513
22513 14787
14788 17342
17342 14788
14789 7759
7759 14789
14789 14789
14789 14789
14790 14698
14698 14790
14790 14798
14798 14790
14791 642
642 14791
14791 14791
14791 14791
14791 19138
19138 14791
14791 23707
23707 14791
14792 22598
22598 14792
14793 642
642 14793
14793 2497
2497 14793
14793 14793
14793 14793
14794 9030
9030 14794
14796 5747
5747 14796
14797 14797
14797 14797
14798 9025
9025 14798
14798 14798
14798 14798
14801 14801
14801 14801
14802 14802
14802 14802
14803 14787
14787 14803
14803 14803
14803 14803
14804 14804
14804 14804
14806 1740
1740 14806
14806 4158
4158 14806
14806 10429
10429 14806
14807 12079
12079 14807
14807 13305
13305 14807
14808 7682
7682 14808
14809 14809
14809 14809
14811 14811
14811 14811
14812 2361
2361 14812
14812 14812
14812 14812
14812 20817
20817 14812
14814 14598
14598 14814
14815 18619
18619 14815
14817 23348
23348 14817
14818 14818
14818 14818
14820 4331
4331 14820
14822 6666
6666 14822
14822 14822
14822 14822
14822 18449
18449 14822
14823 8634
8634 14823
14824 14791
14791 14824
14825 14439
14439 14825
14826 4920
4920 14826
14826 11684
11684 14826
14828 11911
11911 14828
14828 12220
12220 14828
14828 20061
20061 14828
14831 14831
14831 14831
14834 14834
14834 14834
14834 22486
22486 14834
14835 14835
14835 14835
14836 15109
15109 14836
14837 8787
8787 14837
14838 14838
14838 14838
14841 14598
14598 14841
14844 9924
9924 14844
14848 13305
13305 14848
14849 14849
14849 14849
14851 11406
11406 14851
14855 10821
10821 14855
14859 5769
5769 14859
14867 14908
14908 14867
14868 14868
14868 14868
14868 22598
22598 14868
14871 11861
11861 14871
14871 14871
14871 14871
14872 14872
14872 14872
14873 14873
14873 14873
14875 14875
14875 14875
14877 14877
14877 14877
14880 18619
18619 14880
14881 255
255 14881
14881 3433
3433 14881
14881 5519
5519 14881
14881 6124
6124 14881
14881 6278
6278 14881
14881 14501
14501 14881
14881 14881
14881 14881
14881 15027
15027 14881
14883 14883
14883 14883
14883 15385
15385 14883
14885 12900
12900 14885
14890 14890
14890 14890
14891 7410
7410 14891
14891 14891
14891 14891
14893 5639
5639 14893
14893 13580
13580 14893
14893 14463
14463 14893
14893 14893
14893 14893
14893 15144
15144 14893
14894 13930
13930 14894
14897 13124
13124 14897
14898 14898
14898 14898
14899 6124
6124 14899
14906 14906
14906 14906
14908 14867
14867 14908
14908 24265
24265 14908
14911 14911
14911 14911
14913 1741
1741 14913
14913 13247
13247 14913
14913 14913
14913 14913
14917 642
642 14917
14917 14917
14917 14917
14919 525
525 14919
14919 5128
5128 14919
14919 13305
13305 14919
14919 14595
14595 14919
14919 14919
14919 14919
14920 7759
7759 14920
14920 8421
8421 14920
14920 10429
10429 14920
14920 10995
10995 14920
14920 12220
12220 14920
14920 12465
12465 14920
14920 12900
12900 14920
14920 13655
13655 14920
14920 14920
14920 14920
14920 15061
15061 14920
14920 15064
15064 14920
14920 15103
15103 14920
14920 16163
16163 14920
14920 17262
17262 14920
14920 17675
17675 14920
14920 22759
22759 14920
14924 1585
1585 14924
14924 4667
4667 14924
14924 5639
5639 14924
14924 12465
12465 14924
14924 14924
14924 14924
14924 14948
14948 14924
14924 17675
17675 14924
14924 24568
24568 14924
14925 644
644 14925
14929 9275
9275 14929
14930 8289
8289 14930
14930 14930
14930 14930
14932 13371
13371 14932
14932 14932
14932 14932
14934 14934
14934 14934
14936 14936
14936 14936
14940 701
701 14940
14940 4829
4829 14940
14941 10486
10486 14941
14942 14942
14942 14942
14942 22276
22276 14942
14944 9275
9275 14944
14946 12334
12334 14946
14948 14920
14920 14948
14948 14924
14924 14948
14948 14948
14948 14948
14948 24568
24568 14948
14950 14787
14787 14950
14951 8060
8060 14951
14952 14952
14952 14952
14953 14953
14953 14953
14954 14954
14954 14954
14955 7682
7682 14955
14956 14956
14956 14956
14957 5387
5387 14957
14958 701
701 14958
14962 3497
3497 14962
14963 14787
14787 14963
14963 14963
14963 14963
14965 14965
14965 14965
14968 6531
6531 14968
14968 14968
14968 14968
14969 11342
11342 14969
14970 4667
4667 14970
14971 14971
14971 14971
14972 14972
14972 14972
14975 215
215 14975
14975 10742
10742 14975
14975 14975
14975 14975
14977 9549
9549 14977
14980 23943
23943 14980
14981 9177
9177 14981
14984 8421
8421 14984
14990 1392
1392 14990
14991 7759
7759 14991
14991 14991
14991 14991
14992 11167
11167 14992
14992 14992
14992 14992
14993 14993
14993 14993
14994 6953
6953 14994
14994 14994
14994 14994
14996 21786
21786 14996
14998 1015
1015 14998
14999 14279
14279 14999
14999 14999
14999 14999
15002 13321
13321 15002
15003 14758
14758 15003
15004 13698
13698 15004
15006 8921
8921 15006
15006 11547
11547 15006
15006 15006
15006 15006
15008 6167
6167 15008
15008 15008
15008 15008
15011 1639
1639 15011
15011 1857
1857 15011
15011 3301
3301 15011
15011 4355
4355 15011
15011 5120
5120 15011
15011 5748
5748 15011
15011 7858
7858 15011
15011 9192
9192 15011
15011 9880
9880 15011
15011 13250
13250 15011
15011 14359
14359 15011
15011 15011
15011 15011
15011 22559
22559 15011
15011 24226
24226 15011
15012 4242
4242 15012
15012 15012
15012 15012
15014 1486
1486 15014
15014 2362
2362 15014
15014 4286
4286 15014
15014 5639
5639 15014
15014 6937
6937 15014
15014 8858
8858 15014
15014 10152
10152 15014
15014 11188
11188 15014
15015 4749
4749 15015
15018 1658
1658 15018
15019 24226
24226 15019
15020 833
833 15020
15020 2508
2508 15020
15020 6049
6049 15020
15020 7894
7894 15020
15020 9190
9190 15020
15020 15020
15020 15020
15020 15029
15029 15020
15020 17293
17293 15020
15024 15024
15024 15024
15024 21394
21394 15024
15026 8993
8993 15026
15027 14881
14881 15027
15027 15027
15027 15027
15027 21898
21898 15027
15028 4242
4242 15028
15028 15028
15028 15028
15029 15020
15020 15029
15030 6850
6850 15030
15030 22513
22513 15030
15032 15032
15032 15032
15035 2387
2387 15035
15035 8921
8921 15035
15035 15035
15035 15035
15037 5808
5808 15037
15039 15039
15039 15039
15041 15041
15041 15041
15042 15042
15042 15042
15044 15044
15044 15044
15046 15046
15046 15046
15047 15047
15047 15047
15047 24183
24183 15047
15048 8463
8463 15048
15049 15049
15049 15049
15053 15053
15053 15053
15054 15054
15054 15054
15057 24226
24226 15057
15058 15058
15058 15058
15058 24226
24226 15058
15060 15060
15060 15060
15062 1846
1846 15062
15062 15062
15062 15062
15064 15064
15064 15064
15066 15066
15066 15066
15067 15067
15067 15067
15070 15070
15070 15070
15071 8336
8336 15071
15071 12600
12600 15071
15071 15071
15071 15071
15071 15141
15141 15071
15075 11167
11167 15075
15075 15075
15075 15075
15075 15128
15128 15075
15075 15168
15168 15075
15076 320
320 15076
15076 5969
5969 15076
15080 3484
3484 15080
15083 15083
15083 15083
15083 24226
24226 15083
15087 15087
15087 15087
15089 21786
21786 15089
15090 320
320 15090
15094 14583
14583 15094
15094 15094
15094 15094
15094 15109
15109 15094
15095 15095
15095 15095
15096 15117
15117 15096
15100 15100
15100 15100
15101 2442
2442 15101
15103 14920
14920 15103
15103 15103
15103 15103
15104 4242
4242 15104
15106 2497
2497 15106
15109 1013
1013 15109
15110 15110
15110 15110
15114 15114
15114 15114
15115 5178
5178 15115
15115 15115
15115 15115
15115 17157
17157 15115
15115 22598
22598 15115
15116 15116
15116 15116
15117 215
215 15117
15117 2409
2409 15117
15117 8421
8421 15117
15117 11974
11974 15117
15117 12220
12220 15117
15117 12734
12734 15117
15117 13348
13348 15117
15117 13750
13750 15117
15117 14621
14621 15117
15117 14755
14755 15117
15117 14869
14869 15117
15117 14966
14966 15117
15117 15096
15096 15117
15117 15117
15117 15117
15117 22598
22598 15117
15117 23991
23991 15117
15117 24121
24121 15117
15121 1116
1116 15121
15122 24680
24680 15122
15125 12117
12117 15125
15127 15127
15127 15127
15128 15075
15075 15128
15128 15128
15128 15128
15129 15129
15129 15129
15131 287
287 15131
15131 15131
15131 15131
15132 642
642 15132
15138 15138
15138 15138
15140 15140
15140 15140
15140 16581
16581 15140
15143 14131
14131 15143
15144 9025
9025 15144
15144 14893
14893 15144
15144 15144
15144 15144
15148 1741
1741 15148
15148 15148
15148 15148
15154 3172
3172 15154
15158 15181
15181 15158
15161 255
255 15161
15161 642
642 15161
15161 12211
12211 15161
15161 13118
13118 15161
15161 14785
14785 15161
15162 9177
9177 15162
15164 14305
14305 15164
15165 6047
6047 15165
15167 11804
11804 15167
15168 15075
15075 15168
15169 8797
8797 15169
15170 16213
16213 15170
15171 21194
21194 15171
15172 8005
8005 15172
15175 11974
11974 15175
15180 15180
15180 15180
15181 15181
15181 15181
15183 929
929 15183
15185 8491
8491 15185
15187 15187
15187 15187
15188 194
194 15188
15199 15199
15199 15199
15251 2384
2384 15251
15263 15263
15263 15263
15282 14954
14954 15282
15319 15319
15319 15319
15332 12163
12163 15332
15394 12079
12079 15394
15394 14293
14293 15394
15394 15394
15394 15394
15406 3372
3372 15406
15406 9742
9742 15406
15447 14621
14621 15447
15450 1486
1486 15450
15450 7648
7648 15450
15450 12665
12665 15450
15450 15061
15061 15450
15450 15148
15148 15450
15450 17066
17066 15450
15617 14698
14698 15617
15698 17742
17742 15698
15814 935
935 15814
15814 4982
4982 15814
15814 11780
11780 15814
15814 12465
12465 15814
15814 12711
12711 15814
15814 12712
12712 15814
15814 14872
14872 15814
15814 24568
24568 15814
16018 16018
16018 16018
16186 726
726 16186
16186 1948
1948 16186
16186 6582
6582 16186
16186 7760
7760 16186
16186 8421
8421 16186
16186 11357
11357 16186
16186 14399
14399 16186
16186 14870
14870 16186
16186 14911
14911 16186
16186 14955
14955 16186
16186 15181
15181 16186
16186 16186
16186 16186
16186 17262
17262 16186
16213 16213
16213 16213
16323 9727
9727 16323
16336 9811
9811 16336
16336 14773
14773 16336
16336 14809
14809 16336
16336 14848
14848 16336
16336 16336
16336 16336
16336 16613
16613 16336
16345 1015
1015 16345
16345 19901
19901 16345
16388 12829
12829 16388
16388 16388
16388 16388
16548 7682
7682 16548
16551 16551
16551 16551
16578 4982
4982 16578
16581 2903
2903 16581
16581 5506
5506 16581
16581 8921
8921 16581
16581 14756
14756 16581
16581 15140
15140 16581
16581 16581
16581 16581
16581 17742
17742 16581
16581 17880
17880 16581
16609 13305
13305 16609
16613 4242
4242 16613
16613 12665
12665 16613
16613 13533
13533 16613
16613 16336
16336 16613
16613 16613
16613 16613
16742 16742
16742 16742
16775 1430
1430 16775
16775 9057
9057 16775
16775 16775
16775 16775
16775 18169
18169 16775
16880 22276
22276 16880
16892 10307
10307 16892
16892 12079
12079 16892
16892 16892
16892 16892
16895 12900
12900 16895
16976 1749
1749 16976
16976 16976
16976 16976
17058 4681
4681 17058
17058 9275
9275 17058
17058 17058
17058 17058
17062 5639
5639 17062
17066 18602
18602 17066
17085 17085
17085 17085
17157 320
320 17157
17157 9057
9057 17157
17157 9110
9110 17157
17157 14269
14269 17157
17157 15115
15115 17157
17157 17157
17157 17157
17262 17262
17262 17262
17293 11101
11101 17293
17293 13118
13118 17293
17293 14936
14936 17293
17293 15020
15020 17293
17293 17293
17293 17293
17293 21194
21194 17293
17293 22466
22466 17293
17298 642
642 17298
17299 3803
3803 17299
17299 9742
9742 17299
17299 10414
10414 17299
17299 14898
14898 17299
17338 24226
24226 17338
17342 17342
17342 17342
17349 13305
13305 17349
17349 17349
17349 17349
17576 15066
15066 17576
17576 16213
16213 17576
17675 491
491 17675
17675 6666
6666 17675
17675 8935
8935 17675
17675 9025
9025 17675
17675 14924
14924 17675
17675 17675
17675 17675
17695 4920
4920 17695
17695 18414
18414 17695
17706 20970
20970 17706
17729 18684
18684 17729
17732 596
596 17732
17742 642
642 17742
17742 3130
3130 17742
17742 3719
3719 17742
17742 8921
8921 17742
17742 12093
12093 17742
17742 14831
14831 17742
17742 17742
17742 17742
17742 19138
19138 17742
17742 22135
22135 17742
17809 17809
17809 17809
17830 642
642 17830
17830 3289
3289 17830
17830 3425
3425 17830
17830 4743
4743 17830
17830 7258
7258 17830
17830 8858
8858 17830
17830 11717
11717 17830
17830 14953
14953 17830
17830 15263
15263 17830
17830 17830
17830 17830
17830 18602
18602 17830
17830 21177
21177 17830
17830 22276
22276 17830
17830 24393
24393 17830
17840 20061
20061 17840
17892 17338
17338 17892
17892 17892
17892 17892
18034 8232
8232 18034
18034 19498
19498 18034
18056 13747
13747 18056
18169 701
701 18169
18169 6836
6836 18169
18169 9057
9057 18169
18169 13042
13042 18169
18169 13305
13305 18169
18169 14934
14934 18169
18169 14992
14992 18169
18169 15450
15450 18169
18169 16775
16775 18169
18169 17349
17349 18169
18169 18169
18169 18169
18169 22598
22598 18169
18385 6074
6074 18385
18385 12079
12079 18385
18385 18385
18385 18385
18401 2362
2362 18401
18401 6687
6687 18401
18401 8232
8232 18401
18401 9957
9957 18401
18401 11717
11717 18401
18401 14991
14991 18401
18401 24183
24183 18401
18414 22598
22598 18414
18438 255
255 18438
18438 14769
14769 18438
18438 15103
15103 18438
18449 3433
3433 18449
18574 630
630 18574
18574 3130
3130 18574
18574 3784
3784 18574
18574 4407
4407 18574
18574 4913
4913 18574
18574 4920
4920 18574
18574 8364
8364 18574
18574 10429
10429 18574
18574 11408
11408 18574
18574 12135
12135 18574
18574 14269
14269 18574
18574 14822
14822 18574
18574 14874
14874 18574
18574 14915
14915 18574
18574 15077
15077 18574
18574 15385
15385 18574
18574 18574
18574 18574
18574 24177
24177 18574
18574 24206
24206 18574
18602 1140
1140 18602
18602 1913
1913 18602
18602 2134
2134 18602
18602 2361
2361 18602
18602 3652
3652 18602
18602 3986
3986 18602
18602 4242
4242 18602
18602 5325
5325 18602
18602 9957
9957 18602
18602 11767
11767 18602
18602 11929
11929 18602
18602 12135
12135 18602
18602 12163
12163 18602
18602 13034
13034 18602
18602 13896
13896 18602
18602 15113
15113 18602
18602 17066
17066 18602
18602 18602
18602 18602
18602 20355
20355 18602
18602 22276
22276 18602
18619 701
701 18619
18619 1312
1312 18619
18619 5639
5639 18619
18619 6497
6497 18619
18619 7759
7759 18619
18619 14866
14866 18619
18619 14880
14880 18619
18619 14913
14913 18619
18619 14963
14963 18619
18619 18619
18619 18619
18619 19138
19138 18619
18619 21233
21233 18619
18689 5539
5539 18689
18689 14003
14003 18689
18689 14797
14797 18689
18689 14811
14811 18689
18698 13290
13290 18698
18917 8634
8634 18917
18940 18940
18940 18940
19087 401
401 19087
19087 4679
4679 19087
19138 496
496 19138
19138 3479
3479 19138
19138 7026
7026 19138
19138 12093
12093 19138
19138 14791
14791 19138
19138 14826
14826 19138
19138 18619
18619 19138
19138 19138
19138 19138
19149 8961
8961 19149
19149 13896
13896 19149
19149 13909
13909 19149
19149 14755
14755 19149
19149 14991
14991 19149
19149 15075
15075 19149
19156 2307
2307 19156
19328 13191
13191 19328
19355 4966
4966 19355
19379 11378
11378 19379
19440 19440
19440 19440
19454 993
993 19454
19454 18602
18602 19454
19454 19957
19957 19454
19498 14737
14737 19498
19498 19498
19498 19498
19554 7682
7682 19554
19554 12013
12013 19554
19554 12220
12220 19554
19622 4685
4685 19622
19644 517
517 19644
19644 21233
21233 19644
19685 1971
1971 19685
19685 14833
14833 19685
19693 1230
1230 19693
19730 9025
9025 19730
19730 12665
12665 19730
19730 14583
14583 19730
19730 14954
14954 19730
19730 15144
15144 19730
19803 18940
18940 19803
19871 701
701 19871
19871 1543
1543 19871
19871 5506
5506 19871
19890 11780
11780 19890
19890 19890
19890 19890
19901 215
215 19901
19901 1493
1493 19901
19901 4920
4920 19901
19901 6247
6247 19901
19901 6582
6582 19901
19901 7116
7116 19901
19901 7326
7326 19901
19901 9420
9420 19901
19901 12573
12573 19901
19901 13631
13631 19901
19901 14785
14785 19901
19901 14975
14975 19901
19901 19901
19901 19901
19915 701
701 19915
19915 1741
1741 19915
19915 12894
12894 19915
19915 12900
12900 19915
19915 21317
21317 19915
19915 21394
21394 19915
19999 19999
19999 19999
20061 14920
14920 20061
20061 20061
20061 20061
20242 9770
9770 20242
20242 14809
14809 20242
20242 20242
20242 20242
20259 3784
3784 20259
20259 20259
20259 20259
20285 7648
7648 20285
20285 15131
15131 20285
20285 18602
18602 20285
20285 20285
20285 20285
20387 12079
12079 20387
20387 13305
13305 20387
20517 14877
14877 20517
20638 1312
1312 20638
20638 1555
1555 20638
20638 20638
20638 20638
20676 1913
1913 20676
20676 18602
18602 20676
20676 19901
19901 20676
20676 21131
21131 20676
20817 630
630 20817
20817 1109
1109 20817
20817 3784
3784 20817
20817 4920
4920 20817
20817 7326
7326 20817
20817 8858
8858 20817
20817 9110
9110 20817
20817 13354
13354 20817
20817 13631
13631 20817
20817 14693
14693 20817
20817 14699
14699 20817
20817 14812
14812 20817
20817 14874
14874 20817
20817 15075
15075 20817
20817 18602
18602 20817
20817 20817
20817 20817
20817 22598
22598 20817
20869 6815
6815 20869
20883 1578
1578 20883
20883 2362
2362 20883
20883 9275
9275 20883
20889 3172
3172 20889
20889 13830
13830 20889
20889 14757
14757 20889
20897 13191
13191 20897
20904 14835
14835 20904
20917 12013
12013 20917
20917 13786
13786 20917
20917 20917
20917 20917
20970 20970
20970 20970
21020 15127
15127 21020
21131 1582
1582 21131
21131 21131
21131 21131
21194 21194
21194 21194
21213 7759
7759 21213
21213 14695
14695 21213
21213 23943
23943 21213
21233 8232
8232 21233
21233 9110
9110 21233
21233 21233
21233 21233
21240 1270
1270 21240
21240 5633
5633 21240
21240 14787
14787 21240
21240 14879
14879 21240
21240 21240
21240 21240
21336 215
215 21336
21336 8995
8995 21336
21336 12079
12079 21336
21394 15024
15024 21394
21394 21394
21394 21394
21402 7326
7326 21402
21542 21542
21542 21542
21584 9239
9239 21584
21584 11419
11419 21584
21584 12537
12537 21584
21584 21584
21584 21584
21636 1846
1846 21636
21786 1312
1312 21786
21786 11717
11717 21786
21786 11785
11785 21786
21786 12900
12900 21786
21786 14996
14996 21786
21786 18602
18602 21786
21786 21786
21786 21786
21800 6049
6049 21800
21800 13305
13305 21800
21800 14226
14226 21800
21858 12587
12587 21858
21876 6961
6961 21876
21884 6167
6167 21884
21884 12802
12802 21884
21898 15027
15027 21898
21898 21898
21898 21898
21899 21899
21899 21899
21913 10156
10156 21913
21954 34
34 21954
21954 7082
7082 21954
21954 11881
11881 21954
21954 11890
11890 21954
21954 12465
12465 21954
21954 14981
14981 21954
21985 1609
1609 21985
22134 13118
13118 22134
22160 993
993 22160
22160 14106
14106 22160
22217 4920
4920 22217
22217 12182
12182 22217
22217 17349
17349 22217
22217 22217
22217 22217
22221 9679
9679 22221
22276 1312
1312 22276
22276 5644
5644 22276
22276 8232
8232 22276
22276 9275
9275 22276
22276 11157
11157 22276
22276 12135
12135 22276
22276 13250
13250 22276
22276 14942
14942 22276
22276 18602
18602 22276
22276 19138
19138 22276
22276 21233
21233 22276
22276 22276
22276 22276
22283 4735
4735 22283
22283 6182
6182 22283
22283 6961
6961 22283
22283 11819
11819 22283
22283 12343
12343 22283
22283 13305
13305 22283
22283 14907
14907 22283
22283 22283
22283 22283
22341 524
524 22341
22452 1784
1784 22452
22513 4794
4794 22513
22513 12054
12054 22513
22513 12710
12710 22513
22513 14787
14787 22513
22513 14871
14871 22513
22513 14942
14942 22513
22513 15030
15030 22513
22592 6851
6851 22592
22592 24252
24252 22592
22598 408
408 22598
22598 3172
3172 22598
22598 4920
4920 22598
22598 5178
5178 22598
22598 6247
6247 22598
22598 6961
6961 22598
22598 7326
7326 22598
22598 12573
12573 22598
22598 13250
13250 22598
22598 13631
13631 22598
22598 13830
13830 22598
22598 14621
14621 22598
22598 14744
14744 22598
22598 14868
14868 22598
22598 15115
15115 22598
22598 18414
18414 22598
22598 22598
22598 22598
22601 14818
14818 22601
22708 21584
21584 22708
22759 3559
3559 22759
22759 19698
19698 22759
22880 2467
2467 22880
22880 12621
12621 22880
22906 16179
16179 22906
22906 22906
22906 22906
23235 2104
2104 23235
23235 7648
7648 23235
23235 8820
8820 23235
23235 8858
8858 23235
23235 12163
12163 23235
23235 12619
12619 23235
23235 15661
15661 23235
23235 23235
23235 23235
23272 19172
19172 23272
23348 560
560 23348
23348 4089
4089 23348
23348 4355
4355 23348
23348 5677
5677 23348
23348 8321
8321 23348
23348 9110
9110 23348
23348 9957
9957 23348
23348 12220
12220 23348
23348 12668
12668 23348
23348 14648
14648 23348
23348 14737
14737 23348
23348 14969
14969 23348
23348 15001
15001 23348
23348 15103
15103 23348
23348 23348
23348 23348
23473 2736
2736 23473
23535 726
726 23535
23535 12572
12572 23535
23535 24379
24379 23535
23707 7759
7759 23707
23707 13754
13754 23707
23707 14781
14781 23707
23707 14791
14791 23707
23707 16742
16742 23707
23707 17349
17349 23707
23707 23707
23707 23707
23846 13321
13321 23846
23933 23933
23933 23933
23946 14809
14809 23946
23991 9177
9177 23991
24121 15117
15117 24121
24133 642
642 24133
24133 10410
10410 24133
24133 20970
20970 24133
24150 194
194 24150
24150 13874
13874 24150
24150 24150
24150 24150
24152 2777
2777 24152
24183 2961
2961 24183
24183 12665
12665 24183
24183 15047
15047 24183
24183 24183
24183 24183
24206 24177
24177 24206
24206 24206
24206 24206
24224 14942
14942 24224
24226 626
626 24226
24226 642
642 24226
24226 1317
1317 24226
24226 6582
6582 24226
24226 7514
7514 24226
24226 8921
8921 24226
24226 11157
11157 24226
24226 14599
14599 24226
24226 14981
14981 24226
24226 15019
15019 24226
24226 15058
15058 24226
24226 15070
15070 24226
24226 15083
15083 24226
24226 24226
24226 24226
24250 993
993 24250
24250 14881
14881 24250
24250 15035
15035 24250
24250 21584
21584 24250
24252 804
804 24252
24252 3657
3657 24252
24252 5506
5506 24252
24252 6666
6666 24252
24252 6851
6851 24252
24252 7759
7759 24252
24252 9110
9110 24252
24252 9957
9957 24252
24252 11167
11167 24252
24252 11408
11408 24252
24252 12220
12220 24252
24252 13305
13305 24252
24252 14406
14406 24252
24252 14785
14785 24252
24252 14831
14831 24252
24252 15075
15075 24252
24252 15128
15128 24252
24252 24252
24252 24252
24265 6896
6896 24265
24265 14908
14908 24265
24265 24265
24265 24265
24342 13741
13741 24342
24381 24381
24381 24381
24393 255
255 24393
24393 386
386 24393
24393 701
701 24393
24393 1100
1100 24393
24393 1547
1547 24393
24393 1639
1639 24393
24393 3143
3143 24393
24393 3433
3433 24393
24393 6851
6851 24393
24393 6995
6995 24393
24393 7759
7759 24393
24393 12135
12135 24393
24393 12392
12392 24393
24393 12829
12829 24393
24393 13042
13042 24393
24393 14503
14503 24393
24393 14756
14756 24393
24393 14877
14877 24393
24393 14891
14891 24393
24393 24252
24252 24393
24393 24393
24393 24393
24397 24397
24397 24397
24404 18602
18602 24404
24435 24435
24435 24435
24448 15027
15027 24448
24460 44
44 24460
24460 24460
24460 24460
24492 8996
8996 24492
24492 10862
10862 24492
24518 5946
5946 24518
24518 11929
11929 24518
24518 14994
14994 24518
24568 1913
1913 24568
24568 7760
7760 24568
24568 8874
8874 24568
24568 14948
14948 24568
24568 15011
15011 24568
24568 24568
24568 24568
24588 255
255 24588
24588 7123
7123 24588
24588 7878
7878 24588
24588 8546
8546 24588
24588 13118
13118 24588
24588 13377
13377 24588
24588 14799
14799 24588
24588 15092
15092 24588
24588 24588
24588 24588
24591 12537
12537 24591
24591 14994
14994 24591
24634 14378
14378 24634
24657 24657
24657 24657
24707 12292
12292 24707
24710 12079
12079 24710
24710 14130
14130 24710
24710 14991
14991 24710
