0 6836
6836 0
21 3153
3153 21
21 4867
4867 21
21 8031
8031 21
21 8313
8313 21
31 31
31 31
44 44
44 44
44 714
714 44
44 1976
1976 44
44 3372
3372 44
44 4521
4521 44
44 4621
4621 44
44 6806
6806 44
44 7921
7921 44
44 8101
8101 44
44 8111
8111 44
44 8404
8404 44
44 11503
11503 44
44 11657
11657 44
44 11669
11669 44
44 16856
16856 44
44 19301
19301 44
44 19866
19866 44
44 21240
21240 44
44 21927
21927 44
54 18602
18602 54
97 7921
7921 97
115 115
115 115
115 1976
1976 115
115 2194
2194 115
115 4482
4482 115
115 6027
6027 115
115 7209
7209 115
115 8089
8089 115
115 11861
11861 115
115 18291
18291 115
117 117
117 117
117 2788
2788 117
117 10253
10253 117
119 11313
11313 119
124 124
124 124
125 125
125 125
125 3610
3610 125
125 8155
8155 125
155 155
155 155
155 21702
21702 155
156 156
156 156
156 255
255 156
156 1520
1520 156
156 2387
2387 156
156 3620
3620 156
156 7698
7698 156
156 22283
22283 156
194 194
194 194
194 8385
8385 194
215 9025
9025 215
231 231
231 231
231 7608
7608 231
252 252
252 252
252 642
642 252
252 804
804 252
252 935
935 252
252 3153
3153 252
252 6008
6008 252
252 8311
8311 252
252 8345
8345 252
252 8372
8372 252
252 15814
15814 252
252 18401
18401 252
255 156
156 255
255 255
255 255
255 287
287 255
255 1314
1314 255
255 1551
1551 255
255 1632
1632 255
255 1672
1672 255
255 1951
1951 255
255 2387
2387 255
255 2413
2413 255
255 3172
3172 255
255 3620
3620 255
255 4092
4092 255
255 6047
6047 255
255 6959
6959 255
255 6961
6961 255
255 7176
7176 255
255 7211
7211 255
255 7478
7478 255
255 7813
7813 255
255 7878
7878 255
255 8136
8136 255
255 8396
8396 255
255 9025
9025 255
255 9551
9551 255
255 10253
10253 255
255 11715
11715 255
255 12236
12236 255
255 12860
12860 255
255 13238
13238 255
255 16976
16976 255
255 17880
17880 255
255 18401
18401 255
255 18764
18764 255
255 19554
19554 255
255 19901
19901 255
255 19938
19938 255
255 21457
21457 255
255 21699
21699 255
255 21919
21919 255
255 24579
24579 255
260 8325
8325 260
260 18619
18619 260
275 21913
21913 275
285 17801
17801 285
285 23171
23171 285
287 287
287 287
287 2549
2549 287
287 2661
2661 287
287 4556
4556 287
287 5411
5411 287
287 5600
5600 287
287 5660
5660 287
287 6049
6049 287
287 6098
6098 287
287 6694
6694 287
287 7410
7410 287
287 7478
7478 287
287 8269
8269 287
287 19946
19946 287
320 320
320 320
320 3439
3439 320
320 8062
8062 320
320 8140
8140 320
320 8234
8234 320
320 8921
8921 320
348 348
348 348
348 4683
4683 348
348 6887
6887 348
348 8061
8061 348
348 9842
9842 348
349 349
349 349
349 496
496 349
349 10408
10408 349
349 13518
13518 349
349 21079
21079 349
349 21240
21240 349
386 12900
12900 386
394 13191
13191 394
395 644
644 395
395 3591
3591 395
427 427
427 427
427 2549
2549 427
434 3950
3950 434
434 20355
20355 434
438 6959
6959 438
465 465
465 465
465 8168
8168 465
465 24555
24555 465
491 2239
2239 491
491 21913
21913 491
496 2423
2423 496
496 5969
5969 496
496 8066
8066 496
503 503
503 503
503 2134
2134 503
503 7759
7759 503
503 8056
8056 503
503 10566
10566 503
540 252
252 540
540 3574
3574 540
540 24710
24710 540
545 6694
6694 545
557 9025
9025 557
560 560
560 560
560 6836
6836 560
560 7315
7315 560
560 8398
8398 560
572 572
572 572
572 4482
4482 572
572 5946
5946 572
572 6589
6589 572
572 8347
8347 572
572 12473
12473 572
572 24492
24492 572
579 8277
8277 579
596 642
642 596
596 4567
4567 596
596 5120
5120 596
596 5971
5971 596
596 8066
8066 596
596 8275
8275 596
596 8377
8377 596
596 8381
8381 596
596 23707
23707 596
601 21
21 601
601 601
601 601
601 642
642 601
601 7759
7759 601
601 8229
8229 601
601 11700
11700 601
601 14171
14171 601
601 14387
14387 601
601 24373
24373 601
610 8078
8078 610
610 17830
17830 610
610 18574
18574 610
610 20817
20817 610
623 623
623 623
623 2387
2387 623
623 2467
2467 623
623 4242
4242 623
623 7176
7176 623
623 8134
8134 623
623 8244
8244 623
623 8336
8336 623
623 8370
8370 623
623 19951
19951 623
640 640
640 640
640 3227
3227 640
640 8031
8031 640
642 277
277 642
642 597
597 642
642 601
601 642
642 642
642 642
642 701
701 642
642 830
830 642
642 1238
1238 642
642 1846
1846 642
642 2361
2361 642
642 2788
2788 642
642 3541
3541 642
642 3657
3657 642
642 3738
3738 642
642 3777
3777 642
642 4343
4343 642
642 4556
4556 642
642 4785
4785 642
642 5506
5506 642
642 5956
5956 642
642 5971
5971 642
642 5980
5980 642
642 6047
6047 642
642 6124
6124 642
642 6836
6836 642
642 6961
6961 642
642 7635
7635 642
642 7680
7680 642
642 7872
7872 642
642 7878
7878 642
642 7936
7936 642
642 8017
8017 642
642 8046
8046 642
642 8061
8061 642
642 8088
8088 642
642 8153
8153 642
642 8155
8155 642
642 8157
8157 642
642 8159
8159 642
642 8163
8163 642
642 8177
8177 642
642 8180
8180 642
642 8217
8217 642
642 8356
8356 642
642 8361
8361 642
642 8377
8377 642
642 10566
10566 642
642 11700
11700 642
642 12949
12949 642
642 14976
14976 642
642 16880
16880 642
642 17053
17053 642
642 18602
18602 642
642 18698
18698 642
642 19534
19534 642
642 20318
20318 642
642 21607
21607 642
642 22276
22276 642
642 24150
24150 642
642 24250
24250 642
644 644
644 644
644 4920
4920 644
644 5178
5178 644
644 8151
8151 644
671 671
671 671
673 7442
7442 673
701 701
701 701
701 726
726 701
701 1018
1018 701
701 3551
3551 701
701 3921
3921 701
701 4343
4343 701
701 4361
4361 701
701 6124
6124 701
701 7186
7186 701
701 7351
7351 701
701 7424
7424 701
701 8176
8176 701
701 8216
8216 701
701 8258
8258 701
701 8264
8264 701
701 8265
8265 701
701 10566
10566 701
701 18698
18698 701
714 44
44 714
714 714
714 714
714 7709
7709 714
714 8232
8232 714
714 9020
9020 714
714 14595
14595 714
714 15433
15433 714
714 16608
16608 714
726 726
726 726
726 5120
5120 726
726 7424
7424 726
726 8313
8313 726
726 24157
24157 726
728 5311
5311 728
737 6836
6836 737
737 7990
7990 737
737 24409
24409 737
753 753
753 753
763 17880
17880 763
766 766
766 766
797 2384
2384 797
800 833
833 800
814 814
814 814
814 6095
6095 814
830 124
124 830
830 830
830 830
830 3736
3736 830
830 6811
6811 830
830 8117
8117 830
830 9516
9516 830
830 18401
18401 830
830 19730
19730 830
830 23348
23348 830
830 23933
23933 830
830 24640
24640 830
833 800
800 833
833 833
833 833
833 5152
5152 833
833 8266
8266 833
833 11840
11840 833
833 12473
12473 833
866 601
601 866
876 876
876 876
876 4667
4667 876
876 6098
6098 876
876 8031
8031 876
876 8996
8996 876
876 13184
13184 876
876 17097
17097 876
876 21926
21926 876
896 6887
6887 896
906 8262
8262 906
906 24157
24157 906
929 503
503 929
929 929
929 929
929 1822
1822 929
929 6098
6098 929
929 6167
6167 929
929 8230
8230 929
929 8303
8303 929
929 8321
8321 929
929 17349
17349 929
929 19138
19138 929
929 24018
24018 929
934 934
934 934
934 10811
10811 934
935 935
935 935
935 7872
7872 935
935 18401
18401 935
966 966
966 966
976 8106
8106 976
979 1221
1221 979
979 5265
5265 979
984 8327
8327 984
1001 1001
1001 1001
1001 3049
3049 1001
1001 3055
3055 1001
1001 5311
5311 1001
1001 7338
7338 1001
1001 16186
16186 1001
1013 1013
1013 1013
1013 2053
2053 1013
1013 3674
3674 1013
1013 6047
6047 1013
1013 6874
6874 1013
1013 7695
7695 1013
1013 8046
8046 1013
1013 8100
8100 1013
1013 8224
8224 1013
1013 11955
11955 1013
1013 12429
12429 1013
1018 701
701 1018
1018 1018
1018 1018
1018 8232
8232 1018
1018 17321
17321 1018
1018 19946
19946 1018
1038 7759
7759 1038
1063 1063
1063 1063
1086 1543
1543 1086
1105 1105
1105 1105
1105 1141
1141 1105
1105 5023
5023 1105
1105 6098
6098 1105
1105 6694
6694 1105
1105 7921
7921 1105
1105 8054
8054 1105
1105 8078
8078 1105
1105 8079
8079 1105
1105 8116
8116 1105
1105 8232
8232 1105
1105 8368
8368 1105
1105 8370
8370 1105
1105 12900
12900 1105
1109 1109
1109 1109
1109 8364
8364 1109
1110 1110
1110 1110
1110 1543
1543 1110
1110 2654
2654 1110
1110 3610
3610 1110
1110 7921
7921 1110
1110 8062
8062 1110
1110 8093
8093 1110
1110 13518
13518 1110
1110 14387
14387 1110
1116 1578
1578 1116
1116 7504
7504 1116
1116 7979
7979 1116
1116 8005
8005 1116
1116 8296
8296 1116
1116 8313
8313 1116
1116 20318
20318 1116
1137 119
119 1137
1137 642
642 1137
1137 753
753 1137
1137 833
833 1137
1137 1137
1137 1137
1137 2491
2491 1137
1137 2549
2549 1137
1137 5147
5147 1137
1137 5152
5152 1137
1137 6485
6485 1137
1137 7424
7424 1137
1137 7478
7478 1137
1137 7872
7872 1137
1137 8087
8087 1137
1137 8089
8089 1137
1137 9057
9057 1137
1137 9516
9516 1137
1137 12415
12415 1137
1137 12473
12473 1137
1137 13184
13184 1137
1137 13191
13191 1137
1137 13383
13383 1137
1137 13694
13694 1137
1137 17013
17013 1137
1140 510
510 1140
1141 1105
1105 1141
1141 1141
1141 1141
1141 5147
5147 1141
1141 5489
5489 1141
1141 7681
7681 1141
1141 9022
9022 1141
1141 15447
15447 1141
1190 8258
8258 1190
1190 8351
8351 1190
1190 9177
9177 1190
1215 1215
1215 1215
1215 1244
1244 1215
1221 814
814 1221
1221 979
979 1221
1221 1221
1221 1221
1221 4482
4482 1221
1221 5265
5265 1221
1221 7680
7680 1221
1221 8116
8116 1221
1221 8168
8168 1221
1221 8253
8253 1221
1221 8285
8285 1221
1238 1238
1238 1238
1244 1215
1215 1244
1244 1244
1244 1244
1244 4092
4092 1244
1244 4255
4255 1244
1244 8078
8078 1244
1244 8349
8349 1244
1244 9177
9177 1244
1244 11779
11779 1244
1260 8326
8326 1260
1264 1264
1264 1264
1281 675
675 1281
1286 8390
8390 1286
1312 124
124 1312
1312 623
623 1312
1312 714
714 1312
1312 1312
1312 1312
1312 2467
2467 1312
1312 3874
3874 1312
1312 6124
6124 1312
1312 6249
6249 1312
1312 7616
7616 1312
1312 8134
8134 1312
1312 8244
8244 1312
1312 8260
8260 1312
1312 15935
15935 1312
1312 17321
17321 1312
1312 19087
19087 1312
1313 1313
1313 1313
1313 7186
7186 1313
1318 1318
1318 1318
1346 22513
22513 1346
1383 11819
11819 1383
1384 7779
7779 1384
1403 15688
15688 1403
1407 1407
1407 1407
1407 6589
6589 1407
1407 9511
9511 1407
1407 20355
20355 1407
1407 24520
24520 1407
1430 1430
1430 1430
1430 3098
3098 1430
1430 3221
3221 1430
1430 7393
7393 1430
1430 7809
7809 1430
1430 8154
8154 1430
1430 16880
16880 1430
1430 19138
19138 1430
1449 13027
13027 1449
1503 1503
1503 1503
1503 8232
8232 1503
1503 14221
14221 1503
1520 2920
2920 1520
1520 4343
4343 1520
1538 8123
8123 1538
1538 8178
8178 1538
1543 1086
1086 1543
1543 1543
1543 1543
1543 2592
2592 1543
1547 3765
3765 1547
1578 1578
1578 1578
1578 9177
9177 1578
1578 18401
18401 1578
1578 20318
20318 1578
1581 21899
21899 1581
1582 6278
6278 1582
1582 8224
8224 1582
1610 7680
7680 1610
1610 13786
13786 1610
1613 18056
18056 1613
1632 1632
1632 1632
1632 8059
8059 1632
1633 8285
8285 1633
1653 256
256 1653
1653 1653
1653 1653
1653 8123
8123 1653
1658 1264
1264 1658
1658 1658
1658 1658
1658 4361
4361 1658
1658 7391
7391 1658
1658 8149
8149 1658
1658 18955
18955 1658
1667 5409
5409 1667
1667 15450
15450 1667
1672 255
255 1672
1692 1063
1063 1692
1692 1221
1221 1692
1692 1692
1692 1692
1692 2911
2911 1692
1692 3657
3657 1692
1692 5023
5023 1692
1692 5892
5892 1692
1692 7990
7990 1692
1692 8142
8142 1692
1692 12231
12231 1692
1692 24445
24445 1692
1716 11522
11522 1716
1716 24734
24734 1716
1728 1728
1728 1728
1740 44
44 1740
1740 1740
1740 1740
1740 6049
6049 1740
1740 6557
6557 1740
1740 6917
6917 1740
1740 24313
24313 1740
1741 6694
6694 1741
1741 8096
8096 1741
1749 4459
4459 1749
1780 642
642 1780
1780 1846
1846 1780
1780 16998
16998 1780
1816 18602
18602 1816
1822 19138
19138 1822
1846 194
194 1846
1846 255
255 1846
1846 642
642 1846
1846 1001
1001 1846
1846 1846
1846 1846
1846 2264
2264 1846
1846 2361
2361 1846
1846 2487
2487 1846
1846 3049
3049 1846
1846 4450
4450 1846
1846 5702
5702 1846
1846 6817
6817 1846
1846 7176
7176 1846
1846 7209
7209 1846
1846 7392
7392 1846
1846 7529
7529 1846
1846 7698
7698 1846
1846 8157
8157 1846
1846 8168
8168 1846
1846 8315
8315 1846
1846 14267
14267 1846
1846 16892
16892 1846
1846 20355
20355 1846
1846 24150
24150 1846
1861 8996
8996 1861
1861 17349
17349 1861
1887 5506
5506 1887
1899 1899
1899 1899
1899 8294
8294 1899
1899 17880
17880 1899
1901 12473
12473 1901
1901 14267
14267 1901
1934 17801
17801 1934
1949 4331
4331 1949
1951 255
255 1951
1951 1951
1951 1951
1951 5120
5120 1951
1951 5980
5980 1951
1951 6836
6836 1951
1951 6954
6954 1951
1951 7664
7664 1951
1951 8076
8076 1951
1951 8095
8095 1951
1951 8220
8220 1951
1951 8278
8278 1951
1951 8312
8312 1951
1951 8340
8340 1951
1951 8351
8351 1951
1951 18698
18698 1951
1951 19439
19439 1951
1951 22276
22276 1951
1951 23348
23348 1951
1952 8224
8224 1952
1976 44
44 1976
1976 115
115 1976
1976 1976
1976 1976
1976 16856
16856 1976
2012 6638
6638 2012
2014 8141
8141 2014
2014 24445
24445 2014
2048 2048
2048 2048
2048 3101
3101 2048
2048 5506
5506 2048
2048 8152
8152 2048
2048 13297
13297 2048
2048 14267
14267 2048
2134 503
503 2134
2134 2134
2134 2134
2134 3009
3009 2134
2134 8124
8124 2134
2134 14882
14882 2134
2145 5887
5887 2145
2158 2158
2158 2158
2158 3172
3172 2158
2194 255
255 2194
2194 623
623 2194
2194 1976
1976 2194
2194 2194
2194 2194
2194 2497
2497 2194
2194 3449
3449 2194
2194 6202
6202 2194
2194 7424
7424 2194
2194 7673
7673 2194
2194 8054
8054 2194
2194 8065
8065 2194
2194 8365
8365 2194
2194 9057
9057 2194
2194 10253
10253 2194
2194 11488
11488 2194
2194 15116
15116 2194
2194 16601
16601 2194
2194 16856
16856 2194
2197 1503
1503 2197
2197 2197
2197 2197
2197 2920
2920 2197
2197 5519
5519 2197
2197 7698
7698 2197
2197 7878
7878 2197
2197 12949
12949 2197
2197 13694
13694 2197
2197 20355
20355 2197
2197 20889
20889 2197
2207 124
124 2207
2207 8303
8303 2207
2215 8073
8073 2215
2239 2239
2239 2239
2239 2549
2549 2239
2239 4638
4638 2239
2239 6278
6278 2239
2239 9057
9057 2239
2239 23744
23744 2239
2242 16601
16601 2242
2307 8031
8031 2307
2307 8401
8401 2307
2324 2324
2324 2324
2361 1063
1063 2361
2361 1728
1728 2361
2361 1846
1846 2361
2361 2361
2361 2361
2361 4785
4785 2361
2361 5023
5023 2361
2361 5506
5506 2361
2361 8096
8096 2361
2361 8292
8292 2361
2361 10121
10121 2361
2361 11408
11408 2361
2361 14267
14267 2361
2361 18602
18602 2361
2361 21607
21607 2361
2361 24150
24150 2361
2384 797
797 2384
2384 833
833 2384
2384 2384
2384 2384
2384 8116
8116 2384
2384 8211
8211 2384
2384 8254
8254 2384
2384 8444
8444 2384
2384 13191
13191 2384
2384 22341
22341 2384
2387 255
255 2387
2387 623
623 2387
2387 1913
1913 2387
2387 2387
2387 2387
2387 8126
8126 2387
2387 12012
12012 2387
2387 13059
13059 2387
2387 13969
13969 2387
2387 24033
24033 2387
2387 24226
24226 2387
2392 2387
2387 2392
2411 2411
2411 2411
2411 17041
17041 2411
2411 24445
24445 2411
2413 255
255 2413
2413 814
814 2413
2413 8368
8368 2413
2413 14224
14224 2413
2413 20889
20889 2413
2413 20970
20970 2413
2416 8232
8232 2416
2467 2467
2467 2467
2467 8134
8134 2467
2487 572
572 2487
2487 763
763 2487
2487 2487
2487 2487
2487 7392
7392 2487
2487 7878
7878 2487
2487 8007
8007 2487
2487 8232
8232 2487
2491 2491
2491 2491
2491 2997
2997 2491
2497 117
117 2497
2497 642
642 2497
2497 6027
6027 2497
2497 7362
7362 2497
2497 7878
7878 2497
2497 8116
8116 2497
2497 11899
11899 2497
2497 15450
15450 2497
2508 7921
7921 2508
2549 427
427 2549
2549 2239
2239 2549
2549 2549
2549 2549
2549 8050
8050 2549
2549 9057
9057 2549
2549 23744
23744 2549
2581 7868
7868 2581
2583 1312
1312 2583
2583 6589
6589 2583
2583 15450
15450 2583
2592 701
701 2592
2592 763
763 2592
2592 1018
1018 2592
2592 1543
1543 2592
2592 1951
1951 2592
2592 2592
2592 2592
2592 6836
6836 2592
2592 7616
7616 2592
2592 7936
7936 2592
2592 8066
8066 2592
2592 8072
8072 2592
2592 8076
8076 2592
2592 8216
8216 2592
2592 12135
12135 2592
2592 13181
13181 2592
2592 15935
15935 2592
2592 18940
18940 2592
2592 19946
19946 2592
2592 22276
22276 2592
2622 2622
2622 2622
2622 8031
8031 2622
2622 12473
12473 2622
2622 20355
20355 2622
2628 4920
4920 2628
2628 19901
19901 2628
2629 630
630 2629
2629 5411
5411 2629
2629 5956
5956 2629
2629 6124
6124 2629
2629 7872
7872 2629
2629 8390
8390 2629
2629 12135
12135 2629
2633 6124
6124 2633
2633 8336
8336 2633
2654 1110
1110 2654
2654 2654
2654 2654
2654 3610
3610 2654
2654 4331
4331 2654
2654 11725
11725 2654
2655 929
929 2655
2655 8321
8321 2655
2661 287
287 2661
2701 9842
9842 2701
2811 8107
8107 2811
2811 8993
8993 2811
2831 2194
2194 2831
2831 2831
2831 2831
2831 8177
8177 2831
2831 21786
21786 2831
2837 2324
2324 2837
2837 6589
6589 2837
2837 6836
6836 2837
2837 7664
7664 2837
2837 8179
8179 2837
2837 10090
10090 2837
2840 1865
1865 2840
2872 6047
6047 2872
2880 8208
8208 2880
2911 2911
2911 2911
2913 8168
8168 2913
2934 6991
6991 2934
2939 2939
2939 2939
2939 8218
8218 2939
2939 8345
8345 2939
2939 24452
24452 2939
2947 11929
11929 2947
2997 2997
2997 2997
2997 6850
6850 2997
2997 7531
7531 2997
2997 8090
8090 2997
2997 8229
8229 2997
2997 8377
8377 2997
2997 9025
9025 2997
3018 13059
13059 3018
3049 642
642 3049
3049 1001
1001 3049
3049 1063
1063 3049
3049 1728
1728 3049
3049 1846
1846 3049
3049 3049
3049 3049
3049 7338
7338 3049
3049 7424
7424 3049
3049 8116
8116 3049
3049 12949
12949 3049
3049 20889
20889 3049
3049 24150
24150 3049
3055 3055
3055 3055
3055 4242
4242 3055
3055 7338
7338 3055
3055 7529
7529 3055
3055 8096
8096 3055
3078 22807
22807 3078
3098 1430
1430 3098
3101 13969
13969 3101
3113 1013
1013 3113
3113 3113
3113 3113
3113 3921
3921 3113
3113 8140
8140 3113
3113 8178
8178 3113
3113 8224
8224 3113
3113 8234
8234 3113
3113 12135
12135 3113
3130 2134
2134 3130
3130 2831
2831 3130
3130 3130
3130 3130
3143 7878
7878 3143
3143 8031
8031 3143
3153 3153
3153 3153
3162 3162
3162 3162
3162 6589
6589 3162
3162 8080
8080 3162
3168 4785
4785 3168
3172 255
255 3172
3172 2158
2158 3172
3172 3143
3143 3172
3172 3172
3172 3172
3172 3452
3452 3172
3172 4343
4343 3172
3172 5946
5946 3172
3172 6836
6836 3172
3172 7393
7393 3172
3172 7936
7936 3172
3172 8261
8261 3172
3172 8263
8263 3172
3172 14267
14267 3172
3172 16976
16976 3172
3172 17880
17880 3172
3172 19901
19901 3172
3172 22341
22341 3172
3172 24206
24206 3172
3203 8031
8031 3203
3212 3212
3212 3212
3212 7152
7152 3212
3221 3221
3221 3221
3225 18602
18602 3225
3227 640
640 3227
3227 3227
3227 3227
3227 7648
7648 3227
3227 8400
8400 3227
3227 15602
15602 3227
3231 8260
8260 3231
3271 5265
5265 3271
3275 9239
9239 3275
3309 7478
7478 3309
3309 8101
8101 3309
3336 18424
18424 3336
3372 44
44 3372
3372 3372
3372 3372
3396 3396
3396 3396
3405 3405
3405 3405
3405 24150
24150 3405
3439 3439
3439 3439
3439 7878
7878 3439
3439 8234
8234 3439
3439 18602
18602 3439
3452 3172
3172 3452
3452 3452
3452 3452
3452 8398
8398 3452
3468 44
44 3468
3468 3468
3468 3468
3468 17801
17801 3468
3468 20429
20429 3468
3506 12231
12231 3506
3515 3515
3515 3515
3528 5311
5311 3528
3541 642
642 3541
3551 673
673 3551
3555 9005
9005 3555
3555 12670
12670 3555
3555 24483
24483 3555
3562 4242
4242 3562
3579 4667
4667 3579
3591 503
503 3591
3591 3591
3591 3591
3591 5178
5178 3591
3591 5278
5278 3591
3591 5506
5506 3591
3591 7403
7403 3591
3591 8031
8031 3591
3591 8095
8095 3591
3591 8151
8151 3591
3591 8154
8154 3591
3591 14920
14920 3591
3591 16345
16345 3591
3591 19901
19901 3591
3591 20817
20817 3591
3610 3610
3610 3610
3610 4242
4242 3610
3610 4331
4331 3610
3610 11076
11076 3610
3610 17293
17293 3610
3620 255
255 3620
3620 3620
3620 3620
3620 5278
5278 3620
3620 8119
8119 3620
3620 8158
8158 3620
3620 8257
8257 3620
3657 44
44 3657
3657 3657
3657 3657
3657 8270
8270 3657
3657 14595
14595 3657
3674 19355
19355 3674
3679 16513
16513 3679
3704 31
31 3704
3705 2654
2654 3705
3736 3736
3736 3736
3738 3738
3738 3738
3756 8308
8308 3756
3756 8350
8350 3756
3757 8070
8070 3757
3757 19426
19426 3757
3757 24029
24029 3757
3760 8296
8296 3760
3760 8313
8313 3760
3760 8326
8326 3760
3771 1312
1312 3771
3771 21881
21881 3771
3777 1952
1952 3777
3777 8224
8224 3777
3782 4242
4242 3782
3782 5971
5971 3782
3782 11522
11522 3782
3824 6047
6047 3824
3825 7424
7424 3825
3834 597
597 3834
3834 13969
13969 3834
3843 1976
1976 3843
3843 3227
3227 3843
3843 3765
3765 3843
3843 3843
3843 3843
3843 4621
4621 3843
3843 6049
6049 3843
3843 7478
7478 3843
3843 7905
7905 3843
3843 7921
7921 3843
3843 8247
8247 3843
3843 12670
12670 3843
3843 13684
13684 3843
3843 16591
16591 3843
3843 16892
16892 3843
3843 19454
19454 3843
3874 1312
1312 3874
3874 3874
3874 3874
3874 8329
8329 3874
3921 701
701 3921
3921 3113
3113 3921
3921 3921
3921 3921
3921 20892
20892 3921
3947 1110
1110 3947
3947 3947
3947 3947
3947 14304
14304 3947
3950 3950
3950 3950
3950 11698
11698 3950
3950 22189
22189 3950
3951 3951
3951 3951
3978 3978
3978 3978
3986 3986
3986 3986
3986 6694
6694 3986
3986 8125
8125 3986
3986 9177
9177 3986
3986 18602
18602 3986
3986 24518
24518 3986
3987 7211
7211 3987
3987 13969
13969 3987
4018 4018
4018 4018
4082 4082
4082 4082
4082 14595
14595 4082
4089 9005
9005 4089
4092 287
287 4092
4092 4092
4092 4092
4092 8293
8293 4092
4092 9025
9025 4092
4121 1430
1430 4121
4121 4121
4121 4121
4121 5375
5375 4121
4121 6747
6747 4121
4125 8367
8367 4125
4125 8396
8396 4125
4127 1063
1063 4127
4127 4127
4127 4127
4146 6047
6047 4146
4146 24150
24150 4146
4154 4154
4154 4154
4158 4158
4158 4158
4158 7921
7921 4158
4158 13518
13518 4158
4183 4183
4183 4183
4186 8185
8185 4186
4196 4459
4459 4196
4242 572
572 4242
4242 642
642 4242
4242 763
763 4242
4242 2840
2840 4242
4242 3172
3172 4242
4242 3275
3275 4242
4242 3562
3562 4242
4242 3610
3610 4242
4242 3782
3782 4242
4242 4242
4242 4242
4242 4331
4331 4242
4242 4781
4781 4242
4242 6285
6285 4242
4242 6747
6747 4242
4242 7055
7055 4242
4242 7209
7209 4242
4242 7478
7478 4242
4242 7479
7479 4242
4242 7673
7673 4242
4242 7878
7878 4242
4242 7919
7919 4242
4242 7921
7921 4242
4242 8079
8079 4242
4242 8096
8096 4242
4242 8111
8111 4242
4242 8116
8116 4242
4242 8153
8153 4242
4242 8205
8205 4242
4242 8288
8288 4242
4242 8385
8385 4242
4242 8404
8404 4242
4242 9368
9368 4242
4242 11657
11657 4242
4242 12900
12900 4242
4242 13518
13518 4242
4242 14224
14224 4242
4255 1244
1244 4255
4331 115
115 4331
4331 1949
1949 4331
4331 1998
1998 4331
4331 2654
2654 4331
4331 3452
3452 4331
4331 3610
3610 4331
4331 4242
4242 4331
4331 4331
4331 4331
4331 4802
4802 4331
4331 5107
5107 4331
4331 7410
7410 4331
4331 8221
8221 4331
4331 8236
8236 4331
4331 8389
8389 4331
4331 13601
13601 4331
4331 14224
14224 4331
4331 15394
15394 4331
4331 21194
21194 4331
4331 24393
24393 4331
4340 4340
4340 4340
4340 8232
8232 4340
4340 11725
11725 4340
4340 17880
17880 4340
4343 701
701 4343
4343 2788
2788 4343
4343 4343
4343 4343
4343 4785
4785 4343
4343 5311
5311 4343
4343 7403
7403 4343
4343 10811
10811 4343
4343 16581
16581 4343
4356 6836
6836 4356
4361 4361
4361 4361
4361 14595
14595 4361
4406 6811
6811 4406
4440 117
117 4440
4440 1846
1846 4440
4440 1913
1913 4440
4440 8224
8224 4440
4440 8356
8356 4440
4450 1846
1846 4450
4450 14267
14267 4450
4457 14414
14414 4457
4459 255
255 4459
4459 1749
1749 4459
4459 4459
4459 4459
4459 7921
7921 4459
4459 8140
8140 4459
4482 4482
4482 4482
4482 15698
15698 4482
4521 13601
13601 4521
4556 642
642 4556
4556 4556
4556 4556
4556 20355
20355 4556
4567 596
596 4567
4567 642
642 4567
4567 3083
3083 4567
4567 4567
4567 4567
4567 7055
7055 4567
4567 8082
8082 4567
4567 8356
8356 4567
4567 20288
20288 4567
4615 4615
4615 4615
4621 44
44 4621
4621 4621
4621 4621
4638 4638
4638 4638
4667 4667
4667 4667
4667 7424
7424 4667
4683 4683
4683 4683
4683 23707
23707 4683
4685 7680
7680 4685
4685 8106
8106 4685
4685 8165
8165 4685
4685 23348
23348 4685
4712 5506
5506 4712
4712 8066
8066 4712
4712 18602
18602 4712
4737 8059
8059 4737
4737 24518
24518 4737
4802 4331
4331 4802
4802 8087
8087 4802
4829 1221
1221 4829
4829 8047
8047 4829
4829 16892
16892 4829
4833 7993
7993 4833
4866 2184
2184 4866
4867 4867
4867 4867
4869 8248
8248 4869
4879 14595
14595 4879
4879 24313
24313 4879
4903 4903
4903 4903
4903 7759
7759 4903
4920 503
503 4920
4920 630
630 4920
4920 644
644 4920
4920 1109
1109 4920
4920 3591
3591 4920
4920 4920
4920 4920
4920 6747
6747 4920
4920 6887
6887 4920
4920 6960
6960 4920
4920 7202
7202 4920
4920 7403
7403 4920
4920 8031
8031 4920
4920 8224
8224 4920
4920 8267
8267 4920
4920 8330
8330 4920
4920 8364
8364 4920
4920 8383
8383 4920
4920 14583
14583 4920
4920 16345
16345 4920
4920 19901
19901 4920
4928 3610
3610 4928
4928 8331
8331 4928
4928 8389
8389 4928
4958 24445
24445 4958
5023 5023
5023 5023
5052 2788
2788 5052
5087 12572
12572 5087
5107 5107
5107 5107
5120 18619
18619 5120
5127 3921
3921 5127
5132 5132
5132 5132
5132 5516
5516 5132
5132 24224
24224 5132
5147 1137
1137 5147
5147 8287
8287 5147
5152 833
833 5152
5152 6098
6098 5152
5178 644
644 5178
5178 3221
3221 5178
5178 3591
3591 5178
5178 4667
4667 5178
5178 5178
5178 5178
5178 7664
7664 5178
5178 8303
8303 5178
5178 18574
18574 5178
5189 10090
10090 5189
5198 6098
6098 5198
5204 5204
5204 5204
5204 8218
8218 5204
5261 5261
5261 5261
5261 8224
8224 5261
5265 979
979 5265
5265 5265
5265 5265
5274 2831
2831 5274
5274 13184
13184 5274
5278 3620
3620 5278
5278 5278
5278 5278
5278 5448
5448 5278
5282 5265
5265 5282
5282 8294
8294 5282
5282 24640
24640 5282
5284 3610
3610 5284
5284 5284
5284 5284
5284 7921
7921 5284
5284 14355
14355 5284
5310 8341
8341 5310
5310 21899
21899 5310
5311 1001
1001 5311
5311 1313
1313 5311
5311 5311
5311 5311
5311 5375
5375 5311
5311 5887
5887 5311
5311 6497
6497 5311
5311 6566
6566 5311
5311 7186
7186 5311
5311 7979
7979 5311
5311 8096
8096 5311
5311 8116
8116 5311
5311 8292
8292 5311
5311 8368
8368 5311
5311 17801
17801 5311
5311 18619
18619 5311
5325 12572
12572 5325
5333 1230
1230 5333
5333 8370
8370 5333
5333 18619
18619 5333
5345 3101
3101 5345
5358 15688
15688 5358
5358 21786
21786 5358
5364 4242
4242 5364
5375 4121
4121 5375
5401 5887
5887 5401
5408 5144
5144 5408
5409 4021
4021 5409
5409 5409
5409 5409
5411 5411
5411 5411
5411 9025
9025 5411
5411 9911
9911 5411
5414 5414
5414 5414
5414 24033
24033 5414
5415 5415
5415 5415
5415 18602
18602 5415
5415 19498
19498 5415
5415 22807
22807 5415
5446 642
642 5446
5447 4920
4920 5447
5448 4920
4920 5448
5448 5278
5278 5448
5448 8374
8374 5448
5448 22276
22276 5448
5463 503
503 5463
5489 5489
5489 5489
5489 22209
22209 5489
5506 2361
2361 5506
5506 5506
5506 5506
5506 9177
9177 5506
5506 9842
9842 5506
5506 19181
19181 5506
5516 5132
5132 5516
5516 5516
5516 5516
5516 8391
8391 5516
5519 601
601 5519
5519 642
642 5519
5519 1846
1846 5519
5519 2197
2197 5519
5519 2361
2361 5519
5519 2920
2920 5519
5519 5261
5261 5519
5519 5409
5409 5519
5519 5946
5946 5519
5519 7527
7527 5519
5519 7811
7811 5519
5519 8250
8250 5519
5519 12949
12949 5519
5519 18619
18619 5519
5519 21899
21899 5519
5523 1312
1312 5523
5523 4340
4340 5523
5523 5523
5523 5523
5523 8065
8065 5523
5523 14147
14147 5523
5523 17880
17880 5523
5523 20285
20285 5523
5523 22708
22708 5523
5523 24445
24445 5523
5531 642
642 5531
5531 7936
7936 5531
5534 24393
24393 5534
5544 3468
3468 5544
5544 8074
8074 5544
5544 8270
8270 5544
5583 6589
6589 5583
5600 5600
5600 5600
5625 714
714 5625
5625 3657
3657 5625
5625 8168
8168 5625
5639 4186
4186 5639
5639 5639
5639 5639
5639 6047
6047 5639
5639 7948
7948 5639
5639 8179
8179 5639
5639 8185
8185 5639
5639 8191
8191 5639
5639 8383
8383 5639
5639 14805
14805 5639
5651 16601
16601 5651
5658 5658
5658 5658
5660 5660
5660 5660
5702 5702
5702 5702
5730 5730
5730 5730
5753 601
601 5753
5753 5887
5887 5753
5753 15450
15450 5753
5801 124
124 5801
5801 830
830 5801
5801 903
903 5801
5801 4707
4707 5801
5801 4920
4920 5801
5801 5801
5801 5801
5801 6959
6959 5801
5801 7664
7664 5801
5801 8031
8031 5801
5801 8444
8444 5801
5801 13336
13336 5801
5801 14267
14267 5801
5801 14583
14583 5801
5801 18602
18602 5801
5811 8321
8321 5811
5829 4343
4343 5829
5829 23320
23320 5829
5881 5881
5881 5881
5887 2442
2442 5887
5887 5311
5311 5887
5887 8364
8364 5887
5946 572
572 5946
5946 642
642 5946
5946 1063
1063 5946
5946 1728
1728 5946
5946 3049
3049 5946
5946 4127
4127 5946
5946 4343
4343 5946
5946 4683
4683 5946
5946 5506
5506 5946
5946 5519
5519 5946
5946 5946
5946 5946
5946 6817
6817 5946
5946 6887
6887 5946
5946 7759
7759 5946
5946 7878
7878 5946
5946 8007
8007 5946
5946 8017
8017 5946
5946 8180
8180 5946
5946 8262
8262 5946
5946 8377
8377 5946
5946 13099
13099 5946
5946 13383
13383 5946
5956 5956
5956 5956
5969 3162
3162 5969
5969 3206
3206 5969
5969 8066
8066 5969
5993 5993
5993 5993
5993 18689
18689 5993
6008 6008
6008 6008
6027 6027
6027 6027
6047 642
642 6047
6047 4146
4146 6047
6047 6047
6047 6047
6047 6124
6124 6047
6047 6638
6638 6047
6047 6761
6761 6047
6047 8084
8084 6047
6047 8106
8106 6047
6047 8123
8123 6047
6047 8214
8214 6047
6047 20892
20892 6047
6049 6049
6049 6049
6049 6999
6999 6049
6049 15688
15688 6049
6095 255
255 6095
6095 814
814 6095
6095 6095
6095 6095
6098 929
929 6098
6098 6098
6098 6098
6098 8362
8362 6098
6104 4121
4121 6104
6114 117
117 6114
6121 5946
5946 6121
6124 642
642 6124
6124 701
701 6124
6124 4967
4967 6124
6124 5506
5506 6124
6124 6124
6124 6124
6124 6780
6780 6124
6124 6961
6961 6124
6124 7265
7265 6124
6124 7709
7709 6124
6124 8005
8005 6124
6124 8031
8031 6124
6124 8086
8086 6124
6124 8106
8106 6124
6124 8134
8134 6124
6124 8155
8155 6124
6124 8279
8279 6124
6124 8321
8321 6124
6124 8329
8329 6124
6124 13181
13181 6124
6124 18619
18619 6124
6124 21607
21607 6124
6124 22276
22276 6124
6124 23348
23348 6124
6124 24445
24445 6124
6167 3950
3950 6167
6167 6167
6167 6167
6167 22598
22598 6167
6202 2194
2194 6202
6202 6202
6202 6202
6202 14595
14595 6202
6232 3736
3736 6232
6232 20021
20021 6232
6247 8151
8151 6247
6247 8154
8154 6247
6249 1312
1312 6249
6249 6249
6249 6249
6249 9239
9239 6249
6249 11579
11579 6249
6259 671
671 6259
6259 3101
3101 6259
6259 3610
3610 6259
6259 6747
6747 6259
6259 16613
16613 6259
6278 3113
3113 6278
6278 6278
6278 6278
6278 7695
7695 6278
6278 8205
8205 6278
6278 8224
8224 6278
6278 16909
16909 6278
6278 22221
22221 6278
6278 23795
23795 6278
6285 4242
4242 6285
6322 15450
15450 6322
6344 2831
2831 6344
6346 16601
16601 6346
6354 13684
13684 6354
6354 21699
21699 6354
6369 16976
16976 6369
6413 19438
19438 6413
6485 5801
5801 6485
6490 3219
3219 6490
6496 1681
1681 6496
6496 21702
21702 6496
6497 2831
2831 6497
6497 8305
8305 6497
6522 9239
9239 6522
6522 11657
11657 6522
6528 4340
4340 6528
6528 4521
4521 6528
6528 6124
6124 6528
6528 6850
6850 6528
6528 17801
17801 6528
6528 21194
21194 6528
6528 24393
24393 6528
6557 124
124 6557
6557 1740
1740 6557
6557 4743
4743 6557
6557 6557
6557 6557
6557 8232
8232 6557
6557 14267
14267 6557
6566 5311
5311 6566
6566 6566
6566 6566
6570 8350
8350 6570
6575 7933
7933 6575
6589 3101
3101 6589
6589 5629
5629 6589
6589 5660
5660 6589
6589 5881
5881 6589
6589 6047
6047 6589
6589 6589
6589 6589
6589 7751
7751 6589
6589 7921
7921 6589
6589 8269
8269 6589
6589 8357
8357 6589
6589 10121
10121 6589
6589 12670
12670 6589
6589 21079
21079 6589
6589 22276
22276 6589
6589 24033
24033 6589
6592 14595
14595 6592
6598 1934
1934 6598
6619 8175
8175 6619
6638 2012
2012 6638
6638 6047
6047 6638
6638 6638
6638 6638
6666 6887
6887 6666
6694 3986
3986 6694
6694 6694
6694 6694
6694 11779
11779 6694
6694 18602
18602 6694
6736 6850
6850 6736
6747 31
31 6747
6747 6747
6747 6747
6755 8227
8227 6755
6761 6761
6761 6761
6765 6047
6047 6765
6770 642
642 6770
6780 642
642 6780
6780 2008
2008 6780
6780 2239
2239 6780
6780 6780
6780 6780
6780 7547
7547 6780
6780 8074
8074 6780
6780 8349
8349 6780
6780 8367
8367 6780
6780 14221
14221 6780
6806 44
44 6806
6806 11503
11503 6806
6811 830
830 6811
6811 6694
6694 6811
6811 6811
6811 6811
6811 6845
6845 6811
6811 8095
8095 6811
6811 8096
8096 6811
6811 10910
10910 6811
6811 11861
11861 6811
6836 560
560 6836
6836 642
642 6836
6836 1296
1296 6836
6836 1951
1951 6836
6836 6497
6497 6836
6836 6836
6836 6836
6836 7664
7664 6836
6836 14551
14551 6836
6836 18940
18940 6836
6845 5409
5409 6845
6845 6845
6845 6845
6845 8073
8073 6845
6845 8129
8129 6845
6845 8315
8315 6845
6845 16892
16892 6845
6850 2384
2384 6850
6850 8116
8116 6850
6850 22513
22513 6850
6869 8174
8174 6869
6874 763
763 6874
6874 5506
5506 6874
6874 6874
6874 6874
6874 8224
8224 6874
6874 12429
12429 6874
6887 348
348 6887
6887 896
896 6887
6887 5946
5946 6887
6887 6887
6887 6887
6896 10421
10421 6896
6907 2939
2939 6907
6907 5411
5411 6907
6907 6907
6907 6907
6907 8278
8278 6907
6907 8326
8326 6907
6917 349
349 6917
6917 496
496 6917
6917 1740
1740 6917
6917 2017
2017 6917
6917 4082
4082 6917
6917 6917
6917 6917
6917 8404
8404 6917
6917 10408
10408 6917
6917 13518
13518 6917
6917 24313
24313 6917
6954 1951
1951 6954
6955 7211
7211 6955
6955 8102
8102 6955
6959 255
255 6959
6960 4920
4920 6960
6961 642
642 6961
6961 1312
1312 6961
6961 4785
4785 6961
6961 5946
5946 6961
6961 6124
6124 6961
6961 7878
7878 6961
6961 7936
7936 6961
6961 8232
8232 6961
6961 8367
8367 6961
6961 23795
23795 6961
6961 24518
24518 6961
6975 255
255 6975
6975 8261
8261 6975
6999 6999
6999 6999
6999 19554
19554 6999
7003 7003
7003 7003
7003 8205
8205 7003
7003 14267
14267 7003
7003 24445
24445 7003
7024 7024
7024 7024
7045 9724
9724 7045
7055 7055
7055 7055
7055 8076
8076 7055
7055 24108
24108 7055
7110 7110
7110 7110
7110 11536
11536 7110
7111 7111
7111 7111
7123 5299
5299 7123
7123 6817
6817 7123
7123 7123
7123 7123
7123 8061
8061 7123
7123 17840
17840 7123
7152 3212
3212 7152
7152 7680
7680 7152
7176 7176
7176 7176
7186 701
701 7186
7186 1313
1313 7186
7186 5311
5311 7186
7197 17349
17349 7197
7202 7202
7202 7202
7209 115
115 7209
7209 7003
7003 7209
7209 7209
7209 7209
7209 14361
14361 7209
7211 855
855 7211
7211 3396
3396 7211
7211 3987
3987 7211
7211 6955
6955 7211
7211 7211
7211 7211
7211 7478
7478 7211
7211 13969
13969 7211
7211 14783
14783 7211
7211 22208
22208 7211
7211 22283
22283 7211
7211 24722
24722 7211
7265 6124
6124 7265
7265 7265
7265 7265
7265 23348
23348 7265
7270 7270
7270 7270
7276 3551
3551 7276
7315 5008
5008 7315
7315 6836
6836 7315
7315 7315
7315 7315
7338 2361
2361 7338
7338 3049
3049 7338
7338 3055
3055 7338
7338 7338
7338 7338
7338 16186
16186 7338
7338 22513
22513 7338
7392 7392
7392 7392
7393 3172
3172 7393
7393 7393
7393 7393
7393 8321
8321 7393
7410 287
287 7410
7410 1543
1543 7410
7410 4274
4274 7410
7410 4521
4521 7410
7410 7391
7391 7410
7410 7410
7410 7410
7410 9239
9239 7410
7410 13601
13601 7410
7410 16613
16613 7410
7410 24037
24037 7410
7424 726
726 7424
7424 2194
2194 7424
7424 7424
7424 7424
7424 7624
7624 7424
7442 673
673 7442
7442 23707
23707 7442
7442 23846
23846 7442
7470 7470
7470 7470
7470 7635
7635 7470
7470 7990
7990 7470
7470 8288
8288 7470
7478 2486
2486 7478
7478 7478
7478 7478
7514 9842
9842 7514
7527 5519
5519 7527
7527 7527
7527 7527
7527 18202
18202 7527
7529 642
642 7529
7529 5518
5518 7529
7529 7529
7529 7529
7531 7531
7531 7531
7531 13027
13027 7531
7547 6780
6780 7547
7547 7547
7547 7547
7616 2592
2592 7616
7616 7616
7616 7616
7616 8222
8222 7616
7616 15935
15935 7616
7624 7424
7424 7624
7635 642
642 7635
7635 7470
7470 7635
7635 7813
7813 7635
7635 23348
23348 7635
7648 320
320 7648
7648 763
763 7648
7648 3227
3227 7648
7648 7648
7648 7648
7648 8216
8216 7648
7648 15602
15602 7648
7656 465
465 7656
7656 2913
2913 7656
7656 4092
4092 7656
7656 5801
5801 7656
7656 7656
7656 7656
7656 7905
7905 7656
7664 935
935 7664
7664 1951
1951 7664
7664 6836
6836 7664
7664 7664
7664 7664
7664 7993
7993 7664
7664 8114
8114 7664
7664 8218
8218 7664
7664 8278
8278 7664
7664 8324
8324 7664
7664 10253
10253 7664
7664 14387
14387 7664
7664 19426
19426 7664
7673 7673
7673 7673
7680 1221
1221 7680
7680 2486
2486 7680
7680 6896
6896 7680
7680 7403
7403 7680
7680 7680
7680 7680
7680 8067
8067 7680
7680 8096
8096 7680
7680 8116
8116 7680
7680 11460
11460 7680
7680 13786
13786 7680
7680 24304
24304 7680
7681 1105
1105 7681
7681 1141
1141 7681
7681 8053
8053 7681
7695 6278
6278 7695
7695 7695
7695 7695
7698 7698
7698 7698
7709 7709
7709 7709
7720 287
287 7720
7720 8331
8331 7720
7720 9005
9005 7720
7720 12900
12900 7720
7720 13684
13684 7720
7751 6589
6589 7751
7751 7751
7751 7751
7751 10253
10253 7751
7759 601
601 7759
7759 753
753 7759
7759 1038
1038 7759
7759 1913
1913 7759
7759 3439
3439 7759
7759 5956
5956 7759
7759 5980
5980 7759
7759 7540
7540 7759
7759 7759
7759 7759
7759 8101
8101 7759
7759 8280
8280 7759
7759 8296
8296 7759
7759 8313
8313 7759
7759 8352
8352 7759
7759 8363
8363 7759
7759 18602
18602 7759
7759 19534
19534 7759
7759 20292
20292 7759
7778 155
155 7778
7778 642
642 7778
7778 830
830 7778
7778 5120
5120 7778
7778 7137
7137 7778
7778 7990
7990 7778
7778 8163
8163 7778
7778 8390
8390 7778
7778 14361
14361 7778
7778 18574
18574 7778
7778 18602
18602 7778
7798 8224
8224 7798
7798 18698
18698 7798
7809 7809
7809 7809
7813 7813
7813 7813
7836 6589
6589 7836
7856 15174
15174 7856
7856 20355
20355 7856
7857 9005
9005 7857
7872 7872
7872 7872
7872 22276
22276 7872
7878 642
642 7878
7878 2197
2197 7878
7878 7878
7878 7878
7894 3843
3843 7894
7894 7894
7894 7894
7905 7656
7656 7905
7905 7905
7905 7905
7913 22513
22513 7913
7919 7919
7919 7919
7919 16895
16895 7919
7921 44
44 7921
7921 7921
7921 7921
7921 11657
11657 7921
7933 7933
7933 7933
7933 24452
24452 7933
7935 24570
24570 7935
7936 7936
7936 7936
7942 24518
24518 7942
7965 20884
20884 7965
7978 7978
7978 7978
7979 7979
7979 7979
7990 215
215 7990
7990 1681
1681 7990
7990 3950
3950 7990
7990 4343
4343 7990
7990 5120
5120 7990
7990 7990
7990 7990
7990 8031
8031 7990
7990 8048
8048 7990
7990 8078
8078 7990
7990 9553
9553 7990
7990 13270
13270 7990
7990 15450
15450 7990
7990 18602
18602 7990
7990 18619
18619 7990
7992 7992
7992 7992
7993 4833
4833 7993
7993 7993
7993 7993
7993 8218
8218 7993
8005 4343
4343 8005
8005 6124
6124 8005
8005 8005
8005 8005
8005 8123
8123 8005
8005 8265
8265 8005
8005 13155
13155 8005
8005 23221
23221 8005
8007 8007
8007 8007
8013 7698
7698 8013
8015 8015
8015 8015
8017 5660
5660 8017
8017 7111
7111 8017
8017 7529
7529 8017
8017 8017
8017 8017
8017 8180
8180 8017
8031 8031
8031 8031
8031 8303
8303 8031
8038 2134
2134 8038
8038 8038
8038 8038
8048 7990
7990 8048
8048 8048
8048 8048
8050 19426
19426 8050
8051 8051
8051 8051
8053 17830
17830 8053
8056 8056
8056 8056
8057 6614
6614 8057
8058 8058
8058 8058
8059 8059
8059 8059
8059 17055
17055 8059
8064 1520
1520 8064
8065 597
597 8065
8065 766
766 8065
8065 2264
2264 8065
8065 7211
7211 8065
8065 7878
7878 8065
8065 7894
7894 8065
8065 7921
7921 8065
8065 7935
7935 8065
8065 8017
8017 8065
8065 8065
8065 8065
8065 8079
8079 8065
8065 8540
8540 8065
8065 10811
10811 8065
8065 11722
11722 8065
8065 11819
11819 8065
8065 13059
13059 8065
8065 13694
13694 8065
8065 13969
13969 8065
8065 14783
14783 8065
8065 17880
17880 8065
8065 18396
18396 8065
8065 24722
24722 8065
8066 5969
5969 8066
8066 8066
8066 8066
8069 7833
7833 8069
8070 8061
8061 8070
8070 8070
8070 8070
8073 6845
6845 8073
8073 8073
8073 8073
8074 6652
6652 8074
8076 1951
1951 8076
8078 8078
8078 8078
8079 8079
8079 8079
8080 3162
3162 8080
8081 17323
17323 8081
8084 6047
6047 8084
8086 6124
6124 8086
8088 8061
8061 8088
8093 8087
8087 8093
8094 7898
7898 8094
8095 8095
8095 8095
8096 1296
1296 8096
8096 3055
3055 8096
8096 8096
8096 8096
8097 13969
13969 8097
8099 8099
8099 8099
8100 1013
1013 8100
8100 1407
1407 8100
8100 2831
2831 8100
8100 6836
6836 8100
8100 8100
8100 8100
8100 8232
8232 8100
8100 17880
17880 8100
8101 7759
7759 8101
8101 8101
8101 8101
8101 13383
13383 8101
8102 4092
4092 8102
8102 4183
4183 8102
8102 4683
4683 8102
8102 5311
5311 8102
8102 8102
8102 8102
8102 11881
11881 8102
8102 21457
21457 8102
8103 8272
8272 8103
8104 465
465 8104
8104 2194
2194 8104
8104 4361
4361 8104
8104 13203
13203 8104
8104 18955
18955 8104
8106 23348
23348 8106
8107 8107
8107 8107
8107 19938
19938 8107
8108 8108
8108 8108
8111 8111
8111 8111
8114 7664
7664 8114
8116 2384
2384 8116
8116 6850
6850 8116
8116 8116
8116 8116
8116 22513
22513 8116
8116 24710
24710 8116
8117 19730
19730 8117
8118 5364
5364 8118
8122 16345
16345 8122
8123 8123
8123 8123
8124 2134
2134 8124
8125 3986
3986 8125
8126 11715
11715 8126
8127 3738
3738 8127
8128 2053
2053 8128
8128 17843
17843 8128
8136 255
255 8136
8136 8136
8136 8136
8141 2014
2014 8141
8141 19355
19355 8141
8142 1692
1692 8142
8144 8139
8139 8144
8145 6047
6047 8145
8149 8149
8149 8149
8150 13786
13786 8150
8151 3591
3591 8151
8151 8151
8151 8151
8151 20817
20817 8151
8153 8153
8153 8153
8153 18602
18602 8153
8155 125
125 8155
8155 4378
4378 8155
8155 8008
8008 8155
8155 8155
8155 8155
8157 24150
24150 8157
8165 8165
8165 8165
8167 510
510 8167
8168 465
465 8168
8168 1221
1221 8168
8168 8168
8168 8168
8168 24555
24555 8168
8169 8008
8008 8169
8170 8170
8170 8170
8171 22208
22208 8171
8172 14361
14361 8172
8174 19328
19328 8174
8177 8177
8177 8177
8178 3113
3113 8178
8178 8178
8178 8178
8179 8179
8179 8179
8180 8017
8017 8180
8180 8180
8180 8180
8182 8182
8182 8182
8182 8231
8231 8182
8182 8323
8323 8182
8184 8367
8367 8184
8185 8185
8185 8185
8187 855
855 8187
8190 8190
8190 8190
8192 5506
5506 8192
8194 8191
8191 8194
8194 8194
8194 8194
8194 10090
10090 8194
8200 8200
8200 8200
8201 21213
21213 8201
8204 24445
24445 8204
8206 4343
4343 8206
8208 2880
2880 8208
8208 8208
8208 8208
8208 8326
8326 8208
8208 8374
8374 8208
8209 11577
11577 8209
8211 2384
2384 8211
8212 8212
8212 8212
8216 701
701 8216
8216 8216
8216 8216
8220 1951
1951 8220
8220 8220
8220 8220
8221 8221
8221 8221
8222 7616
7616 8222
8224 1013
1013 8224
8224 1582
1582 8224
8224 1952
1952 8224
8224 3113
3113 8224
8224 4920
4920 8224
8224 5261
5261 8224
8224 6278
6278 8224
8224 6874
6874 8224
8224 8224
8224 8224
8224 8921
8921 8224
8224 11779
11779 8224
8226 5544
5544 8226
8227 3777
3777 8227
8230 929
929 8230
8230 7403
7403 8230
8230 8230
8230 8230
8231 8182
8182 8231
8232 1503
1503 8232
8232 3610
3610 8232
8232 8232
8232 8232
8232 8241
8241 8232
8232 15229
15229 8232
8232 17801
17801 8232
8232 17880
17880 8232
8233 4343
4343 8233
8234 8234
8234 8234
8234 18602
18602 8234
8234 24452
24452 8234
8236 8921
8921 8236
8240 6476
6476 8240
8243 9057
9057 8243
8243 13066
13066 8243
8247 8247
8247 8247
8248 701
701 8248
8248 7351
7351 8248
8248 20355
20355 8248
8250 7351
7351 8250
8252 2939
2939 8252
8254 2384
2384 8254
8254 8254
8254 8254
8257 3620
3620 8257
8257 7556
7556 8257
8257 8279
8279 8257
8258 701
701 8258
8259 8259
8259 8259
8259 23933
23933 8259
8261 8261
8261 8261
8262 1003
1003 8262
8262 8262
8262 8262
8262 9020
9020 8262
8265 701
701 8265
8265 19165
19165 8265
8267 8267
8267 8267
8268 3820
3820 8268
8269 8269
8269 8269
8275 8275
8275 8275
8276 18955
18955 8276
8277 579
579 8277
8278 6907
6907 8278
8278 8278
8278 8278
8279 8257
8257 8279
8280 7759
7759 8280
8282 19498
19498 8282
8284 6640
6640 8284
8285 8285
8285 8285
8287 8253
8253 8287
8288 4242
4242 8288
8288 7470
7470 8288
8288 8288
8288 8288
8289 9025
9025 8289
8289 11725
11725 8289
8291 11819
11819 8291
8291 20355
20355 8291
8293 4092
4092 8293
8295 18169
18169 8295
8296 7759
7759 8296
8296 8296
8296 8296
8300 188
188 8300
8302 8302
8302 8302
8305 671
671 8305
8305 2384
2384 8305
8305 4340
4340 8305
8305 6497
6497 8305
8305 8305
8305 8305
8305 9025
9025 8305
8305 16601
16601 8305
8305 18602
18602 8305
8305 20355
20355 8305
8306 8306
8306 8306
8306 11819
11819 8306
8307 14595
14595 8307
8310 8310
8310 8310
8311 8311
8311 8311
8315 16892
16892 8315
8316 17568
17568 8316
8320 8975
8975 8320
8321 2239
2239 8321
8321 8321
8321 8321
8321 12572
12572 8321
8322 20512
20512 8322
8323 8182
8182 8323
8324 7664
7664 8324
8325 8325
8325 8325
8326 6907
6907 8326
8326 8208
8208 8326
8326 8326
8326 8326
8331 1
1 8331
8331 1551
1551 8331
8331 4928
4928 8331
8331 5645
5645 8331
8331 6049
6049 8331
8331 8331
8331 8331
8331 11926
11926 8331
8331 13343
13343 8331
8331 15483
15483 8331
8334 14583
14583 8334
8335 22221
22221 8335
8338 8338
8338 8338
8339 19554
19554 8339
8340 1951
1951 8340
8341 5310
5310 8341
8341 17041
17041 8341
8345 2939
2939 8345
8345 24452
24452 8345
8346 14583
14583 8346
8350 3756
3756 8350
8350 6570
6570 8350
8352 7759
7759 8352
8354 3551
3551 8354
8354 8354
8354 8354
8355 3551
3551 8355
8356 642
642 8356
8356 8356
8356 8356
8359 17801
17801 8359
8361 8361
8361 8361
8362 6098
6098 8362
8363 7759
7759 8363
8364 4920
4920 8364
8364 7664
7664 8364
8364 8364
8364 8364
8364 8372
8372 8364
8370 8370
8370 8370
8374 194
194 8374
8374 8208
8208 8374
8374 8372
8372 8374
8374 8374
8374 8374
8374 8383
8383 8374
8377 8377
8377 8377
8379 8379
8379 8379
8380 5463
5463 8380
8384 18602
18602 8384
8385 194
194 8385
8385 8385
8385 8385
8386 24026
24026 8386
8387 4343
4343 8387
8388 17342
17342 8388
8390 8390
8390 8390
8391 13930
13930 8391
8393 8393
8393 8393
8400 3227
3227 8400
8402 8402
8402 8402
8402 15116
15116 8402
8405 20355
20355 8405
8407 8389
8389 8407
8421 23535
23535 8421
8540 8065
8065 8540
8540 9057
9057 8540
8540 13969
13969 8540
8540 19730
19730 8540
8598 3618
3618 8598
8921 320
320 8921
8921 2467
2467 8921
8921 8076
8076 8921
8921 16775
16775 8921
8921 19901
19901 8921
8975 8320
8320 8975
8984 4274
4274 8984
8984 7410
7410 8984
8984 7648
7648 8984
8984 8331
8331 8984
8984 8368
8368 8984
8984 13969
13969 8984
8984 17840
17840 8984
8995 814
814 8995
8995 1001
1001 8995
8995 8078
8078 8995
8995 8995
8995 8995
8995 11577
11577 8995
8995 14094
14094 8995
8995 21954
21954 8995
8996 876
876 8996
8996 2549
2549 8996
8996 7478
7478 8996
8996 7921
7921 8996
8996 8996
8996 8996
8996 9057
9057 8996
8996 16018
16018 8996
8996 21954
21954 8996
9005 44
44 9005
9005 714
714 9005
9005 4089
4089 9005
9005 7857
7857 9005
9005 8404
8404 9005
9005 9005
9005 9005
9005 16900
16900 9005
9011 766
766 9011
9011 3782
3782 9011
9011 6027
6027 9011
9011 7656
7656 9011
9011 8065
8065 9011
9011 8079
8079 9011
9011 17880
17880 9011
9022 9025
9025 9022
9025 31
31 9025
9025 215
215 9025
9025 255
255 9025
9025 503
503 9025
9025 671
671 9025
9025 753
753 9025
9025 766
766 9025
9025 814
814 9025
9025 1503
1503 9025
9025 2158
2158 9025
9025 2242
2242 9025
9025 3113
3113 9025
9025 3172
3172 9025
9025 5265
5265 9025
9025 5333
5333 9025
9025 5411
5411 9025
9025 5523
5523 9025
9025 6027
6027 9025
9025 6098
6098 9025
9025 6124
6124 9025
9025 6589
6589 9025
9025 6917
6917 9025
9025 7478
7478 9025
9025 7664
7664 9025
9025 7673
7673 9025
9025 7709
7709 9025
9025 7919
7919 9025
9025 8254
8254 9025
9025 8370
8370 9025
9025 8402
8402 9025
9025 9025
9025 9025
9025 9057
9057 9025
9025 12473
12473 9025
9025 12572
12572 9025
9025 16601
16601 9025
9025 20893
20893 9025
9025 21913
21913 9025
9030 1728
1728 9030
9057 876
876 9057
9057 929
929 9057
9057 1407
1407 9057
9057 2239
2239 9057
9057 2384
2384 9057
9057 2549
2549 9057
9057 3143
3143 9057
9057 3452
3452 9057
9057 3765
3765 9057
9057 4121
4121 9057
9057 4343
4343 9057
9057 5311
5311 9057
9057 6027
6027 9057
9057 6098
6098 9057
9057 6167
6167 9057
9057 8008
8008 9057
9057 8031
8031 9057
9057 8037
8037 9057
9057 8059
8059 9057
9057 8112
8112 9057
9057 8155
8155 9057
9057 8170
8170 9057
9057 8174
8174 9057
9057 8224
8224 9057
9057 8243
8243 9057
9057 8250
8250 9057
9057 8277
8277 9057
9057 8365
8365 9057
9057 8368
8368 9057
9057 8374
8374 9057
9057 8400
8400 9057
9057 8540
8540 9057
9057 8996
8996 9057
9057 9025
9025 9057
9057 9057
9057 9057
9057 10253
10253 9057
9057 10910
10910 9057
9057 11779
11779 9057
9057 12135
12135 9057
9057 12473
12473 9057
9057 13065
13065 9057
9057 13066
13066 9057
9057 13184
13184 9057
9057 13191
13191 9057
9057 13535
13535 9057
9057 13873
13873 9057
9057 14920
14920 9057
9057 15450
15450 9057
9057 17880
17880 9057
9057 18291
18291 9057
9057 19059
19059 9057
9057 19355
19355 9057
9057 19730
19730 9057
9057 21899
21899 9057
9057 23744
23744 9057
9177 255
255 9177
9177 623
623 9177
9177 642
642 9177
9177 701
701 9177
9177 1244
1244 9177
9177 1578
1578 9177
9177 2008
2008 9177
9177 2581
2581 9177
9177 5506
5506 9177
9177 5639
5639 9177
9177 6614
6614 9177
9177 7111
7111 9177
9177 7351
7351 9177
9177 7936
7936 9177
9177 8061
8061 9177
9177 8094
8094 9177
9177 8179
8179 9177
9177 8224
8224 9177
9177 8250
8250 9177
9177 8258
8258 9177
9177 8259
8259 9177
9177 8327
8327 9177
9177 8390
8390 9177
9177 9177
9177 9177
9177 16895
16895 9177
9177 17801
17801 9177
9177 18602
18602 9177
9177 18689
18689 9177
9177 22189
22189 9177
9177 22221
22221 9177
9177 22276
22276 9177
9177 23933
23933 9177
9177 24029
24029 9177
9239 117
117 9239
9239 277
277 9239
9239 1846
1846 9239
9239 3275
3275 9239
9239 6249
6249 9239
9239 6522
6522 9239
9239 6845
6845 9239
9239 7209
7209 9239
9239 7410
7410 9239
9239 7698
7698 9239
9239 7936
7936 9239
9239 8061
8061 9239
9239 8065
8065 9239
9239 8076
8076 9239
9239 8087
8087 9239
9239 8100
8100 9239
9239 8325
8325 9239
9239 9239
9239 9239
9239 11725
11725 9239
9239 12135
12135 9239
9239 15005
15005 9239
9239 16880
16880 9239
9239 17880
17880 9239
9239 18202
18202 9239
9239 21699
21699 9239
9239 24033
24033 9239
9239 24520
24520 9239
9365 5506
5506 9365
9368 9368
9368 9368
9516 766
766 9516
9516 9516
9516 9516
9549 9549
9549 9549
9549 21899
21899 9549
9551 24579
24579 9551
9553 255
255 9553
9724 4743
4743 9724
9724 7478
7478 9724
9724 8205
8205 9724
9724 8339
8339 9724
9724 8360
8360 9724
9724 8402
8402 9724
9724 8993
8993 9724
9724 9724
9724 9724
9724 15116
15116 9724
9724 24393
24393 9724
9812 833
833 9812
9812 3468
3468 9812
9842 16895
16895 9842
9911 7529
7529 9911
9911 9911
9911 9911
10090 10090
10090 10090
10121 6589
6589 10121
10121 7527
7527 10121
10121 8065
8065 10121
10121 12572
12572 10121
10121 14267
14267 10121
10121 17880
17880 10121
10121 18574
18574 10121
10121 18602
18602 10121
10121 20355
20355 10121
10168 601
601 10168
10168 6811
6811 10168
10168 10168
10168 10168
10168 21884
21884 10168
10253 7673
7673 10253
10292 18602
18602 10292
10408 6917
6917 10408
10566 642
642 10566
10566 701
701 10566
10566 10566
10566 10566
10811 503
503 10811
10811 934
934 10811
10811 2134
2134 10811
10811 3101
3101 10811
10811 4343
4343 10811
10811 5411
5411 10811
10811 7556
7556 10811
10811 8108
8108 10811
10811 8177
8177 10811
10811 8220
8220 10811
10811 12135
12135 10811
10811 13383
13383 10811
10811 17880
17880 10811
10811 21079
21079 10811
10811 23348
23348 10811
10910 6811
6811 10910
11062 5600
5600 11062
11062 9057
9057 11062
11076 124
124 11076
11076 3610
3610 11076
11076 7921
7921 11076
11076 11076
11076 11076
11157 601
601 11157
11157 5600
5600 11157
11313 11861
11861 11313
11361 4242
4242 11361
11460 8116
8116 11460
11460 13191
13191 11460
11488 1716
1716 11488
11488 3396
3396 11488
11488 11488
11488 11488
11503 0
0 11503
11503 1740
1740 11503
11503 3227
3227 11503
11503 4879
4879 11503
11503 6806
6806 11503
11503 8284
8284 11503
11503 11503
11503 11503
11503 16900
16900 11503
11503 24570
24570 11503
11536 2361
2361 11536
11536 5946
5946 11536
11536 6278
6278 11536
11536 6409
6409 11536
11536 6694
6694 11536
11536 7110
7110 11536
11536 7403
7403 11536
11536 8234
8234 11536
11536 8306
8306 11536
11536 8329
8329 11536
11536 8335
8335 11536
11536 8384
8384 11536
11536 9177
9177 11536
11536 11536
11536 11536
11536 18602
18602 11536
11536 18940
18940 11536
11536 22221
22221 11536
11536 22276
22276 11536
11536 24226
24226 11536
11577 7598
7598 11577
11577 8209
8209 11577
11577 8211
8211 11577
11577 8995
8995 11577
11577 11577
11577 11577
11579 701
701 11579
11579 1018
1018 11579
11579 3610
3610 11579
11579 6249
6249 11579
11579 20892
20892 11579
11657 3468
3468 11657
11657 4026
4026 11657
11657 4343
4343 11657
11657 6522
6522 11657
11657 7921
7921 11657
11657 8175
8175 11657
11657 8266
8266 11657
11657 8389
8389 11657
11657 11657
11657 11657
11657 11669
11669 11657
11657 12670
12670 11657
11657 16601
16601 11657
11657 19866
19866 11657
11669 44
44 11669
11669 11657
11657 11669
11669 21079
21079 11669
11684 3978
3978 11684
11684 6478
6478 11684
11684 7695
7695 11684
11684 7769
7769 11684
11684 8368
8368 11684
11684 8379
8379 11684
11684 17321
17321 11684
11684 18602
18602 11684
11698 601
601 11698
11698 3950
3950 11698
11698 5956
5956 11698
11698 6480
6480 11698
11698 8313
8313 11698
11698 11698
11698 11698
11698 18602
18602 11698
11698 19901
19901 11698
11700 935
935 11700
11700 4667
4667 11700
11700 5120
5120 11700
11700 5311
5311 11700
11700 6497
6497 11700
11700 7664
7664 11700
11700 8094
8094 11700
11700 9549
9549 11700
11700 11700
11700 11700
11700 18619
18619 11700
11700 21899
21899 11700
11704 7878
7878 11704
11706 11706
11706 11706
11715 255
255 11715
11715 8017
8017 11715
11715 8126
8126 11715
11715 11715
11715 11715
11722 6999
6999 11722
11725 3130
3130 11725
11725 11725
11725 11725
11725 13694
13694 11725
11725 13969
13969 11725
11725 17801
17801 11725
11725 17880
17880 11725
11779 124
124 11779
11779 510
510 11779
11779 701
701 11779
11779 1140
1140 11779
11779 1244
1244 11779
11779 1312
1312 11779
11779 1846
1846 11779
11779 2467
2467 11779
11779 2831
2831 11779
11779 3162
3162 11779
11779 4343
4343 11779
11779 5506
5506 11779
11779 6027
6027 11779
11779 6247
6247 11779
11779 6694
6694 11779
11779 7878
7878 11779
11779 8031
8031 11779
11779 8055
8055 11779
11779 8065
8065 11779
11779 8066
8066 11779
11779 8154
8154 11779
11779 8155
8155 11779
11779 8200
8200 11779
11779 8216
8216 11779
11779 8224
8224 11779
11779 9177
9177 11779
11779 11779
11779 11779
11779 14267
14267 11779
11779 14387
14387 11779
11779 16775
16775 11779
11779 16880
16880 11779
11779 17880
17880 11779
11779 18449
18449 11779
11779 18602
18602 11779
11779 24156
24156 11779
11819 6027
6027 11819
11819 7209
7209 11819
11819 8291
8291 11819
11819 8306
8306 11819
11819 11819
11819 11819
11819 13059
13059 11819
11840 833
833 11840
11840 5506
5506 11840
11840 6098
6098 11840
11861 119
119 11861
11861 800
800 11861
11861 3765
3765 11861
11861 4482
4482 11861
11861 6811
6811 11861
11861 8089
8089 11861
11861 11313
11313 11861
11861 11577
11577 11861
11861 11861
11861 11861
11861 22513
22513 11861
11872 6098
6098 11872
11872 21699
21699 11872
11881 11881
11881 11881
11899 11899
11899 11899
12012 2197
2197 12012
12012 7878
7878 12012
12012 12012
12012 12012
12053 6047
6047 12053
12053 17321
17321 12053
12053 18449
18449 12053
12053 24445
24445 12053
12124 1403
1403 12124
12135 255
255 12135
12135 510
510 12135
12135 1296
1296 12135
12135 2629
2629 12135
12135 3162
3162 12135
12135 5186
5186 12135
12135 6027
6027 12135
12135 6566
6566 12135
12135 7123
7123 12135
12135 7616
7616 12135
12135 7896
7896 12135
12135 7936
7936 12135
12135 8076
8076 12135
12135 8078
8078 12135
12135 8164
8164 12135
12135 8189
8189 12135
12135 8205
8205 12135
12135 8269
8269 12135
12135 8325
8325 12135
12135 8365
8365 12135
12135 9239
9239 12135
12135 12429
12429 12135
12135 13059
13059 12135
12135 21079
21079 12135
12198 7656
7656 12198
12198 11955
11955 12198
12209 8349
8349 12209
12242 5311
5311 12242
12368 23799
23799 12368
12375 12375
12375 12375
12394 8221
8221 12394
12429 6874
6874 12429
12429 12429
12429 12429
12473 12473
12473 12473
12482 21079
21079 12482
12670 3618
3618 12670
12670 4026
4026 12670
12670 4331
4331 12670
12670 6836
6836 12670
12670 9368
9368 12670
12670 12670
12670 12670
12670 13684
13684 12670
12720 12720
12720 12720
12720 22598
22598 12720
12774 3212
3212 12774
12870 3101
3101 12870
12870 6811
6811 12870
12870 11861
11861 12870
12870 12870
12870 12870
12870 22513
22513 12870
12874 929
929 12874
12874 4920
4920 12874
12874 8277
8277 12874
12874 22221
22221 12874
12894 3049
3049 12894
12900 7176
7176 12900
12900 7478
7478 12900
12900 8031
8031 12900
12900 8237
8237 12900
12900 8302
8302 12900
12900 12900
12900 12900
12949 12949
12949 12949
12964 21702
21702 12964
13003 8053
8053 13003
13019 13019
13019 13019
13027 1449
1449 13027
13027 1653
1653 13027
13027 3405
3405 13027
13027 4183
4183 13027
13027 6589
6589 13027
13027 7531
7531 13027
13027 13027
13027 13027
13027 16094
16094 13027
13059 13059
13059 13059
13065 2549
2549 13065
13065 6027
6027 13065
13065 6589
6589 13065
13065 7878
7878 13065
13065 8306
8306 13065
13065 8996
8996 13065
13065 11819
11819 13065
13065 13059
13059 13065
13065 13535
13535 13065
13066 31
31 13066
13066 1215
1215 13066
13066 8243
8243 13066
13066 9025
9025 13066
13066 13184
13184 13066
13066 16976
16976 13066
13072 1739
1739 13072
13099 8007
8007 13099
13099 8078
8078 13099
13099 13099
13099 13099
13141 13141
13141 13141
13155 8005
8005 13155
13155 13155
13155 13155
13155 21607
21607 13155
13181 814
814 13181
13181 6124
6124 13181
13181 7176
7176 13181
13181 11899
11899 13181
13184 3452
3452 13184
13184 13184
13184 13184
13191 2242
2242 13191
13191 11460
11460 13191
13191 13191
13191 13191
13191 21884
21884 13191
13191 24675
24675 13191
13196 2423
2423 13196
13196 19301
19301 13196
13203 8104
8104 13203
13270 23085
23085 13270
13297 2048
2048 13297
13336 13336
13336 13336
13337 13337
13337 13337
13337 18602
18602 13337
13337 23744
23744 13337
13370 2831
2831 13370
13370 8177
8177 13370
13379 935
935 13379
13379 8259
8259 13379
13379 19355
19355 13379
13383 5887
5887 13383
13383 8101
8101 13383
13383 13383
13383 13383
13383 17319
17319 13383
13466 3143
3143 13466
13466 23795
23795 13466
13518 4158
4158 13518
13518 13518
13518 13518
13535 13535
13535 13535
13601 4521
4521 13601
13601 13601
13601 13601
13662 8390
8390 13662
13684 1899
1899 13684
13684 5023
5023 13684
13684 8285
8285 13684
13684 12670
12670 13684
13684 13684
13684 13684
13684 16601
16601 13684
13684 16856
16856 13684
13694 1137
1137 13694
13694 8232
8232 13694
13694 9551
9551 13694
13694 13694
13694 13694
13694 13969
13969 13694
13786 830
830 13786
13786 1610
1610 13786
13786 2384
2384 13786
13786 4340
4340 13786
13786 4667
4667 13786
13786 6589
6589 13786
13786 7680
7680 13786
13786 8150
8150 13786
13786 8209
8209 13786
13786 8232
8232 13786
13786 8248
8248 13786
13786 10121
10121 13786
13786 13694
13694 13786
13786 13786
13786 13786
13800 24460
24460 13800
13969 623
623 13969
13969 2264
2264 13969
13969 3396
3396 13969
13969 3834
3834 13969
13969 3987
3987 13969
13969 5299
5299 13969
13969 8065
8065 13969
13969 8097
8097 13969
13969 8540
8540 13969
13969 8993
8993 13969
13969 9551
9551 13969
13969 13694
13694 13969
13969 13969
13969 13969
13969 21927
21927 13969
13969 22283
22283 13969
13969 24722
24722 13969
13969 24734
24734 13969
14010 16892
16892 14010
14055 8234
8234 14055
14094 8995
8995 14094
14221 1503
1503 14221
14224 8163
8163 14224
14224 14224
14224 14224
14224 17880
17880 14224
14232 8384
8384 14232
14267 1846
1846 14267
14267 4450
4450 14267
14267 18602
18602 14267
14333 6638
6638 14333
14355 14355
14355 14355
14355 15394
15394 14355
14355 21337
21337 14355
14355 24393
24393 14355
14361 1728
1728 14361
14361 2462
2462 14361
14361 4683
4683 14361
14361 5411
5411 14361
14361 7209
7209 14361
14361 7936
7936 14361
14361 8117
8117 14361
14361 8163
8163 14361
14361 8172
8172 14361
14361 8234
8234 14361
14361 8292
8292 14361
14361 8312
8312 14361
14361 18602
18602 14361
14361 21607
21607 14361
14361 21702
21702 14361
14361 24018
24018 14361
14387 7664
7664 14387
14387 9025
9025 14387
14387 12415
12415 14387
14387 18602
18602 14387
14401 8339
8339 14401
14414 556
556 14414
14414 8116
8116 14414
14469 6049
6049 14469
14469 8072
8072 14469
14583 3591
3591 14583
14583 8334
8334 14583
14583 8417
8417 14583
14583 14583
14583 14583
14595 714
714 14595
14595 2194
2194 14595
14595 3657
3657 14595
14595 4082
4082 14595
14595 5963
5963 14595
14595 6202
6202 14595
14595 8237
8237 14595
14595 8307
8307 14595
14595 10408
10408 14595
14595 14595
14595 14595
14595 15433
15433 14595
14595 16591
16591 14595
14713 6098
6098 14713
14738 1822
1822 14738
14783 14783
14783 14783
14805 5639
5639 14805
14805 7948
7948 14805
14805 8185
8185 14805
14806 23904
23904 14806
14835 1013
1013 14835
14835 4340
4340 14835
14835 7424
7424 14835
14882 14882
14882 14882
14888 22256
22256 14888
14920 427
427 14920
14920 1109
1109 14920
14920 1951
1951 14920
14920 2939
2939 14920
14920 6047
6047 14920
14920 6638
6638 14920
14920 6887
6887 14920
14920 6960
6960 14920
14920 7664
7664 14920
14920 7993
7993 14920
14920 8005
8005 14920
14920 8084
8084 14920
14920 8185
8185 14920
14920 8326
8326 14920
14920 8364
8364 14920
14920 11700
11700 14920
14920 16345
16345 14920
14920 16880
16880 14920
14920 19355
19355 14920
14920 22807
22807 14920
14976 13845
13845 14976
15005 9239
9239 15005
15024 601
601 15024
15057 8159
8159 15057
15116 4154
4154 15116
15116 8402
8402 15116
15229 14224
14224 15229
15277 6845
6845 15277
15332 3765
3765 15332
15433 44
44 15433
15433 714
714 15433
15433 14595
14595 15433
15433 15433
15433 15433
15447 31
31 15447
15447 2361
2361 15447
15447 2467
2467 15447
15447 8108
8108 15447
15447 15447
15447 15447
15447 17880
17880 15447
15447 21079
21079 15447
15447 21919
21919 15447
15450 255
255 15450
15450 2497
2497 15450
15450 2622
2622 15450
15450 3021
3021 15450
15450 5311
5311 15450
15450 5660
5660 15450
15450 6098
6098 15450
15450 8417
8417 15450
15450 15450
15450 15450
15450 16513
16513 15450
15450 21899
21899 15450
15450 22536
22536 15450
15450 23914
23914 15450
15483 4361
4361 15483
15483 15483
15483 15483
15570 6098
6098 15570
15594 8117
8117 15594
15602 3227
3227 15602
15617 1221
1221 15617
15617 3228
3228 15617
15688 671
671 15688
15688 814
814 15688
15688 2549
2549 15688
15688 5358
5358 15688
15688 6049
6049 15688
15688 8051
8051 15688
15688 8347
8347 15688
15688 13383
13383 15688
15688 15688
15688 15688
15698 1503
1503 15698
15698 4482
4482 15698
15698 4556
4556 15698
15698 9005
9005 15698
15698 24734
24734 15698
15755 11861
11861 15755
15814 6008
6008 15814
15814 7424
7424 15814
15935 7616
7616 15935
15935 8056
8056 15935
15935 9239
9239 15935
15935 15935
15935 15935
15935 19946
19946 15935
16018 579
579 16018
16018 2549
2549 16018
16018 3736
3736 16018
16018 8230
8230 16018
16018 8996
8996 16018
16018 9025
9025 16018
16018 13184
13184 16018
16018 16018
16018 16018
16018 17097
17097 16018
16018 21954
21954 16018
16087 7878
7878 16087
16099 4785
4785 16099
16186 194
194 16186
16186 1692
1692 16186
16186 2361
2361 16186
16186 5023
5023 16186
16186 7338
7338 16186
16336 16613
16613 16336
16548 9239
9239 16548
16548 24722
24722 16548
16581 4343
4343 16581
16581 8066
8066 16581
16581 18602
18602 16581
16591 3113
3113 16591
16591 5600
5600 16591
16591 16591
16591 16591
16591 19901
19901 16591
16601 4567
4567 16601
16601 5651
5651 16601
16601 6346
6346 16601
16601 8305
8305 16601
16601 16601
16601 16601
16613 4158
4158 16613
16613 13518
13518 16613
16613 16613
16613 16613
16775 16775
16775 16775
16781 8061
8061 16781
16856 1976
1976 16856
16856 13684
13684 16856
16856 16856
16856 16856
16859 1658
1658 16859
16859 3610
3610 16859
16859 4621
4621 16859
16859 6557
6557 16859
16859 7921
7921 16859
16859 8099
8099 16859
16859 8104
8104 16859
16859 12670
12670 16859
16880 642
642 16880
16880 16880
16880 16880
16880 20892
20892 16880
16892 4829
4829 16892
16892 16892
16892 16892
16895 7919
7919 16895
16895 9842
9842 16895
16900 11503
11503 16900
16909 24518
24518 16909
16976 4242
4242 16976
16976 7698
7698 16976
16976 8049
8049 16976
16976 8306
8306 16976
16976 16601
16601 16976
16976 17801
17801 16976
17013 17013
17013 17013
17041 5310
5310 17041
17041 8341
8341 17041
17058 124
124 17058
17058 2194
2194 17058
17058 6373
6373 17058
17058 10121
10121 17058
17097 16018
16018 17097
17157 579
579 17157
17157 8277
8277 17157
17283 5658
5658 17283
17291 3372
3372 17291
17291 17291
17291 17291
17293 17293
17293 17293
17299 17880
17880 17299
17301 6780
6780 17301
17312 8260
8260 17312
17333 2592
2592 17333
17333 2831
2831 17333
17338 763
763 17338
17338 1913
1913 17338
17338 8182
8182 17338
17349 6098
6098 17349
17349 17349
17349 17349
17454 5971
5971 17454
17475 2361
2361 17475
17568 8316
8316 17568
17576 16892
16892 17576
17675 8224
8224 17675
17706 8361
8361 17706
17706 8381
8381 17706
17729 24445
24445 17729
17732 2549
2549 17732
17830 1503
1503 17830
17830 2486
2486 17830
17830 4242
4242 17830
17830 7211
7211 17830
17830 8053
8053 17830
17830 17830
17830 17830
17830 24722
24722 17830
17840 5299
5299 17840
17840 13019
13019 17840
17840 17840
17840 17840
17840 24037
24037 17840
17843 14224
14224 17843
17843 19946
19946 17843
17880 8065
8065 17880
17880 17880
17880 17880
17892 15450
15450 17892
18034 8262
8262 18034
18034 8370
8370 18034
18034 18602
18602 18034
18056 8107
8107 18056
18056 8339
8339 18056
18056 13969
13969 18056
18169 503
503 18169
18169 7965
7965 18169
18169 8031
8031 18169
18169 8178
8178 18169
18169 8277
8277 18169
18169 8321
8321 18169
18169 9025
9025 18169
18169 9057
9057 18169
18169 14551
14551 18169
18169 17801
17801 18169
18202 18202
18202 18202
18291 9057
9057 18291
18396 11722
11722 18396
18401 255
255 18401
18401 830
830 18401
18401 935
935 18401
18401 1238
1238 18401
18401 1578
1578 18401
18401 6010
6010 18401
18401 8259
8259 18401
18401 18401
18401 18401
18401 18619
18619 18401
18434 14386
14386 18434
18449 5801
5801 18449
18449 8303
8303 18449
18449 24252
24252 18449
18574 434
434 18574
18574 763
763 18574
18574 6747
6747 18574
18574 6836
6836 18574
18574 8031
8031 18574
18574 8152
8152 18574
18574 8390
8390 18574
18574 10121
10121 18574
18574 10554
10554 18574
18574 12720
12720 18574
18574 18574
18574 18574
18602 320
320 18602
18602 510
510 18602
18602 642
642 18602
18602 814
814 18602
18602 830
830 18602
18602 1110
1110 18602
18602 1816
1816 18602
18602 2361
2361 18602
18602 3439
3439 18602
18602 5415
5415 18602
18602 5506
5506 18602
18602 6694
6694 18602
18602 7003
7003 18602
18602 7759
7759 18602
18602 8061
8061 18602
18602 8163
8163 18602
18602 8226
8226 18602
18602 8234
8234 18602
18602 8384
8384 18602
18602 9177
9177 18602
18602 11536
11536 18602
18602 11779
11779 18602
18602 13337
13337 18602
18602 14267
14267 18602
18602 14361
14361 18602
18602 14387
14387 18602
18602 18602
18602 18602
18602 24018
24018 18602
18619 2831
2831 18619
18619 5120
5120 18619
18619 5415
5415 18619
18619 6124
6124 18619
18619 6589
6589 18619
18619 7496
7496 18619
18619 8123
8123 18619
18619 8157
8157 18619
18619 8177
8177 18619
18619 8212
8212 18619
18619 8296
8296 18619
18619 8356
8356 18619
18619 8383
8383 18619
18619 18602
18602 18619
18619 18619
18619 18619
18619 22189
22189 18619
18619 22807
22807 18619
18634 714
714 18634
18684 1578
1578 18684
18689 642
642 18689
18689 1001
1001 18689
18689 1063
1063 18689
18689 2361
2361 18689
18689 2997
2997 18689
18689 3405
3405 18689
18689 3978
3978 18689
18689 5411
5411 18689
18689 5887
5887 18689
18689 5892
5892 18689
18689 6047
6047 18689
18689 7992
7992 18689
18689 8084
8084 18689
18689 8123
8123 18689
18689 8130
8130 18689
18689 8216
8216 18689
18689 8218
8218 18689
18689 8377
8377 18689
18689 15450
15450 18689
18698 642
642 18698
18698 701
701 18698
18698 1951
1951 18698
18698 18698
18698 18698
18764 3101
3101 18764
18764 3610
3610 18764
18764 5971
5971 18764
18764 7878
7878 18764
18764 8248
8248 18764
18764 8351
8351 18764
18940 6836
6836 18940
19059 8995
8995 19059
19059 8996
8996 19059
19059 9057
9057 19059
19059 18619
18619 19059
19062 8175
8175 19062
19087 830
830 19087
19087 1982
1982 19087
19087 6959
6959 19087
19105 5887
5887 19105
19135 9842
9842 19135
19138 992
992 19138
19138 1822
1822 19138
19138 5428
5428 19138
19138 19138
19138 19138
19165 8265
8265 19165
19181 5506
5506 19181
19301 44
44 19301
19301 19301
19301 19301
19301 21240
21240 19301
19328 8174
8174 19328
19355 1221
1221 19355
19355 2462
2462 19355
19355 3674
3674 19355
19355 3777
3777 19355
19355 4242
4242 19355
19355 5299
5299 19355
19355 5311
5311 19355
19355 8141
8141 19355
19355 8991
8991 19355
19355 16601
16601 19355
19355 19355
19355 19355
19379 6747
6747 19379
19421 117
117 19421
19426 4707
4707 19426
19426 5311
5311 19426
19426 6614
6614 19426
19426 7664
7664 19426
19426 8050
8050 19426
19426 8190
8190 19426
19426 14920
14920 19426
19426 19426
19426 19426
19438 255
255 19438
19438 1913
1913 19438
19438 6027
6027 19438
19438 6589
6589 19438
19438 7616
7616 19438
19438 8310
8310 19438
19438 9551
9551 19438
19438 19946
19946 19438
19439 19439
19439 19439
19454 3765
3765 19454
19454 20892
20892 19454
19498 6054
6054 19498
19498 8282
8282 19498
19534 19534
19534 19534
19554 3212
3212 19554
19554 6027
6027 19554
19554 6999
6999 19554
19554 8339
8339 19554
19554 19554
19554 19554
19554 24734
24734 19554
19683 5311
5311 19683
19683 12572
12572 19683
19685 6278
6278 19685
19698 1951
1951 19698
19698 4903
4903 19698
19698 8349
8349 19698
19730 2384
2384 19730
19730 7209
7209 19730
19730 8117
8117 19730
19730 8540
8540 19730
19730 19730
19730 19730
19827 642
642 19827
19866 11657
11657 19866
19870 4242
4242 19870
19870 8305
8305 19870
19870 8393
8393 19870
19871 2831
2831 19871
19871 5980
5980 19871
19871 8178
8178 19871
19871 8540
8540 19871
19901 255
255 19901
19901 642
642 19901
19901 701
701 19901
19901 3777
3777 19901
19901 3950
3950 19901
19901 4121
4121 19901
19901 4667
4667 19901
19901 5178
5178 19901
19901 5311
5311 19901
19901 5411
5411 19901
19901 6027
6027 19901
19901 8019
8019 19901
19901 8031
8031 19901
19901 8101
8101 19901
19901 8178
8178 19901
19901 8261
8261 19901
19901 8263
8263 19901
19901 8370
8370 19901
19901 9057
9057 19901
19901 12473
12473 19901
19901 16345
16345 19901
19901 18602
18602 19901
19901 19901
19901 19901
19901 22536
22536 19901
19901 22598
22598 19901
19901 22807
22807 19901
19901 23795
23795 19901
19904 5506
5506 19904
19915 3009
3009 19915
19938 4154
4154 19938
19938 7878
7878 19938
19938 8107
8107 19938
19938 8389
8389 19938
19938 18764
18764 19938
19938 19938
19938 19938
19946 287
287 19946
19946 1018
1018 19946
19946 19946
19946 19946
19951 19951
19951 19951
19961 5284
5284 19961
20058 6850
6850 20058
20242 833
833 20242
20280 9555
9555 20280
20285 14355
14355 20285
20288 20288
20288 20288
20292 7759
7759 20292
20355 1846
1846 20355
20355 3452
3452 20355
20355 4556
4556 20355
20355 7878
7878 20355
20355 8291
8291 20355
20355 10121
10121 20355
20355 14267
14267 20355
20355 17321
17321 20355
20355 20355
20355 20355
20355 23707
23707 20355
20429 20429
20429 20429
20512 6811
6811 20512
20517 5506
5506 20517
20517 5600
5600 20517
20517 23085
23085 20517
20817 610
610 20817
20817 4242
4242 20817
20817 5178
5178 20817
20817 8031
8031 20817
20817 8151
8151 20817
20817 8263
8263 20817
20817 8303
8303 20817
20817 9549
9549 20817
20817 12720
12720 20817
20817 17880
17880 20817
20817 20817
20817 20817
20817 22598
22598 20817
20817 24018
24018 20817
20883 5881
5881 20883
20884 7965
7965 20884
20884 10253
10253 20884
20884 20884
20884 20884
20892 1728
1728 20892
20892 3921
3921 20892
20892 7936
7936 20892
20892 8298
8298 20892
20892 20892
20892 20892
20907 5120
5120 20907
20907 20907
20907 20907
20970 20970
20970 20970
21020 8130
8130 21020
21079 11669
11669 21079
21079 12135
12135 21079
21079 12482
12482 21079
21079 15447
15447 21079
21079 21079
21079 21079
21079 24313
24313 21079
21089 1318
1318 21089
21089 21089
21089 21089
21110 4743
4743 21110
21110 7176
7176 21110
21110 8293
8293 21110
21110 9025
9025 21110
21110 21110
21110 21110
21194 21194
21194 21194
21213 8201
8201 21213
21213 21213
21213 21213
21240 7794
7794 21240
21240 8104
8104 21240
21240 8232
8232 21240
21240 8241
8241 21240
21240 13518
13518 21240
21240 19301
19301 21240
21240 20288
20288 21240
21240 21240
21240 21240
21336 17349
17349 21336
21356 1430
1430 21356
21457 21457
21457 21457
21607 2361
2361 21607
21607 8257
8257 21607
21607 14361
14361 21607
21607 21607
21607 21607
21607 23348
23348 21607
21699 671
671 21699
21699 701
701 21699
21699 906
906 21699
21699 1982
1982 21699
21699 2048
2048 21699
21699 3921
3921 21699
21699 3950
3950 21699
21699 4356
4356 21699
21699 4707
4707 21699
21699 5186
5186 21699
21699 5278
5278 21699
21699 5411
5411 21699
21699 5629
5629 21699
21699 6167
6167 21699
21699 7137
7137 21699
21699 7470
7470 21699
21699 7531
7531 21699
21699 7664
7664 21699
21699 8078
8078 21699
21699 8152
8152 21699
21699 8288
8288 21699
21699 8313
8313 21699
21699 8326
8326 21699
21699 9025
9025 21699
21699 9239
9239 21699
21699 11698
11698 21699
21699 13191
13191 21699
21699 13297
13297 21699
21699 14387
14387 21699
21699 18698
18698 21699
21699 19901
19901 21699
21699 20892
20892 21699
21699 21699
21699 21699
21699 22189
22189 21699
21699 22341
22341 21699
21699 23473
23473 21699
21699 23535
23535 21699
21699 24409
24409 21699
21699 24675
24675 21699
21702 155
155 21702
21702 14361
14361 21702
21702 21702
21702 21702
21786 2592
2592 21786
21786 2831
2831 21786
21786 4018
4018 21786
21786 4340
4340 21786
21786 5358
5358 21786
21786 6278
6278 21786
21786 7936
7936 21786
21786 8031
8031 21786
21786 8232
8232 21786
21786 21786
21786 21786
21800 19454
19454 21800
21876 2387
2387 21876
21878 19946
19946 21878
21878 22276
22276 21878
21881 24448
24448 21881
21884 13191
13191 21884
21884 21884
21884 21884
21899 5310
5310 21899
21899 5971
5971 21899
21899 6098
6098 21899
21899 9549
9549 21899
21899 21899
21899 21899
21913 275
275 21913
21913 7478
7478 21913
21913 21913
21913 21913
21917 21917
21917 21917
21919 15447
15447 21919
21919 21919
21919 21919
21926 876
876 21926
21926 24675
24675 21926
21927 21927
21927 21927
21954 2997
2997 21954
21954 5600
5600 21954
21954 6098
6098 21954
21954 7478
7478 21954
21954 8031
8031 21954
21954 8221
8221 21954
21954 8260
8260 21954
21954 12279
12279 21954
21954 12473
12473 21954
21954 15450
15450 21954
21954 16018
16018 21954
21954 19946
19946 21954
21954 21954
21954 21954
22134 6522
6522 22134
22208 8093
8093 22208
22214 5144
5144 22214
22221 22221
22221 22221
22276 1951
1951 22276
22276 2239
2239 22276
22276 5980
5980 22276
22276 6124
6124 22276
22276 6278
6278 22276
22276 6589
6589 22276
22276 7872
7872 22276
22276 12135
12135 22276
22276 18602
18602 22276
22276 22221
22221 22276
22276 22276
22276 22276
22283 2920
2920 22283
22283 6589
6589 22283
22283 7211
7211 22283
22283 8306
8306 22283
22283 13969
13969 22283
22283 18602
18602 22283
22283 22283
22283 22283
22341 2384
2384 22341
22341 22341
22341 22341
22513 3449
3449 22513
22513 4361
4361 22513
22513 4482
4482 22513
22513 7338
7338 22513
22513 7779
7779 22513
22513 7905
7905 22513
22513 8116
8116 22513
22513 8253
8253 22513
22513 10168
10168 22513
22513 12572
12572 22513
22513 15450
15450 22513
22513 18619
18619 22513
22513 22513
22513 22513
22513 24150
24150 22513
22513 24445
24445 22513
22536 7709
7709 22536
22592 7709
7709 22592
22598 644
644 22598
22598 6167
6167 22598
22598 20355
20355 22598
22598 22598
22598 22598
22708 5414
5414 22708
22807 5415
5415 22807
22807 8370
8370 22807
22807 18619
18619 22807
22807 22807
22807 22807
22882 6478
6478 22882
22882 8048
8048 22882
22882 8123
8123 22882
22882 8130
8130 22882
22882 8370
8370 22882
23085 23085
23085 23085
23348 155
155 23348
23348 642
642 23348
23348 701
701 23348
23348 830
830 23348
23348 966
966 23348
23348 1312
1312 23348
23348 1846
1846 23348
23348 1865
1865 23348
23348 2467
2467 23348
23348 3101
3101 23348
23348 5333
5333 23348
23348 5414
5414 23348
23348 5600
5600 23348
23348 6027
6027 23348
23348 6896
6896 23348
23348 7238
7238 23348
23348 7265
7265 23348
23348 7635
7635 23348
23348 7872
7872 23348
23348 8086
8086 23348
23348 8106
8106 23348
23348 8311
8311 23348
23348 8370
8370 23348
23348 8385
8385 23348
23348 9025
9025 23348
23348 9911
9911 23348
23348 13930
13930 23348
23348 14361
14361 23348
23348 17321
17321 23348
23348 19426
19426 23348
23348 20318
20318 23348
23348 21089
21089 23348
23348 21110
21110 23348
23348 21607
21607 23348
23348 23348
23348 23348
23348 24033
24033 23348
23348 24518
24518 23348
23348 24568
24568 23348
23473 2736
2736 23473
23535 23535
23535 23535
23707 4683
4683 23707
23707 7442
7442 23707
23707 8381
8381 23707
23707 22807
22807 23707
23707 23707
23707 23707
23744 2239
2239 23744
23744 13337
13337 23744
23744 23744
23744 23744
23921 287
287 23921
23921 935
935 23921
23921 7664
7664 23921
23927 8270
8270 23927
23933 830
830 23933
23933 3153
3153 23933
23933 8259
8259 23933
23933 8278
8278 23933
23933 8311
8311 23933
23933 18401
18401 23933
23933 23348
23348 23933
23933 23933
23933 23933
23996 8113
8113 23996
24029 8061
8061 24029
24033 642
642 24033
24033 1846
1846 24033
24033 5333
5333 24033
24033 5414
5414 24033
24033 5506
5506 24033
24033 6589
6589 24033
24033 7918
7918 24033
24033 8123
8123 24033
24033 18602
18602 24033
24033 19439
19439 24033
24033 24033
24033 24033
24108 833
833 24108
24108 7055
7055 24108
24108 8116
8116 24108
24133 8268
8268 24133
24133 11955
11955 24133
24150 1846
1846 24150
24150 3405
3405 24150
24150 4146
4146 24150
24150 8157
8157 24150
24150 24150
24150 24150
24156 5506
5506 24156
24156 24156
24156 24156
24157 24157
24157 24157
24167 11657
11657 24167
24167 12670
12670 24167
24191 8368
8368 24191
24206 3172
3172 24206
24206 24206
24206 24206
24224 5132
5132 24224
24224 5516
5516 24224
24224 8058
8058 24224
24224 24224
24224 24224
24226 984
984 24226
24226 1312
1312 24226
24226 2387
2387 24226
24226 6124
6124 24226
24226 7003
7003 24226
24226 22221
22221 24226
24250 642
642 24250
24250 5506
5506 24250
24250 8229
8229 24250
24250 24250
24250 24250
24252 642
642 24252
24252 701
701 24252
24252 1013
1013 24252
24252 1296
1296 24252
24252 2831
2831 24252
24252 3782
3782 24252
24252 4340
4340 24252
24252 5600
5600 24252
24252 5971
5971 24252
24252 6047
6047 24252
24252 7878
7878 24252
24252 8066
8066 24252
24252 10566
10566 24252
24252 13383
13383 24252
24252 13535
13535 24252
24252 17321
17321 24252
24252 17880
17880 24252
24252 19355
19355 24252
24252 19871
19871 24252
24252 24252
24252 24252
24304 16892
16892 24304
24304 24304
24304 24304
24313 24313
24313 24313
24351 8292
8292 24351
24393 3101
3101 24393
24393 4785
4785 24393
24393 5534
5534 24393
24393 8065
8065 24393
24393 14355
14355 24393
24393 22276
22276 24393
24393 24393
24393 24393
24404 8275
8275 24404
24409 701
701 24409
24409 1951
1951 24409
24409 7664
7664 24409
24409 8364
8364 24409
24409 18602
18602 24409
24409 24409
24409 24409
24442 5052
5052 24442
24442 5311
5311 24442
24448 5430
5430 24448
24448 8205
8205 24448
24448 8234
8234 24448
24448 21881
21881 24448
24452 7933
7933 24452
24452 8234
8234 24452
24452 8345
8345 24452
24452 24452
24452 24452
24460 24460
24460 24460
24474 3349
3349 24474
24474 9025
9025 24474
24483 714
714 24483
24483 7921
7921 24483
24492 572
572 24492
24492 1740
1740 24492
24492 9368
9368 24492
24518 6694
6694 24518
24518 6961
6961 24518
24518 7942
7942 24518
24518 16909
16909 24518
24518 18602
18602 24518
24518 24518
24518 24518
24520 24520
24520 24520
24555 465
465 24555
24555 5162
5162 24555
24555 8168
8168 24555
24555 24555
24555 24555
24568 8172
8172 24568
24568 23348
23348 24568
24570 7656
7656 24570
24570 7935
7935 24570
24570 24570
24570 24570
24579 255
255 24579
24579 3143
3143 24579
24579 9551
9551 24579
24601 1951
1951 24601
24601 7137
7137 24601
24601 8095
8095 24601
24640 830
830 24640
24682 13518
13518 24682
24707 2592
2592 24707
24707 8031
8031 24707
24707 8066
8066 24707
24710 1221
1221 24710
24710 8116
8116 24710
24710 24710
24710 24710
24722 7211
7211 24722
24722 16548
16548 24722
24722 24722
24722 24722
24734 1716
1716 24734
24734 13969
13969 24734
24734 19554
19554 24734
