7 7
7 7
20 20
20 20
20 642
642 20
20 3113
3113 20
20 7743
7743 20
20 9239
9239 20
21 935
935 21
21 3337
3337 21
21 7759
7759 21
43 19059
19059 43
97 12063
12063 97
155 3528
3528 155
155 5946
5946 155
155 6666
6666 155
213 4343
4343 213
213 5178
5178 213
213 10603
10603 213
213 11313
11313 213
213 11960
11960 213
213 12052
12052 213
213 12058
12058 213
213 12114
12114 213
213 12154
12154 213
213 14691
14691 213
215 4343
4343 215
223 929
929 223
223 1582
1582 223
231 231
231 231
231 280
280 231
231 4769
4769 231
231 5600
5600 231
231 6735
6735 231
231 8944
8944 231
231 10000
10000 231
231 11906
11906 231
231 12220
12220 231
231 12266
12266 231
231 12281
12281 231
231 12287
12287 231
231 12299
12299 231
231 13141
13141 231
231 17675
17675 231
231 19432
19432 231
231 20783
20783 231
252 252
252 252
252 9292
9292 252
252 9853
9853 252
252 11929
11929 252
252 13141
13141 252
252 14976
14976 252
252 20892
20892 252
252 24707
24707 252
253 253
253 253
253 8935
8935 253
255 255
255 255
255 1913
1913 255
255 5677
5677 255
255 5892
5892 255
255 5946
5946 255
255 8107
8107 255
255 9177
9177 255
255 12062
12062 255
255 12163
12163 255
255 12164
12164 255
255 12900
12900 255
255 20783
20783 255
271 271
271 271
271 3292
3292 271
271 6851
6851 271
280 1741
1741 280
280 12282
12282 280
285 285
285 285
285 1312
1312 285
285 6666
6666 285
285 16591
16591 285
287 20
20 287
287 287
287 287
287 4343
4343 287
287 9957
9957 287
287 10837
10837 287
287 11357
11357 287
287 11824
11824 287
287 11913
11913 287
287 12028
12028 287
287 12241
12241 287
287 12247
12247 287
287 12252
12252 287
287 13211
13211 287
287 24692
24692 287
309 11906
11906 309
320 20
20 320
320 320
320 320
320 9239
9239 320
320 10603
10603 320
320 11999
11999 320
335 3528
3528 335
337 11715
11715 337
343 12475
12475 343
344 22745
22745 344
348 11929
11929 348
349 21240
21240 349
370 370
370 370
386 1382
1382 386
386 5152
5152 386
386 6557
6557 386
386 12015
12015 386
386 18602
18602 386
412 642
642 412
412 11920
11920 412
412 12251
12251 412
438 438
438 438
438 11378
11378 438
438 12402
12402 438
441 441
441 441
496 496
496 496
524 524
524 524
524 13191
13191 524
524 14853
14853 524
560 12122
12122 560
560 14920
14920 560
570 1632
1632 570
596 642
642 596
596 10279
10279 596
596 11814
11814 596
596 12310
12310 596
623 13969
13969 623
630 630
630 630
630 4920
4920 630
642 20
20 642
642 642
642 642
642 1001
1001 642
642 1235
1235 642
642 1369
1369 642
642 1546
1546 642
642 1639
1639 642
642 1842
1842 642
642 1846
1846 642
642 2048
2048 642
642 2158
2158 642
642 2497
2497 642
642 2845
2845 642
642 3995
3995 642
642 4242
4242 642
642 4343
4343 642
642 4450
4450 642
642 4738
4738 642
642 5010
5010 642
642 5697
5697 642
642 6124
6124 642
642 6598
6598 642
642 7266
7266 642
642 7268
7268 642
642 8655
8655 642
642 8935
8935 642
642 9239
9239 642
642 9275
9275 642
642 9862
9862 642
642 9933
9933 642
642 9957
9957 642
642 10377
10377 642
642 10410
10410 642
642 10627
10627 642
642 11043
11043 642
642 11527
11527 642
642 11660
11660 642
642 11767
11767 642
642 11814
11814 642
642 11916
11916 642
642 12013
12013 642
642 12024
12024 642
642 12037
12037 642
642 12045
12045 642
642 12065
12065 642
642 12089
12089 642
642 12093
12093 642
642 12154
12154 642
642 12163
12163 642
642 12203
12203 642
642 12277
12277 642
642 12301
12301 642
642 12331
12331 642
642 12357
12357 642
642 12463
12463 642
642 12468
12468 642
642 12498
12498 642
642 12500
12500 642
642 12501
12501 642
642 12503
12503 642
642 12789
12789 642
642 13383
13383 642
642 14387
14387 642
642 14691
14691 642
642 18602
18602 642
642 19149
19149 642
642 20355
20355 642
642 24293
24293 642
642 24385
24385 642
642 24519
24519 642
642 24692
24692 642
642 24710
24710 642
644 644
644 644
644 935
935 644
644 4280
4280 644
644 4920
4920 644
644 11378
11378 644
644 11850
11850 644
644 19685
19685 644
648 648
648 648
662 662
662 662
662 5307
5307 662
666 9020
9020 666
701 287
287 701
701 701
701 701
701 1010
1010 701
701 3292
3292 701
701 4732
4732 701
701 4903
4903 701
701 5325
5325 701
701 7642
7642 701
701 8858
8858 701
701 9853
9853 701
701 9957
9957 701
701 10279
10279 701
701 11938
11938 701
701 12028
12028 701
701 12039
12039 701
701 12281
12281 701
701 12424
12424 701
701 12442
12442 701
701 22598
22598 701
726 5604
5604 726
728 728
728 728
745 745
745 745
745 9581
9581 745
745 10522
10522 745
776 833
833 776
776 1740
1740 776
776 12013
12013 776
782 782
782 782
782 6047
6047 782
782 7960
7960 782
782 9239
9239 782
782 11765
11765 782
782 12203
12203 782
804 804
804 804
804 3921
3921 804
804 4567
4567 804
804 4920
4920 804
804 6735
6735 804
804 9057
9057 804
804 10410
10410 804
804 11048
11048 804
804 12013
12013 804
804 15594
15594 804
804 19554
19554 804
804 23782
23782 804
804 24518
24518 804
814 814
814 814
830 830
830 830
830 5115
5115 830
830 5178
5178 830
830 11899
11899 830
830 11961
11961 830
830 11982
11982 830
830 12063
12063 830
830 12161
12161 830
830 12196
12196 830
830 14414
14414 830
830 14835
14835 830
830 14853
14853 830
830 16018
16018 830
831 9957
9957 831
833 833
833 833
833 6811
6811 833
833 10410
10410 833
833 12310
12310 833
833 18602
18602 833
858 8632
8632 858
866 642
642 866
866 866
866 866
866 6247
6247 866
866 12156
12156 866
876 9057
9057 876
876 12169
12169 876
876 15729
15729 876
876 15755
15755 876
876 16018
16018 876
876 19059
19059 876
906 5834
5834 906
906 9978
9978 906
906 12122
12122 906
929 213
213 929
929 929
929 929
929 1346
1346 929
929 1582
1582 929
929 2384
2384 929
929 5178
5178 929
929 8557
8557 929
929 9025
9025 929
929 12169
12169 929
929 12371
12371 929
929 12427
12427 929
929 18034
18034 929
935 935
935 935
935 4343
4343 935
935 7851
7851 935
935 8364
8364 935
935 9232
9232 935
935 11929
11929 935
935 12123
12123 935
935 12165
12165 935
935 12377
12377 935
935 18619
18619 935
947 947
947 947
947 3055
3055 947
947 7338
7338 947
947 15406
15406 947
976 976
976 976
976 6874
6874 976
1010 701
701 1010
1010 1010
1010 1010
1013 1013
1013 1013
1013 1312
1312 1013
1013 2592
2592 1013
1013 8548
8548 1013
1013 9126
9126 1013
1013 9239
9239 1013
1013 9697
9697 1013
1013 11527
11527 1013
1013 12053
12053 1013
1013 12239
12239 1013
1013 12370
12370 1013
1013 12665
12665 1013
1013 12789
12789 1013
1013 14453
14453 1013
1013 24707
24707 1013
1018 11975
11975 1018
1018 12015
12015 1018
1018 12109
12109 1018
1018 15406
15406 1018
1050 20917
20917 1050
1096 8996
8996 1096
1105 271
271 1105
1105 833
833 1105
1105 1105
1105 1105
1105 1486
1486 1105
1105 2592
2592 1105
1105 4242
4242 1105
1105 5072
5072 1105
1105 7213
7213 1105
1105 7699
7699 1105
1105 8107
8107 1105
1105 8632
8632 1105
1105 12026
12026 1105
1105 12088
12088 1105
1105 12438
12438 1105
1105 12789
12789 1105
1105 13694
13694 1105
1105 14835
14835 1105
1105 22276
22276 1105
1105 22341
22341 1105
1116 0
0 1116
1116 1116
1116 1116
1116 4029
4029 1116
1116 9140
9140 1116
1116 11082
11082 1116
1116 12048
12048 1116
1116 12201
12201 1116
1116 12302
12302 1116
1116 12345
12345 1116
1116 12388
12388 1116
1116 13406
13406 1116
1137 97
97 1137
1137 1137
1137 1137
1137 1547
1547 1137
1137 2024
2024 1137
1137 3679
3679 1137
1137 5115
5115 1137
1137 5152
5152 1137
1137 7305
7305 1137
1137 7516
7516 1137
1137 7759
7759 1137
1137 8317
8317 1137
1137 9551
9551 1137
1137 10573
10573 1137
1137 11698
11698 1137
1137 12023
12023 1137
1137 12039
12039 1137
1137 14853
14853 1137
1137 15251
15251 1137
1140 1140
1140 1140
1140 16581
16581 1140
1153 5887
5887 1153
1158 1158
1158 1158
1158 12377
12377 1158
1158 12492
12492 1158
1197 6437
6437 1197
1204 13191
13191 1204
1215 642
642 1215
1215 1547
1547 1215
1215 9275
9275 1215
1215 18602
18602 1215
1215 21881
21881 1215
1221 10136
10136 1221
1221 12370
12370 1221
1221 14691
14691 1221
1221 17675
17675 1221
1221 24710
24710 1221
1230 12109
12109 1230
1235 642
642 1235
1235 1235
1235 1235
1235 12152
12152 1235
1244 2158
2158 1244
1244 9293
9293 1244
1244 10837
10837 1244
1244 11522
11522 1244
1244 11929
11929 1244
1244 12164
12164 1244
1244 12241
12241 1244
1264 1264
1264 1264
1264 24555
24555 1264
1312 1013
1013 1312
1312 1312
1312 1312
1312 2592
2592 1312
1312 8935
8935 1312
1312 9978
9978 1312
1312 10811
10811 1312
1312 12053
12053 1312
1312 19871
19871 1312
1312 24409
24409 1312
1313 5892
5892 1313
1313 8421
8421 1313
1346 929
929 1346
1346 1346
1346 1346
1346 2384
2384 1346
1346 4343
4343 1346
1346 12063
12063 1346
1369 1369
1369 1369
1382 1382
1382 1382
1382 8321
8321 1382
1382 9573
9573 1382
1393 1393
1393 1393
1393 1538
1538 1393
1393 6937
6937 1393
1393 9297
9297 1393
1393 12260
12260 1393
1403 642
642 1403
1403 12205
12205 1403
1407 4920
4920 1407
1407 7410
7410 1407
1430 1430
1430 1430
1430 1913
1913 1430
1430 5178
5178 1430
1430 5834
5834 1430
1430 6735
6735 1430
1430 11986
11986 1430
1430 12176
12176 1430
1430 12191
12191 1430
1430 12220
12220 1430
1430 19059
19059 1430
1430 19901
19901 1430
1441 11256
11256 1441
1486 1486
1486 1486
1486 19355
19355 1486
1495 285
285 1495
1495 11929
11929 1495
1495 12260
12260 1495
1538 1538
1538 1538
1538 3607
3607 1538
1538 6937
6937 1538
1538 7924
7924 1538
1538 8996
8996 1538
1538 9109
9109 1538
1538 9140
9140 1538
1538 12078
12078 1538
1538 12097
12097 1538
1538 12302
12302 1538
1538 12305
12305 1538
1538 12326
12326 1538
1538 12327
12327 1538
1538 13141
13141 1538
1538 13608
13608 1538
1538 19177
19177 1538
1538 19432
19432 1538
1546 1546
1546 1546
1546 5115
5115 1546
1547 7
7 1547
1547 1137
1137 1547
1547 1215
1215 1547
1547 1547
1547 1547
1547 4242
4242 1547
1547 5112
5112 1547
1547 7305
7305 1547
1547 8102
8102 1547
1547 9297
9297 1547
1547 10202
10202 1547
1547 12194
12194 1547
1547 13969
13969 1547
1547 16637
16637 1547
1547 19059
19059 1547
1547 21213
21213 1547
1547 21884
21884 1547
1547 24508
24508 1547
1581 19901
19901 1581
1582 1582
1582 1582
1582 5178
5178 1582
1582 6247
6247 1582
1582 7566
7566 1582
1582 12789
12789 1582
1582 17157
17157 1582
1582 18034
18034 1582
1621 285
285 1621
1621 1621
1621 1621
1632 1632
1632 1632
1632 2158
2158 1632
1632 5769
5769 1632
1632 5892
5892 1632
1632 7648
7648 1632
1632 11885
11885 1632
1632 12171
12171 1632
1632 12393
12393 1632
1632 12503
12503 1632
1632 20512
20512 1632
1633 12001
12001 1633
1639 642
642 1639
1639 1639
1639 1639
1658 1658
1658 1658
1658 1740
1740 1658
1658 5107
5107 1658
1658 7213
7213 1658
1658 7648
7648 1658
1658 10156
10156 1658
1658 11313
11313 1658
1658 11951
11951 1658
1658 12088
12088 1658
1658 12158
12158 1658
1658 12486
12486 1658
1658 18940
18940 1658
1658 22513
22513 1658
1676 9256
9256 1676
1740 1658
1658 1740
1740 1740
1740 1740
1740 2352
2352 1740
1740 5345
5345 1740
1740 7682
7682 1740
1740 8598
8598 1740
1740 9256
9256 1740
1740 11048
11048 1740
1740 11765
11765 1740
1740 11978
11978 1740
1740 12058
12058 1740
1740 12088
12088 1740
1740 12110
12110 1740
1740 12115
12115 1740
1740 12304
12304 1740
1740 12373
12373 1740
1740 12420
12420 1740
1740 12450
12450 1740
1740 12670
12670 1740
1740 12789
12789 1740
1740 13518
13518 1740
1740 15406
15406 1740
1740 16613
16613 1740
1740 21240
21240 1740
1741 280
280 1741
1741 947
947 1741
1741 1741
1741 1741
1741 4667
4667 1741
1741 5409
5409 1741
1741 5677
5677 1741
1741 6602
6602 1741
1741 8102
8102 1741
1741 8670
8670 1741
1741 9306
9306 1741
1741 10603
10603 1741
1741 11429
11429 1741
1741 12022
12022 1741
1741 14691
14691 1741
1741 18472
18472 1741
1741 24157
24157 1741
1784 7696
7696 1784
1788 10469
10469 1788
1788 11378
11378 1788
1842 642
642 1842
1842 1842
1842 1842
1842 4829
4829 1842
1842 5946
5946 1842
1842 13099
13099 1842
1846 194
194 1846
1846 1221
1221 1846
1846 1846
1846 1846
1846 2609
2609 1846
1846 2733
2733 1846
1846 3055
3055 1846
1846 3172
3172 1846
1846 3667
3667 1846
1846 4450
4450 1846
1846 5946
5946 1846
1846 8184
8184 1846
1846 8858
8858 1846
1846 8935
8935 1846
1846 9025
9025 1846
1846 10429
10429 1846
1846 11166
11166 1846
1846 11814
11814 1846
1846 11916
11916 1846
1846 12024
12024 1846
1846 12342
12342 1846
1846 12487
12487 1846
1846 18602
18602 1846
1846 20355
20355 1846
1846 20892
20892 1846
1846 22765
22765 1846
1846 24692
24692 1846
1861 19059
19059 1861
1899 6995
6995 1899
1899 8993
8993 1899
1899 11579
11579 1899
1913 1913
1913 1913
1913 2184
2184 1913
1913 5115
5115 1913
1913 5834
5834 1913
1913 6598
6598 1913
1913 8421
8421 1913
1913 10522
10522 1913
1913 12037
12037 1913
1913 12110
12110 1913
1913 12122
12122 1913
1913 15309
15309 1913
1913 18602
18602 1913
1913 22651
22651 1913
1921 1921
1921 1921
1934 1312
1312 1934
1934 1934
1934 1934
1951 4055
4055 1951
1951 9957
9957 1951
1951 12135
12135 1951
1951 12386
12386 1951
1951 12398
12398 1951
1951 18602
18602 1951
1971 1971
1971 1971
2014 5887
5887 2014
2014 11843
11843 2014
2018 2018
2018 2018
2018 8995
8995 2018
2018 17675
17675 2018
2024 2024
2024 2024
2036 12442
12442 2036
2069 2069
2069 2069
2069 4154
4154 2069
2069 24492
24492 2069
2086 11874
11874 2086
2096 4242
4242 2096
2134 285
285 2134
2134 1842
1842 2134
2134 2134
2134 2134
2134 2388
2388 2134
2134 8421
8421 2134
2134 9957
9957 2134
2134 11662
11662 2134
2134 11843
11843 2134
2134 12414
12414 2134
2134 13027
13027 2134
2134 13694
13694 2134
2134 14691
14691 2134
2134 18602
18602 2134
2134 24150
24150 2134
2134 24451
24451 2134
2148 5539
5539 2148
2158 1632
1632 2158
2158 2158
2158 2158
2158 2591
2591 2158
2158 12135
12135 2158
2158 22598
22598 2158
2194 1913
1913 2194
2194 2024
2024 2194
2194 2158
2158 2194
2194 2194
2194 2194
2194 2388
2388 2194
2194 2956
2956 2194
2194 3172
3172 2194
2194 3997
3997 2194
2194 4055
4055 2194
2194 4667
4667 2194
2194 5261
5261 2194
2194 5660
5660 2194
2194 5892
5892 2194
2194 8421
8421 2194
2194 8858
8858 2194
2194 10000
10000 2194
2194 10156
10156 2194
2194 10469
10469 2194
2194 10573
10573 2194
2194 10603
10603 2194
2194 11507
11507 2194
2194 11703
11703 2194
2194 11765
11765 2194
2194 11881
11881 2194
2194 11929
11929 2194
2194 11984
11984 2194
2194 12010
12010 2194
2194 12050
12050 2194
2194 12052
12052 2194
2194 12059
12059 2194
2194 12135
12135 2194
2194 14805
14805 2194
2194 19730
19730 2194
2194 20512
20512 2194
2194 21328
21328 2194
2194 23235
23235 2194
2197 253
253 2197
2197 1846
1846 2197
2197 2036
2036 2197
2197 2197
2197 2197
2197 2487
2487 2197
2197 2997
2997 2197
2197 4683
4683 2197
2197 5946
5946 2197
2197 6247
6247 2197
2197 6735
6735 2197
2197 6975
6975 2197
2197 8421
8421 2197
2197 8710
8710 2197
2197 8858
8858 2197
2197 10935
10935 2197
2197 11819
11819 2197
2197 12427
12427 2197
2197 12441
12441 2197
2197 12484
12484 2197
2197 13969
13969 2197
2197 20355
20355 2197
2197 22283
22283 2197
2218 2218
2218 2218
2218 3997
3997 2218
2225 16601
16601 2225
2225 16859
16859 2225
2304 12269
12269 2304
2307 2592
2592 2307
2307 4683
4683 2307
2307 8364
8364 2307
2307 19427
19427 2307
2329 14583
14583 2329
2352 2352
2352 2352
2352 2997
2997 2352
2352 12013
12013 2352
2361 11357
11357 2361
2384 929
929 2384
2384 2384
2384 2384
2384 4343
4343 2384
2384 9057
9057 2384
2384 11861
11861 2384
2384 12486
12486 2384
2384 14094
14094 2384
2384 22513
22513 2384
2386 12310
12310 2386
2387 623
623 2387
2388 2388
2388 2388
2388 8421
8421 2388
2411 285
285 2411
2411 1010
1010 2411
2411 1913
1913 2411
2411 14403
14403 2411
2413 1403
1403 2413
2413 8935
8935 2413
2413 24182
24182 2413
2416 2416
2416 2416
2442 370
370 2442
2442 2442
2442 2442
2442 12048
12048 2442
2442 12195
12195 2442
2467 6557
6557 2467
2487 1486
1486 2487
2487 1846
1846 2487
2487 2487
2487 2487
2487 3921
3921 2487
2487 6851
6851 2487
2487 8710
8710 2487
2487 8858
8858 2487
2487 20355
20355 2487
2491 17840
17840 2491
2497 947
947 2497
2497 1846
1846 2497
2497 1913
1913 2497
2497 2497
2497 2497
2497 2609
2609 2497
2497 3049
3049 2497
2497 3540
3540 2497
2497 5115
5115 2497
2497 5178
5178 2497
2497 5409
5409 2497
2497 10603
10603 2497
2497 11938
11938 2497
2497 12136
12136 2497
2497 12184
12184 2497
2497 12280
12280 2497
2497 12348
12348 2497
2497 12401
12401 2497
2497 12414
12414 2497
2497 12441
12441 2497
2497 12500
12500 2497
2499 3987
3987 2499
2508 285
285 2508
2508 12216
12216 2508
2508 12477
12477 2508
2508 12507
12507 2508
2508 18602
18602 2508
2581 6851
6851 2581
2591 10603
10603 2591
2592 745
745 2592
2592 814
814 2592
2592 1105
1105 2592
2592 1546
1546 2592
2592 1913
1913 2592
2592 2592
2592 2592
2592 4405
4405 2592
2592 5369
5369 2592
2592 5658
5658 2592
2592 6598
6598 2592
2592 6874
6874 2592
2592 9275
9275 2592
2592 10356
10356 2592
2592 10627
10627 2592
2592 11357
11357 2592
2592 11552
11552 2592
2592 12008
12008 2592
2592 12017
12017 2592
2592 12114
12114 2592
2592 12136
12136 2592
2592 12163
12163 2592
2592 12501
12501 2592
2592 12503
12503 2592
2592 18602
18602 2592
2592 19149
19149 2592
2592 22276
22276 2592
2592 23782
23782 2592
2592 24692
24692 2592
2594 8846
8846 2594
2609 2609
2609 2609
2629 2629
2629 2629
2629 12064
12064 2629
2629 12281
12281 2629
2633 12440
12440 2633
2736 2736
2736 2736
2736 6851
6851 2736
2736 12210
12210 2736
2736 12402
12402 2736
2748 4844
4844 2748
2794 2794
2794 2794
2794 19901
19901 2794
2797 22341
22341 2797
2831 2831
2831 2831
2831 5010
5010 2831
2831 11929
11929 2831
2831 12403
12403 2831
2845 574
574 2845
2845 642
642 2845
2845 2845
2845 2845
2845 9957
9957 2845
2845 11187
11187 2845
2845 14583
14583 2845
2872 3055
3055 2872
2872 12000
12000 2872
2938 2938
2938 2938
2948 2948
2948 2948
2953 1632
1632 2953
2953 2158
2158 2953
2953 7648
7648 2953
2997 1486
1486 2997
2997 2352
2352 2997
2997 2997
2997 2997
2997 3607
3607 2997
2997 4769
4769 2997
2997 6047
6047 2997
2997 7696
7696 2997
2997 7893
7893 2997
2997 10627
10627 2997
2997 11517
11517 2997
2997 12037
12037 2997
2997 12174
12174 2997
2997 12354
12354 2997
3007 3007
3007 3007
3047 13065
13065 3047
3049 1913
1913 3049
3049 3049
3049 3049
3049 3704
3704 3049
3049 3714
3714 3049
3049 10603
10603 3049
3049 11843
11843 3049
3049 12317
12317 3049
3055 3055
3055 3055
3055 8996
8996 3055
3072 3072
3072 3072
3101 12451
12451 3101
3113 20
20 3113
3113 3113
3113 3113
3113 11938
11938 3113
3113 12164
12164 3113
3113 12327
12327 3113
3113 18602
18602 3113
3113 18619
18619 3113
3123 3123
3123 3123
3130 2487
2487 3130
3130 12280
12280 3130
3130 12409
12409 3130
3153 3153
3153 3153
3172 287
287 3172
3172 642
642 3172
3172 2194
2194 3172
3172 3172
3172 3172
3172 3921
3921 3172
3172 4343
4343 3172
3172 4607
4607 3172
3172 5178
5178 3172
3172 5946
5946 3172
3172 8935
8935 3172
3172 10598
10598 3172
3172 11965
11965 3172
3172 12031
12031 3172
3172 12125
12125 3172
3172 12207
12207 3172
3172 12264
12264 3172
3172 12328
12328 3172
3172 16018
16018 3172
3172 20673
20673 3172
3172 21954
21954 3172
3227 6545
6545 3227
3227 12171
12171 3227
3227 15594
15594 3227
3229 3229
3229 3229
3291 11379
11379 3291
3291 21854
21854 3291
3292 271
271 3292
3293 13969
13969 3293
3293 15161
15161 3293
3328 10236
10236 3328
3328 10474
10474 3328
3337 3337
3337 3337
3337 5311
5311 3337
3337 5887
5887 3337
3337 7478
7478 3337
3337 13694
13694 3337
3337 15282
15282 3337
3348 3348
3348 3348
3363 231
231 3363
3397 54
54 3397
3420 14094
14094 3420
3420 19059
19059 3420
3425 4450
4450 3425
3425 11342
11342 3425
3449 12136
12136 3449
3506 3506
3506 3506
3506 7338
7338 3506
3506 12048
12048 3506
3528 947
947 3528
3528 3528
3528 3528
3528 4667
4667 3528
3528 7338
7338 3528
3528 9232
9232 3528
3528 11743
11743 3528
3528 12299
12299 3528
3528 12310
12310 3528
3528 21213
21213 3528
3607 979
979 3607
3607 2997
2997 3607
3607 3607
3607 3607
3607 6811
6811 3607
3607 7152
7152 3607
3607 8421
8421 3607
3607 13343
13343 3607
3607 20917
20917 3607
3607 21306
21306 3607
3620 10356
10356 3620
3620 11786
11786 3620
3679 1137
1137 3679
3679 14805
14805 3679
3705 12037
12037 3705
3714 255
255 3714
3714 3714
3714 3714
3714 5892
5892 3714
3714 8421
8421 3714
3714 9057
9057 3714
3714 20058
20058 3714
3725 0
0 3725
3757 1921
1921 3757
3757 3757
3757 3757
3757 10544
10544 3757
3757 20892
20892 3757
3760 3760
3760 3760
3760 24675
24675 3760
3771 2831
2831 3771
3805 12310
12310 3805
3824 7696
7696 3824
3824 20892
20892 3824
3834 17824
17824 3834
3843 11703
11703 3843
3843 11738
11738 3843
3843 11906
11906 3843
3843 12015
12015 3843
3843 12088
12088 3843
3843 12401
12401 3843
3843 12421
12421 3843
3843 14820
14820 3843
3843 15406
15406 3843
3843 18472
18472 3843
3843 21240
21240 3843
3947 22990
22990 3947
3997 2218
2218 3997
3997 3997
3997 3997
3997 9256
9256 3997
4029 4029
4029 4029
4055 1951
1951 4055
4055 4055
4055 4055
4121 2388
2388 4121
4121 9057
9057 4121
4121 12408
12408 4121
4121 17675
17675 4121
4125 2184
2184 4125
4126 21328
21328 4126
4126 22341
22341 4126
4143 4143
4143 4143
4143 10429
10429 4143
4154 2069
2069 4154
4154 4154
4154 4154
4187 5178
5178 4187
4196 12425
12425 4196
4215 11657
11657 4215
4242 0
0 4242
4242 252
252 4242
4242 642
642 4242
4242 1018
1018 4242
4242 2352
2352 4242
4242 2592
2592 4242
4242 3725
3725 4242
4242 4242
4242 4242
4242 5261
5261 4242
4242 8935
8935 4242
4242 9312
9312 4242
4242 10207
10207 4242
4242 10377
10377 4242
4242 11975
11975 4242
4242 12114
12114 4242
4242 12363
12363 4242
4242 12468
12468 4242
4242 12789
12789 4242
4242 12900
12900 4242
4242 14224
14224 4242
4242 14496
14496 4242
4242 14691
14691 4242
4242 15406
15406 4242
4242 18602
18602 4242
4242 21699
21699 4242
4242 22276
22276 4242
4242 23235
23235 4242
4255 4255
4255 4255
4255 11987
11987 4255
4271 1018
1018 4271
4280 644
644 4280
4280 1971
1971 4280
4280 4280
4280 4280
4280 4920
4920 4280
4280 12384
12384 4280
4280 20817
20817 4280
4331 11976
11976 4331
4331 12216
12216 4331
4331 22651
22651 4331
4343 642
642 4343
4343 935
935 4343
4343 1346
1346 4343
4343 2467
2467 4343
4343 3172
3172 4343
4343 4242
4242 4343
4343 4343
4343 4343
4343 4920
4920 4343
4343 5052
5052 4343
4343 5115
5115 4343
4343 5152
5152 4343
4343 5261
5261 4343
4343 9025
9025 4343
4343 9057
9057 4343
4343 9312
9312 4343
4343 10121
10121 4343
4343 11342
11342 4343
4343 11378
11378 4343
4343 11965
11965 4343
4343 12163
12163 4343
4343 12178
12178 4343
4343 12299
12299 4343
4343 12353
12353 4343
4343 12485
12485 4343
4343 12507
12507 4343
4343 18602
18602 4343
4343 19328
19328 4343
4343 20892
20892 4343
4343 20917
20917 4343
4343 21786
21786 4343
4343 21954
21954 4343
4343 22341
22341 4343
4343 23235
23235 4343
4350 3528
3528 4350
4350 11901
11901 4350
4370 4370
4370 4370
4370 10410
10410 4370
4405 4405
4405 4405
4405 11878
11878 4405
4406 8996
8996 4406
4406 12178
12178 4406
4406 17675
17675 4406
4430 11488
11488 4430
4440 642
642 4440
4440 1010
1010 4440
4440 4343
4343 4440
4440 4440
4440 4440
4440 12154
12154 4440
4440 12269
12269 4440
4440 12386
12386 4440
4440 13141
13141 4440
4440 14387
14387 4440
4450 1846
1846 4450
4450 4450
4450 4450
4551 14888
14888 4551
4567 804
804 4567
4567 4567
4567 4567
4567 4738
4738 4567
4567 6557
6557 4567
4567 10429
10429 4567
4567 12498
12498 4567
4567 13184
13184 4567
4567 24692
24692 4567
4578 12120
12120 4578
4578 12324
12324 4578
4578 12356
12356 4578
4607 4607
4607 4607
4607 7123
7123 4607
4607 20355
20355 4607
4667 1632
1632 4667
4667 1741
1741 4667
4667 4667
4667 4667
4667 5409
5409 4667
4667 6735
6735 4667
4667 8102
8102 4667
4667 8421
8421 4667
4667 11998
11998 4667
4667 12468
12468 4667
4667 21213
21213 4667
4683 2307
2307 4683
4683 4683
4683 4683
4683 11071
11071 4683
4685 666
666 4685
4685 903
903 4685
4685 1382
1382 4685
4685 4685
4685 4685
4685 6124
6124 4685
4685 7140
7140 4685
4685 9239
9239 4685
4685 12039
12039 4685
4685 12111
12111 4685
4685 20638
20638 4685
4712 4712
4712 4712
4732 4732
4732 4732
4735 19876
19876 4735
4738 642
642 4738
4738 4738
4738 4738
4769 4769
4769 4769
4781 1913
1913 4781
4781 7268
7268 4781
4781 11973
11973 4781
4792 5519
5519 4792
4829 1486
1486 4829
4829 1842
1842 4829
4829 2997
2997 4829
4829 3055
3055 4829
4829 4343
4343 4829
4829 4769
4769 4829
4829 4829
4829 4829
4829 5518
5518 4829
4829 5887
5887 4829
4829 6845
6845 4829
4829 7682
7682 4829
4829 9082
9082 4829
4829 12034
12034 4829
4829 12188
12188 4829
4829 12278
12278 4829
4829 12462
12462 4829
4829 13141
13141 4829
4829 15361
15361 4829
4844 2748
2748 4844
4844 4844
4844 4844
4844 12488
12488 4844
4903 701
701 4903
4920 386
386 4920
4920 630
630 4920
4920 642
642 4920
4920 644
644 4920
4920 1430
1430 4920
4920 3172
3172 4920
4920 4280
4280 4920
4920 4511
4511 4920
4920 4920
4920 4920
4920 5644
5644 4920
4920 8935
8935 4920
4920 10000
10000 4920
4920 10598
10598 4920
4920 11256
11256 4920
4920 11507
11507 4920
4920 11850
11850 4920
4920 11986
11986 4920
4920 12064
12064 4920
4920 12244
12244 4920
4920 12326
12326 4920
4920 12496
12496 4920
4920 15542
15542 4920
4920 16345
16345 4920
4920 20817
20817 4920
4920 22598
22598 4920
4920 23991
23991 4920
4920 24518
24518 4920
4928 11955
11955 4928
4928 11962
11962 4928
4952 370
370 4952
4952 5748
5748 4952
4952 6835
6835 4952
4960 18602
18602 4960
4960 22598
22598 4960
4982 7778
7778 4982
5010 244
244 5010
5010 5010
5010 5010
5010 11527
11527 5010
5052 5052
5052 5052
5052 11965
11965 5052
5107 5600
5600 5107
5112 5112
5112 5112
5115 830
830 5115
5115 1546
1546 5115
5115 5115
5115 5115
5115 5409
5409 5115
5127 5127
5127 5127
5127 12310
12310 5127
5152 876
876 5152
5152 929
929 5152
5152 5010
5010 5152
5152 5152
5152 5152
5152 5178
5178 5152
5152 8321
8321 5152
5152 9746
9746 5152
5152 10573
10573 5152
5152 10603
10603 5152
5152 11276
11276 5152
5152 12299
12299 5152
5152 14853
14853 5152
5176 5345
5345 5176
5176 12487
12487 5176
5178 213
213 5178
5178 285
285 5178
5178 642
642 5178
5178 929
929 5178
5178 1582
1582 5178
5178 5178
5178 5178
5178 6047
6047 5178
5178 6529
6529 5178
5178 6937
6937 5178
5178 9022
9022 5178
5178 9025
9025 5178
5178 9239
9239 5178
5178 12109
12109 5178
5178 12237
12237 5178
5178 12326
12326 5178
5178 12364
12364 5178
5178 12371
12371 5178
5178 12789
12789 5178
5178 14583
14583 5178
5178 16018
16018 5178
5178 17157
17157 5178
5178 19421
19421 5178
5178 20817
20817 5178
5232 5232
5232 5232
5232 23348
23348 5232
5261 252
252 5261
5261 3007
3007 5261
5261 4343
4343 5261
5261 5261
5261 5261
5261 11916
11916 5261
5261 12164
12164 5261
5261 12500
12500 5261
5261 18602
18602 5261
5261 22882
22882 5261
5282 5282
5282 5282
5282 7680
7680 5282
5282 11352
11352 5282
5282 11982
11982 5282
5282 12364
12364 5282
5284 3348
3348 5284
5284 9978
9978 5284
5284 16976
16976 5284
5307 662
662 5307
5307 5307
5307 5307
5310 5310
5310 5310
5311 285
285 5311
5311 5311
5311 5311
5311 5887
5887 5311
5311 11738
11738 5311
5311 12401
12401 5311
5311 17568
17568 5311
5345 1137
1137 5345
5345 5345
5345 5345
5345 12373
12373 5345
5345 24492
24492 5345
5369 5369
5369 5369
5409 503
503 5409
5409 1221
1221 5409
5409 2609
2609 5409
5409 4343
4343 5409
5409 4667
4667 5409
5409 5115
5115 5409
5409 5409
5409 5409
5409 10432
10432 5409
5409 10603
10603 5409
5409 10867
10867 5409
5409 11874
11874 5409
5409 12163
12163 5409
5409 12178
12178 5409
5411 6124
6124 5411
5411 7209
7209 5411
5411 9057
9057 5411
5411 9306
9306 5411
5411 11943
11943 5411
5411 12089
12089 5411
5411 12178
12178 5411
5411 24710
24710 5411
5447 6098
6098 5447
5447 8019
8019 5447
5447 14583
14583 5447
5485 4920
4920 5485
5489 12572
12572 5489
5489 12921
12921 5489
5489 13184
13184 5489
5516 54
54 5516
5516 5516
5516 5516
5519 3705
3705 5519
5519 4792
4792 5519
5519 5519
5519 5519
5519 21058
21058 5519
5519 24710
24710 5519
5600 4370
4370 5600
5600 5600
5600 5600
5604 5604
5604 5604
5615 5615
5615 5615
5644 1639
1639 5644
5644 5644
5644 5644
5658 2592
2592 5658
5658 13796
13796 5658
5660 3704
3704 5660
5660 4343
4343 5660
5660 8858
8858 5660
5660 10811
10811 5660
5660 11357
11357 5660
5660 11644
11644 5660
5660 11874
11874 5660
5660 12116
12116 5660
5660 12158
12158 5660
5660 12195
12195 5660
5660 12310
12310 5660
5660 12348
12348 5660
5660 12408
12408 5660
5660 12412
12412 5660
5660 19554
19554 5660
5660 21699
21699 5660
5660 22341
22341 5660
5677 642
642 5677
5677 999
999 5677
5677 2134
2134 5677
5677 4966
4966 5677
5677 5677
5677 5677
5677 6811
6811 5677
5677 8655
8655 5677
5677 11938
11938 5677
5677 14583
14583 5677
5677 16186
16186 5677
5677 18602
18602 5677
5677 20058
20058 5677
5697 24224
24224 5697
5750 5750
5750 5750
5750 8996
8996 5750
5753 4667
4667 5753
5769 570
570 5769
5769 1632
1632 5769
5769 5769
5769 5769
5769 12010
12010 5769
5769 23991
23991 5769
5776 5776
5776 5776
5776 8421
8421 5776
5801 8944
8944 5801
5806 5806
5806 5806
5808 830
830 5808
5834 560
560 5834
5834 5834
5834 5834
5834 12122
12122 5834
5845 5845
5845 5845
5845 8984
8984 5845
5845 11703
11703 5845
5887 5178
5178 5887
5887 5311
5311 5887
5887 12848
12848 5887
5887 24682
24682 5887
5892 5892
5892 5892
5892 8102
8102 5892
5892 11460
11460 5892
5892 12061
12061 5892
5892 12539
12539 5892
5925 5925
5925 5925
5946 642
642 5946
5946 1001
1001 5946
5946 1221
1221 5946
5946 1627
1627 5946
5946 1842
1842 5946
5946 1846
1846 5946
5946 3172
3172 5946
5946 4343
4343 5946
5946 4450
4450 5946
5946 4607
4607 5946
5946 4683
4683 5946
5946 4756
4756 5946
5946 5946
5946 5946
5946 7751
7751 5946
5946 8421
8421 5946
5946 8858
8858 5946
5946 11071
11071 5946
5946 11916
11916 5946
5946 12001
12001 5946
5946 12088
12088 5946
5946 12163
12163 5946
5946 12245
12245 5946
5946 12287
12287 5946
5946 12300
12300 5946
5946 12348
12348 5946
5946 12398
12398 5946
5946 12420
12420 5946
5946 12462
12462 5946
5946 12488
12488 5946
5946 18919
18919 5946
5946 19038
19038 5946
5946 19355
19355 5946
5946 20355
20355 5946
5946 21584
21584 5946
5946 22513
22513 5946
5969 5969
5969 5969
5969 21786
21786 5969
6002 3921
3921 6002
6002 4685
4685 6002
6002 6002
6002 6002
6002 6851
6851 6002
6002 18602
18602 6002
6039 6039
6039 6039
6039 6961
6961 6039
6039 12336
12336 6039
6041 6041
6041 6041
6047 782
782 6047
6047 6047
6047 6047
6047 6666
6666 6047
6047 6885
6885 6047
6047 11873
11873 6047
6047 12282
12282 6047
6047 12492
12492 6047
6095 6095
6095 6095
6095 11378
11378 6095
6095 17801
17801 6095
6095 21786
21786 6095
6095 23235
23235 6095
6124 642
642 6124
6124 1921
1921 6124
6124 6124
6124 6124
6124 9275
9275 6124
6124 9957
9957 6124
6124 10410
10410 6124
6124 10429
10429 6124
6124 10935
10935 6124
6124 12111
12111 6124
6124 12205
12205 6124
6124 12405
12405 6124
6133 231
231 6133
6133 6133
6133 6133
6167 12539
12539 6167
6167 16018
16018 6167
6197 2024
2024 6197
6197 6197
6197 6197
6247 1582
1582 6247
6247 2197
2197 6247
6247 3172
3172 6247
6247 4920
4920 6247
6247 6247
6247 6247
6247 8996
8996 6247
6247 9025
9025 6247
6247 10000
10000 6247
6247 11786
11786 6247
6247 12156
12156 6247
6247 12244
12244 6247
6247 12427
12427 6247
6247 21058
21058 6247
6278 12159
12159 6278
6278 12166
12166 6278
6285 10410
10410 6285
6285 18138
18138 6285
6299 6299
6299 6299
6299 18574
18574 6299
6310 24226
24226 6310
6319 11318
11318 6319
6346 6346
6346 6346
6346 12396
12396 6346
6417 3607
3607 6417
6457 12050
12050 6457
6476 19442
19442 6476
6497 14691
14691 6497
6505 6505
6505 6505
6505 12310
12310 6505
6528 6528
6528 6528
6528 7410
7410 6528
6528 12039
12039 6528
6528 18602
18602 6528
6529 5178
5178 6529
6529 6529
6529 6529
6529 19901
19901 6529
6531 12475
12475 6531
6545 6545
6545 6545
6547 2146
2146 6547
6547 6547
6547 6547
6547 21542
21542 6547
6549 9978
9978 6549
6549 10566
10566 6549
6549 11989
11989 6549
6549 12164
12164 6549
6557 20
20 6557
6557 642
642 6557
6557 1264
1264 6557
6557 1740
1740 6557
6557 2467
2467 6557
6557 3348
3348 6557
6557 6557
6557 6557
6557 6602
6602 6557
6557 11575
11575 6557
6557 11976
11976 6557
6557 11981
11981 6557
6557 12191
12191 6557
6557 12216
12216 6557
6557 12267
12267 6557
6557 12291
12291 6557
6557 12303
12303 6557
6557 12463
12463 6557
6557 12487
12487 6557
6557 12789
12789 6557
6557 15161
15161 6557
6557 17843
17843 6557
6557 18602
18602 6557
6557 21786
21786 6557
6557 23782
23782 6557
6575 6575
6575 6575
6575 24226
24226 6575
6589 907
907 6589
6589 6589
6589 6589
6589 14835
14835 6589
6589 22412
22412 6589
6589 24692
24692 6589
6598 623
623 6598
6598 1913
1913 6598
6598 2194
2194 6598
6598 2592
2592 6598
6598 4242
4242 6598
6598 6598
6598 6598
6602 6602
6602 6602
6666 666
666 6666
6666 6047
6047 6666
6666 6666
6666 6666
6666 6885
6885 6666
6666 9057
9057 6666
6666 12230
12230 6666
6666 12240
12240 6666
6666 12402
12402 6666
6695 3610
3610 6695
6695 7410
7410 6695
6735 1846
1846 6735
6735 4370
4370 6735
6735 4667
4667 6735
6735 4769
4769 6735
6735 6602
6602 6735
6735 6735
6735 6735
6735 7387
7387 6735
6735 12077
12077 6735
6735 12089
12089 6735
6735 12252
12252 6735
6735 12287
12287 6735
6735 12588
12588 6735
6735 13969
13969 6735
6811 12184
12184 6811
6811 12241
12241 6811
6835 4952
4952 6835
6835 9232
9232 6835
6845 5887
5887 6845
6845 6845
6845 6845
6845 11792
11792 6845
6851 2487
2487 6851
6851 3528
3528 6851
6851 6851
6851 6851
6851 12135
12135 6851
6874 24518
24518 6874
6885 6047
6047 6885
6885 6666
6666 6885
6885 6885
6885 6885
6917 6917
6917 6917
6917 8737
8737 6917
6917 9256
9256 6917
6917 12225
12225 6917
6917 23235
23235 6917
6934 1951
1951 6934
6934 12166
12166 6934
6937 1538
1538 6937
6937 1582
1582 6937
6937 5178
5178 6937
6937 5639
5639 6937
6937 6937
6937 6937
6937 9022
9022 6937
6937 9185
9185 6937
6937 11962
11962 6937
6937 12281
12281 6937
6937 20817
20817 6937
6961 6039
6039 6961
6961 6961
6961 6961
6961 19888
19888 6961
6961 21881
21881 6961
6975 5115
5115 6975
6975 6975
6975 6975
6975 11681
11681 6975
6985 8655
8655 6985
6999 8993
8993 6999
6999 10681
10681 6999
7022 7022
7022 7022
7022 11928
11928 7022
7022 12071
12071 7022
7081 3007
3007 7081
7081 18602
18602 7081
7083 9025
9025 7083
7107 11929
11929 7107
7107 19177
19177 7107
7123 4607
4607 7123
7123 5615
5615 7123
7123 7123
7123 7123
7140 7140
7140 7140
7140 12452
12452 7140
7152 12848
12848 7152
7186 7759
7759 7186
7186 12101
12101 7186
7213 3379
3379 7213
7213 7213
7213 7213
7266 642
642 7266
7268 642
642 7268
7305 876
876 7305
7305 7305
7305 7305
7338 7338
7338 7338
7338 24354
24354 7338
7365 7365
7365 7365
7387 6735
6735 7387
7387 8984
8984 7387
7398 7398
7398 7398
7410 6528
6528 7410
7410 6695
6695 7410
7410 7410
7410 7410
7410 12291
12291 7410
7419 3153
3153 7419
7419 21786
21786 7419
7419 22075
22075 7419
7424 1173
1173 7424
7424 2194
2194 7424
7442 7442
7442 7442
7442 12120
12120 7442
7514 4920
4920 7514
7514 8271
8271 7514
7514 8935
8935 7514
7514 12507
12507 7514
7516 7516
7516 7516
7516 12013
12013 7516
7566 1582
1582 7566
7566 24206
24206 7566
7601 1013
1013 7601
7601 1951
1951 7601
7601 4343
4343 7601
7601 11429
11429 7601
7601 11901
11901 7601
7601 12267
12267 7601
7601 12405
12405 7601
7601 12511
12511 7601
7601 15447
15447 7601
7601 18602
18602 7601
7601 24707
24707 7601
7648 4685
4685 7648
7648 5776
5776 7648
7648 7648
7648 7648
7648 8996
8996 7648
7648 9940
9940 7648
7648 12164
12164 7648
7648 12264
12264 7648
7648 13181
13181 7648
7680 5282
5282 7680
7682 7682
7682 7682
7682 12422
12422 7682
7683 21954
21954 7683
7695 7695
7695 7695
7743 20
20 7743
7743 7743
7743 7743
7743 12166
12166 7743
7743 12245
12245 7743
7743 12485
12485 7743
7743 21891
21891 7743
7743 24707
24707 7743
7759 370
370 7759
7759 642
642 7759
7759 701
701 7759
7759 2491
2491 7759
7759 4343
4343 7759
7759 6040
6040 7759
7759 7759
7759 7759
7759 8102
8102 7759
7759 9842
9842 7759
7759 11114
11114 7759
7759 11522
11522 7759
7759 11743
11743 7759
7759 11764
11764 7759
7759 11779
11779 7759
7759 11916
11916 7759
7759 12037
12037 7759
7759 12039
12039 7759
7759 12095
12095 7759
7759 12164
12164 7759
7759 12195
12195 7759
7759 14691
14691 7759
7759 14835
14835 7759
7759 17880
17880 7759
7759 19149
19149 7759
7759 22222
22222 7759
7759 24354
24354 7759
7778 438
438 7778
7778 4982
4982 7778
7778 6666
6666 7778
7778 7778
7778 7778
7778 8421
8421 7778
7778 11378
11378 7778
7778 14691
14691 7778
7782 8321
8321 7782
7792 12440
12440 7792
7792 13184
13184 7792
7816 7347
7347 7816
7838 7838
7838 7838
7838 11715
11715 7838
7851 935
935 7851
7851 7851
7851 7851
7888 8743
8743 7888
7940 7940
7940 7940
8005 642
642 8005
8005 8005
8005 8005
8005 12135
12135 8005
8102 642
642 8102
8102 701
701 8102
8102 3528
3528 8102
8102 3777
3777 8102
8102 4667
4667 8102
8102 5892
5892 8102
8102 6039
6039 8102
8102 8102
8102 8102
8102 9082
9082 8102
8102 9140
9140 8102
8102 11808
11808 8102
8102 12000
12000 8102
8102 12290
12290 8102
8102 12336
12336 8102
8102 12354
12354 8102
8102 22341
22341 8102
8107 8107
8107 8107
8107 14595
14595 8107
8160 18602
18602 8160
8184 8184
8184 8184
8246 0
0 8246
8305 4021
4021 8305
8305 12140
12140 8305
8305 16076
16076 8305
8305 24386
24386 8305
8309 24252
24252 8309
8310 213
213 8310
8310 8310
8310 8310
8321 1861
1861 8321
8321 8321
8321 8321
8364 935
935 8364
8364 8364
8364 8364
8364 10000
10000 8364
8364 21786
21786 8364
8403 8403
8403 8403
8421 666
666 8421
8421 1547
1547 8421
8421 1913
1913 8421
8421 2091
2091 8421
8421 2388
2388 8421
8421 3607
3607 8421
8421 3714
3714 8421
8421 4667
4667 8421
8421 5539
5539 8421
8421 5776
5776 8421
8421 6975
6975 8421
8421 8421
8421 8421
8421 9082
9082 8421
8421 9256
9256 8421
8421 10062
10062 8421
8421 11342
11342 8421
8421 11662
11662 8421
8421 11738
11738 8421
8421 11843
11843 8421
8421 11913
11913 8421
8421 12100
12100 8421
8421 12107
12107 8421
8421 12150
12150 8421
8421 12157
12157 8421
8421 12188
12188 8421
8421 12194
12194 8421
8421 12260
12260 8421
8421 12398
12398 8421
8421 12848
12848 8421
8436 1913
1913 8436
8436 9933
9933 8436
8436 12088
12088 8436
8436 12431
12431 8436
8436 18602
18602 8436
8436 23782
23782 8436
8463 8463
8463 8463
8502 16581
16581 8502
8564 18401
18401 8564
8598 1740
1740 8598
8598 8598
8598 8598
8632 8632
8632 8632
8633 12357
12357 8633
8655 8655
8655 8655
8657 3072
3072 8657
8657 8657
8657 8657
8657 12140
12140 8657
8657 12385
12385 8657
8710 2487
2487 8710
8710 8710
8710 8710
8813 9312
9312 8813
8826 12300
12300 8826
8846 2594
2594 8846
8846 12291
12291 8846
8858 8858
8858 8858
8895 22217
22217 8895
8921 2831
2831 8921
8921 11920
11920 8921
8935 642
642 8935
8935 1312
1312 8935
8935 3172
3172 8935
8935 8935
8935 8935
8935 9933
9933 8935
8935 10935
10935 8935
8935 12356
12356 8935
8935 12367
12367 8935
8944 3130
3130 8944
8944 5677
5677 8944
8944 8944
8944 8944
8944 16186
16186 8944
8944 19038
19038 8944
8984 5845
5845 8984
8984 7387
7387 8984
8984 8984
8984 8984
8984 11976
11976 8984
8984 15645
15645 8984
8984 18602
18602 8984
8993 6999
6999 8993
8993 8993
8993 8993
8993 10681
10681 8993
8995 8995
8995 8995
8996 215
215 8996
8996 1105
1105 8996
8996 1382
1382 8996
8996 2194
2194 8996
8996 4406
4406 8996
8996 5750
5750 8996
8996 8996
8996 8996
8996 10598
10598 8996
8996 12169
12169 8996
8996 12252
12252 8996
8996 15277
15277 8996
8996 18602
18602 8996
8996 20021
20021 8996
8996 20285
20285 8996
9005 287
287 9005
9005 12677
12677 9005
9005 13211
13211 9005
9011 1486
1486 9011
9011 1740
1740 9011
9011 11792
11792 9011
9011 12198
12198 9011
9018 4920
4920 9018
9022 9022
9022 9022
9022 12281
12281 9022
9025 2024
2024 9025
9025 4343
4343 9025
9025 4667
4667 9025
9025 5178
5178 9025
9025 6133
6133 9025
9025 6937
6937 9025
9025 9025
9025 9025
9025 10566
10566 9025
9025 11048
11048 9025
9025 11939
11939 9025
9025 15235
15235 9025
9025 17675
17675 9025
9025 18602
18602 9025
9025 21786
21786 9025
9025 21954
21954 9025
9030 8102
8102 9030
9057 7
7 9057
9057 728
728 9057
9057 1313
1313 9057
9057 1538
1538 9057
9057 1887
1887 9057
9057 2158
2158 9057
9057 2549
2549 9057
9057 3420
3420 9057
9057 3921
3921 9057
9057 4343
4343 9057
9057 5409
5409 9057
9057 5644
5644 9057
9057 8548
8548 9057
9057 8600
8600 9057
9057 9022
9022 9057
9057 9025
9025 9057
9057 9057
9057 9057
9057 9842
9842 9057
9057 10544
10544 9057
9057 11873
11873 9057
9057 11874
11874 9057
9057 11929
11929 9057
9057 12154
12154 9057
9057 12182
12182 9057
9057 12220
12220 9057
9057 12237
12237 9057
9057 12299
12299 9057
9057 12310
12310 9057
9057 12348
12348 9057
9057 12359
12359 9057
9057 13270
13270 9057
9057 13485
13485 9057
9057 15755
15755 9057
9057 19059
19059 9057
9057 22217
22217 9057
9057 22819
22819 9057
9057 23226
23226 9057
9082 285
285 9082
9082 4829
4829 9082
9082 9082
9082 9082
9082 12164
12164 9082
9098 522
522 9098
9098 5887
5887 9098
9098 11056
11056 9098
9120 1204
1204 9120
9120 11033
11033 9120
9120 13191
13191 9120
9140 9140
9140 9140
9157 8858
8858 9157
9177 20
20 9177
9177 9177
9177 9177
9177 9312
9312 9177
9177 12191
12191 9177
9185 830
830 9185
9185 4829
4829 9185
9185 6937
6937 9185
9185 8005
8005 9185
9185 9022
9022 9185
9185 11078
11078 9185
9185 17801
17801 9185
9190 9190
9190 9190
9232 255
255 9232
9232 935
935 9232
9232 3528
3528 9232
9232 6835
6835 9232
9232 9232
9232 9232
9232 12249
12249 9232
9238 12064
12064 9238
9239 20
20 9239
9239 320
320 9239
9239 642
642 9239
9239 782
782 9239
9239 891
891 9239
9239 1018
1018 9239
9239 2592
2592 9239
9239 4738
4738 9239
9239 5115
5115 9239
9239 5776
5776 9239
9239 5887
5887 9239
9239 9239
9239 9239
9239 9312
9312 9239
9239 9862
9862 9239
9239 9933
9933 9239
9239 10659
10659 9239
9239 11765
11765 9239
9239 11874
11874 9239
9239 11938
11938 9239
9239 11976
11976 9239
9239 12116
12116 9239
9239 12191
12191 9239
9239 12299
12299 9239
9239 12331
12331 9239
9239 12789
12789 9239
9239 14691
14691 9239
9239 18472
18472 9239
9239 21786
21786 9239
9239 23298
23298 9239
9239 24354
24354 9239
9239 24519
24519 9239
9256 1740
1740 9256
9256 9256
9256 9256
9256 12174
12174 9256
9256 21240
21240 9256
9275 6124
6124 9275
9275 9275
9275 9275
9275 9940
9940 9275
9275 12010
12010 9275
9306 9306
9306 9306
9312 2845
2845 9312
9312 9312
9312 9312
9312 11547
11547 9312
9312 11913
11913 9312
9312 12225
12225 9312
9335 9335
9335 9335
9360 3229
3229 9360
9360 11983
11983 9360
9360 15406
15406 9360
9363 9363
9363 9363
9363 11960
11960 9363
9363 14691
14691 9363
9365 5127
5127 9365
9365 11929
11929 9365
9365 12135
12135 9365
9365 22283
22283 9365
9398 12310
12310 9398
9398 22283
22283 9398
9405 11378
11378 9405
9539 2629
2629 9539
9551 1137
1137 9551
9553 13969
13969 9553
9553 14920
14920 9553
9555 6557
6557 9555
9555 10410
10410 9555
9555 10627
10627 9555
9555 11778
11778 9555
9555 11878
11878 9555
9555 11992
11992 9555
9555 12013
12013 9555
9573 1382
1382 9573
9573 16018
16018 9573
9581 9581
9581 9581
9585 1098
1098 9585
9585 17880
17880 9585
9600 11589
11589 9600
9600 11764
11764 9600
9600 12210
12210 9600
9679 5115
5115 9679
9679 11899
11899 9679
9679 12109
12109 9679
9679 12150
12150 9679
9679 12310
12310 9679
9697 1013
1013 9697
9697 9697
9697 9697
9697 14174
14174 9697
9713 21954
21954 9713
9733 1582
1582 9733
9770 12058
12058 9770
9842 3921
3921 9842
9842 7874
7874 9842
9842 9842
9842 9842
9842 11357
11357 9842
9842 22598
22598 9842
9853 9853
9853 9853
9862 642
642 9862
9862 9239
9239 9862
9862 9862
9862 9862
9909 19730
19730 9909
9933 9933
9933 9933
9957 642
642 9957
9957 1951
1951 9957
9957 2845
2845 9957
9957 9957
9957 9957
9957 11767
11767 9957
9957 12355
12355 9957
9957 18602
18602 9957
9960 623
623 9960
9978 9978
9978 9978
10000 6247
6247 10000
10000 8364
8364 10000
10000 10000
10000 10000
10009 644
644 10009
10050 11662
11662 10050
10062 7778
7778 10062
10062 8421
8421 10062
10121 3540
3540 10121
10121 4343
4343 10121
10121 5409
5409 10121
10121 6694
6694 10121
10121 11698
11698 10121
10121 12310
12310 10121
10121 24710
24710 10121
10156 1658
1658 10156
10156 10156
10156 10156
10168 6197
6197 10168
10168 6694
6694 10168
10168 8317
8317 10168
10168 11644
11644 10168
10168 11698
11698 10168
10168 12178
12178 10168
10168 12299
12299 10168
10168 15251
15251 10168
10177 125
125 10177
10177 231
231 10177
10207 6026
6026 10207
10207 8184
8184 10207
10259 4242
4242 10259
10259 12273
12273 10259
10279 10279
10279 10279
10279 11661
11661 10279
10343 11078
11078 10343
10356 2592
2592 10356
10356 10356
10356 10356
10377 642
642 10377
10377 4242
4242 10377
10377 10377
10377 10377
10377 11767
11767 10377
10410 496
496 10410
10410 642
642 10410
10410 814
814 10410
10410 833
833 10410
10410 4343
4343 10410
10410 4370
4370 10410
10410 4440
4440 10410
10410 6285
6285 10410
10410 8657
8657 10410
10410 9957
9957 10410
10410 10410
10410 10410
10410 10429
10429 10410
10410 11048
11048 10410
10410 12072
12072 10410
10410 12140
12140 10410
10410 12154
12154 10410
10410 12225
12225 10410
10410 12254
12254 10410
10410 12263
12263 10410
10410 12423
12423 10410
10410 12448
12448 10410
10410 18034
18034 10410
10410 19876
19876 10410
10410 24252
24252 10410
10410 24385
24385 10410
10429 8091
8091 10429
10429 10384
10384 10429
10429 10429
10429 10429
10467 4920
4920 10467
10469 2194
2194 10469
10469 10469
10469 10469
10469 11688
11688 10469
10544 2592
2592 10544
10544 3757
3757 10544
10544 10544
10544 10544
10544 11848
11848 10544
10544 21089
21089 10544
10546 10546
10546 10546
10566 20
20 10566
10566 285
285 10566
10566 2594
2594 10566
10566 2938
2938 10566
10566 9239
9239 10566
10566 10356
10356 10566
10566 10410
10410 10566
10566 10566
10566 10566
10566 11938
11938 10566
10566 14453
14453 10566
10566 18602
18602 10566
10566 20673
20673 10566
10566 23298
23298 10566
10573 10573
10573 10573
10573 24088
24088 10573
10598 3172
3172 10598
10598 4920
4920 10598
10598 10598
10598 10598
10603 10603
10603 10603
10681 6999
6999 10681
10811 642
642 10811
10811 8820
8820 10811
10811 9239
9239 10811
10811 10811
10811 10811
10811 11992
11992 10811
10811 12093
12093 10811
10811 12109
12109 10811
10811 12160
12160 10811
10811 12310
12310 10811
10811 18602
18602 10811
10811 23235
23235 10811
10833 20429
20429 10833
10837 287
287 10837
10837 10837
10837 10837
10844 5115
5115 10844
10864 9239
9239 10864
10935 10935
10935 10935
10997 1582
1582 10997
11048 666
666 11048
11048 11048
11048 11048
11056 1692
1692 11056
11056 5887
5887 11056
11056 7152
7152 11056
11056 8670
8670 11056
11056 11056
11056 11056
11056 12414
12414 11056
11056 17475
17475 11056
11071 4683
4683 11071
11071 4844
4844 11071
11071 11071
11071 11071
11071 20355
20355 11071
11071 21584
21584 11071
11076 285
285 11076
11078 285
285 11078
11078 1538
1538 11078
11078 2997
2997 11078
11078 6666
6666 11078
11078 10343
10343 11078
11078 11078
11078 11078
11078 11522
11522 11078
11078 11843
11843 11078
11078 11929
11929 11078
11078 12230
12230 11078
11078 12261
12261 11078
11078 12310
12310 11078
11078 14805
14805 11078
11078 20512
20512 11078
11078 21509
21509 11078
11078 24182
24182 11078
11082 11082
11082 11082
11082 11828
11828 11082
11082 12468
12468 11082
11082 13027
13027 11082
11082 17568
17568 11082
11082 18689
18689 11082
11166 1846
1846 11166
11166 11166
11166 11166
11167 1921
1921 11167
11167 11167
11167 11167
11167 11544
11544 11167
11167 11824
11824 11167
11167 11874
11874 11167
11167 11891
11891 11167
11167 13141
13141 11167
11167 23235
23235 11167
11254 6735
6735 11254
11257 5115
5115 11257
11313 213
213 11313
11313 1658
1658 11313
11313 5345
5345 11313
11313 11861
11861 11313
11313 19328
19328 11313
11313 21884
21884 11313
11342 4712
4712 11342
11342 11342
11342 11342
11342 18602
18602 11342
11357 11357
11357 11357
11357 14361
14361 11357
11378 1788
1788 11378
11378 6666
6666 11378
11378 9092
9092 11378
11378 11378
11378 11378
11378 11607
11607 11378
11378 17801
17801 11378
11378 19355
19355 11378
11378 19379
19379 11378
11378 20512
20512 11378
11405 12281
12281 11405
11406 6041
6041 11406
11406 10603
10603 11406
11406 12420
12420 11406
11429 10612
10612 11429
11429 11429
11429 11429
11429 11817
11817 11429
11429 17880
17880 11429
11439 11439
11439 11439
11460 5892
5892 11460
11460 8996
8996 11460
11460 11460
11460 11460
11494 17880
17880 11494
11507 4920
4920 11507
11507 5127
5127 11507
11507 9859
9859 11507
11507 12030
12030 11507
11507 23991
23991 11507
11517 2997
2997 11517
11517 11819
11819 11517
11522 5662
5662 11522
11522 11522
11522 11522
11522 16241
16241 11522
11527 11527
11527 11527
11544 11544
11544 11544
11547 11547
11547 11547
11547 11913
11913 11547
11547 12154
12154 11547
11575 11575
11575 11575
11575 12141
12141 11575
11577 11577
11577 11577
11577 12141
12141 11577
11577 14414
14414 11577
11579 1899
1899 11579
11579 9415
9415 11579
11579 11080
11080 11579
11588 11588
11588 11588
11598 7905
7905 11598
11607 11378
11378 11607
11631 11631
11631 11631
11638 11638
11638 11638
11644 11644
11644 11644
11657 4215
4215 11657
11657 10156
10156 11657
11657 11657
11657 11657
11657 12041
12041 11657
11657 12071
12071 11657
11657 12118
12118 11657
11657 12171
12171 11657
11657 12173
12173 11657
11657 12233
12233 11657
11657 12247
12247 11657
11657 12252
12252 11657
11657 12414
12414 11657
11657 12507
12507 11657
11657 20285
20285 11657
11661 10279
10279 11661
11662 8421
8421 11662
11662 11662
11662 11662
11681 23348
23348 11681
11681 24568
24568 11681
11688 6666
6666 11688
11688 10469
10469 11688
11688 11378
11378 11688
11688 11527
11527 11688
11688 11688
11688 11688
11688 11913
11913 11688
11688 12078
12078 11688
11688 13191
13191 11688
11688 21584
21584 11688
11691 12039
12039 11691
11698 10168
10168 11698
11698 12789
12789 11698
11699 23235
23235 11699
11700 935
935 11700
11700 4829
4829 11700
11700 7851
7851 11700
11700 12028
12028 11700
11700 12196
12196 11700
11700 24472
24472 11700
11703 3229
3229 11703
11703 8632
8632 11703
11703 11703
11703 11703
11703 11981
11981 11703
11703 12015
12015 11703
11703 12088
12088 11703
11703 12677
12677 11703
11712 11929
11929 11712
11715 337
337 11715
11715 496
496 11715
11715 7838
7838 11715
11715 11715
11715 11715
11715 12494
12494 11715
11717 23991
23991 11717
11725 8820
8820 11725
11728 11728
11728 11728
11728 12035
12035 11728
11728 12041
12041 11728
11728 20021
20021 11728
11733 11733
11733 11733
11736 1013
1013 11736
11738 8421
8421 11738
11738 11738
11738 11738
11739 12174
12174 11739
11743 3528
3528 11743
11743 6596
6596 11743
11743 11743
11743 11743
11743 12123
12123 11743
11743 18602
18602 11743
11744 22513
22513 11744
11748 11748
11748 11748
11748 20861
20861 11748
11755 830
830 11755
11765 11765
11765 11765
11765 12169
12169 11765
11767 244
244 11767
11767 3172
3172 11767
11767 4738
4738 11767
11767 4920
4920 11767
11767 5644
5644 11767
11767 5750
5750 11767
11767 6299
6299 11767
11767 7989
7989 11767
11767 9312
9312 11767
11767 9853
9853 11767
11767 9957
9957 11767
11767 10377
10377 11767
11767 11767
11767 11767
11767 11969
11969 11767
11767 12135
12135 11767
11767 12151
12151 11767
11767 12267
12267 11767
11767 12277
12277 11767
11767 12310
12310 11767
11767 12364
12364 11767
11767 12405
12405 11767
11767 12496
12496 11767
11767 12503
12503 11767
11767 13214
13214 11767
11767 18602
18602 11767
11767 22276
22276 11767
11767 24518
24518 11767
11767 24707
24707 11767
11778 10627
10627 11778
11778 11778
11778 11778
11784 1547
1547 11784
11784 7759
7759 11784
11784 10603
10603 11784
11784 12205
12205 11784
11791 11791
11791 11791
11792 11792
11792 11792
11808 11808
11808 11808
11808 15447
15447 11808
11811 12210
12210 11811
11812 11812
11812 11812
11814 11814
11814 11814
11814 24385
24385 11814
11819 642
642 11819
11819 3172
3172 11819
11819 8310
8310 11819
11819 10935
10935 11819
11819 11517
11517 11819
11819 11819
11819 11819
11819 12098
12098 11819
11819 12144
12144 11819
11819 12236
12236 11819
11819 12301
12301 11819
11819 13969
13969 11819
11819 19876
19876 11819
11824 287
287 11824
11824 11824
11824 11824
11828 11082
11082 11828
11828 11828
11828 11828
11829 648
648 11829
11839 8996
8996 11839
11839 21786
21786 11839
11840 11087
11087 11840
11843 11843
11843 11843
11848 10544
10544 11848
11848 11848
11848 11848
11848 21089
21089 11848
11850 4920
4920 11850
11852 6299
6299 11852
11853 596
596 11853
11854 8876
8876 11854
11854 11854
11854 11854
11855 6851
6851 11855
11855 12144
12144 11855
11855 13726
13726 11855
11861 524
524 11861
11861 11313
11313 11861
11861 14853
14853 11861
11873 6047
6047 11873
11873 11873
11873 11873
11874 9239
9239 11874
11874 11167
11167 11874
11874 11874
11874 11874
11874 12135
12135 11874
11878 0
0 11878
11878 642
642 11878
11878 4405
4405 11878
11878 5058
5058 11878
11878 6557
6557 11878
11878 11703
11703 11878
11878 11878
11878 11878
11878 11950
11950 11878
11878 12086
12086 11878
11878 12093
12093 11878
11878 19871
19871 11878
11879 11893
11893 11879
11882 6851
6851 11882
11887 7759
7759 11887
11890 12427
12427 11890
11899 12178
12178 11899
11899 12310
12310 11899
11901 11901
11901 11901
11906 11906
11906 11906
11910 7347
7347 11910
11910 13726
13726 11910
11913 6124
6124 11913
11913 9312
9312 11913
11913 11547
11547 11913
11913 11913
11913 11913
11913 12078
12078 11913
11913 12253
12253 11913
11919 5644
5644 11919
11929 252
252 11929
11929 1116
1116 11929
11929 11929
11929 11929
11929 22276
22276 11929
11933 11933
11933 11933
11938 701
701 11938
11938 11938
11938 11938
11939 9025
9025 11939
11939 11939
11939 11939
11941 23970
23970 11941
11947 13027
13027 11947
11949 8077
8077 11949
11949 11949
11949 11949
11950 11878
11878 11950
11951 1658
1658 11951
11954 11954
11954 11954
11958 11952
11952 11958
11960 11960
11960 11960
11961 24088
24088 11961
11965 11965
11965 11965
11971 18401
18401 11971
11973 11973
11973 11973
11976 11976
11976 11976
11986 1430
1430 11986
11989 11929
11929 11989
11992 11992
11992 11992
11998 4667
4667 11998
11998 11906
11906 11998
12000 2872
2872 12000
12001 12001
12001 12001
12006 4685
4685 12006
12006 7268
7268 12006
12006 12006
12006 12006
12006 12386
12386 12006
12007 11557
11557 12007
12008 12008
12008 12008
12008 24226
24226 12008
12010 12010
12010 12010
12011 12011
12011 12011
12011 20285
20285 12011
12013 642
642 12013
12013 2352
2352 12013
12013 5115
5115 12013
12013 5658
5658 12013
12013 12013
12013 12013
12013 12216
12216 12013
12013 12254
12254 12013
12013 12789
12789 12013
12013 15251
15251 12013
12013 15406
15406 12013
12022 1741
1741 12022
12024 642
642 12024
12024 12142
12142 12024
12025 4925
4925 12025
12025 12122
12122 12025
12026 12572
12572 12026
12027 12027
12027 12027
12028 287
287 12028
12028 24481
24481 12028
12029 12029
12029 12029
12030 12030
12030 12030
12031 3172
3172 12031
12034 4829
4829 12034
12035 11728
11728 12035
12035 12035
12035 12035
12037 642
642 12037
12037 2997
2997 12037
12037 7759
7759 12037
12039 12039
12039 12039
12041 12041
12041 12041
12045 12045
12045 12045
12048 1116
1116 12048
12048 3506
3506 12048
12048 12048
12048 12048
12050 12050
12050 12050
12052 213
213 12052
12052 17972
17972 12052
12053 1312
1312 12053
12054 12539
12539 12054
12054 13786
13786 12054
12055 11647
11647 12055
12059 12174
12174 12059
12061 5892
5892 12061
12062 12062
12062 12062
12063 12063
12063 12063
12064 12064
12064 12064
12065 642
642 12065
12066 1921
1921 12066
12070 12121
12121 12070
12071 7022
7022 12071
12071 11657
11657 12071
12077 6735
6735 12077
12077 12077
12077 12077
12078 11913
11913 12078
12079 21584
21584 12079
12083 12037
12037 12083
12086 2831
2831 12086
12091 12091
12091 12091
12093 642
642 12093
12093 10811
10811 12093
12093 12093
12093 12093
12097 1538
1538 12097
12101 12101
12101 12101
12101 18472
18472 12101
12103 685
685 12103
12108 2467
2467 12108
12109 5178
5178 12109
12110 1740
1740 12110
12110 1913
1913 12110
12113 18602
18602 12113
12114 12114
12114 12114
12115 12115
12115 12115
12116 3049
3049 12116
12116 6017
6017 12116
12116 12114
12114 12116
12116 12301
12301 12116
12116 12317
12317 12116
12118 11657
11657 12118
12120 12120
12120 12120
12122 22651
22651 12122
12123 11743
11743 12123
12123 12123
12123 12123
12126 18602
18602 12126
12127 3301
3301 12127
12131 12131
12131 12131
12132 20355
20355 12132
12133 7579
7579 12133
12134 7868
7868 12134
12135 20
20 12135
12135 1010
1010 12135
12135 1235
1235 12135
12135 2158
2158 12135
12135 2594
2594 12135
12135 4143
4143 12135
12135 4255
4255 12135
12135 6002
6002 12135
12135 6851
6851 12135
12135 7083
7083 12135
12135 7759
7759 12135
12135 8005
8005 12135
12135 9312
9312 12135
12135 9933
9933 12135
12135 9978
9978 12135
12135 11043
11043 12135
12135 11158
11158 12135
12135 11256
11256 12135
12135 11575
11575 12135
12135 11638
11638 12135
12135 11814
11814 12135
12135 11874
11874 12135
12135 11987
11987 12135
12135 11997
11997 12135
12135 12111
12111 12135
12135 12135
12135 12135
12135 12163
12163 12135
12135 12196
12196 12135
12135 12303
12303 12135
12135 12331
12331 12135
12135 12468
12468 12135
12135 12496
12496 12135
12135 12503
12503 12135
12135 18602
18602 12135
12135 19876
19876 12135
12135 20673
20673 12135
12135 21356
21356 12135
12135 24226
24226 12135
12135 24385
24385 12135
12136 18602
18602 12136
12140 8657
8657 12140
12140 10410
10410 12140
12141 3334
3334 12141
12141 11575
11575 12141
12141 12141
12141 12141
12141 12310
12310 12141
12141 22276
22276 12141
12142 12024
12024 12142
12144 11819
11819 12144
12144 22283
22283 12144
12147 9177
9177 12147
12148 23272
23272 12148
12150 12150
12150 12150
12151 11767
11767 12151
12152 1235
1235 12152
12156 866
866 12156
12156 6247
6247 12156
12156 12156
12156 12156
12157 8421
8421 12157
12158 1658
1658 12158
12158 12158
12158 12158
12159 12159
12159 12159
12163 0
0 12163
12163 4343
4343 12163
12163 5946
5946 12163
12163 11045
11045 12163
12163 11357
11357 12163
12163 12135
12135 12163
12163 12163
12163 12163
12163 14147
14147 12163
12163 18602
18602 12163
12165 12165
12165 12165
12169 11765
11765 12169
12169 12169
12169 12169
12169 12174
12174 12169
12171 7771
7771 12171
12171 12171
12171 12171
12171 21240
21240 12171
12173 12173
12173 12173
12173 20021
20021 12173
12174 830
830 12174
12174 833
833 12174
12174 4844
4844 12174
12174 5178
5178 12174
12174 5887
5887 12174
12174 6735
6735 12174
12174 6917
6917 12174
12174 6985
6985 12174
12174 7083
7083 12174
12174 8632
8632 12174
12174 8996
8996 12174
12174 9025
9025 12174
12174 9251
9251 12174
12174 9256
9256 12174
12174 10036
10036 12174
12174 11517
11517 12174
12174 11657
11657 12174
12174 11819
11819 12174
12174 12059
12059 12174
12174 12169
12169 12174
12174 12174
12174 12174
12174 12216
12216 12174
12174 12259
12259 12174
12174 12273
12273 12174
12174 12332
12332 12174
12174 12382
12382 12174
12174 12588
12588 12174
12174 12789
12789 12174
12174 13211
13211 12174
12174 13694
13694 12174
12174 13969
13969 12174
12174 14820
14820 12174
12174 21786
21786 12174
12176 20892
20892 12176
12178 4343
4343 12178
12178 5409
5409 12178
12178 6017
6017 12178
12178 6850
6850 12178
12178 8363
8363 12178
12178 9040
9040 12178
12178 9306
9306 12178
12178 9561
9561 12178
12178 11171
11171 12178
12178 11522
11522 12178
12178 11899
11899 12178
12178 12178
12178 12178
12178 15207
15207 12178
12178 20242
20242 12178
12178 22513
22513 12178
12178 23923
23923 12178
12178 24710
24710 12178
12182 9057
9057 12182
12182 21336
21336 12182
12184 12184
12184 12184
12187 12154
12154 12187
12188 12188
12188 12188
12191 9239
9239 12191
12194 12194
12194 12194
12195 2442
2442 12195
12195 12195
12195 12195
12198 12198
12198 12198
12201 12201
12201 12201
12206 19177
19177 12206
12207 3172
3172 12207
12210 11811
11811 12210
12210 12210
12210 12210
12211 1221
1221 12211
12214 12212
12212 12214
12216 4331
4331 12216
12216 6557
6557 12216
12216 12013
12013 12216
12216 12216
12216 12216
12217 662
662 12217
12218 16186
16186 12218
12220 9057
9057 12220
12221 2416
2416 12221
12225 6917
6917 12225
12225 9312
9312 12225
12225 10410
10410 12225
12225 12225
12225 12225
12227 19422
19422 12227
12230 6666
6666 12230
12230 12230
12230 12230
12233 12233
12233 12233
12236 11819
11819 12236
12236 19876
19876 12236
12237 9057
9057 12237
12239 12239
12239 12239
12240 12230
12230 12240
12241 12241
12241 12241
12245 12245
12245 12245
12245 24707
24707 12245
12246 9140
9140 12246
12246 24159
24159 12246
12249 9232
9232 12249
12251 12251
12251 12251
12252 12252
12252 12252
12253 12253
12253 12253
12254 10410
10410 12254
12255 12255
12255 12255
12260 8421
8421 12260
12260 12260
12260 12260
12261 12261
12261 12261
12261 21356
21356 12261
12263 10410
10410 12263
12264 3172
3172 12264
12264 12264
12264 12264
12265 24722
24722 12265
12266 1784
1784 12266
12266 6049
6049 12266
12266 11033
11033 12266
12267 12267
12267 12267
12273 11728
11728 12273
12273 12273
12273 12273
12273 13518
13518 12273
12273 20285
20285 12273
12274 12274
12274 12274
12275 17840
17840 12275
12287 12287
12287 12287
12291 7410
7410 12291
12291 12291
12291 12291
12294 18602
18602 12294
12296 999
999 12296
12299 12299
12299 12299
12300 5946
5946 12300
12300 12300
12300 12300
12301 642
642 12301
12301 11819
11819 12301
12301 12301
12301 12301
12302 1116
1116 12302
12303 6557
6557 12303
12303 12303
12303 12303
12305 12301
12301 12305
12314 2361
2361 12314
12317 3049
3049 12317
12317 12317
12317 12317
12320 14232
14232 12320
12320 18574
18574 12320
12321 3528
3528 12321
12321 12310
12310 12321
12321 12321
12321 12321
12326 4920
4920 12326
12326 12326
12326 12326
12331 642
642 12331
12331 12267
12267 12331
12331 12331
12331 12331
12332 14820
14820 12332
12335 12333
12333 12335
12336 6039
6039 12336
12336 8102
8102 12336
12336 12336
12336 12336
12342 1846
1846 12342
12342 12342
12342 12342
12345 1116
1116 12345
12346 8813
8813 12346
12347 5088
5088 12347
12353 12353
12353 12353
12354 12354
12354 12354
12355 9957
9957 12355
12356 14386
14386 12356
12357 642
642 12357
12357 8633
8633 12357
12358 4928
4928 12358
12358 12358
12358 12358
12359 9057
9057 12359
12360 12360
12360 12360
12363 4242
4242 12363
12364 11767
11767 12364
12364 12364
12364 12364
12364 19901
19901 12364
12367 11926
11926 12367
12367 11949
11949 12367
12370 1013
1013 12370
12374 12370
12370 12374
12378 3153
3153 12378
12382 12373
12373 12382
12384 4280
4280 12384
12386 1951
1951 12386
12386 12006
12006 12386
12386 12386
12386 12386
12389 12389
12389 12389
12389 12395
12395 12389
12389 12450
12450 12389
12389 16601
16601 12389
12391 11527
11527 12391
12393 1632
1632 12393
12393 12393
12393 12393
12394 12507
12507 12394
12394 19149
19149 12394
12402 438
438 12402
12402 12402
12402 12402
12402 17801
17801 12402
12405 12405
12405 12405
12409 6851
6851 12409
12412 12412
12412 12412
12417 6937
6937 12417
12420 15382
15382 12420
12423 12423
12423 12423
12424 701
701 12424
12427 2197
2197 12427
12427 6247
6247 12427
12427 12427
12427 12427
12428 21772
21772 12428
12431 8436
8436 12431
12436 12436
12436 12436
12441 12441
12441 12441
12442 12442
12442 12442
12443 10631
10631 12443
12445 2206
2206 12445
12445 12445
12445 12445
12448 12448
12448 12448
12450 1740
1740 12450
12450 12389
12389 12450
12451 3101
3101 12451
12452 7140
7140 12452
12452 12106
12106 12452
12454 24385
24385 12454
12456 252
252 12456
12456 4440
4440 12456
12456 24518
24518 12456
12458 12458
12458 12458
12462 4829
4829 12462
12462 12462
12462 12462
12466 441
441 12466
12466 14386
14386 12466
12468 4242
4242 12468
12468 12468
12468 12468
12471 255
255 12471
12472 7268
7268 12472
12477 12477
12477 12477
12478 2146
2146 12478
12479 12463
12463 12479
12484 2197
2197 12484
12484 12484
12484 12484
12485 12485
12485 12485
12488 4844
4844 12488
12488 5946
5946 12488
12488 9975
9975 12488
12488 12488
12488 12488
12492 1158
1158 12492
12494 11715
11715 12494
12496 4920
4920 12496
12500 12500
12500 12500
12501 12501
12501 12501
12504 12414
12414 12504
12505 12505
12505 12505
12511 12511
12511 12511
12519 12135
12135 12519
12519 12367
12367 12519
12539 0
0 12539
12539 255
255 12539
12539 929
929 12539
12539 1784
1784 12539
12539 1913
1913 12539
12539 5178
5178 12539
12539 5892
5892 12539
12539 6167
6167 12539
12539 11598
11598 12539
12539 12054
12054 12539
12539 12061
12061 12539
12539 12317
12317 12539
12539 12539
12539 12539
12539 24088
24088 12539
12588 6735
6735 12588
12658 2633
2633 12658
12670 11954
11954 12670
12670 12058
12058 12670
12670 12273
12273 12670
12670 12670
12670 12670
12677 12677
12677 12677
12685 11575
11575 12685
12789 12508
12508 12789
12789 12789
12789 12789
12855 3113
3113 12855
12855 7696
7696 12855
12855 11938
11938 12855
12870 5178
5178 12870
12870 8317
8317 12870
12900 7648
7648 12900
12900 7682
7682 12900
12900 15406
15406 12900
13003 782
782 13003
13003 12034
12034 13003
13003 12174
12174 13003
13027 3123
3123 13027
13027 6602
6602 13027
13027 11082
11082 13027
13027 11887
11887 13027
13027 11947
11947 13027
13027 12038
12038 13027
13027 12091
12091 13027
13027 12135
12135 13027
13027 12164
12164 13027
13027 12210
12210 13027
13027 12354
12354 13027
13027 12377
12377 13027
13027 13027
13027 13027
13027 17568
17568 13027
13027 18602
18602 13027
13027 20817
20817 13027
13065 642
642 13065
13065 7838
7838 13065
13065 8184
8184 13065
13065 12301
12301 13065
13065 13065
13065 13065
13066 8858
8858 13066
13099 1639
1639 13099
13099 1842
1842 13099
13099 13099
13099 13099
13141 4829
4829 13141
13184 10429
10429 13184
13184 13184
13184 13184
13191 6851
6851 13191
13191 13191
13191 13191
13191 17675
17675 13191
13196 496
496 13196
13211 9256
9256 13211
13211 13211
13211 13211
13214 1140
1140 13214
13214 12135
12135 13214
13214 12151
12151 13214
13214 13214
13214 13214
13214 24385
24385 13214
13337 642
642 13337
13337 12024
12024 13337
13337 18602
18602 13337
13343 4343
4343 13343
13343 8317
8317 13343
13343 9025
9025 13343
13343 11965
11965 13343
13343 13343
13343 13343
13383 1153
1153 13383
13383 3415
3415 13383
13383 4137
4137 13383
13383 10681
10681 13383
13383 11056
11056 13383
13383 12310
12310 13383
13383 13383
13383 13383
13383 21240
21240 13383
13406 1116
1116 13406
13485 13485
13485 13485
13518 12062
12062 13518
13518 13518
13518 13518
13637 24246
24246 13637
13684 1658
1658 13684
13684 6602
6602 13684
13684 11973
11973 13684
13684 12027
12027 13684
13684 12058
12058 13684
13684 12198
12198 13684
13684 12339
12339 13684
13684 21328
21328 13684
13694 2134
2134 13694
13694 13694
13694 13694
13694 22134
22134 13694
13717 1547
1547 13717
13786 370
370 13786
13786 2794
2794 13786
13786 7365
7365 13786
13786 9573
9573 13786
13786 12054
12054 13786
13786 12359
12359 13786
13786 12539
12539 13786
13786 22217
22217 13786
13786 22598
22598 13786
13796 17843
17843 13796
13969 1547
1547 13969
13969 4756
4756 13969
13969 4769
4769 13969
13969 6602
6602 13969
13969 7682
7682 13969
13969 8184
8184 13969
13969 8310
8310 13969
13969 9025
9025 13969
13969 10036
10036 13969
13969 11048
11048 13969
13969 11819
11819 13969
13969 11885
11885 13969
13969 11984
11984 13969
13969 12098
12098 13969
13969 12475
12475 13969
13969 12484
12484 13969
13969 12588
12588 13969
13969 13694
13694 13969
13969 13969
13969 13969
13969 15161
15161 13969
14094 14094
14094 14094
14224 7387
7387 14224
14224 12789
12789 14224
14232 12320
12320 14232
14355 12216
12216 14355
14355 12252
12252 14355
14361 11357
11357 14361
14361 12348
12348 14361
14361 14361
14361 14361
14387 642
642 14387
14387 1921
1921 14387
14387 7696
7696 14387
14414 2018
2018 14414
14414 5178
5178 14414
14414 21884
21884 14414
14453 1013
1013 14453
14496 2586
2586 14496
14496 4242
4242 14496
14496 14496
14496 14496
14500 11342
11342 14500
14583 2845
2845 14583
14583 5677
5677 14583
14583 14583
14583 14583
14583 18602
18602 14583
14583 20817
20817 14583
14595 12273
12273 14595
14609 7460
7460 14609
14691 2134
2134 14691
14691 4242
4242 14691
14691 7759
7759 14691
14691 9239
9239 14691
14691 9363
9363 14691
14691 14691
14691 14691
14713 642
642 14713
14805 11698
11698 14805
14805 12539
12539 14805
14805 14805
14805 14805
14806 1740
1740 14806
14806 2352
2352 14806
14806 4196
4196 14806
14806 8984
8984 14806
14806 12425
12425 14806
14806 14806
14806 14806
14820 14820
14820 14820
14835 7759
7759 14835
14835 12039
12039 14835
14835 14835
14835 14835
14835 24252
24252 14835
14850 9292
9292 14850
14853 14853
14853 14853
14901 9948
9948 14901
14920 285
285 14920
14920 935
935 14920
14920 3528
3528 14920
14920 6937
6937 14920
14920 9025
9025 14920
14920 9275
9275 14920
14920 11933
11933 14920
14920 12122
12122 14920
14920 14691
14691 14920
14920 22651
22651 14920
15024 5887
5887 15024
15024 6845
6845 15024
15024 11662
11662 15024
15057 7743
7743 15057
15116 6545
6545 15116
15117 15117
15117 15117
15145 6049
6049 15145
15161 2387
2387 15161
15161 15161
15161 15161
15251 15251
15251 15251
15251 21884
21884 15251
15259 15259
15259 15259
15282 3337
3337 15282
15282 3528
3528 15282
15282 3760
3760 15282
15282 9859
9859 15282
15282 11848
11848 15282
15282 11938
11938 15282
15282 12360
12360 15282
15282 15282
15282 15282
15282 19422
19422 15282
15282 21089
21089 15282
15282 24660
24660 15282
15361 4829
4829 15361
15382 12420
12420 15382
15382 15382
15382 15382
15406 947
947 15406
15406 1018
1018 15406
15406 1740
1740 15406
15406 5115
5115 15406
15406 11738
11738 15406
15406 12039
12039 15406
15406 12041
12041 15406
15406 12050
12050 15406
15406 12900
12900 15406
15406 15406
15406 15406
15447 8935
8935 15447
15447 9082
9082 15447
15447 11522
11522 15447
15447 23235
23235 15447
15450 642
642 15450
15542 4920
4920 15542
15542 5178
5178 15542
15542 9057
9057 15542
15542 12339
12339 15542
15542 15542
15542 15542
15645 12254
12254 15645
15688 4154
4154 15688
15688 7398
7398 15688
15814 3337
3337 15814
15814 5925
5925 15814
15814 7338
7338 15814
15814 9025
9025 15814
15814 12196
12196 15814
16018 830
830 16018
16018 876
876 16018
16018 929
929 16018
16018 1887
1887 16018
16018 3172
3172 16018
16018 5178
5178 16018
16018 6167
6167 16018
16018 14414
14414 16018
16018 16018
16018 16018
16018 16054
16054 16018
16018 19328
19328 16018
16018 20242
20242 16018
16054 16018
16018 16054
16186 935
935 16186
16186 2845
2845 16186
16186 3528
3528 16186
16186 3714
3714 16186
16186 8944
8944 16186
16186 10603
10603 16186
16186 11534
11534 16186
16186 11738
11738 16186
16186 11743
11743 16186
16186 12458
12458 16186
16186 12468
12468 16186
16186 13270
13270 16186
16186 16186
16186 16186
16186 18602
18602 16186
16186 19038
19038 16186
16186 20861
20861 16186
16186 21699
21699 16186
16323 13181
13181 16323
16336 496
496 16336
16336 804
804 16336
16345 4920
4920 16345
16345 16345
16345 16345
16420 6851
6851 16420
16420 21881
21881 16420
16581 642
642 16581
16581 1312
1312 16581
16581 4143
4143 16581
16581 11874
11874 16581
16581 18472
18472 16581
16581 24692
24692 16581
16591 285
285 16591
16591 11931
11931 16591
16591 12058
12058 16591
16591 14691
14691 16591
16591 15991
15991 16591
16591 16591
16591 16591
16601 2225
2225 16601
16601 12389
12389 16601
16601 21240
21240 16601
16613 16613
16613 16613
16742 23707
23707 16742
16859 2225
2225 16859
16859 12049
12049 16859
16859 12088
12088 16859
16859 12198
12198 16859
16859 12420
12420 16859
16859 15406
15406 16859
16859 16591
16591 16859
16859 16859
16859 16859
16867 11738
11738 16867
16880 8935
8935 16880
16884 5345
5345 16884
16884 20783
20783 16884
16976 5600
5600 16976
17058 2831
2831 17058
17058 11992
11992 17058
17058 12977
12977 17058
17157 1582
1582 17157
17157 9733
9733 17157
17157 11872
11872 17157
17157 17157
17157 17157
17291 13518
13518 17291
17298 9251
9251 17298
17298 22134
22134 17298
17299 1013
1013 17299
17299 4343
4343 17299
17299 6133
6133 17299
17299 6528
6528 17299
17299 12029
12029 17299
17299 12216
12216 17299
17299 12274
12274 17299
17299 12789
12789 17299
17299 18940
18940 17299
17319 19554
19554 17319
17324 11848
11848 17324
17338 24365
24365 17338
17475 11056
11056 17475
17475 21079
21079 17475
17568 11082
11082 17568
17568 17568
17568 17568
17675 1221
1221 17675
17675 5892
5892 17675
17675 6095
6095 17675
17675 9025
9025 17675
17675 9190
9190 17675
17675 11078
11078 17675
17675 11357
11357 17675
17675 11378
11378 17675
17675 11607
11607 17675
17675 12015
12015 17675
17675 12164
12164 17675
17675 12310
12310 17675
17675 12427
12427 17675
17675 13191
13191 17675
17675 17675
17675 17675
17675 22341
22341 17675
17675 22745
22745 17675
17695 4920
4920 17695
17801 11378
11378 17801
17801 12402
12402 17801
17801 17801
17801 17801
17809 12039
12039 17809
17809 20892
20892 17809
17830 1215
1215 17830
17840 5845
5845 17840
17840 6528
6528 17840
17840 6851
6851 17840
17840 10627
10627 17840
17843 17843
17843 17843
17972 12052
12052 17972
18034 1582
1582 18034
18034 18034
18034 18034
18034 20714
20714 18034
18138 6285
6285 18138
18138 9335
9335 18138
18138 18138
18138 18138
18138 22598
22598 18138
18169 4920
4920 18169
18323 12364
12364 18323
18385 18438
18438 18385
18401 3337
3337 18401
18401 6124
6124 18401
18401 8564
8564 18401
18401 11971
11971 18401
18401 12168
12168 18401
18401 12498
12498 18401
18401 18401
18401 18401
18423 23991
23991 18423
18438 8102
8102 18438
18438 9025
9025 18438
18438 12539
12539 18438
18438 18385
18385 18438
18438 20512
20512 18438
18472 12101
12101 18472
18472 12414
12414 18472
18472 18472
18472 18472
18472 24252
24252 18472
18574 622
622 18574
18574 630
630 18574
18574 644
644 18574
18574 804
804 18574
18574 1971
1971 18574
18574 2629
2629 18574
18574 4920
4920 18574
18574 5178
5178 18574
18574 5946
5946 18574
18574 6299
6299 18574
18574 6666
6666 18574
18574 6937
6937 18574
18574 9842
9842 18574
18574 11357
11357 18574
18574 11378
11378 18574
18574 12039
12039 18574
18574 12196
12196 18574
18574 12206
12206 18574
18574 12241
12241 18574
18574 12244
12244 18574
18574 12364
12364 18574
18574 14583
14583 18574
18574 18574
18574 18574
18574 19177
19177 18574
18574 19685
19685 18574
18574 20817
20817 18574
18574 22598
22598 18574
18602 642
642 18602
18602 1846
1846 18602
18602 1921
1921 18602
18602 1951
1951 18602
18602 2032
2032 18602
18602 2134
2134 18602
18602 3007
3007 18602
18602 4242
4242 18602
18602 4343
4343 18602
18602 5969
5969 18602
18602 6002
6002 18602
18602 6437
6437 18602
18602 6528
6528 18602
18602 6851
6851 18602
18602 8655
8655 18602
18602 8984
8984 18602
18602 9933
9933 18602
18602 9957
9957 18602
18602 10603
10603 18602
18602 11342
11342 18602
18602 11357
11357 18602
18602 11743
11743 18602
18602 11874
11874 18602
18602 11901
11901 18602
18602 12045
12045 18602
18602 12136
12136 18602
18602 12163
12163 18602
18602 12164
12164 18602
18602 12310
12310 18602
18602 13027
13027 18602
18602 14361
14361 18602
18602 14583
14583 18602
18602 16186
16186 18602
18602 18602
18602 18602
18602 22276
22276 18602
18602 23235
23235 18602
18619 935
935 18619
18619 6885
6885 18619
18619 12468
12468 18619
18619 16186
16186 18619
18619 18602
18602 18619
18619 18619
18619 18619
18689 866
866 18689
18689 3528
3528 18689
18689 5115
5115 18689
18689 5539
5539 18689
18689 6047
6047 18689
18689 8421
8421 18689
18689 8564
8564 18689
18689 11082
11082 18689
18689 11522
11522 18689
18689 11764
11764 18689
18689 11808
11808 18689
18689 12058
12058 18689
18689 12156
12156 18689
18689 18689
18689 18689
18764 10410
10410 18764
18919 18919
18919 18919
18940 12059
12059 18940
18940 18602
18602 18940
18955 2218
2218 18955
19038 8944
8944 19038
19038 16186
16186 19038
19059 215
215 19059
19059 833
833 19059
19059 1382
1382 19059
19059 2713
2713 19059
19059 9057
9057 19059
19059 9573
9573 19059
19059 12220
12220 19059
19059 12359
12359 19059
19059 12436
12436 19059
19059 19059
19059 19059
19059 22217
22217 19059
19059 22819
22819 19059
19087 2416
2416 19087
19087 11378
11378 19087
19105 9239
9239 19105
19138 2831
2831 19138
19138 9405
9405 19138
19138 11527
11527 19138
19138 11929
11929 19138
19138 12391
12391 19138
19138 21786
21786 19138
19149 642
642 19149
19149 11713
11713 19149
19149 11929
11929 19149
19177 12310
12310 19177
19293 23039
23039 19293
19328 929
929 19328
19328 4343
4343 19328
19328 5152
5152 19328
19328 16018
16018 19328
19328 19328
19328 19328
19328 19730
19730 19328
19328 20242
20242 19328
19328 21913
21913 19328
19328 21954
21954 19328
19355 1153
1153 19355
19355 5677
5677 19355
19355 6631
6631 19355
19355 11378
11378 19355
19355 11607
11607 19355
19355 12421
12421 19355
19355 19355
19355 19355
19379 11378
11378 19379
19379 19379
19379 19379
19383 11929
11929 19383
19426 12165
12165 19426
19427 2307
2307 19427
19427 19427
19427 19427
19442 11378
11378 19442
19443 9319
9319 19443
19454 3172
3172 19454
19480 21786
21786 19480
19480 22341
22341 19480
19498 2184
2184 19498
19498 12238
12238 19498
19498 19498
19498 19498
19554 22341
22341 19554
19685 644
644 19685
19685 1971
1971 19685
19685 12166
12166 19685
19730 3049
3049 19730
19730 12299
12299 19730
19730 15235
15235 19730
19730 19730
19730 19730
19730 24710
24710 19730
19871 1312
1312 19871
19871 19871
19871 19871
19871 20673
20673 19871
19876 10410
10410 19876
19876 19876
19876 19876
19901 1538
1538 19901
19901 1581
1581 19901
19901 2629
2629 19901
19901 2794
2794 19901
19901 4667
4667 19901
19901 4920
4920 19901
19901 6529
6529 19901
19901 6589
6589 19901
19901 7123
7123 19901
19901 7185
7185 19901
19901 7365
7365 19901
19901 8364
8364 19901
19901 9022
9022 19901
19901 11507
11507 19901
19901 11850
11850 19901
19901 11949
11949 19901
19901 12135
12135 19901
19901 12305
12305 19901
19901 12364
12364 19901
19901 14583
14583 19901
19901 18574
18574 19901
19901 19901
19901 19901
19901 22598
22598 19901
19902 15447
15447 19902
19904 642
642 19904
19904 8984
8984 19904
19915 12310
12310 19915
20021 8996
8996 20021
20021 13483
13483 20021
20242 1137
1137 20242
20242 2384
2384 20242
20242 11698
11698 20242
20242 12178
12178 20242
20242 14094
14094 20242
20242 14853
14853 20242
20242 16018
16018 20242
20242 20242
20242 20242
20242 21954
21954 20242
20285 4731
4731 20285
20285 9978
9978 20285
20285 12011
12011 20285
20285 12273
12273 20285
20285 12339
12339 20285
20285 13343
13343 20285
20285 14403
14403 20285
20285 15251
15251 20285
20285 20285
20285 20285
20355 623
623 20355
20355 3172
3172 20355
20355 4343
4343 20355
20355 4607
4607 20355
20355 5946
5946 20355
20355 8858
8858 20355
20355 11517
11517 20355
20355 11819
11819 20355
20355 11938
11938 20355
20355 12132
12132 20355
20355 12207
12207 20355
20355 20355
20355 20355
20355 21584
21584 20355
20355 21786
21786 20355
20355 22513
22513 20355
20387 12001
12001 20387
20424 7696
7696 20424
20424 8944
8944 20424
20424 9190
9190 20424
20424 10469
10469 20424
20424 14387
14387 20424
20424 18602
18602 20424
20424 20783
20783 20424
20512 1632
1632 20512
20512 2014
2014 20512
20512 2194
2194 20512
20512 6851
6851 20512
20512 11378
11378 20512
20512 12201
12201 20512
20512 13518
13518 20512
20512 20512
20512 20512
20512 24182
24182 20512
20676 16420
16420 20676
20676 18574
18574 20676
20812 18169
18169 20812
20817 929
929 20817
20817 2194
2194 20817
20817 2629
2629 20817
20817 4511
4511 20817
20817 4920
4920 20817
20817 6529
6529 20817
20817 6589
6589 20817
20817 6666
6666 20817
20817 6937
6937 20817
20817 11850
11850 20817
20817 12039
12039 20817
20817 12196
12196 20817
20817 12220
12220 20817
20817 12789
12789 20817
20817 14583
14583 20817
20817 15814
15814 20817
20817 19685
19685 20817
20817 20817
20817 20817
20817 22598
22598 20817
20861 11748
11748 20861
20892 252
252 20892
20893 24252
24252 20893
20897 2184
2184 20897
20897 10603
10603 20897
20907 6638
6638 20907
20917 20917
20917 20917
21079 14691
14691 21079
21079 17475
17475 21079
21079 21079
21079 21079
21089 10544
10544 21089
21089 11848
11848 21089
21089 21089
21089 21089
21194 12310
12310 21194
21213 2134
2134 21213
21213 4667
4667 21213
21213 6851
6851 21213
21213 9025
9025 21213
21213 9685
9685 21213
21213 15542
15542 21213
21213 16018
16018 21213
21213 17675
17675 21213
21213 21213
21213 21213
21233 24252
24252 21233
21240 349
349 21240
21240 1001
1001 21240
21240 1264
1264 21240
21240 1740
1740 21240
21240 9256
9256 21240
21240 12115
12115 21240
21240 12171
12171 21240
21240 13383
13383 21240
21240 14691
14691 21240
21240 14806
14806 21240
21240 16601
16601 21240
21240 21240
21240 21240
21336 3679
3679 21336
21336 4242
4242 21336
21336 4343
4343 21336
21336 4667
4667 21336
21336 12182
12182 21336
21336 17675
17675 21336
21336 21336
21336 21336
21356 6299
6299 21356
21356 9957
9957 21356
21356 11256
11256 21356
21356 11874
11874 21356
21356 12064
12064 21356
21356 12109
12109 21356
21356 12261
12261 21356
21356 17157
17157 21356
21356 21356
21356 21356
21584 11378
11378 21584
21584 11688
11688 21584
21584 12079
12079 21584
21584 20355
20355 21584
21584 21584
21584 21584
21699 165
165 21699
21699 231
231 21699
21699 280
280 21699
21699 285
285 21699
21699 833
833 21699
21699 1105
1105 21699
21699 1921
1921 21699
21699 3921
3921 21699
21699 4667
4667 21699
21699 4731
4731 21699
21699 5480
5480 21699
21699 5750
5750 21699
21699 5925
5925 21699
21699 6047
6047 21699
21699 6247
6247 21699
21699 6666
6666 21699
21699 6937
6937 21699
21699 7520
7520 21699
21699 8996
8996 21699
21699 9859
9859 21699
21699 10377
10377 21699
21699 10469
10469 21699
21699 10544
10544 21699
21699 10587
10587 21699
21699 10935
10935 21699
21699 11071
11071 21699
21699 11378
11378 21699
21699 11527
11527 21699
21699 11681
11681 21699
21699 11688
11688 21699
21699 11733
11733 21699
21699 11887
11887 21699
21699 11901
11901 21699
21699 11938
11938 21699
21699 12015
12015 21699
21699 12039
12039 21699
21699 12196
12196 21699
21699 12198
12198 21699
21699 12240
12240 21699
21699 12241
12241 21699
21699 12310
12310 21699
21699 12321
12321 21699
21699 13141
13141 21699
21699 14583
14583 21699
21699 17801
17801 21699
21699 18602
18602 21699
21699 18764
18764 21699
21699 21584
21584 21699
21699 21699
21699 21699
21699 23235
23235 21699
21699 24675
24675 21699
21699 24692
24692 21699
21786 1140
1140 21786
21786 1621
1621 21786
21786 1740
1740 21786
21786 3921
3921 21786
21786 5969
5969 21786
21786 6557
6557 21786
21786 8364
8364 21786
21786 9312
9312 21786
21786 12110
12110 21786
21786 12310
12310 21786
21786 12391
12391 21786
21786 21786
21786 21786
21786 24707
24707 21786
21800 11978
11978 21800
21800 12677
12677 21800
21878 11887
11887 21878
21884 1547
1547 21884
21884 11313
11313 21884
21884 11728
11728 21884
21884 15251
15251 21884
21905 7410
7410 21905
21913 876
876 21913
21913 12058
12058 21913
21914 7940
7940 21914
21926 2194
2194 21926
21926 9056
9056 21926
21954 1547
1547 21954
21954 1658
1658 21954
21954 2018
2018 21954
21954 2024
2024 21954
21954 2134
2134 21954
21954 3337
3337 21954
21954 3415
3415 21954
21954 3540
3540 21954
21954 4343
4343 21954
21954 9025
9025 21954
21954 9057
9057 21954
21954 9968
9968 21954
21954 10603
10603 21954
21954 10656
10656 21954
21954 11378
11378 21954
21954 11854
11854 21954
21954 11929
11929 21954
21954 11938
11938 21954
21954 12208
12208 21954
21954 12247
12247 21954
21954 21954
21954 21954
21985 13552
13552 21985
21985 21985
21985 21985
22053 6346
6346 22053
22134 9251
9251 22134
22134 12273
12273 22134
22134 13694
13694 22134
22134 14820
14820 22134
22134 17298
17298 22134
22134 22134
22134 22134
22217 8895
8895 22217
22217 22217
22217 22217
22265 12062
12062 22265
22276 20
20 22276
22276 1116
1116 22276
22276 1197
1197 22276
22276 3172
3172 22276
22276 11767
11767 22276
22276 11929
11929 22276
22276 12109
12109 22276
22276 12122
12122 22276
22276 12151
12151 22276
22276 12267
12267 22276
22276 12277
12277 22276
22276 18602
18602 22276
22276 22882
22882 22276
22283 642
642 22283
22283 2592
2592 22283
22283 3072
3072 22283
22283 8184
8184 22283
22283 10935
10935 22283
22283 12098
12098 22283
22283 12144
12144 22283
22283 19876
19876 22283
22283 22283
22283 22283
22315 12468
12468 22315
22328 19177
19177 22328
22341 2797
2797 22341
22341 14853
14853 22341
22341 15251
15251 22341
22341 19554
19554 22341
22341 21336
21336 22341
22341 22341
22341 22341
22466 15259
15259 22466
22513 891
891 22513
22513 2384
2384 22513
22513 5115
5115 22513
22513 7682
7682 22513
22513 12299
12299 22513
22513 12486
12486 22513
22513 19730
19730 22513
22513 22513
22513 22513
22598 630
630 22598
22598 3921
3921 22598
22598 4920
4920 22598
22598 12977
12977 22598
22598 13786
13786 22598
22598 14583
14583 22598
22598 22598
22598 22598
22708 5946
5946 22708
22718 6437
6437 22718
22730 5409
5409 22730
22765 1846
1846 22765
22765 22765
22765 22765
22819 19059
19059 22819
22882 22882
22882 22882
22906 12427
12427 22906
22906 12720
12720 22906
22906 22906
22906 22906
23235 1582
1582 23235
23235 2467
2467 23235
23235 3921
3921 23235
23235 4343
4343 23235
23235 4402
4402 23235
23235 5644
5644 23235
23235 7759
7759 23235
23235 11167
11167 23235
23235 11874
11874 23235
23235 11929
11929 23235
23235 11938
11938 23235
23235 11987
11987 23235
23235 12151
12151 23235
23235 12163
12163 23235
23235 12241
12241 23235
23235 12348
12348 23235
23235 18602
18602 23235
23235 19059
19059 23235
23235 19149
19149 23235
23235 23235
23235 23235
23235 24209
24209 23235
23298 14496
14496 23298
23298 23298
23298 23298
23348 3528
3528 23348
23348 4029
4029 23348
23348 4685
4685 23348
23348 5232
5232 23348
23348 8564
8564 23348
23348 11681
11681 23348
23348 12006
12006 23348
23348 12078
12078 23348
23348 12505
12505 23348
23348 23348
23348 23348
23473 13141
13141 23473
23535 15117
15117 23535
23535 23535
23535 23535
23633 13969
13969 23633
23782 804
804 23782
23782 11999
11999 23782
23782 23782
23782 23782
23846 4242
4242 23846
23906 6247
6247 23906
23946 13383
13383 23946
23991 23991
23991 23991
24088 10573
10573 24088
24088 11961
11961 24088
24088 12539
12539 24088
24108 3679
3679 24108
24108 20783
20783 24108
24132 7338
7338 24132
24133 231
231 24133
24133 12354
12354 24133
24133 24182
24182 24133
24133 24385
24385 24133
24144 2194
2194 24144
24150 1133
1133 24150
24150 2134
2134 24150
24150 3714
3714 24150
24150 5677
5677 24150
24150 6047
6047 24150
24150 8421
8421 24150
24150 11828
11828 24150
24150 12336
12336 24150
24150 18602
18602 24150
24157 280
280 24157
24157 11371
11371 24157
24157 24157
24157 24157
24182 20512
20512 24182
24191 6851
6851 24191
24191 12409
12409 24191
24206 1582
1582 24206
24224 5697
5697 24224
24224 9957
9957 24224
24224 24224
24224 24224
24226 3995
3995 24226
24226 6547
6547 24226
24226 7140
7140 24226
24226 9957
9957 24226
24226 11158
11158 24226
24226 11589
11589 24226
24226 11969
11969 24226
24226 12008
12008 24226
24226 12010
12010 24226
24226 12269
12269 24226
24226 21542
21542 24226
24226 22283
22283 24226
24226 24226
24226 24226
24250 833
833 24250
24250 6598
6598 24250
24250 12122
12122 24250
24250 12154
12154 24250
24250 12311
12311 24250
24252 0
0 24252
24252 642
642 24252
24252 1913
1913 24252
24252 2629
2629 24252
24252 2831
2831 24252
24252 4829
4829 24252
24252 9239
9239 24252
24252 9978
9978 24252
24252 10474
10474 24252
24252 11048
11048 24252
24252 11652
11652 24252
24252 11874
11874 24252
24252 11878
11878 24252
24252 11929
11929 24252
24252 11960
11960 24252
24252 12101
12101 24252
24252 12109
12109 24252
24252 12163
12163 24252
24252 12164
12164 24252
24252 12210
12210 24252
24252 12310
12310 24252
24252 12333
12333 24252
24252 12442
12442 24252
24252 12468
12468 24252
24252 12665
12665 24252
24252 13308
13308 24252
24252 14496
14496 24252
24252 14835
14835 24252
24252 17675
17675 24252
24252 18472
18472 24252
24252 20673
20673 24252
24252 20893
20893 24252
24252 23298
23298 24252
24252 23472
23472 24252
24252 24252
24252 24252
24322 8993
8993 24322
24322 13969
13969 24322
24354 7338
7338 24354
24354 9239
9239 24354
24354 11808
11808 24354
24354 12203
12203 24354
24354 24354
24354 24354
24385 10410
10410 24385
24385 13214
13214 24385
24385 24385
24385 24385
24386 24386
24386 24386
24393 2416
2416 24393
24393 7410
7410 24393
24393 11048
11048 24393
24393 18602
18602 24393
24393 24393
24393 24393
24401 5409
5409 24401
24404 12210
12210 24404
24442 24442
24442 24442
24451 24451
24451 24451
24460 124
124 24460
24474 6851
6851 24474
24492 2069
2069 24492
24492 5345
5345 24492
24492 6545
6545 24492
24492 24492
24492 24492
24518 4712
4712 24518
24518 4920
4920 24518
24518 12456
12456 24518
24518 12496
12496 24518
24518 24518
24518 24518
24519 9239
9239 24519
24519 11256
11256 24519
24555 1264
1264 24555
24555 12373
12373 24555
24568 11681
11681 24568
24568 24568
24568 24568
24588 10207
10207 24588
24588 11150
11150 24588
24682 11056
11056 24682
24682 24682
24682 24682
24692 2592
2592 24692
24692 4567
4567 24692
24692 24692
24692 24692
24707 7601
7601 24707
24707 12245
12245 24707
24707 24707
24707 24707
24710 1221
1221 24710
24710 5519
5519 24710
24710 8858
8858 24710
24710 11698
11698 24710
24710 12013
12013 24710
24710 12299
12299 24710
24710 24710
24710 24710
24734 6851
6851 24734
