7 9057
9057 7
21 21
21 21
21 2089
2089 21
25 7759
7759 25
34 34
34 34
34 726
726 34
34 8752
8752 34
34 24657
24657 34
40 40
40 40
40 1951
1951 40
44 44
44 44
44 1842
1842 44
44 1899
1899 44
44 2014
2014 44
44 4242
4242 44
44 6806
6806 44
44 7921
7921 44
44 9044
9044 44
44 9066
9066 44
44 11503
11503 44
44 16946
16946 44
44 17584
17584 44
44 20429
20429 44
54 704
704 54
97 6049
6049 97
97 14595
14595 97
115 115
115 115
115 2978
2978 115
115 6218
6218 115
115 6557
6557 115
115 7055
7055 115
115 8842
8842 115
115 9142
9142 115
115 19438
19438 115
115 19999
19999 115
117 2118
2118 117
117 5420
5420 117
125 125
125 125
125 4298
4298 125
125 15714
15714 125
130 929
929 130
130 24065
24065 130
132 12874
12874 132
155 155
155 155
155 726
726 155
155 6465
6465 155
155 8797
8797 155
155 9043
9043 155
162 9239
9239 162
194 14195
14195 194
212 212
212 212
213 6049
6049 213
213 7478
7478 213
213 11313
11313 213
213 22225
22225 213
215 215
215 215
215 876
876 215
215 5420
5420 215
215 6129
6129 215
215 7473
7473 215
215 9100
9100 215
215 9132
9132 215
231 231
231 231
231 4331
4331 231
231 7603
7603 231
231 8047
8047 231
231 8564
8564 231
231 9093
9093 231
231 9095
9095 231
231 9175
9175 231
231 11955
11955 231
231 13141
13141 231
231 19300
19300 231
231 19946
19946 231
231 23711
23711 231
231 24668
24668 231
237 6598
6598 237
237 13181
13181 237
245 19438
19438 245
252 7990
7990 252
252 8653
8653 252
252 12279
12279 252
255 25
25 255
255 255
255 255
255 714
714 255
255 1173
1173 255
255 2361
2361 255
255 2499
2499 255
255 6038
6038 255
255 7630
7630 255
255 7759
7759 255
255 8808
8808 255
255 8855
8855 255
255 8924
8924 255
255 8962
8962 255
255 9055
9055 255
255 9092
9092 255
255 11481
11481 255
255 11722
11722 255
255 11819
11819 255
255 14835
14835 255
255 16976
16976 255
255 21927
21927 255
255 21954
21954 255
255 24451
24451 255
263 13969
13969 263
271 271
271 271
271 5801
5801 271
271 11481
11481 271
271 15450
15450 271
285 726
726 285
287 132
132 287
287 465
465 287
320 320
320 320
320 503
503 320
320 2416
2416 320
320 8889
8889 320
320 9115
9115 320
320 14583
14583 320
320 24451
24451 320
348 8361
8361 348
348 8810
8810 348
349 349
349 349
349 4608
4608 349
349 8973
8973 349
349 14034
14034 349
349 17051
17051 349
349 24313
24313 349
376 376
376 376
376 7202
7202 376
386 386
386 386
386 934
934 386
386 4356
4356 386
386 5400
5400 386
386 6557
6557 386
386 14355
14355 386
386 18619
18619 386
386 24492
24492 386
395 376
376 395
395 1971
1971 395
412 14232
14232 412
424 424
424 424
424 14361
14361 424
434 3172
3172 434
438 19439
19439 438
451 19138
19138 451
454 19901
19901 454
465 465
465 465
465 1221
1221 465
465 7759
7759 465
465 9079
9079 465
466 1740
1740 466
484 484
484 484
484 8404
8404 484
484 11657
11657 484
484 12670
12670 484
484 13684
13684 484
484 21177
21177 484
491 1141
1141 491
501 7648
7648 501
501 15145
15145 501
501 15995
15995 501
503 503
503 503
503 10121
10121 503
524 4667
4667 524
524 9516
9516 524
525 6027
6027 525
525 9065
9065 525
546 546
546 546
546 5508
5508 546
546 8769
8769 546
567 567
567 567
567 903
903 567
572 5345
5345 572
572 8837
8837 572
572 8888
8888 572
572 12670
12670 572
572 16946
16946 572
583 583
583 583
596 132
132 596
596 1913
1913 596
596 7100
7100 596
596 7315
7315 596
596 7709
7709 596
596 8239
8239 596
596 8361
8361 596
596 8756
8756 596
596 8946
8946 596
596 8972
8972 596
601 132
132 601
601 206
206 601
601 255
255 601
601 287
287 601
601 1951
1951 601
601 7759
7759 601
601 8786
8786 601
601 8927
8927 601
601 18619
18619 601
601 22276
22276 601
607 6218
6218 607
610 215
215 610
610 496
496 610
610 3760
3760 610
610 5969
5969 610
610 6027
6027 610
610 7453
7453 610
610 9057
9057 610
610 9109
9109 610
610 9114
9114 610
610 13191
13191 610
610 14805
14805 610
623 623
623 623
623 726
726 623
623 1312
1312 623
623 1546
1546 623
623 1578
1578 623
623 2592
2592 623
623 2633
2633 623
623 3334
3334 623
623 4242
4242 623
623 4256
4256 623
623 6124
6124 623
623 8564
8564 623
623 8606
8606 623
623 8769
8769 623
623 8915
8915 623
623 8927
8927 623
623 9127
9127 623
623 9239
9239 623
623 13969
13969 623
623 15450
15450 623
623 16256
16256 623
623 20422
20422 623
623 23348
23348 623
623 23926
23926 623
623 24226
24226 623
623 24518
24518 623
640 640
640 640
640 8996
8996 640
642 255
255 642
642 642
642 642
642 929
929 642
642 1001
1001 642
642 1843
1843 642
642 2118
2118 642
642 3275
3275 642
642 3777
3777 642
642 3957
3957 642
642 4255
4255 642
642 4567
4567 642
642 5035
5035 642
642 5358
5358 642
642 5519
5519 642
642 6735
6735 642
642 7616
7616 642
642 7759
7759 642
642 8239
8239 642
642 8321
8321 642
642 8631
8631 642
642 8664
8664 642
642 8733
8733 642
642 8872
8872 642
642 8958
8958 642
642 9030
9030 642
642 9074
9074 642
642 9159
9159 642
642 12044
12044 642
642 13518
13518 642
642 13684
13684 642
642 14295
14295 642
642 15995
15995 642
642 16742
16742 642
642 18602
18602 642
642 19946
19946 642
642 20638
20638 642
642 24033
24033 642
642 24354
24354 642
642 24518
24518 642
642 24555
24555 642
666 15450
15450 666
701 642
642 701
701 701
701 701
701 1822
1822 701
701 5140
5140 701
701 5508
5508 701
701 5517
5517 701
701 6961
6961 701
701 8151
8151 701
701 8353
8353 701
701 8658
8658 701
701 8817
8817 701
701 8967
8967 701
714 255
255 714
714 271
271 714
714 642
642 714
714 714
714 714
714 6999
6999 714
714 7759
7759 714
714 8755
8755 714
714 8952
8952 714
714 8963
8963 714
714 9137
9137 714
714 13383
13383 714
726 34
34 726
726 155
155 726
726 287
287 726
726 381
381 726
726 503
503 726
726 546
546 726
726 623
623 726
726 726
726 726
726 1546
1546 726
726 2036
2036 726
726 2362
2362 726
726 3149
3149 726
726 3824
3824 726
726 5036
5036 726
726 5232
5232 726
726 5604
5604 726
726 6139
6139 726
726 6278
6278 726
726 6465
6465 726
726 6621
6621 726
726 7315
7315 726
726 7759
7759 726
726 8239
8239 726
726 8625
8625 726
726 8726
8726 726
726 8752
8752 726
726 8753
8753 726
726 8756
8756 726
726 8760
8760 726
726 8780
8780 726
726 8785
8785 726
726 8797
8797 726
726 8874
8874 726
726 8886
8886 726
726 8897
8897 726
726 8915
8915 726
726 8922
8922 726
726 8932
8932 726
726 8972
8972 726
726 9092
9092 726
726 9104
9104 726
726 9130
9130 726
726 13059
13059 726
726 13141
13141 726
726 14969
14969 726
726 17332
17332 726
726 19946
19946 726
726 22221
22221 726
726 22592
22592 726
726 22730
22730 726
726 24226
24226 726
726 24393
24393 726
726 24668
24668 726
728 5311
5311 728
737 1951
1951 737
737 6629
6629 737
737 7955
7955 737
737 14147
14147 737
776 6557
6557 776
804 572
572 804
804 642
642 804
804 804
804 804
804 8473
8473 804
804 8837
8837 804
804 8861
8861 804
804 8954
8954 804
804 19946
19946 804
804 21800
21800 804
814 22276
22276 814
830 503
503 830
830 830
830 830
830 6049
6049 830
830 15542
15542 830
830 19059
19059 830
830 19172
19172 830
830 21071
21071 830
830 22217
22217 830
833 833
833 833
834 18602
18602 834
850 850
850 850
866 8239
8239 866
866 15450
15450 866
866 24668
24668 866
873 7811
7811 873
876 215
215 876
876 484
484 876
876 876
876 876
876 1004
1004 876
876 5112
5112 876
876 8277
8277 876
876 8852
8852 876
876 8880
8880 876
876 8996
8996 876
891 6621
6621 891
895 8912
8912 895
906 906
906 906
906 8762
8762 906
929 642
642 929
929 929
929 929
929 4920
4920 929
929 7442
7442 929
929 7616
7616 929
929 7759
7759 929
929 8321
8321 929
929 8631
8631 929
929 8963
8963 929
929 13184
13184 929
929 15450
15450 929
929 24065
24065 929
984 18619
18619 984
1001 642
642 1001
1001 1001
1001 1001
1001 3113
3113 1001
1004 876
876 1004
1013 1013
1013 1013
1013 1318
1318 1013
1013 4916
4916 1013
1013 5956
5956 1013
1013 6278
6278 1013
1013 7955
7955 1013
1013 8361
8361 1013
1013 8674
8674 1013
1013 8760
8760 1013
1013 8885
8885 1013
1013 8886
8886 1013
1013 8984
8984 1013
1013 9047
9047 1013
1013 9177
9177 1013
1013 14361
14361 1013
1013 16581
16581 1013
1013 19946
19946 1013
1013 24393
24393 1013
1013 24668
24668 1013
1018 1018
1018 1018
1018 9160
9160 1018
1048 2014
2014 1048
1048 11406
11406 1048
1050 7803
7803 1050
1063 18689
18689 1063
1063 21020
21020 1063
1086 7616
7616 1086
1097 4920
4920 1097
1105 484
484 1105
1105 1105
1105 1105
1105 1140
1140 1105
1105 1462
1462 1105
1105 1676
1676 1105
1105 2053
2053 1105
1105 2794
2794 1105
1105 2811
2811 1105
1105 2831
2831 1105
1105 3657
3657 1105
1105 4094
4094 1105
1105 4331
4331 1105
1105 4356
4356 1105
1105 4920
4920 1105
1105 6027
6027 1105
1105 6285
6285 1105
1105 6698
6698 1105
1105 8329
8329 1105
1105 8604
8604 1105
1105 8632
8632 1105
1105 8897
8897 1105
1105 8912
8912 1105
1105 9025
9025 1105
1105 9095
9095 1105
1105 9099
9099 1105
1105 9114
9114 1105
1105 13181
13181 1105
1105 14595
14595 1105
1105 19946
19946 1105
1105 24127
24127 1105
1105 24393
24393 1105
1110 850
850 1110
1110 7410
7410 1110
1116 6638
6638 1116
1116 8551
8551 1116
1116 8717
8717 1116
1116 8822
8822 1116
1116 8971
8971 1116
1116 9122
9122 1116
1116 16958
16958 1116
1133 1133
1133 1133
1133 1691
1691 1133
1133 5311
5311 1133
1133 7803
7803 1133
1133 22962
22962 1133
1137 623
623 1137
1137 833
833 1137
1137 1137
1137 1137
1137 1658
1658 1137
1137 4094
4094 1137
1137 5299
5299 1137
1137 6049
6049 1137
1137 6598
6598 1137
1137 7055
7055 1137
1137 7442
7442 1137
1137 8755
8755 1137
1137 8840
8840 1137
1137 8868
8868 1137
1137 8993
8993 1137
1137 21107
21107 1137
1137 22513
22513 1137
1140 1140
1140 1140
1140 1899
1899 1140
1140 8606
8606 1140
1140 12053
12053 1140
1140 18602
18602 1140
1141 491
491 1141
1141 1141
1141 1141
1141 1913
1913 1141
1141 19946
19946 1141
1158 3496
3496 1158
1158 8812
8812 1158
1158 14232
14232 1158
1173 255
255 1173
1173 5140
5140 1173
1173 8888
8888 1173
1183 1183
1183 1183
1215 1141
1141 1215
1215 1215
1215 1215
1215 24518
24518 1215
1221 1221
1221 1221
1221 2497
2497 1221
1221 6113
6113 1221
1221 6845
6845 1221
1221 9040
9040 1221
1221 22513
22513 1221
1221 24710
24710 1221
1281 5544
5544 1281
1312 503
503 1312
1312 623
623 1312
1312 1312
1312 1312
1312 1318
1318 1312
1312 3874
3874 1312
1312 4567
4567 1312
1312 4920
4920 1312
1312 6278
6278 1312
1312 8905
8905 1312
1312 8911
8911 1312
1313 9143
9143 1313
1316 19730
19730 1316
1316 22513
22513 1316
1318 1312
1312 1318
1318 16581
16581 1318
1346 8939
8939 1346
1346 16018
16018 1346
1354 8763
8763 1354
1383 1141
1141 1383
1383 2038
2038 1383
1383 8858
8858 1383
1383 10325
10325 1383
1403 1403
1403 1403
1403 3777
3777 1403
1403 7074
7074 1403
1403 8005
8005 1403
1403 8925
8925 1403
1403 9099
9099 1403
1403 24226
24226 1403
1407 8768
8768 1407
1407 8903
8903 1407
1407 14147
14147 1407
1411 7473
7473 1411
1411 24695
24695 1411
1430 40
40 1430
1430 929
929 1430
1430 1097
1097 1430
1430 1430
1430 1430
1430 2038
2038 1430
1430 2653
2653 1430
1430 4920
4920 1430
1430 5447
5447 1430
1430 6278
6278 1430
1430 7550
7550 1430
1430 8600
8600 1430
1430 8750
8750 1430
1430 8761
8761 1430
1430 8918
8918 1430
1430 8958
8958 1430
1430 8986
8986 1430
1430 9071
9071 1430
1430 9132
9132 1430
1430 9154
9154 1430
1430 11700
11700 1430
1430 12044
12044 1430
1430 13184
13184 1430
1430 13662
13662 1430
1430 17157
17157 1430
1430 19901
19901 1430
1430 20817
20817 1430
1430 22592
22592 1430
1430 22598
22598 1430
1430 22840
22840 1430
1430 23925
23925 1430
1430 24226
24226 1430
1431 19438
19438 1431
1455 5147
5147 1455
1462 25
25 1462
1462 1462
1462 1462
1466 18088
18088 1466
1495 13996
13996 1495
1520 1520
1520 1520
1520 18969
18969 1520
1520 23926
23926 1520
1538 7955
7955 1538
1538 8005
8005 1538
1538 8239
8239 1538
1538 9078
9078 1538
1538 18073
18073 1538
1546 623
623 1546
1546 1546
1546 1546
1546 4242
4242 1546
1546 8606
8606 1546
1546 10811
10811 1546
1546 13337
13337 1546
1546 14232
14232 1546
1546 22592
22592 1546
1567 2104
2104 1567
1582 1582
1582 1582
1582 9073
9073 1582
1595 1595
1595 1595
1595 5519
5519 1595
1595 14785
14785 1595
1639 5530
5530 1639
1658 320
320 1658
1658 1658
1658 1658
1658 3777
3777 1658
1658 4948
4948 1658
1658 6999
6999 1658
1658 7058
7058 1658
1658 7803
7803 1658
1658 8631
8631 1658
1658 8808
8808 1658
1658 8871
8871 1658
1658 9053
9053 1658
1658 9150
9150 1658
1658 14295
14295 1658
1658 19946
19946 1658
1658 24555
24555 1658
1665 7616
7616 1665
1665 24252
24252 1665
1676 1676
1676 1676
1676 15688
15688 1676
1682 4585
4585 1682
1684 6735
6735 1684
1691 14361
14361 1691
1692 642
642 1692
1692 1221
1221 1692
1692 3113
3113 1692
1692 8874
8874 1692
1692 8956
8956 1692
1692 9134
9134 1692
1716 2831
2831 1716
1740 1676
1676 1740
1740 1842
1842 1740
1740 2984
2984 1740
1740 4242
4242 1740
1740 4928
4928 1740
1740 5345
5345 1740
1740 7921
7921 1740
1740 8865
8865 1740
1740 8954
8954 1740
1740 9174
9174 1740
1740 9175
9175 1740
1740 12900
12900 1740
1740 24167
24167 1740
1740 24313
24313 1740
1780 1780
1780 1780
1780 4450
4450 1780
1800 1800
1800 1800
1800 6465
6465 1800
1800 6511
6511 1800
1822 1822
1822 1822
1822 2104
2104 1822
1822 20638
20638 1822
1842 44
44 1842
1842 1842
1842 1842
1842 6811
6811 1842
1842 8832
8832 1842
1842 11503
11503 1842
1842 12900
12900 1842
1842 23927
23927 1842
1842 24492
24492 1842
1846 25
25 1846
1846 503
503 1846
1846 1546
1546 1846
1846 1846
1846 1846
1846 4183
4183 1846
1846 4450
4450 1846
1846 6720
6720 1846
1846 7640
7640 1846
1846 8506
8506 1846
1846 8804
8804 1846
1846 8872
8872 1846
1846 8955
8955 1846
1846 9092
9092 1846
1846 10121
10121 1846
1846 24451
24451 1846
1869 8047
8047 1869
1899 850
850 1899
1899 1899
1899 1899
1899 2053
2053 1899
1899 3113
3113 1899
1899 4242
4242 1899
1899 4928
4928 1899
1899 5946
5946 1899
1899 9068
9068 1899
1899 9085
9085 1899
1899 10791
10791 1899
1899 20285
20285 1899
1904 6811
6811 1904
1913 1141
1141 1913
1913 3334
3334 1913
1913 6735
6735 1913
1934 1934
1934 1934
1934 2104
2104 1934
1934 24252
24252 1934
1951 40
40 1951
1951 320
320 1951
1951 1951
1951 1951
1951 6010
6010 1951
1951 6770
6770 1951
1951 7338
7338 1951
1951 7550
7550 1951
1951 7955
7955 1951
1951 8537
8537 1951
1951 8777
8777 1951
1951 8810
8810 1951
1951 8854
8854 1951
1951 8860
8860 1951
1951 9122
9122 1951
1951 15450
15450 1951
1951 19693
19693 1951
1951 22276
22276 1951
1951 24033
24033 1951
1971 4280
4280 1971
1971 4920
4920 1971
1971 12025
12025 1971
1971 23535
23535 1971
2014 1048
1048 2014
2014 1140
1140 2014
2014 2014
2014 2014
2014 4215
4215 2014
2014 6811
6811 2014
2014 7921
7921 2014
2014 11698
11698 2014
2036 2036
2036 2036
2038 7540
7540 2038
2048 2048
2048 2048
2048 6747
6747 2048
2104 8858
8858 2104
2118 2118
2118 2118
2134 850
850 2134
2134 1001
1001 2134
2134 2134
2134 2134
2134 2194
2194 2134
2134 3009
3009 2134
2134 4029
4029 2134
2134 5892
5892 2134
2134 6698
6698 2134
2134 8792
8792 2134
2134 8816
8816 2134
2134 9125
9125 2134
2134 9239
9239 2134
2134 11684
11684 2134
2134 14361
14361 2134
2134 14583
14583 2134
2134 16213
16213 2134
2134 18602
18602 2134
2134 21702
21702 2134
2134 24150
24150 2134
2134 24266
24266 2134
2148 2118
2118 2148
2194 623
623 2194
2194 850
850 2194
2194 2194
2194 2194
2194 2497
2497 2194
2194 2978
2978 2194
2194 3055
3055 2194
2194 4242
4242 2194
2194 4920
4920 2194
2194 5477
5477 2194
2194 5801
5801 2194
2194 6192
6192 2194
2194 7803
7803 2194
2194 8321
8321 2194
2194 8455
8455 2194
2194 8777
8777 2194
2194 9078
9078 2194
2194 9148
9148 2194
2194 10121
10121 2194
2194 11684
11684 2194
2194 13684
13684 2194
2194 14805
14805 2194
2194 19730
19730 2194
2194 19901
19901 2194
2194 19999
19999 2194
2194 21954
21954 2194
2194 24127
24127 2194
2197 1595
1595 2197
2197 2487
2487 2197
2197 6917
6917 2197
2197 8935
8935 2197
2197 9057
9057 2197
2197 20021
20021 2197
2197 23711
23711 2197
2239 726
726 2239
2239 804
804 2239
2239 2239
2239 2239
2239 8952
8952 2239
2239 8996
8996 2239
2239 11967
11967 2239
2239 19059
19059 2239
2239 22521
22521 2239
2239 24226
24226 2239
2257 2257
2257 2257
2257 9133
9133 2257
2300 8147
8147 2300
2307 8943
8943 2307
2324 8943
8943 2324
2349 4916
4916 2349
2349 4920
4920 2349
2349 13969
13969 2349
2361 255
255 2361
2361 2361
2361 2361
2361 6596
6596 2361
2361 7759
7759 2361
2361 8116
8116 2361
2361 8946
8946 2361
2361 9083
9083 2361
2361 13518
13518 2361
2361 19693
19693 2361
2361 19999
19999 2361
2361 24451
24451 2361
2362 2362
2362 2362
2362 8102
8102 2362
2363 2363
2363 2363
2370 567
567 2370
2384 2384
2384 2384
2384 4094
4094 2384
2384 5147
5147 2384
2384 7055
7055 2384
2384 11313
11313 2384
2384 24537
24537 2384
2387 2387
2387 2387
2387 7540
7540 2387
2387 8310
8310 2387
2387 8769
8769 2387
2387 8858
8858 2387
2387 8872
8872 2387
2387 8886
8886 2387
2387 13969
13969 2387
2387 19177
19177 2387
2387 20550
20550 2387
2392 8894
8894 2392
2392 10121
10121 2392
2392 13786
13786 2392
2411 642
642 2411
2411 2411
2411 2411
2411 3777
3777 2411
2411 4920
4920 2411
2411 5162
5162 2411
2411 7759
7759 2411
2411 8777
8777 2411
2411 8841
8841 2411
2411 8866
8866 2411
2411 8924
8924 2411
2411 24252
24252 2411
2411 24451
24451 2411
2413 1001
1001 2413
2413 1038
1038 2413
2413 1595
1595 2413
2413 3620
3620 2413
2413 6133
6133 2413
2413 6961
6961 2413
2413 19946
19946 2413
2413 22283
22283 2413
2424 16213
16213 2424
2486 6139
6139 2486
2487 465
465 2487
2487 1221
1221 2487
2487 1595
1595 2487
2487 1780
1780 2487
2487 1846
1846 2487
2487 2487
2487 2487
2487 4450
4450 2487
2487 5035
5035 2487
2487 5409
5409 2487
2487 7855
7855 2487
2487 8147
8147 2487
2487 8361
8361 2487
2487 8815
8815 2487
2487 8852
8852 2487
2487 9135
9135 2487
2487 9153
9153 2487
2487 15594
15594 2487
2487 19946
19946 2487
2487 20817
20817 2487
2491 9137
9137 2491
2497 287
287 2497
2497 465
465 2497
2497 1904
1904 2497
2497 2194
2194 2497
2497 2239
2239 2497
2497 2497
2497 2497
2497 3055
3055 2497
2497 4094
4094 2497
2497 7478
7478 2497
2497 7811
7811 2497
2497 8239
8239 2497
2497 8508
8508 2497
2497 9096
9096 2497
2497 9100
9100 2497
2497 10121
10121 2497
2497 18917
18917 2497
2497 20242
20242 2497
2497 22765
22765 2497
2499 255
255 2499
2508 6067
6067 2508
2508 8984
8984 2508
2592 1951
1951 2592
2592 2592
2592 2592
2592 2629
2629 2592
2592 4208
4208 2592
2592 5644
5644 2592
2592 6557
6557 2592
2592 6780
6780 2592
2592 9169
9169 2592
2592 17332
17332 2592
2592 20638
20638 2592
2592 24226
24226 2592
2602 14595
14595 2602
2622 2104
2104 2622
2629 376
376 2629
2629 2361
2361 2629
2629 2629
2629 2629
2629 4223
4223 2629
2629 4920
4920 2629
2629 5644
5644 2629
2629 6747
6747 2629
2629 8858
8858 2629
2629 9057
9057 2629
2629 12242
12242 2629
2629 13518
13518 2629
2629 14583
14583 2629
2629 18574
18574 2629
2629 20861
20861 2629
2633 2633
2633 2633
2633 6124
6124 2633
2633 6278
6278 2633
2633 6437
6437 2633
2633 9078
9078 2633
2633 24226
24226 2633
2633 24518
24518 2633
2647 2194
2194 2647
2653 2653
2653 2653
2700 9025
9025 2700
2732 9005
9005 2732
2811 1105
1105 2811
2831 255
255 2831
2831 14976
14976 2831
2831 19946
19946 2831
2872 2872
2872 2872
2872 8213
8213 2872
2872 9106
9106 2872
2906 9168
9168 2906
2924 8452
8452 2924
2924 21926
21926 2924
2934 2934
2934 2934
2934 4396
4396 2934
2934 4536
4536 2934
2934 6780
6780 2934
2934 8564
8564 2934
2934 8862
8862 2934
2934 24033
24033 2934
2934 24707
24707 2934
2959 24479
24479 2959
2984 21240
21240 2984
2997 567
567 2997
2997 642
642 2997
2997 1141
1141 2997
2997 1899
1899 2997
2997 2362
2362 2997
2997 2997
2997 2997
2997 3496
3496 2997
2997 3825
3825 2997
2997 5311
5311 2997
2997 5369
5369 2997
2997 7803
7803 2997
2997 8047
8047 2997
2997 8289
8289 2997
2997 8321
8321 2997
2997 8767
8767 2997
2997 8777
8777 2997
2997 8903
8903 2997
2997 10109
10109 2997
2997 15450
15450 2997
2997 19946
19946 2997
3021 25
25 3021
3021 2387
2387 3021
3021 7315
7315 3021
3021 8458
8458 3021
3023 14805
14805 3023
3049 3049
3049 3049
3049 4504
4504 3049
3049 8808
8808 3049
3049 13518
13518 3049
3049 21702
21702 3049
3049 24734
24734 3049
3055 2134
2134 3055
3055 3055
3055 3055
3055 8213
8213 3055
3055 8934
8934 3055
3098 4920
4920 3098
3113 1001
1001 3113
3113 1899
1899 3113
3113 3113
3113 3113
3113 8465
8465 3113
3113 8810
8810 3113
3113 8899
8899 3113
3113 9068
9068 3113
3143 4356
4356 3143
3143 8910
8910 3143
3149 3149
3149 3149
3162 3162
3162 3162
3168 3168
3168 3168
3168 5946
5946 3168
3168 6582
6582 3168
3168 9047
9047 3168
3172 255
255 3172
3172 1639
1639 3172
3172 3172
3172 3172
3172 4920
4920 3172
3172 5516
5516 3172
3172 8118
8118 3172
3172 8321
8321 3172
3172 8852
8852 3172
3172 8858
8858 3172
3172 8996
8996 3172
3172 12900
12900 3172
3192 3192
3192 3192
3192 12658
12658 3192
3192 24226
24226 3192
3203 3415
3415 3203
3203 5397
5397 3203
3203 7296
7296 3203
3203 8858
8858 3203
3227 5345
5345 3227
3227 19946
19946 3227
3231 3231
3231 3231
3231 7616
7616 3231
3275 8116
8116 3275
3275 9030
9030 3275
3302 263
263 3302
3334 3334
3334 3334
3420 8996
8996 3420
3425 4450
4450 3425
3439 9461
9461 3439
3506 3506
3506 3506
3506 20292
20292 3506
3528 5311
5311 3528
3528 6047
6047 3528
3555 17051
17051 3555
3570 7055
7055 3570
3579 503
503 3579
3579 8841
8841 3579
3591 8906
8906 3591
3620 7955
7955 3620
3620 8067
8067 3620
3622 5963
5963 3622
3657 4242
4242 3657
3657 8865
8865 3657
3657 14595
14595 3657
3657 15277
15277 3657
3705 8916
8916 3705
3709 3709
3709 3709
3709 4256
4256 3709
3725 3725
3725 3725
3725 4196
4196 3725
3729 7759
7759 3729
3760 3760
3760 3760
3760 4402
4402 3760
3760 8817
8817 3760
3760 8843
8843 3760
3760 8854
8854 3760
3760 8969
8969 3760
3760 9109
9109 3760
3777 642
642 3777
3777 1403
1403 3777
3777 3777
3777 3777
3777 6247
6247 3777
3777 8858
8858 3777
3777 10811
10811 3777
3777 14583
14583 3777
3824 3824
3824 3824
3824 6465
6465 3824
3824 7616
7616 3824
3824 15450
15450 3824
3843 44
44 3843
3843 1676
1676 3843
3843 3843
3843 3843
3843 5963
5963 3843
3843 6049
6049 3843
3843 6815
6815 3843
3843 6917
6917 3843
3843 7921
7921 3843
3843 8836
8836 3843
3843 11077
11077 3843
3843 13019
13019 3843
3843 14595
14595 3843
3843 15450
15450 3843
3843 16900
16900 3843
3843 19554
19554 3843
3843 19883
19883 3843
3843 24313
24313 3843
3865 8858
8858 3865
3874 503
503 3874
3905 10121
10121 3905
3921 8657
8657 3921
3943 3943
3943 3943
3947 1403
1403 3947
3957 3957
3957 3957
3968 3968
3968 3968
3974 9239
9239 3974
3986 8631
8631 3986
4029 2134
2134 4029
4029 4029
4029 4029
4029 4234
4234 4029
4046 14888
14888 4046
4094 2497
2497 4094
4094 4094
4094 4094
4094 6811
6811 4094
4121 1971
1971 4121
4121 2104
2104 4121
4121 2629
2629 4121
4121 4121
4121 4121
4121 5644
5644 4121
4121 8031
8031 4121
4121 8147
8147 4121
4121 8986
8986 4121
4121 9057
9057 4121
4121 9100
9100 4121
4121 9120
9120 4121
4121 15814
15814 4121
4121 18005
18005 4121
4121 19901
19901 4121
4121 19999
19999 4121
4121 22598
22598 4121
4150 4150
4150 4150
4154 4154
4154 4154
4154 11657
11657 4154
4154 24492
24492 4154
4158 714
714 4158
4158 1018
1018 4158
4158 2997
2997 4158
4158 4158
4158 4158
4158 4242
4242 4158
4158 5344
5344 4158
4158 5477
5477 4158
4158 6557
6557 4158
4158 6815
6815 4158
4158 7803
7803 4158
4158 8782
8782 4158
4158 8921
8921 4158
4158 14295
14295 4158
4173 6139
6139 4173
4183 5311
5311 4183
4186 5311
5311 4186
4186 8116
8116 4186
4186 8873
8873 4186
4186 9122
9122 4186
4186 10121
10121 4186
4187 2497
2497 4187
4196 3725
3725 4196
4196 4196
4196 4196
4196 4928
4928 4196
4196 8632
8632 4196
4196 8919
8919 4196
4196 16613
16613 4196
4208 4208
4208 4208
4234 2134
2134 4234
4234 4029
4029 4234
4234 4234
4234 4234
4242 44
44 4242
4242 125
125 4242
4242 255
255 4242
4242 496
496 4242
4242 601
601 4242
4242 623
623 4242
4242 642
642 4242
4242 726
726 4242
4242 1141
1141 4242
4242 1546
1546 4242
4242 1578
1578 4242
4242 1899
1899 4242
4242 2997
2997 4242
4242 4158
4158 4242
4242 4215
4215 4242
4242 4242
4242 4242
4242 4920
4920 4242
4242 5344
5344 4242
4242 5345
5345 4242
4242 5633
5633 4242
4242 6009
6009 4242
4242 6067
6067 4242
4242 6167
6167 4242
4242 6278
6278 4242
4242 6557
6557 4242
4242 6735
6735 4242
4242 6874
6874 4242
4242 6917
6917 4242
4242 7024
7024 4242
4242 7370
7370 4242
4242 7921
7921 4242
4242 7955
7955 4242
4242 8209
8209 4242
4242 8289
8289 4242
4242 8464
8464 4242
4242 8632
8632 4242
4242 8685
8685 4242
4242 8709
8709 4242
4242 8759
8759 4242
4242 8761
8761 4242
4242 8791
8791 4242
4242 8803
8803 4242
4242 8856
8856 4242
4242 8894
8894 4242
4242 8952
8952 4242
4242 8974
8974 4242
4242 9065
9065 4242
4242 9089
9089 4242
4242 9842
9842 4242
4242 11313
11313 4242
4242 11503
11503 4242
4242 11698
11698 4242
4242 11722
11722 4242
4242 12670
12670 4242
4242 13684
13684 4242
4242 14221
14221 4242
4242 14295
14295 4242
4242 14853
14853 4242
4242 15300
15300 4242
4242 17299
17299 4242
4242 17349
17349 4242
4242 17576
17576 4242
4242 17584
17584 4242
4242 19177
19177 4242
4242 19554
19554 4242
4242 19730
19730 4242
4242 19883
19883 4242
4242 19946
19946 4242
4242 20594
20594 4242
4242 21634
21634 4242
4242 22221
22221 4242
4242 24313
24313 4242
4242 24327
24327 4242
4242 24451
24451 4242
4255 6735
6735 4255
4255 19901
19901 4255
4256 623
623 4256
4256 3709
3709 4256
4256 5946
5946 4256
4280 1971
1971 4280
4280 4280
4280 4280
4280 8151
8151 4280
4298 125
125 4298
4298 4298
4298 4298
4298 7410
7410 4298
4298 11725
11725 4298
4298 14806
14806 4298
4331 115
115 4331
4331 2997
2997 4331
4331 4242
4242 4331
4331 4298
4298 4331
4331 4331
4331 4331
4331 6218
6218 4331
4331 9100
9100 4331
4331 11579
11579 4331
4331 14355
14355 4331
4331 15229
15229 4331
4331 15714
15714 4331
4331 18195
18195 4331
4339 6505
6505 4339
4339 13191
13191 4339
4340 804
804 4340
4340 2997
2997 4340
4340 6557
6557 4340
4340 8755
8755 4340
4340 8858
8858 4340
4343 4343
4343 4343
4343 8752
8752 4343
4350 8858
8858 4350
4350 18619
18619 4350
4356 4356
4356 4356
4356 14595
14595 4356
4402 7759
7759 4402
4406 482
482 4406
4406 21913
21913 4406
4407 17706
17706 4407
4423 9111
9111 4423
4440 623
623 4440
4440 1141
1141 4440
4440 4547
4547 4440
4440 7338
7338 4440
4440 8877
8877 4440
4440 9165
9165 4440
4441 9177
9177 4441
4449 320
320 4449
4449 5604
5604 4449
4450 1846
1846 4450
4450 3425
3425 4450
4450 4450
4450 4450
4450 8657
8657 4450
4450 8826
8826 4450
4459 8632
8632 4459
4504 3049
3049 4504
4504 10121
10121 4504
4522 2038
2038 4522
4522 11579
11579 4522
4526 3202
3202 4526
4526 8175
8175 4526
4533 8147
8147 4533
4536 2934
2934 4536
4547 4547
4547 4547
4547 8398
8398 4547
4567 567
567 4567
4567 814
814 4567
4567 1312
1312 4567
4567 1846
1846 4567
4567 2978
2978 4567
4567 3113
3113 4567
4567 4242
4242 4567
4567 4567
4567 4567
4567 6735
6735 4567
4567 8465
8465 4567
4567 8726
8726 4567
4567 14221
14221 4567
4574 8760
8760 4574
4574 8841
8841 4574
4585 4585
4585 4585
4585 20892
20892 4585
4608 349
349 4608
4663 4663
4663 4663
4663 8827
8827 4663
4663 10121
10121 4663
4663 24710
24710 4663
4665 6874
6874 4665
4667 1038
1038 4667
4667 4667
4667 4667
4667 11872
11872 4667
4667 13786
13786 4667
4667 19059
19059 4667
4683 8808
8808 4683
4685 6124
6124 4685
4685 7296
7296 4685
4685 7371
7371 4685
4685 8564
8564 4685
4685 8834
8834 4685
4685 9043
9043 4685
4685 11149
11149 4685
4685 20422
20422 4685
4685 23348
23348 4685
4700 7960
7960 4700
4719 4802
4802 4719
4719 11657
11657 4719
4795 7759
7759 4795
4802 4802
4802 4802
4802 4937
4937 4802
4802 8869
8869 4802
4802 14888
14888 4802
4802 16256
16256 4802
4829 3021
3021 4829
4829 4829
4829 4829
4829 6139
6139 4829
4829 8872
8872 4829
4829 8874
8874 4829
4829 8903
8903 4829
4862 4862
4862 4862
4865 12135
12135 4865
4865 21233
21233 4865
4879 4879
4879 4879
4879 11503
11503 4879
4879 19730
19730 4879
4879 21079
21079 4879
4882 17706
17706 4882
4885 9146
9146 4885
4920 215
215 4920
4920 376
376 4920
4920 395
395 4920
4920 503
503 4920
4920 644
644 4920
4920 1097
1097 4920
4920 1887
1887 4920
4920 1971
1971 4920
4920 3098
3098 4920
4920 3725
3725 4920
4920 4280
4280 4920
4920 4343
4343 4920
4920 4920
4920 4920
4920 5178
5178 4920
4920 5516
5516 4920
4920 5604
5604 4920
4920 6104
6104 4920
4920 6267
6267 4920
4920 8031
8031 4920
4920 8364
8364 4920
4920 8726
8726 4920
4920 8750
8750 4920
4920 8761
8761 4920
4920 8852
8852 4920
4920 8883
8883 4920
4920 8897
8897 4920
4920 8906
8906 4920
4920 8958
8958 4920
4920 9046
9046 4920
4920 9120
9120 4920
4920 9170
9170 4920
4920 12658
12658 4920
4920 12789
12789 4920
4920 13406
13406 4920
4920 13786
13786 4920
4920 14232
14232 4920
4920 14583
14583 4920
4920 15450
15450 4920
4920 15570
15570 4920
4920 18574
18574 4920
4920 18619
18619 4920
4920 19730
19730 4920
4920 19901
19901 4920
4920 20817
20817 4920
4920 21233
21233 4920
4920 22315
22315 4920
4920 22598
22598 4920
4920 24065
24065 4920
4920 24127
24127 4920
4920 24226
24226 4920
4928 4928
4928 4928
4928 8836
8836 4928
4928 15394
15394 4928
4937 4937
4937 4937
4952 8891
8891 4952
4982 7778
7778 4982
4982 9062
9062 4982
5036 5036
5036 5036
5036 7470
7470 5036
5036 18619
18619 5036
5036 23348
23348 5036
5052 4343
4343 5052
5052 8872
8872 5052
5112 876
876 5112
5112 4920
4920 5112
5112 10121
10121 5112
5127 5127
5127 5127
5127 24518
24518 5127
5140 5140
5140 5140
5140 8966
8966 5140
5143 5143
5143 5143
5143 9053
9053 5143
5147 1455
1455 5147
5152 1951
1951 5152
5152 5152
5152 5152
5152 7588
7588 5152
5152 8650
8650 5152
5152 11577
11577 5152
5152 13786
13786 5152
5152 20021
20021 5152
5162 5162
5162 5162
5171 5171
5171 5171
5178 376
376 5178
5178 3725
3725 5178
5178 4920
4920 5178
5178 5178
5178 5178
5178 5343
5343 5178
5178 6104
6104 5178
5178 9057
9057 5178
5178 12658
12658 5178
5178 12789
12789 5178
5178 13786
13786 5178
5178 19901
19901 5178
5178 20861
20861 5178
5178 21233
21233 5178
5189 6770
6770 5189
5189 9165
9165 5189
5261 503
503 5261
5282 830
830 5282
5282 6049
6049 5282
5284 11579
11579 5284
5284 16884
16884 5284
5299 1137
1137 5299
5304 21881
21881 5304
5311 1001
1001 5311
5311 1133
1133 5311
5311 1658
1658 5311
5311 2091
2091 5311
5311 3528
3528 5311
5311 5311
5311 5311
5311 6961
6961 5311
5311 8819
8819 5311
5311 8921
8921 5311
5311 8932
8932 5311
5311 9040
9040 5311
5311 9053
9053 5311
5311 9070
9070 5311
5311 12012
12012 5311
5311 14232
14232 5311
5311 15450
15450 5311
5311 21786
21786 5311
5311 22962
22962 5311
5344 5344
5344 5344
5345 2537
2537 5345
5345 4928
4928 5345
5345 5345
5345 5345
5345 11313
11313 5345
5345 11727
11727 5345
5345 15688
15688 5345
5358 642
642 5358
5364 5364
5364 5364
5364 8858
8858 5364
5364 15394
15394 5364
5371 9050
9050 5371
5400 5400
5400 5400
5408 8831
8831 5408
5409 2487
2487 5409
5409 5409
5409 5409
5409 7759
7759 5409
5409 8874
8874 5409
5409 15450
15450 5409
5420 5420
5420 5420
5447 5447
5447 5447
5477 1676
1676 5477
5477 5477
5477 5477
5477 9100
9100 5477
5485 3053
3053 5485
5485 6104
6104 5485
5489 4937
4937 5489
5508 546
546 5508
5508 701
701 5508
5508 5508
5508 5508
5516 3172
3172 5516
5516 5516
5516 5516
5519 1595
1595 5519
5519 4127
4127 5519
5519 4450
4450 5519
5519 5519
5519 5519
5519 6505
6505 5519
5519 12025
12025 5519
5519 14853
14853 5519
5519 15594
15594 5519
5519 24226
24226 5519
5530 1639
1639 5530
5544 16976
16976 5544
5589 5589
5589 5589
5589 15282
15282 5589
5604 726
726 5604
5625 5625
5625 5625
5633 5633
5633 5633
5639 5639
5639 5639
5639 8102
8102 5639
5639 8767
8767 5639
5639 9114
9114 5639
5639 9128
9128 5639
5644 2629
2629 5644
5644 4121
4121 5644
5644 8858
8858 5644
5644 9057
9057 5644
5645 5645
5645 5645
5645 7022
7022 5645
5645 11503
11503 5645
5651 9112
9112 5651
5677 2361
2361 5677
5677 6139
6139 5677
5677 19693
19693 5677
5682 5682
5682 5682
5682 8808
8808 5682
5690 13969
13969 5690
5690 14595
14595 5690
5753 6139
6139 5753
5753 6278
6278 5753
5753 21702
21702 5753
5801 1140
1140 5801
5801 4920
4920 5801
5801 5343
5343 5801
5801 5801
5801 5801
5801 6278
6278 5801
5801 7003
7003 5801
5801 8102
8102 5801
5801 15450
15450 5801
5801 18602
18602 5801
5801 22276
22276 5801
5805 5805
5805 5805
5805 8808
8808 5805
5805 16018
16018 5805
5821 19438
19438 5821
5892 2134
2134 5892
5892 5892
5892 5892
5897 6478
6478 5897
5923 5923
5923 5923
5931 5931
5931 5931
5931 18619
18619 5931
5940 465
465 5940
5946 25
25 5946
5946 1846
1846 5946
5946 4256
4256 5946
5946 4450
4450 5946
5946 5035
5035 5946
5946 5946
5946 5946
5946 6720
6720 5946
5946 7024
7024 5946
5946 7759
7759 5946
5946 8755
8755 5946
5946 8826
8826 5946
5946 8871
8871 5946
5946 8929
8929 5946
5946 8977
8977 5946
5946 9091
9091 5946
5946 9168
9168 5946
5946 13181
13181 5946
5946 16976
16976 5946
5946 18034
18034 5946
5946 19999
19999 5946
5946 20242
20242 5946
5946 23711
23711 5946
5956 1013
1013 5956
5957 1595
1595 5957
5963 5963
5963 5963
5969 5969
5969 5969
5969 8779
8779 5969
6009 215
215 6009
6009 4242
4242 6009
6009 4663
4663 6009
6009 6009
6009 6009
6009 6582
6582 6009
6009 6961
6961 6009
6009 7370
7370 6009
6009 7410
7410 6009
6009 8791
8791 6009
6009 8827
8827 6009
6009 15688
15688 6009
6010 3334
3334 6010
6010 6010
6010 6010
6010 8922
8922 6010
6027 6027
6027 6027
6033 19087
19087 6033
6038 6038
6038 6038
6047 3528
3528 6047
6047 3777
3777 6047
6047 4150
4150 6047
6047 6047
6047 6047
6047 6367
6367 6047
6047 8789
8789 6047
6047 13141
13141 6047
6047 13996
13996 6047
6047 15450
15450 6047
6047 20907
20907 6047
6049 213
213 6049
6049 5282
5282 6049
6049 5682
5682 6049
6049 6049
6049 6049
6049 6917
6917 6049
6049 18056
18056 6049
6049 21336
21336 6049
6053 6053
6053 6053
6095 8910
8910 6095
6097 7
7 6097
6103 6103
6103 6103
6104 6104
6104 6104
6113 6113
6113 6113
6113 8213
8213 6113
6124 623
623 6124
6124 2633
2633 6124
6124 4885
4885 6124
6124 6124
6124 6124
6124 7556
7556 6124
6124 8458
8458 6124
6124 8831
8831 6124
6124 8834
8834 6124
6124 9138
9138 6124
6124 16256
16256 6124
6124 24518
24518 6124
6133 8831
8831 6133
6139 4829
4829 6139
6139 6139
6139 6139
6139 7680
7680 6139
6139 24451
24451 6139
6157 434
434 6157
6167 6167
6167 6167
6167 19999
19999 6167
6192 2194
2194 6192
6192 8921
8921 6192
6211 8721
8721 6211
6217 6217
6217 6217
6217 8649
8649 6217
6218 7022
7022 6218
6227 6227
6227 6227
6247 2629
2629 6247
6247 5516
5516 6247
6247 6247
6247 6247
6247 8239
8239 6247
6247 9048
9048 6247
6247 15145
15145 6247
6248 714
714 6248
6259 642
642 6259
6259 2959
2959 6259
6259 6917
6917 6259
6259 7410
7410 6259
6259 8829
8829 6259
6259 8874
8874 6259
6259 8950
8950 6259
6259 12670
12670 6259
6259 15394
15394 6259
6259 15688
15688 6259
6259 19946
19946 6259
6267 6267
6267 6267
6278 503
503 6278
6278 1312
1312 6278
6278 5127
5127 6278
6278 6278
6278 6278
6278 8848
8848 6278
6278 8862
8862 6278
6278 8905
8905 6278
6278 8922
8922 6278
6278 9047
9047 6278
6278 12900
12900 6278
6278 12933
12933 6278
6278 15450
15450 6278
6278 16742
16742 6278
6278 18619
18619 6278
6278 22276
22276 6278
6278 24226
24226 6278
6278 24518
24518 6278
6278 24707
24707 6278
6283 6283
6283 6283
6285 1105
1105 6285
6285 6285
6285 6285
6310 1822
1822 6310
6310 6310
6310 6310
6310 8815
8815 6310
6310 8889
8889 6310
6333 6333
6333 6333
6338 12900
12900 6338
6367 6047
6047 6367
6437 465
465 6437
6437 17299
17299 6437
6442 8361
8361 6442
6465 155
155 6465
6465 726
726 6465
6465 6465
6465 6465
6497 8761
8761 6497
6497 8942
8942 6497
6497 8956
8956 6497
6497 14361
14361 6497
6505 5519
5519 6505
6511 1800
1800 6511
6511 1982
1982 6511
6511 6511
6511 6511
6514 16946
16946 6514
6528 8321
8321 6528
6528 14355
14355 6528
6547 6547
6547 6547
6557 115
115 6557
6557 714
714 6557
6557 1546
1546 6557
6557 4158
4158 6557
6557 4242
4242 6557
6557 4862
4862 6557
6557 5162
5162 6557
6557 5344
5344 6557
6557 6557
6557 6557
6557 6986
6986 6557
6557 8465
8465 6557
6557 8791
8791 6557
6557 8836
8836 6557
6557 8886
8886 6557
6557 9166
9166 6557
6557 13059
13059 6557
6557 15714
15714 6557
6582 6582
6582 6582
6582 6961
6961 6582
6589 320
320 6589
6589 3334
3334 6589
6589 6010
6010 6589
6589 9104
9104 6589
6589 9812
9812 6589
6589 11698
11698 6589
6589 13383
13383 6589
6589 13786
13786 6589
6589 20021
20021 6589
6592 444
444 6592
6592 15450
15450 6592
6596 2361
2361 6596
6596 6596
6596 6596
6596 8858
8858 6596
6598 237
237 6598
6598 6598
6598 6598
6598 6742
6742 6598
6598 8880
8880 6598
6629 6629
6629 6629
6629 8304
8304 6629
6638 5311
5311 6638
6638 6638
6638 6638
6638 8421
8421 6638
6638 8873
8873 6638
6651 8208
8208 6651
6651 22214
22214 6651
6666 1493
1493 6666
6666 6666
6666 6666
6666 7046
7046 6666
6666 8946
8946 6666
6666 15450
15450 6666
6666 19439
19439 6666
6666 21336
21336 6666
6681 6681
6681 6681
6681 8874
8874 6681
6698 1105
1105 6698
6698 2134
2134 6698
6698 7759
7759 6698
6735 263
263 6735
6735 642
642 6735
6735 950
950 6735
6735 1913
1913 6735
6735 4208
4208 6735
6735 4255
4255 6735
6735 5400
5400 6735
6735 6735
6735 6735
6735 13969
13969 6735
6735 17843
17843 6735
6735 19961
19961 6735
6735 24693
24693 6735
6742 6598
6598 6742
6747 2629
2629 6747
6747 5477
5477 6747
6747 6747
6747 6747
6747 8620
8620 6747
6747 9100
9100 6747
6770 6770
6770 6770
6772 6772
6772 6772
6780 2239
2239 6780
6780 3172
3172 6780
6780 5311
5311 6780
6780 6780
6780 6780
6780 7514
7514 6780
6780 8321
8321 6780
6780 8606
8606 6780
6780 8631
8631 6780
6780 9052
9052 6780
6780 12933
12933 6780
6780 18602
18602 6780
6780 19946
19946 6780
6780 24226
24226 6780
6796 19946
19946 6796
6806 44
44 6806
6811 1105
1105 6811
6811 1842
1842 6811
6811 1904
1904 6811
6811 2363
2363 6811
6811 4094
4094 6811
6811 4683
4683 6811
6811 6027
6027 6811
6811 6811
6811 6811
6811 7803
7803 6811
6811 7811
7811 6811
6811 8808
8808 6811
6811 8816
8816 6811
6811 8894
8894 6811
6811 8949
8949 6811
6811 8957
8957 6811
6811 8973
8973 6811
6811 9142
9142 6811
6811 9150
9150 6811
6811 24463
24463 6811
6815 4158
4158 6815
6815 6815
6815 6815
6815 9960
9960 6815
6815 16900
16900 6815
6845 1221
1221 6845
6845 6845
6845 6845
6845 8029
8029 6845
6845 12044
12044 6845
6850 10121
10121 6850
6874 6874
6874 6874
6874 8021
8021 6874
6887 6887
6887 6887
6914 7759
7759 6914
6917 6917
6917 6917
6917 8737
8737 6917
6917 9239
9239 6917
6917 15688
15688 6917
6961 701
701 6961
6961 2318
2318 6961
6961 6124
6124 6961
6961 6557
6557 6961
6961 6582
6582 6961
6961 6961
6961 6961
6961 7514
7514 6961
6961 8631
8631 6961
6961 8657
8657 6961
6961 13337
13337 6961
6961 17742
17742 6961
6976 21916
21916 6976
6999 714
714 6999
6999 6999
6999 6999
7022 5645
5645 7022
7022 6218
6218 7022
7022 7388
7388 7022
7022 16601
16601 7022
7036 7036
7036 7036
7036 8808
8808 7036
7045 2239
2239 7045
7045 4920
4920 7045
7045 8871
8871 7045
7045 8936
8936 7045
7045 24127
24127 7045
7046 6666
6666 7046
7055 115
115 7055
7055 2384
2384 7055
7055 7055
7055 7055
7055 8752
8752 7055
7055 19421
19421 7055
7055 24108
24108 7055
7058 7058
7058 7058
7074 7074
7074 7074
7074 7759
7759 7074
7081 7081
7081 7081
7081 24226
24226 7081
7100 7100
7100 7100
7100 7664
7664 7100
7123 15594
15594 7123
7123 22283
22283 7123
7129 9051
9051 7129
7131 7616
7616 7131
7131 18449
18449 7131
7186 8840
8840 7186
7202 376
376 7202
7209 10121
10121 7209
7211 7273
7273 7211
7237 7237
7237 7237
7241 7759
7759 7241
7265 8564
8564 7265
7273 7273
7273 7273
7285 15116
15116 7285
7315 3021
3021 7315
7315 7315
7315 7315
7370 4242
4242 7370
7370 7370
7370 7370
7370 7410
7410 7370
7371 7371
7371 7371
7371 24033
24033 7371
7382 12874
12874 7382
7403 4920
4920 7403
7410 125
125 7410
7410 4298
4298 7410
7410 7370
7370 7410
7410 7410
7410 7410
7410 8886
8886 7410
7410 19946
19946 7410
7442 6598
6598 7442
7442 7442
7442 7442
7442 7709
7709 7442
7442 8788
8788 7442
7442 8868
8868 7442
7442 8888
8888 7442
7442 8968
8968 7442
7442 9123
9123 7442
7442 13211
13211 7442
7453 7453
7453 7453
7470 5036
5036 7470
7473 22341
22341 7473
7478 7478
7478 7478
7488 13518
13518 7488
7509 7509
7509 7509
7514 503
503 7514
7514 18602
18602 7514
7527 8915
8915 7527
7529 14142
14142 7529
7534 7534
7534 7534
7534 8304
8304 7534
7534 8893
8893 7534
7540 2038
2038 7540
7540 7540
7540 7540
7540 22283
22283 7540
7550 12025
12025 7550
7579 9143
9143 7579
7587 7587
7587 7587
7603 7603
7603 7603
7603 13969
13969 7603
7616 642
642 7616
7616 7616
7616 7616
7616 9077
9077 7616
7616 10811
10811 7616
7616 24252
24252 7616
7630 255
255 7630
7630 7630
7630 7630
7635 9060
9060 7635
7640 7640
7640 7640
7648 2194
2194 7648
7648 6192
6192 7648
7656 4928
4928 7656
7656 8884
8884 7656
7664 15319
15319 7664
7680 6139
6139 7680
7680 7680
7680 7680
7680 12900
12900 7680
7720 4879
4879 7720
7720 6917
6917 7720
7720 8755
8755 7720
7720 11503
11503 7720
7720 15277
15277 7720
7720 18056
18056 7720
7743 1913
1913 7743
7743 4547
4547 7743
7743 7743
7743 7743
7743 8537
8537 7743
7743 8830
8830 7743
7743 8953
8953 7743
7743 9078
9078 7743
7743 9115
9115 7743
7743 13337
13337 7743
7743 18602
18602 7743
7751 7751
7751 7751
7759 25
25 7759
7759 255
255 7759
7759 465
465 7759
7759 567
567 7759
7759 714
714 7759
7759 1001
1001 7759
7759 1578
1578 7759
7759 1842
1842 7759
7759 2361
2361 7759
7759 3729
3729 7759
7759 4402
4402 7759
7759 4795
4795 7759
7759 4965
4965 7759
7759 5409
5409 7759
7759 5639
5639 7759
7759 6283
6283 7759
7759 6582
6582 7759
7759 6596
6596 7759
7759 6638
6638 7759
7759 6698
6698 7759
7759 6914
6914 7759
7759 7074
7074 7759
7759 7241
7241 7759
7759 7759
7759 7759
7759 7921
7921 7759
7759 7955
7955 7759
7759 8239
8239 7759
7759 8361
8361 7759
7759 8564
8564 7759
7759 8777
8777 7759
7759 8807
8807 7759
7759 8841
8841 7759
7759 8874
8874 7759
7759 8903
8903 7759
7759 8907
8907 7759
7759 8938
8938 7759
7759 8971
8971 7759
7759 9091
9091 7759
7759 9109
9109 7759
7759 9128
9128 7759
7759 9155
9155 7759
7759 9158
9158 7759
7759 9167
9167 7759
7759 12044
12044 7759
7759 13141
13141 7759
7759 13383
13383 7759
7759 13518
13518 7759
7759 15450
15450 7759
7759 19946
19946 7759
7759 19999
19999 7759
7759 21702
21702 7759
7759 24033
24033 7759
7759 24410
24410 7759
7759 24463
24463 7759
7778 3824
3824 7778
7778 4982
4982 7778
7778 6465
6465 7778
7778 7129
7129 7778
7778 8687
8687 7778
7778 13406
13406 7778
7778 21699
21699 7778
7803 1133
1133 7803
7803 2997
2997 7803
7803 7803
7803 7803
7803 8421
8421 7803
7803 9098
9098 7803
7803 13684
13684 7803
7866 7866
7866 7866
7894 5963
5963 7894
7906 18602
18602 7906
7921 2014
2014 7921
7921 4242
4242 7921
7921 7921
7921 7921
7921 8974
8974 7921
7921 11503
11503 7921
7921 11698
11698 7921
7921 12670
12670 7921
7921 14595
14595 7921
7940 4242
4242 7940
7955 1951
1951 7955
7955 3623
3623 7955
7955 7759
7759 7955
7955 7955
7955 7955
7955 8672
8672 7955
7955 24252
24252 7955
7985 3591
3591 7985
7986 11503
11503 7986
7990 726
726 7990
7990 1038
1038 7990
7990 3496
3496 7990
7990 4014
4014 7990
7990 4926
4926 7990
7990 5148
5148 7990
7990 6747
6747 7990
7990 7343
7343 7990
7990 7453
7453 7990
7990 7778
7778 7990
7990 7990
7990 7990
7990 8102
8102 7990
7990 8229
8229 7990
7990 8573
8573 7990
7990 8767
8767 7990
7990 21457
21457 7990
7990 22276
22276 7990
7990 24534
24534 7990
8005 804
804 8005
8005 5959
5959 8005
8005 9049
9049 8005
8005 13996
13996 8005
8005 19946
19946 8005
8029 8102
8102 8029
8031 8031
8031 8031
8102 2362
2362 8102
8102 5639
5639 8102
8102 7955
7955 8102
8102 7990
7990 8102
8102 8029
8029 8102
8102 8102
8102 8102
8102 8874
8874 8102
8102 9049
9049 8102
8102 9143
9143 8102
8116 2361
2361 8116
8116 3275
3275 8116
8116 4186
4186 8116
8117 2194
2194 8117
8118 3657
3657 8118
8147 8147
8147 8147
8151 8151
8151 8151
8152 2048
2048 8152
8155 8905
8905 8155
8160 2194
2194 8160
8199 6629
6629 8199
8199 7534
7534 8199
8199 8304
8304 8199
8199 8414
8414 8199
8199 9063
9063 8199
8208 5171
5171 8208
8208 6651
6651 8208
8208 8208
8208 8208
8209 4242
4242 8209
8209 12670
12670 8209
8209 14595
14595 8209
8213 2872
2872 8213
8213 8213
8213 8213
8239 726
726 8239
8239 7759
7759 8239
8239 8239
8239 8239
8239 18619
18619 8239
8247 1312
1312 8247
8247 12670
12670 8247
8262 1654
1654 8262
8277 9057
9057 8277
8289 8289
8289 8289
8295 8873
8873 8295
8295 23221
23221 8295
8304 6629
6629 8304
8304 7534
7534 8304
8304 8304
8304 8304
8305 726
726 8305
8305 1595
1595 8305
8305 2194
2194 8305
8310 8310
8310 8310
8321 642
642 8321
8321 8321
8321 8321
8321 13786
13786 8321
8321 15450
15450 8321
8353 701
701 8353
8353 5508
5508 8353
8353 6961
6961 8353
8361 8361
8361 8361
8361 14361
14361 8361
8403 20817
20817 8403
8404 484
484 8404
8404 8858
8858 8404
8414 8414
8414 8414
8421 1691
1691 8421
8421 5147
5147 8421
8421 6638
6638 8421
8421 7803
7803 8421
8421 8767
8767 8421
8421 8807
8807 8421
8421 8907
8907 8421
8436 7370
7370 8436
8439 5162
5162 8439
8452 2080
2080 8452
8452 2924
2924 8452
8452 5112
5112 8452
8452 8452
8452 8452
8452 8774
8774 8452
8452 15057
15057 8452
8457 5692
5692 8457
8457 6124
6124 8457
8458 3021
3021 8458
8464 4242
4242 8464
8464 8464
8464 8464
8465 6557
6557 8465
8468 12894
12894 8468
8473 263
263 8473
8473 1899
1899 8473
8473 4242
4242 8473
8473 5344
5344 8473
8473 7410
7410 8473
8473 7921
7921 8473
8473 8473
8473 8473
8473 8520
8520 8473
8473 8859
8859 8473
8473 9175
9175 8473
8473 14295
14295 8473
8506 1846
1846 8506
8564 2934
2934 8564
8564 7759
7759 8564
8564 8564
8564 8564
8564 8862
8862 8564
8564 23348
23348 8564
8564 24033
24033 8564
8567 726
726 8567
8600 8600
8600 8600
8600 8918
8918 8600
8600 13184
13184 8600
8600 15814
15814 8600
8631 642
642 8631
8631 8631
8631 8631
8632 4242
4242 8632
8632 8632
8632 8632
8633 4585
4585 8633
8657 2497
2497 8657
8657 3921
3921 8657
8657 3943
3943 8657
8657 4450
4450 8657
8657 6621
6621 8657
8657 6961
6961 8657
8657 8646
8646 8657
8657 11698
11698 8657
8657 22765
22765 8657
8661 22089
22089 8661
8664 642
642 8664
8664 20695
20695 8664
8672 7955
7955 8672
8682 8682
8682 8682
8685 4242
4242 8685
8687 7778
7778 8687
8687 8687
8687 8687
8687 19901
19901 8687
8687 21699
21699 8687
8705 8978
8978 8705
8717 1116
1116 8717
8726 1846
1846 8726
8726 4920
4920 8726
8726 8726
8726 8726
8726 17312
17312 8726
8726 24252
24252 8726
8733 642
642 8733
8743 22276
22276 8743
8745 11657
11657 8745
8747 19138
19138 8747
8752 726
726 8752
8753 726
726 8753
8753 8753
8753 8753
8755 8755
8755 8755
8756 8756
8756 8756
8757 6589
6589 8757
8761 804
804 8761
8761 2559
2559 8761
8761 4242
4242 8761
8761 4920
4920 8761
8761 6497
6497 8761
8761 8761
8761 8761
8761 18138
18138 8761
8761 24174
24174 8761
8762 906
906 8762
8765 10121
10121 8765
8768 8767
8767 8768
8769 546
546 8769
8769 8769
8769 8769
8769 8775
8775 8769
8770 13337
13337 8770
8770 21233
21233 8770
8771 8767
8767 8771
8772 8993
8993 8772
8775 8769
8769 8775
8777 1951
1951 8777
8777 2411
2411 8777
8777 2997
2997 8777
8777 8777
8777 8777
8777 22276
22276 8777
8777 24518
24518 8777
8778 503
503 8778
8779 5969
5969 8779
8780 8780
8780 8780
8781 8996
8996 8781
8784 8503
8503 8784
8785 8785
8785 8785
8786 8786
8786 8786
8788 7442
7442 8788
8790 5108
5108 8790
8790 8790
8790 8790
8790 14587
14587 8790
8791 4242
4242 8791
8791 6009
6009 8791
8791 8791
8791 8791
8792 8792
8792 8792
8793 7024
7024 8793
8795 8792
8792 8795
8797 8797
8797 8797
8799 3192
3192 8799
8800 18619
18619 8800
8800 24451
24451 8800
8801 8801
8801 8801
8803 8803
8803 8803
8804 1846
1846 8804
8808 2239
2239 8808
8808 4683
4683 8808
8808 5632
5632 8808
8808 5682
5682 8808
8808 5805
5805 8808
8808 7036
7036 8808
8808 8404
8404 8808
8808 8808
8808 8808
8808 8993
8993 8808
8808 9040
9040 8808
8808 9053
9053 8808
8808 15614
15614 8808
8808 18034
18034 8808
8808 20242
20242 8808
8808 22225
22225 8808
8810 8810
8810 8810
8811 24393
24393 8811
8812 1158
1158 8812
8813 6310
6310 8813
8813 8809
8809 8813
8813 8853
8853 8813
8813 8888
8888 8813
8813 18602
18602 8813
8813 24695
24695 8813
8815 3777
3777 8815
8815 6310
6310 8815
8815 8815
8815 8815
8815 10325
10325 8815
8816 2134
2134 8816
8816 8816
8816 8816
8816 14361
14361 8816
8818 8818
8818 8818
8819 5311
5311 8819
8823 8823
8823 8823
8824 7410
7410 8824
8826 4450
4450 8826
8826 8826
8826 8826
8830 7743
7743 8830
8831 6133
6133 8831
8832 1842
1842 8832
8833 24451
24451 8833
8834 6124
6124 8834
8834 8834
8834 8834
8838 19876
19876 8838
8840 8840
8840 8840
8843 18619
18619 8843
8844 8844
8844 8844
8844 23226
23226 8844
8846 7921
7921 8846
8848 8848
8848 8848
8848 16742
16742 8848
8849 8849
8849 8849
8851 7296
7296 8851
8852 8852
8852 8852
8852 13786
13786 8852
8852 19901
19901 8852
8854 8854
8854 8854
8855 255
255 8855
8855 8855
8855 8855
8855 21878
21878 8855
8856 4242
4242 8856
8858 4350
4350 8858
8858 5142
5142 8858
8858 6596
6596 8858
8858 7759
7759 8858
8858 8321
8321 8858
8858 8858
8858 8858
8858 9170
9170 8858
8858 9239
9239 8858
8858 12025
12025 8858
8858 20950
20950 8858
8861 804
804 8861
8862 938
938 8862
8862 8564
8564 8862
8862 8862
8862 8862
8862 16909
16909 8862
8866 8841
8841 8866
8867 7100
7100 8867
8871 1658
1658 8871
8871 8871
8871 8871
8871 8936
8936 8871
8872 2387
2387 8872
8872 22283
22283 8872
8873 8295
8295 8873
8873 8873
8873 8873
8873 20424
20424 8873
8874 5409
5409 8874
8874 7759
7759 8874
8874 8874
8874 8874
8874 14583
14583 8874
8875 5692
5692 8875
8877 8877
8877 8877
8881 19178
19178 8881
8883 4920
4920 8883
8885 1899
1899 8885
8885 8885
8885 8885
8885 24393
24393 8885
8888 7442
7442 8888
8888 8888
8888 8888
8889 320
320 8889
8889 6310
6310 8889
8889 8889
8889 8889
8890 11481
11481 8890
8891 4952
4952 8891
8893 7534
7534 8893
8893 8893
8893 8893
8893 22592
22592 8893
8897 4920
4920 8897
8897 8897
8897 8897
8897 18619
18619 8897
8900 22075
22075 8900
8901 6027
6027 8901
8903 4829
4829 8903
8903 8903
8903 8903
8905 8905
8905 8905
8907 7759
7759 8907
8907 8421
8421 8907
8907 8907
8907 8907
8909 11503
11503 8909
8911 1312
1312 8911
8912 8912
8912 8912
8913 10552
10552 8913
8915 8915
8915 8915
8915 24518
24518 8915
8917 804
804 8917
8918 8600
8600 8918
8918 15814
15814 8918
8920 8919
8919 8920
8921 1403
1403 8921
8921 5311
5311 8921
8921 6192
6192 8921
8921 6780
6780 8921
8921 8289
8289 8921
8921 8606
8606 8921
8921 9074
9074 8921
8921 9092
9092 8921
8921 9842
9842 8921
8921 13467
13467 8921
8922 8922
8922 8922
8923 8923
8923 8923
8925 1403
1403 8925
8927 8927
8927 8927
8929 11926
11926 8929
8930 4284
4284 8930
8930 6596
6596 8930
8930 7550
7550 8930
8930 8361
8361 8930
8930 8893
8893 8930
8930 8946
8946 8930
8930 8956
8956 8930
8930 8969
8969 8930
8930 9039
9039 8930
8930 9111
9111 8930
8930 9114
9114 8930
8930 9156
9156 8930
8930 14147
14147 8930
8931 9177
9177 8931
8932 5311
5311 8932
8932 18764
18764 8932
8935 8935
8935 8935
8936 8871
8871 8936
8936 8936
8936 8936
8939 1346
1346 8939
8941 23348
23348 8941
8943 2307
2307 8943
8943 8943
8943 8943
8944 530
530 8944
8944 8944
8944 8944
8950 8841
8841 8950
8954 8954
8954 8954
8958 8958
8958 8958
8959 8953
8953 8959
8962 8962
8962 8962
8963 929
929 8963
8966 115
115 8966
8966 2257
2257 8966
8966 4242
4242 8966
8966 4862
4862 8966
8966 5140
5140 8966
8966 6735
6735 8966
8966 6917
6917 8966
8966 8632
8632 8966
8966 8808
8808 8966
8966 8966
8966 8966
8966 11722
11722 8966
8966 13899
13899 8966
8966 13969
13969 8966
8967 8967
8967 8967
8968 8968
8968 8968
8969 8930
8930 8969
8972 8972
8972 8972
8974 8974
8974 8974
8976 8915
8915 8976
8977 8977
8977 8977
8977 18602
18602 8977
8979 4343
4343 8979
8981 8954
8954 8981
8982 8915
8915 8982
8984 503
503 8984
8984 1013
1013 8984
8984 6961
6961 8984
8984 7921
7921 8984
8984 8782
8782 8984
8984 8791
8791 8984
8984 8803
8803 8984
8984 8824
8824 8984
8984 8984
8984 8984
8984 19946
19946 8984
8985 8996
8996 8985
8986 2409
2409 8986
8986 8986
8986 8986
8993 8808
8808 8993
8993 20242
20242 8993
8995 7024
7024 8995
8996 640
640 8996
8996 3420
3420 8996
8996 5152
5152 8996
8996 6218
6218 8996
8996 6285
6285 8996
8996 7442
7442 8996
8996 8781
8781 8996
8996 8868
8868 8996
8996 8996
8996 8996
8996 9057
9057 8996
8996 9100
9100 8996
8996 9121
9121 8996
8996 9142
9142 8996
8996 11503
11503 8996
8996 11861
11861 8996
8996 13191
13191 8996
8996 19438
19438 8996
9005 2732
2732 9005
9005 8949
8949 9005
9005 8966
8966 9005
9005 14295
14295 9005
9005 24555
24555 9005
9011 714
714 9011
9011 1899
1899 9011
9011 2815
2815 9011
9011 2997
2997 9011
9011 3055
3055 9011
9011 4242
4242 9011
9011 7921
7921 9011
9011 8837
8837 9011
9011 9072
9072 9011
9011 9093
9093 9011
9011 9137
9137 9011
9011 11722
11722 9011
9011 17349
17349 9011
9025 255
255 9025
9025 944
944 9025
9025 1004
1004 9025
9025 1462
1462 9025
9025 1934
1934 9025
9025 2794
2794 9025
9025 4331
4331 9025
9025 6027
6027 9025
9025 6278
6278 9025
9025 7046
7046 9025
9025 8031
8031 9025
9025 8289
8289 9025
9025 8816
8816 9025
9025 8858
8858 9025
9025 8874
8874 9025
9025 8888
8888 9025
9025 9025
9025 9025
9025 9092
9092 9025
9025 9104
9104 9025
9025 12933
12933 9025
9025 14195
14195 9025
9025 15450
15450 9025
9025 18602
18602 9025
9025 19946
19946 9025
9025 21913
21913 9025
9025 22276
22276 9025
9030 642
642 9030
9030 9030
9030 9030
9030 23707
23707 9030
9039 8930
8930 9039
9041 9041
9041 9041
9043 9043
9043 9043
9046 4920
4920 9046
9046 9046
9046 9046
9048 6247
6247 9048
9050 7587
7587 9050
9051 9051
9051 9051
9052 5311
5311 9052
9057 7
7 9057
9057 623
623 9057
9057 1899
1899 9057
9057 2118
2118 9057
9057 5152
5152 9057
9057 5644
5644 9057
9057 5912
5912 9057
9057 6097
6097 9057
9057 6598
6598 9057
9057 7499
7499 9057
9057 7588
7588 9057
9057 8118
8118 9057
9057 8277
8277 9057
9057 8841
8841 9057
9057 8866
8866 9057
9057 8871
8871 9057
9057 8874
8874 9057
9057 8926
8926 9057
9057 8996
8996 9057
9057 9025
9025 9057
9057 9057
9057 9057
9057 9100
9100 9057
9057 9121
9121 9057
9057 9153
9153 9057
9057 9664
9664 9057
9057 10566
10566 9057
9057 12900
12900 9057
9057 13191
13191 9057
9057 13518
13518 9057
9057 19059
19059 9057
9057 19901
19901 9057
9057 20021
20021 9057
9057 24127
24127 9057
9060 9060
9060 9060
9062 4982
4982 9062
9067 231
231 9067
9067 2118
2118 9067
9067 2387
2387 9067
9067 2959
2959 9067
9067 4196
4196 9067
9067 8310
8310 9067
9067 8404
8404 9067
9067 8632
8632 9067
9067 9067
9067 9067
9067 14355
14355 9067
9067 16976
16976 9067
9068 1899
1899 9068
9070 9070
9070 9070
9072 2815
2815 9072
9072 24682
24682 9072
9073 9073
9073 9073
9074 642
642 9074
9074 8921
8921 9074
9074 9074
9074 9074
9077 7616
7616 9077
9080 7616
7616 9080
9081 9079
9079 9081
9083 2361
2361 9083
9083 9083
9083 9083
9091 5946
5946 9091
9093 9093
9093 9093
9093 15361
15361 9093
9095 9095
9095 9095
9096 9096
9096 9096
9098 7803
7803 9098
9100 115
115 9100
9100 4121
4121 9100
9100 5477
5477 9100
9100 6747
6747 9100
9100 9100
9100 9100
9100 9102
9102 9100
9100 22598
22598 9100
9103 9097
9097 9103
9103 9103
9103 9103
9104 9104
9104 9104
9107 11747
11747 9107
9108 9108
9108 9108
9108 16186
16186 9108
9109 7759
7759 9109
9111 9111
9111 9111
9114 9114
9114 9114
9116 14361
14361 9116
9117 23707
23707 9117
9118 1899
1899 9118
9119 16976
16976 9119
9119 24472
24472 9119
9120 9120
9120 9120
9120 9131
9131 9120
9120 19730
19730 9120
9121 7442
7442 9121
9123 7442
7442 9123
9124 1899
1899 9124
9124 9124
9124 9124
9125 2134
2134 9125
9125 9125
9125 9125
9128 7759
7759 9128
9131 9120
9120 9131
9132 1430
1430 9132
9134 9134
9134 9134
9135 9135
9135 9135
9138 9138
9138 9138
9139 6027
6027 9139
9141 18602
18602 9141
9142 9142
9142 9142
9143 1313
1313 9143
9143 9143
9143 9143
9146 4885
4885 9146
9147 8540
8540 9147
9148 9148
9148 9148
9148 21699
21699 9148
9150 9150
9150 9150
9152 4491
4491 9152
9153 9153
9153 9153
9153 12025
12025 9153
9154 1430
1430 9154
9154 7115
7115 9154
9154 19901
19901 9154
9154 22968
22968 9154
9154 23991
23991 9154
9155 9155
9155 9155
9157 9157
9157 9157
9158 7759
7759 9158
9158 9158
9158 9158
9159 9159
9159 9159
9160 9160
9160 9160
9162 3870
3870 9162
9165 9165
9165 9165
9166 6557
6557 9166
9167 9167
9167 9167
9168 9168
9168 9168
9169 2592
2592 9169
9169 9169
9169 9169
9170 4920
4920 9170
9170 9170
9170 9170
9173 4531
4531 9173
9175 9175
9175 9175
9177 8809
8809 9177
9177 8906
8906 9177
9177 8927
8927 9177
9177 8931
8931 9177
9177 9060
9060 9177
9177 14224
14224 9177
9177 24518
24518 9177
9239 132
132 9239
9239 623
623 9239
9239 642
642 9239
9239 1842
1842 9239
9239 2387
2387 9239
9239 3974
3974 9239
9239 8858
8858 9239
9239 8952
8952 9239
9239 14232
14232 9239
9239 24393
24393 9239
9365 19554
19554 9365
9516 9516
9516 9516
9516 11313
11313 9516
9553 13181
13181 9553
9553 20512
20512 9553
9682 3021
3021 9682
9724 714
714 9724
9724 4663
4663 9724
9724 5140
5140 9724
9724 6547
6547 9724
9724 10121
10121 9724
9842 465
465 9842
9842 8915
8915 9842
9842 9842
9842 9842
9960 255
255 9960
9960 5344
5344 9960
9960 6815
6815 9960
9960 24327
24327 9960
10109 21509
21509 10109
10121 465
465 10121
10121 1001
1001 10121
10121 4504
4504 10121
10121 5035
5035 10121
10121 6850
6850 10121
10121 9092
9092 10121
10121 9094
9094 10121
10121 10121
10121 10121
10121 12025
12025 10121
10121 13518
13518 10121
10121 19946
19946 10121
10168 10168
10168 10168
10168 14853
14853 10168
10168 24710
24710 10168
10325 8815
8815 10325
10325 8872
8872 10325
10325 10325
10325 10325
10343 3725
3725 10343
10566 1312
1312 10566
10566 4255
4255 10566
10566 7921
7921 10566
10566 10109
10109 10566
10566 20021
20021 10566
10566 21786
21786 10566
10811 1546
1546 10811
10811 2194
2194 10811
10811 5956
5956 10811
10811 6582
6582 10811
10811 6874
6874 10811
10811 7616
7616 10811
10811 8674
8674 10811
10811 8726
8726 10811
10811 10811
10811 10811
10811 18602
18602 10811
10811 20422
20422 10811
10811 21509
21509 10811
10856 13810
13810 10856
11045 7759
7759 11045
11062 9148
9148 11062
11076 642
642 11076
11076 2794
2794 11076
11076 6557
6557 11076
11076 14295
14295 11076
11076 19438
19438 11076
11313 833
833 11313
11313 5345
5345 11313
11313 8996
8996 11313
11313 9516
9516 11313
11313 11313
11313 11313
11313 11861
11861 11313
11313 13845
13845 11313
11313 14595
14595 11313
11313 20242
20242 11313
11361 8888
8888 11361
11406 1048
1048 11406
11406 2497
2497 11406
11481 255
255 11481
11481 271
271 11481
11503 1842
1842 11503
11503 4154
4154 11503
11503 4928
4928 11503
11503 5645
5645 11503
11503 6811
6811 11503
11503 7921
7921 11503
11503 7986
7986 11503
11503 8791
8791 11503
11503 8836
8836 11503
11503 8909
8909 11503
11503 8919
8919 11503
11503 8996
8996 11503
11503 11503
11503 11503
11503 13899
13899 11503
11503 24167
24167 11503
11536 465
465 11536
11536 726
726 11536
11536 1215
1215 11536
11536 1312
1312 11536
11536 3192
3192 11536
11536 3334
3334 11536
11536 4343
4343 11536
11536 4916
4916 11536
11536 4920
4920 11536
11536 5178
5178 11536
11536 5358
5358 11536
11536 5364
5364 11536
11536 6124
6124 11536
11536 6278
6278 11536
11536 6780
6780 11536
11536 7036
7036 11536
11536 7616
7616 11536
11536 8606
8606 11536
11536 8657
8657 11536
11536 8682
8682 11536
11536 8726
8726 11536
11536 8915
8915 11536
11536 8922
8922 11536
11536 9041
9041 11536
11536 9115
9115 11536
11536 9116
9116 11536
11536 10121
10121 11536
11536 11157
11157 11536
11536 11536
11536 11536
11536 13383
13383 11536
11536 13467
13467 11536
11536 14969
14969 11536
11536 18602
18602 11536
11536 19693
19693 11536
11536 20422
20422 11536
11536 22276
22276 11536
11536 24252
24252 11536
11536 24393
24393 11536
11536 24518
24518 11536
11536 24601
24601 11536
11577 6817
6817 11577
11577 13786
13786 11577
11577 18619
18619 11577
11579 814
814 11579
11579 6557
6557 11579
11579 11579
11579 11579
11579 11698
11698 11579
11579 14806
14806 11579
11579 19946
19946 11579
11657 44
44 11657
11657 484
484 11657
11657 4154
4154 11657
11657 6806
6806 11657
11657 8632
8632 11657
11657 8745
8745 11657
11657 8919
8919 11657
11657 8968
8968 11657
11657 11657
11657 11657
11657 13518
13518 11657
11657 19301
19301 11657
11684 465
465 11684
11684 2194
2194 11684
11684 4242
4242 11684
11684 7759
7759 11684
11684 8116
8116 11684
11684 8766
8766 11684
11684 8808
8808 11684
11684 8853
8853 11684
11684 8871
8871 11684
11684 8936
8936 11684
11684 11684
11684 11684
11684 13181
13181 11684
11684 18602
18602 11684
11684 24266
24266 11684
11698 7921
7921 11698
11698 11698
11698 11698
11698 12135
12135 11698
11698 15450
15450 11698
11698 19946
19946 11698
11700 9114
9114 11700
11700 11700
11700 11700
11700 18619
18619 11700
11715 4158
4158 11715
11722 4242
4242 11722
11725 4298
4298 11725
11725 7410
7410 11725
11725 8047
8047 11725
11725 13969
13969 11725
11727 5152
5152 11727
11819 255
255 11819
11819 2978
2978 11819
11819 8894
8894 11819
11819 11819
11819 11819
11819 14927
14927 11819
11819 16976
16976 11819
11819 22283
22283 11819
11861 8996
8996 11861
11861 11313
11313 11861
11861 11861
11861 11861
11872 4667
4667 11872
11872 11872
11872 11872
11929 11929
11929 11929
11929 19438
19438 11929
12012 5311
5311 12012
12025 1971
1971 12025
12025 4121
4121 12025
12025 4795
4795 12025
12025 5610
5610 12025
12025 6283
6283 12025
12025 7550
7550 12025
12025 7759
7759 12025
12025 8031
8031 12025
12025 8858
8858 12025
12025 9153
9153 12025
12025 12025
12025 12025
12025 13518
13518 12025
12025 14583
14583 12025
12025 18169
18169 12025
12025 18449
18449 12025
12025 20292
20292 12025
12025 20888
20888 12025
12025 22276
22276 12025
12025 23535
23535 12025
12044 12044
12044 12044
12053 8606
8606 12053
12053 12053
12053 12053
12135 503
503 12135
12135 642
642 12135
12135 1141
1141 12135
12135 2387
2387 12135
12135 4242
4242 12135
12135 5358
5358 12135
12135 6582
6582 12135
12135 6961
6961 12135
12135 8021
8021 12135
12135 8537
8537 12135
12135 8606
8606 12135
12135 8893
8893 12135
12135 8901
8901 12135
12135 10325
10325 12135
12135 13337
13337 12135
12135 15145
15145 12135
12135 16087
16087 12135
12135 18602
18602 12135
12135 19946
19946 12135
12135 21233
21233 12135
12135 21899
21899 12135
12209 8808
8808 12209
12242 1899
1899 12242
12242 12242
12242 12242
12242 13181
13181 12242
12279 12279
12279 12279
12482 6794
6794 12482
12519 9239
9239 12519
12658 255
255 12658
12658 3228
3228 12658
12658 5178
5178 12658
12658 6010
6010 12658
12658 12658
12658 12658
12670 484
484 12670
12670 7921
7921 12670
12670 8209
8209 12670
12670 8247
8247 12670
12670 8404
8404 12670
12670 8837
8837 12670
12670 8859
8859 12670
12670 12670
12670 12670
12670 14595
14595 12670
12670 15450
15450 12670
12670 18396
18396 12670
12670 20429
20429 12670
12670 20594
20594 12670
12670 21786
21786 12670
12677 21800
21800 12677
12725 16976
16976 12725
12774 1842
1842 12774
12774 8766
8766 12774
12789 4920
4920 12789
12789 12789
12789 12789
12789 19901
19901 12789
12855 1654
1654 12855
12855 1822
1822 12855
12870 17880
17880 12870
12874 132
132 12874
12874 8965
8965 12874
12874 12874
12874 12874
12874 13184
13184 12874
12874 18602
18602 12874
12894 1462
1462 12894
12894 7759
7759 12894
12894 8468
8468 12894
12894 9143
9143 12894
12900 255
255 12900
12900 496
496 12900
12900 1546
1546 12900
12900 1676
1676 12900
12900 1842
1842 12900
12900 2794
2794 12900
12900 3415
3415 12900
12900 5692
5692 12900
12900 6338
6338 12900
12900 6999
6999 12900
12900 7478
7478 12900
12900 8209
8209 12900
12900 8289
8289 12900
12900 8632
8632 12900
12900 8836
8836 12900
12900 9133
9133 12900
12900 12900
12900 12900
12900 13518
13518 12900
12900 15300
15300 12900
12900 16976
16976 12900
12900 20387
20387 12900
12900 20422
20422 12900
12900 21954
21954 12900
12933 4967
4967 12933
12933 6278
6278 12933
12933 9025
9025 12933
12964 1691
1691 12964
12977 4356
4356 12977
12977 12977
12977 12977
13003 8781
8781 13003
13019 13019
13019 13019
13027 424
424 13027
13027 2997
2997 13027
13027 19266
19266 13027
13059 6557
6557 13059
13066 5089
5089 13066
13099 9143
9143 13099
13102 16976
16976 13102
13118 24710
24710 13118
13141 6047
6047 13141
13141 13141
13141 13141
13141 24668
24668 13141
13155 4396
4396 13155
13181 8783
8783 13181
13181 13181
13181 13181
13181 21107
21107 13181
13184 8600
8600 13184
13184 13184
13184 13184
13191 4339
4339 13191
13191 13191
13191 13191
13196 7921
7921 13196
13196 15450
15450 13196
13196 18088
18088 13196
13196 24555
24555 13196
13214 13214
13214 13214
13270 8777
8777 13270
13270 8996
8996 13270
13270 9070
9070 13270
13270 14232
14232 13270
13270 24537
24537 13270
13336 13336
13336 13336
13336 13518
13518 13336
13337 1546
1546 13337
13337 6961
6961 13337
13337 8850
8850 13337
13337 8927
8927 13337
13337 13337
13337 13337
13370 320
320 13370
13370 24518
24518 13370
13379 13786
13786 13379
13383 530
530 13383
13383 6139
6139 13383
13383 9053
9053 13383
13383 13383
13383 13383
13406 8687
8687 13406
13406 13406
13406 13406
13467 13467
13467 13467
13467 24226
24226 13467
13518 12025
12025 13518
13518 13336
13336 13518
13518 13518
13518 13518
13535 9135
9135 13535
13684 484
484 13684
13684 1842
1842 13684
13684 5397
5397 13684
13684 6049
6049 13684
13684 6811
6811 13684
13684 7803
7803 13684
13684 7921
7921 13684
13684 9070
9070 13684
13684 13684
13684 13684
13743 8755
8755 13743
13786 215
215 13786
13786 503
503 13786
13786 601
601 13786
13786 726
726 13786
13786 929
929 13786
13786 3657
3657 13786
13786 4667
4667 13786
13786 5447
5447 13786
13786 6097
6097 13786
13786 7024
7024 13786
13786 7473
7473 13786
13786 7588
7588 13786
13786 7708
7708 13786
13786 8321
8321 13786
13786 8520
8520 13786
13786 8632
8632 13786
13786 8790
8790 13786
13786 8815
8815 13786
13786 8823
8823 13786
13786 8827
8827 13786
13786 8848
8848 13786
13786 8852
8852 13786
13786 8905
8905 13786
13786 8907
8907 13786
13786 9057
9057 13786
13786 9171
9171 13786
13786 9842
9842 13786
13786 12658
12658 13786
13786 13786
13786 13786
13786 15614
15614 13786
13786 19901
19901 13786
13786 21913
21913 13786
13786 22217
22217 13786
13845 11313
11313 13845
13899 8966
8966 13899
13899 13899
13899 13899
13929 8047
8047 13929
13969 263
263 13969
13969 1001
1001 13969
13969 2349
2349 13969
13969 2413
2413 13969
13969 2978
2978 13969
13969 3113
3113 13969
13969 3415
3415 13969
13969 3620
3620 13969
13969 5690
5690 13969
13969 6999
6999 13969
13969 7273
7273 13969
13969 7603
7603 13969
13969 8289
8289 13969
13969 8310
8310 13969
13969 8910
8910 13969
13969 9064
9064 13969
13969 9175
9175 13969
13969 11819
11819 13969
13969 12209
12209 13969
13969 13969
13969 13969
13969 15259
15259 13969
13969 16348
16348 13969
13969 16976
16976 13969
13969 19454
19454 13969
13969 20517
20517 13969
13969 24266
24266 13969
13996 6047
6047 13996
13996 8005
8005 13996
14016 2184
2184 14016
14142 6278
6278 14142
14142 7529
7529 14142
14189 14189
14189 14189
14189 24313
24313 14189
14195 115
115 14195
14195 2399
2399 14195
14195 6218
6218 14195
14221 4567
4567 14221
14221 14221
14221 14221
14232 4920
4920 14232
14232 14232
14232 14232
14295 14295
14295 14295
14295 24555
24555 14295
14333 14333
14333 14333
14333 15450
15450 14333
14355 5344
5344 14355
14361 424
424 14361
14361 1691
1691 14361
14361 4343
4343 14361
14361 6497
6497 14361
14361 8361
8361 14361
14361 8816
8816 14361
14361 8946
8946 14361
14361 9116
9116 14361
14361 14361
14361 14361
14361 16213
16213 14361
14361 20242
20242 14361
14387 6505
6505 14387
14387 6511
6511 14387
14387 15187
15187 14387
14387 19946
19946 14387
14401 9064
9064 14401
14500 14500
14500 14500
14583 2629
2629 14583
14583 3777
3777 14583
14583 8874
8874 14583
14583 12025
12025 14583
14595 465
465 14595
14595 2602
2602 14595
14595 4356
4356 14595
14595 5682
5682 14595
14595 5690
5690 14595
14595 6049
6049 14595
14595 7921
7921 14595
14595 8209
8209 14595
14595 8404
8404 14595
14595 8808
8808 14595
14595 9066
9066 14595
14595 9079
9079 14595
14595 11077
11077 14595
14595 14595
14595 14595
14595 15450
15450 14595
14595 18396
18396 14595
14595 23085
23085 14595
14595 24313
24313 14595
14785 4066
4066 14785
14785 14785
14785 14785
14805 13786
13786 14805
14805 14805
14805 14805
14806 19946
19946 14806
14853 10168
10168 14853
14853 14853
14853 14853
14853 18005
18005 14853
14853 19730
19730 14853
14882 18619
18619 14882
14888 4046
4046 14888
14888 4496
4496 14888
14888 4802
4802 14888
14888 8852
8852 14888
14888 13786
13786 14888
14888 14888
14888 14888
14888 18169
18169 14888
14920 546
546 14920
14920 714
714 14920
14920 1001
1001 14920
14920 3496
3496 14920
14920 4158
4158 14920
14920 4547
4547 14920
14920 7453
7453 14920
14920 7550
7550 14920
14920 7759
7759 14920
14920 8625
8625 14920
14920 8761
8761 14920
14920 8823
8823 14920
14920 8927
8927 14920
14920 8963
8963 14920
14920 9100
9100 14920
14920 14920
14920 14920
14927 255
255 14927
14927 14927
14927 14927
14969 18602
18602 14969
14969 18619
18619 14969
14969 24252
24252 14969
14969 24518
24518 14969
15024 9053
9053 15024
15057 2080
2080 15057
15116 1951
1951 15116
15116 7285
7285 15116
15116 8464
8464 15116
15187 15187
15187 15187
15187 24710
24710 15187
15229 263
263 15229
15229 4242
4242 15229
15229 4331
4331 15229
15229 6557
6557 15229
15229 15259
15259 15229
15229 15450
15450 15229
15229 19946
19946 15229
15250 9040
9040 15250
15259 263
263 15259
15259 13969
13969 15259
15259 15259
15259 15259
15277 8755
8755 15277
15277 14595
14595 15277
15277 15277
15277 15277
15282 5589
5589 15282
15282 15282
15282 15282
15282 22227
22227 15282
15361 9093
9093 15361
15361 16976
16976 15361
15394 15394
15394 15394
15406 7656
7656 15406
15406 19554
19554 15406
15447 7759
7759 15447
15447 13141
13141 15447
15450 929
929 15450
15450 1221
1221 15450
15450 1842
1842 15450
15450 1951
1951 15450
15450 4343
4343 15450
15450 4920
4920 15450
15450 5345
5345 15450
15450 5801
5801 15450
15450 6747
6747 15450
15450 7759
7759 15450
15450 8321
8321 15450
15450 8840
8840 15450
15450 8874
8874 15450
15450 9044
9044 15450
15450 9066
9066 15450
15450 11503
11503 15450
15450 14295
14295 15450
15450 15450
15450 15450
15450 16613
16613 15450
15450 19432
19432 15450
15570 4920
4920 15570
15594 2487
2487 15594
15594 5519
5519 15594
15594 15594
15594 15594
15610 19300
19300 15610
15614 5805
5805 15614
15645 10121
10121 15645
15688 1676
1676 15688
15688 5345
5345 15688
15688 6009
6009 15688
15688 6917
6917 15688
15688 12900
12900 15688
15688 13518
13518 15688
15688 13899
13899 15688
15688 14295
14295 15688
15688 15688
15688 15688
15688 20387
20387 15688
15714 7921
7921 15714
15714 15714
15714 15714
15814 5639
5639 15814
15814 7759
7759 15814
15814 8600
8600 15814
15814 8918
8918 15814
15935 6067
6067 15935
15940 444
444 15940
15940 4183
4183 15940
15940 8129
8129 15940
15940 19712
19712 15940
15940 20058
20058 15940
16018 830
830 16018
16018 1346
1346 16018
16018 1899
1899 16018
16018 9057
9057 16018
16018 16018
16018 16018
16018 19059
19059 16018
16018 22217
22217 16018
16087 4053
4053 16087
16087 7759
7759 16087
16087 16087
16087 16087
16099 804
804 16099
16186 132
132 16186
16186 8823
8823 16186
16186 8872
8872 16186
16186 8977
8977 16186
16186 9108
9108 16186
16256 623
623 16256
16256 4802
4802 16256
16256 16256
16256 16256
16336 6815
6815 16336
16348 2413
2413 16348
16388 8872
8872 16388
16548 2815
2815 16548
16548 12900
12900 16548
16581 1318
1318 16581
16581 8858
8858 16581
16581 8885
8885 16581
16581 8886
8886 16581
16581 9160
9160 16581
16588 4208
4208 16588
16591 2497
2497 16591
16591 4242
4242 16591
16591 7921
7921 16591
16591 24313
24313 16591
16601 4242
4242 16601
16601 7022
7022 16601
16601 8755
8755 16601
16613 2794
2794 16613
16613 5162
5162 16613
16613 8869
8869 16613
16613 8954
8954 16613
16613 16613
16613 16613
16742 6278
6278 16742
16742 16742
16742 16742
16859 1676
1676 16859
16859 3843
3843 16859
16859 4242
4242 16859
16859 8858
8858 16859
16859 8954
8954 16859
16859 15450
15450 16859
16884 1403
1403 16884
16884 16884
16884 16884
16895 14333
14333 16895
16904 6582
6582 16904
16958 1116
1116 16958
16958 24033
24033 16958
16976 2978
2978 16976
16976 6027
6027 16976
16976 7442
7442 16976
16976 8632
8632 16976
16976 9119
9119 16976
16976 16976
16976 16976
17041 10121
10121 17041
17051 17051
17051 17051
17057 24710
24710 17057
17058 8752
8752 17058
17071 17071
17071 17071
17157 5178
5178 17157
17157 9107
9107 17157
17157 12789
12789 17157
17299 424
424 17299
17299 4331
4331 17299
17299 6437
6437 17299
17299 7921
7921 17299
17299 15450
15450 17299
17312 7616
7616 17312
17312 7751
7751 17312
17312 8726
8726 17312
17332 17332
17332 17332
17338 2633
2633 17338
17338 22759
22759 17338
17338 23348
23348 17338
17349 17349
17349 17349
17349 19059
19059 17349
17382 6815
6815 17382
17576 4186
4186 17576
17576 9066
9066 17576
17576 17576
17576 17576
17675 14805
14805 17675
17706 9030
9030 17706
17706 9109
9109 17706
17742 567
567 17742
17742 642
642 17742
17742 6961
6961 17742
17742 8850
8850 17742
17742 14232
14232 17742
17742 17742
17742 17742
17742 18449
18449 17742
17840 7616
7616 17840
17840 7759
7759 17840
17840 8952
8952 17840
17840 18619
18619 17840
17843 15714
15714 17843
18005 4121
4121 18005
18005 14853
14853 18005
18034 1951
1951 18034
18034 3705
3705 18034
18034 3777
3777 18034
18034 4242
4242 18034
18034 5969
5969 18034
18034 7759
7759 18034
18034 8855
8855 18034
18034 8872
8872 18034
18034 8907
8907 18034
18034 8978
8978 18034
18034 11929
11929 18034
18034 17071
17071 18034
18034 24065
24065 18034
18056 5946
5946 18056
18056 6049
6049 18056
18056 20242
20242 18056
18073 18073
18073 18073
18088 1466
1466 18088
18138 8761
8761 18138
18169 4343
4343 18169
18169 5140
5140 18169
18169 7588
7588 18169
18169 8118
8118 18169
18169 8321
8321 18169
18169 8797
8797 18169
18169 8950
8950 18169
18169 8979
8979 18169
18169 9073
9073 18169
18169 12025
12025 18169
18169 14888
14888 18169
18169 18169
18169 18169
18401 7074
7074 18401
18449 1140
1140 18449
18449 17742
17742 18449
18472 16548
16548 18472
18574 503
503 18574
18574 701
701 18574
18574 929
929 18574
18574 2629
2629 18574
18574 5178
5178 18574
18574 5447
5447 18574
18574 8151
8151 18574
18574 8674
8674 18574
18574 8774
8774 18574
18574 10121
10121 18574
18574 12789
12789 18574
18574 17742
17742 18574
18574 18574
18574 18574
18574 20817
20817 18574
18574 21233
21233 18574
18574 23348
23348 18574
18602 642
642 18602
18602 1140
1140 18602
18602 1546
1546 18602
18602 2194
2194 18602
18602 2456
2456 18602
18602 3334
3334 18602
18602 4242
4242 18602
18602 5519
5519 18602
18602 7906
7906 18602
18602 8631
8631 18602
18602 8977
8977 18602
18602 9141
9141 18602
18602 11536
11536 18602
18602 11684
11684 18602
18602 14969
14969 18602
18602 18602
18602 18602
18602 19693
19693 18602
18602 24568
24568 18602
18619 496
496 18619
18619 1538
1538 18619
18619 2104
2104 18619
18619 2629
2629 18619
18619 3777
3777 18619
18619 4343
4343 18619
18619 4350
4350 18619
18619 4402
4402 18619
18619 5036
5036 18619
18619 5589
5589 18619
18619 5639
5639 18619
18619 5931
5931 18619
18619 7036
7036 18619
18619 8239
8239 18619
18619 8414
8414 18619
18619 8551
8551 18619
18619 8625
8625 18619
18619 8800
8800 18619
18619 8806
8806 18619
18619 8812
8812 18619
18619 8822
8822 18619
18619 8843
8843 18619
18619 8858
8858 18619
18619 8889
8889 18619
18619 8897
8897 18619
18619 8927
8927 18619
18619 8946
8946 18619
18619 9078
9078 18619
18619 9102
9102 18619
18619 9111
9111 18619
18619 9114
9114 18619
18619 9130
9130 18619
18619 9155
9155 18619
18619 9176
9176 18619
18619 13059
13059 18619
18619 13337
13337 18619
18619 14583
14583 18619
18619 14882
14882 18619
18619 14969
14969 18619
18619 15450
15450 18619
18619 15995
15995 18619
18619 18602
18602 18619
18619 18619
18619 18619
18619 20292
20292 18619
18619 24150
24150 18619
18689 6103
6103 18689
18689 7803
7803 18689
18689 8213
8213 18689
18689 14147
14147 18689
18689 15450
15450 18689
18689 18689
18689 18689
18689 20907
20907 18689
18764 7370
7370 18764
18764 8932
8932 18764
18764 9071
9071 18764
18764 9096
9096 18764
18764 9125
9125 18764
18764 18764
18764 18764
18764 19946
19946 18764
18917 2497
2497 18917
18960 8637
8637 18960
18969 18969
18969 18969
19023 10566
10566 19023
19059 215
215 19059
19059 4667
4667 19059
19059 7442
7442 19059
19059 8996
8996 19059
19059 9057
9057 19059
19059 9100
9100 19059
19059 14888
14888 19059
19059 16018
16018 19059
19059 17349
17349 19059
19059 19059
19059 19059
19059 19999
19999 19059
19087 1800
1800 19087
19087 5925
5925 19087
19087 19087
19087 19087
19105 255
255 19105
19105 2815
2815 19105
19105 7905
7905 19105
19105 7921
7921 19105
19138 19138
19138 19138
19172 5682
5682 19172
19172 14595
14595 19172
19177 4242
4242 19177
19177 24266
24266 19177
19266 15450
15450 19266
19266 19266
19266 19266
19300 8361
8361 19300
19300 15610
15610 19300
19300 19300
19300 19300
19301 10927
10927 19301
19301 11657
11657 19301
19379 9059
9059 19379
19421 117
117 19421
19421 7055
7055 19421
19421 7540
7540 19421
19421 19421
19421 19421
19426 8858
8858 19426
19426 9097
9097 19426
19426 10121
10121 19426
19426 17742
17742 19426
19426 24252
24252 19426
19438 115
115 19438
19438 320
320 19438
19438 623
623 19438
19438 804
804 19438
19438 1431
1431 19438
19438 1546
1546 19438
19438 2104
2104 19438
19438 4242
4242 19438
19438 5400
5400 19438
19438 6218
6218 19438
19438 6598
6598 19438
19438 6815
6815 19438
19438 7616
7616 19438
19438 7921
7921 19438
19438 7955
7955 19438
19438 8726
8726 19438
19438 8880
8880 19438
19438 8886
8886 19438
19438 8996
8996 19438
19438 9142
9142 19438
19438 9160
9160 19438
19438 12670
12670 19438
19438 17843
17843 19438
19438 19438
19438 19438
19438 21800
21800 19438
19439 9043
9043 19439
19439 19439
19439 19439
19442 944
944 19442
19454 1582
1582 19454
19454 7759
7759 19454
19454 13969
13969 19454
19554 6811
6811 19554
19554 15406
15406 19554
19554 19554
19554 19554
19554 24734
24734 19554
19683 2497
2497 19683
19730 424
424 19730
19730 1316
1316 19730
19730 4879
4879 19730
19730 5946
5946 19730
19730 6681
6681 19730
19730 6874
6874 19730
19730 7036
7036 19730
19730 8874
8874 19730
19730 9070
9070 19730
19730 9120
9120 19730
19730 9121
9121 19730
19730 10121
10121 19730
19730 11929
11929 19730
19730 12670
12670 19730
19730 14361
14361 19730
19730 14853
14853 19730
19730 15450
15450 19730
19730 16976
16976 19730
19730 19730
19730 19730
19730 21786
21786 19730
19730 21954
21954 19730
19730 22225
22225 19730
19730 22341
22341 19730
19870 8289
8289 19870
19870 8771
8771 19870
19870 8774
8774 19870
19871 8672
8672 19871
19871 19946
19946 19871
19883 19883
19883 19883
19901 255
255 19901
19901 395
395 19901
19901 714
714 19901
19901 929
929 19901
19901 1001
1001 19901
19901 1430
1430 19901
19901 1546
1546 19901
19901 1582
1582 19901
19901 1899
1899 19901
19901 2997
2997 19901
19901 4663
4663 19901
19901 4920
4920 19901
19901 5178
5178 19901
19901 6217
6217 19901
19901 6780
6780 19901
19901 6917
6917 19901
19901 7811
7811 19901
19901 8031
8031 19901
19901 8364
8364 19901
19901 8687
8687 19901
19901 8792
8792 19901
19901 8843
8843 19901
19901 8849
8849 19901
19901 8852
8852 19901
19901 8906
8906 19901
19901 8915
8915 19901
19901 8926
8926 19901
19901 8967
8967 19901
19901 8986
8986 19901
19901 9041
9041 19901
19901 9071
9071 19901
19901 9073
9073 19901
19901 9154
9154 19901
19901 12658
12658 19901
19901 12789
12789 19901
19901 13141
13141 19901
19901 13786
13786 19901
19901 14583
14583 19901
19901 19901
19901 19901
19901 20817
20817 19901
19901 20966
20966 19901
19901 24065
24065 19901
19901 24127
24127 19901
19904 1141
1141 19904
19904 6139
6139 19904
19904 9143
9143 19904
19915 11488
11488 19915
19915 14333
14333 19915
19915 14387
14387 19915
19946 642
642 19946
19946 804
804 19946
19946 1013
1013 19946
19946 1141
1141 19946
19946 4242
4242 19946
19946 6796
6796 19946
19946 7759
7759 19946
19946 8984
8984 19946
19946 19946
19946 19946
19961 6735
6735 19961
19999 19999
19999 19999
20021 20021
20021 20021
20242 833
833 20242
20242 1658
1658 20242
20242 6049
6049 20242
20242 8808
8808 20242
20242 8993
8993 20242
20242 9121
9121 20242
20242 16018
16018 20242
20242 20242
20242 20242
20285 6285
6285 20285
20285 14927
14927 20285
20292 3506
3506 20292
20292 8005
8005 20292
20292 12025
12025 20292
20292 18619
18619 20292
20292 19554
19554 20292
20292 20292
20292 20292
20387 2815
2815 20387
20387 5632
5632 20387
20387 7905
7905 20387
20387 8871
8871 20387
20387 15688
15688 20387
20387 20387
20387 20387
20422 16018
16018 20422
20424 7900
7900 20424
20424 8873
8873 20424
20424 20424
20424 20424
20429 12670
12670 20429
20512 3957
3957 20512
20512 20512
20512 20512
20512 20970
20970 20512
20517 13969
13969 20517
20517 20517
20517 20517
20517 22217
22217 20517
20638 1822
1822 20638
20638 5793
5793 20638
20638 9159
9159 20638
20783 15369
15369 20783
20817 215
215 20817
20817 1899
1899 20817
20817 4343
4343 20817
20817 4920
4920 20817
20817 6747
6747 20817
20817 9057
9057 20817
20817 9118
9118 20817
20817 12242
12242 20817
20817 12789
12789 20817
20817 13786
13786 20817
20817 18574
18574 20817
20817 19901
19901 20817
20817 20817
20817 20817
20817 21233
21233 20817
20861 5178
5178 20861
20861 20861
20861 20861
20883 1141
1141 20883
20883 15450
15450 20883
20892 4585
4585 20892
20950 20950
20950 20950
20966 8321
8321 20966
20966 8872
8872 20966
20970 20512
20512 20970
20992 14500
14500 20992
21020 7955
7955 21020
21020 21020
21020 21020
21071 16946
16946 21071
21079 7921
7921 21079
21079 15450
15450 21079
21089 726
726 21089
21089 7550
7550 21089
21089 7955
7955 21089
21089 8625
8625 21089
21089 24668
24668 21089
21139 4585
4585 21139
21139 5178
5178 21139
21177 484
484 21177
21177 12900
12900 21177
21213 5311
5311 21213
21213 18689
18689 21213
21233 2194
2194 21233
21233 12135
12135 21233
21233 18619
18619 21233
21233 21233
21233 21233
21240 2984
2984 21240
21240 8841
8841 21240
21240 9053
9053 21240
21240 14295
14295 21240
21240 19730
19730 21240
21240 21240
21240 21240
21240 24451
24451 21240
21336 1004
1004 21336
21336 6049
6049 21336
21336 9025
9025 21336
21336 9132
9132 21336
21336 20242
20242 21336
21336 21336
21336 21336
21402 12789
12789 21402
21402 24127
24127 21402
21699 215
215 21699
21699 530
530 21699
21699 3620
3620 21699
21699 4339
4339 21699
21699 5969
5969 21699
21699 6133
6133 21699
21699 6139
6139 21699
21699 6497
6497 21699
21699 7640
7640 21699
21699 7759
7759 21699
21699 7990
7990 21699
21699 8289
8289 21699
21699 8755
8755 21699
21699 8761
8761 21699
21699 8777
8777 21699
21699 8872
8872 21699
21699 8903
8903 21699
21699 8927
8927 21699
21699 8944
8944 21699
21699 8962
8962 21699
21699 9051
9051 21699
21699 9059
9059 21699
21699 9070
9070 21699
21699 9078
9078 21699
21699 9114
9114 21699
21699 9123
9123 21699
21699 9148
9148 21699
21699 13191
13191 21699
21699 13969
13969 21699
21699 14232
14232 21699
21699 14583
14583 21699
21699 19087
19087 21699
21699 19901
19901 21699
21699 19946
19946 21699
21699 21699
21699 21699
21699 22276
22276 21699
21699 23707
23707 21699
21702 2134
2134 21702
21702 20950
20950 21702
21702 21702
21702 21702
21702 24451
24451 21702
21739 14785
14785 21739
21786 4186
4186 21786
21786 12670
12670 21786
21786 18619
18619 21786
21800 44
44 21800
21800 1105
1105 21800
21800 4928
4928 21800
21800 5162
5162 21800
21800 6285
6285 21800
21800 6557
6557 21800
21800 8632
8632 21800
21800 8803
8803 21800
21800 11503
11503 21800
21800 12677
12677 21800
21800 19883
19883 21800
21800 21800
21800 21800
21876 5692
5692 21876
21876 6780
6780 21876
21878 2104
2104 21878
21878 8855
8855 21878
21878 21878
21878 21878
21881 21881
21881 21881
21884 11861
11861 21884
21899 1899
1899 21899
21899 8151
8151 21899
21899 8537
8537 21899
21899 9071
9071 21899
21899 12789
12789 21899
21911 2456
2456 21911
21911 8887
8887 21911
21913 4356
4356 21913
21913 5345
5345 21913
21913 21913
21913 21913
21926 2924
2924 21926
21926 4802
4802 21926
21926 6598
6598 21926
21954 255
255 21954
21954 7473
7473 21954
21954 7588
7588 21954
21954 8777
8777 21954
21954 8995
8995 21954
21954 13786
13786 21954
21954 13969
13969 21954
21954 19554
19554 21954
21954 19730
19730 21954
21954 20517
20517 21954
21954 21954
21954 21954
22197 4242
4242 22197
22214 6010
6010 22214
22214 6651
6651 22214
22214 22214
22214 22214
22217 22217
22217 22217
22221 22221
22221 22221
22225 5805
5805 22225
22225 7803
7803 22225
22227 22227
22227 22227
22265 22265
22265 22265
22276 601
601 22276
22276 814
814 22276
22276 1312
1312 22276
22276 3777
3777 22276
22276 8777
8777 22276
22276 9025
9025 22276
22276 22276
22276 22276
22276 24518
24518 22276
22283 87
87 22283
22283 255
255 22283
22283 503
503 22283
22283 1520
1520 22283
22283 7540
7540 22283
22283 7603
7603 22283
22283 8118
8118 22283
22283 8815
8815 22283
22283 8872
8872 22283
22283 8996
8996 22283
22283 9133
9133 22283
22283 11819
11819 22283
22283 12236
12236 22283
22283 13786
13786 22283
22283 14969
14969 22283
22283 22283
22283 22283
22283 23320
23320 22283
22283 23926
23926 22283
22283 24252
24252 22283
22341 7473
7473 22341
22341 8808
8808 22341
22341 22225
22225 22341
22341 22341
22341 22341
22513 1133
1133 22513
22513 1137
1137 22513
22513 1221
1221 22513
22513 1316
1316 22513
22513 1658
1658 22513
22513 2014
2014 22513
22513 8503
8503 22513
22513 8650
8650 22513
22513 8871
8871 22513
22513 22513
22513 22513
22513 24710
24710 22513
22592 320
320 22592
22592 8801
8801 22592
22592 8893
8893 22592
22592 22592
22592 22592
22598 503
503 22598
22598 4916
4916 22598
22598 8761
8761 22598
22598 9100
9100 22598
22598 14583
14583 22598
22598 22598
22598 22598
22598 24065
24065 22598
22708 24386
24386 22708
22730 726
726 22730
22730 22730
22730 22730
22759 8661
8661 22759
22765 2497
2497 22765
22765 22765
22765 22765
22807 1001
1001 22807
22807 22807
22807 22807
22882 4585
4585 22882
22882 8767
8767 22882
22882 9122
9122 22882
22882 15450
15450 22882
22882 24252
24252 22882
22962 1133
1133 22962
23085 14595
14595 23085
23085 23085
23085 23085
23171 10121
10121 23171
23221 8295
8295 23221
23226 8844
8844 23226
23335 1001
1001 23335
23348 503
503 23348
23348 623
623 23348
23348 2104
2104 23348
23348 2629
2629 23348
23348 3777
3777 23348
23348 5036
5036 23348
23348 6367
6367 23348
23348 8490
8490 23348
23348 8564
8564 23348
23348 8877
8877 23348
23348 8941
8941 23348
23348 8962
8962 23348
23348 9073
9073 23348
23348 9138
9138 23348
23348 9146
9146 23348
23348 12279
12279 23348
23348 15450
15450 23348
23348 17071
17071 23348
23348 20422
20422 23348
23348 23348
23348 23348
23376 726
726 23376
23455 4585
4585 23455
23473 9171
9171 23473
23535 1971
1971 23535
23535 9057
9057 23535
23535 13184
13184 23535
23535 13786
13786 23535
23707 4402
4402 23707
23707 8361
8361 23707
23707 9030
9030 23707
23707 9109
9109 23707
23707 9117
9117 23707
23707 17706
17706 23707
23707 23707
23707 23707
23711 18955
18955 23711
23921 6278
6278 23921
23921 9097
9097 23921
23921 24169
24169 23921
23927 1842
1842 23927
23927 2815
2815 23927
23933 9104
9104 23933
24018 4183
4183 24018
24018 8891
8891 24018
24033 642
642 24033
24033 830
830 24033
24033 7371
7371 24033
24033 7759
7759 24033
24033 8564
8564 24033
24033 14147
14147 24033
24033 15995
15995 24033
24033 16958
16958 24033
24033 24033
24033 24033
24065 929
929 24065
24065 24065
24065 24065
24127 4920
4920 24127
24127 9157
9157 24127
24127 19901
19901 24127
24127 24127
24127 24127
24133 1013
1013 24133
24133 1141
1141 24133
24133 6887
6887 24133
24133 7709
7709 24133
24133 8760
8760 24133
24133 9109
9109 24133
24133 17742
17742 24133
24133 19946
19946 24133
24142 804
804 24142
24142 1327
1327 24142
24150 18619
18619 24150
24167 5140
5140 24167
24167 14595
14595 24167
24167 24313
24313 24167
24169 24169
24169 24169
24174 3760
3760 24174
24174 8761
8761 24174
24174 24174
24174 24174
24206 12789
12789 24206
24226 2038
2038 24226
24226 2592
2592 24226
24226 2633
2633 24226
24226 3192
3192 24226
24226 3963
3963 24226
24226 5140
5140 24226
24226 5519
5519 24226
24226 6124
6124 24226
24226 6278
6278 24226
24226 6310
6310 24226
24226 6437
6437 24226
24226 6780
6780 24226
24226 7081
7081 24226
24226 8321
8321 24226
24226 8726
8726 24226
24226 8849
8849 24226
24226 8932
8932 24226
24226 12135
12135 24226
24226 13467
13467 24226
24226 18602
18602 24226
24226 22276
22276 24226
24226 24226
24226 24226
24226 24601
24601 24226
24247 8924
8924 24247
24250 8769
8769 24250
24250 8807
8807 24250
24252 287
287 24252
24252 320
320 24252
24252 496
496 24252
24252 503
503 24252
24252 642
642 24252
24252 850
850 24252
24252 1312
1312 24252
24252 1913
1913 24252
24252 2104
2104 24252
24252 2118
2118 24252
24252 2387
2387 24252
24252 2411
2411 24252
24252 2997
2997 24252
24252 3162
3162 24252
24252 3231
3231 24252
24252 4916
4916 24252
24252 4920
4920 24252
24252 6038
6038 24252
24252 6437
6437 24252
24252 6961
6961 24252
24252 7616
7616 24252
24252 7955
7955 24252
24252 8031
8031 24252
24252 8726
8726 24252
24252 8774
8774 24252
24252 8818
8818 24252
24252 8841
8841 24252
24252 8866
8866 24252
24252 8882
8882 24252
24252 8883
8883 24252
24252 8886
8886 24252
24252 8905
8905 24252
24252 8917
8917 24252
24252 8923
8923 24252
24252 8944
8944 24252
24252 8984
8984 24252
24252 9047
9047 24252
24252 9096
9096 24252
24252 9113
9113 24252
24252 12135
12135 24252
24252 13383
13383 24252
24252 13518
13518 24252
24252 14224
14224 24252
24252 18449
18449 24252
24252 19946
19946 24252
24252 19999
19999 24252
24252 22283
22283 24252
24252 24252
24252 24252
24266 2134
2134 24266
24266 19177
19177 24266
24266 24266
24266 24266
24313 14189
14189 24313
24313 24167
24167 24313
24313 24313
24313 24313
24322 9070
9070 24322
24322 9724
9724 24322
24322 19554
19554 24322
24327 24327
24327 24327
24354 642
642 24354
24393 726
726 24393
24393 2997
2997 24393
24393 4331
4331 24393
24393 6735
6735 24393
24393 7759
7759 24393
24393 8755
8755 24393
24393 8811
8811 24393
24393 8824
8824 24393
24393 8885
8885 24393
24393 8905
8905 24393
24393 18940
18940 24393
24393 19901
19901 24393
24393 24393
24393 24393
24409 8364
8364 24409
24451 44
44 24451
24451 255
255 24451
24451 320
320 24451
24451 2497
2497 24451
24451 2815
2815 24451
24451 6139
6139 24451
24451 8507
8507 24451
24451 8800
8800 24451
24451 8833
8833 24451
24451 21702
21702 24451
24451 24451
24451 24451
24451 24555
24555 24451
24460 7759
7759 24460
24460 8974
8974 24460
24460 11503
11503 24460
24460 12670
12670 24460
24460 14595
14595 24460
24460 19946
19946 24460
24472 9119
9119 24472
24472 24472
24472 24472
24474 11899
11899 24474
24479 2959
2959 24479
24479 24479
24479 24479
24492 1676
1676 24492
24492 1842
1842 24492
24492 8937
8937 24492
24492 9085
9085 24492
24492 11503
11503 24492
24492 24492
24492 24492
24518 1215
1215 24518
24518 3334
3334 24518
24518 5127
5127 24518
24518 8777
8777 24518
24518 8915
8915 24518
24518 11536
11536 24518
24518 13337
13337 24518
24518 24518
24518 24518
24526 9067
9067 24526
24537 24537
24537 24537
24555 14295
14295 24555
24555 24555
24555 24555
24568 5036
5036 24568
24568 9106
9106 24568
24568 18602
18602 24568
24568 24409
24409 24568
24570 14355
14355 24570
24572 8783
8783 24572
24579 13181
13181 24579
24579 24579
24579 24579
24584 10168
10168 24584
24599 9159
9159 24599
24601 9163
9163 24601
24601 24226
24226 24601
24601 24601
24601 24601
24652 4920
4920 24652
24652 9073
9073 24652
24657 24668
24668 24657
24668 726
726 24668
24668 5409
5409 24668
24668 9138
9138 24668
24668 13141
13141 24668
24668 14583
14583 24668
24668 24668
24668 24668
24682 1842
1842 24682
24682 9072
9072 24682
24682 24451
24451 24682
24682 24682
24682 24682
24707 2934
2934 24707
24710 25
25 24710
24710 1221
1221 24710
24710 9070
9070 24710
24710 11698
11698 24710
24710 15187
15187 24710
24710 24734
24734 24710
24734 7273
7273 24734
24734 8860
8860 24734
24734 19554
19554 24734
24734 24710
24710 24734
