1 12539
12539 1
4 4
4 4
20 20
20 20
20 1951
1951 20
20 3874
3874 20
20 4242
4242 20
20 9011
9011 20
20 9239
9239 20
20 9365
9365 20
20 9555
9555 20
21 935
935 21
21 7851
7851 21
21 12295
12295 21
21 12729
12729 21
21 18602
18602 21
21 24519
24519 21
43 43
43 43
43 804
804 43
44 44
44 44
44 1579
1579 44
44 4215
4215 44
44 10540
10540 44
44 12941
12941 44
44 13518
13518 44
54 54
54 54
54 2622
2622 54
54 12163
12163 54
54 12675
12675 54
54 18195
18195 54
54 18602
18602 54
61 10410
10410 61
97 1658
1658 97
155 23912
23912 155
156 623
623 156
156 1740
1740 156
160 1951
1951 160
212 212
212 212
212 567
567 212
212 10253
10253 212
212 11767
11767 212
212 12135
12135 212
212 12882
12882 212
213 12983
12983 213
215 12402
12402 215
223 9239
9239 223
223 12690
12690 223
231 231
231 231
231 1934
1934 231
231 7410
7410 231
231 9025
9025 231
231 9978
9978 231
231 12037
12037 231
231 15309
15309 231
231 15542
15542 231
231 24386
24386 231
242 242
242 242
242 11848
11848 242
252 252
252 252
252 24707
24707 252
260 242
242 260
260 260
260 260
260 9239
9239 260
260 11357
11357 260
271 12093
12093 271
271 12527
12527 271
280 24157
24157 280
287 10398
10398 287
287 12037
12037 287
287 12803
12803 287
287 12952
12952 287
287 12967
12967 287
287 18602
18602 287
287 21542
21542 287
320 18602
18602 320
337 337
337 337
344 601
601 344
344 1050
1050 344
344 7759
7759 344
344 8102
8102 344
344 8772
8772 344
348 12849
12849 348
348 21542
21542 348
349 7921
7921 349
349 9363
9363 349
349 12487
12487 349
349 12656
12656 349
386 6258
6258 386
386 8232
8232 386
386 8996
8996 386
386 12508
12508 386
386 12514
12514 386
395 12827
12827 395
400 400
400 400
401 6666
6666 401
401 12402
12402 401
412 701
701 412
412 7648
7648 412
450 2202
2202 450
460 11966
11966 460
465 18195
18195 465
491 10573
10573 491
524 524
524 524
524 8107
8107 524
524 15251
15251 524
530 530
530 530
572 572
572 572
572 8332
8332 572
574 5307
5307 574
574 12517
12517 574
574 17872
17872 574
596 642
642 596
596 5311
5311 596
596 12603
12603 596
596 12836
12836 596
596 12952
12952 596
596 12991
12991 596
623 623
623 623
623 5506
5506 623
623 7268
7268 623
623 7499
7499 623
623 12295
12295 623
623 12548
12548 623
623 12567
12567 623
623 12583
12583 623
623 12711
12711 623
623 12745
12745 623
623 12777
12777 623
630 630
630 630
630 4920
4920 630
630 18574
18574 630
630 20817
20817 630
642 260
260 642
642 337
337 642
642 642
642 642
642 701
701 642
642 2497
2497 642
642 4450
4450 642
642 6366
6366 642
642 6837
6837 642
642 8155
8155 642
642 8935
8935 642
642 9239
9239 642
642 9275
9275 642
642 9862
9862 642
642 9957
9957 642
642 10027
10027 642
642 10410
10410 642
642 10429
10429 642
642 11171
11171 642
642 11848
11848 642
642 11858
11858 642
642 11874
11874 642
642 12242
12242 642
642 12303
12303 642
642 12477
12477 642
642 12542
12542 642
642 12555
12555 642
642 12623
12623 642
642 12641
12641 642
642 12644
12644 642
642 12654
12654 642
642 12684
12684 642
642 12717
12717 642
642 12722
12722 642
642 12734
12734 642
642 12738
12738 642
642 12795
12795 642
642 12812
12812 642
642 12836
12836 642
642 12983
12983 642
642 14304
14304 642
642 14691
14691 642
642 18602
18602 642
642 20893
20893 642
642 23125
23125 642
644 630
630 644
644 1971
1971 644
644 12799
12799 644
644 20817
20817 644
674 5015
5015 674
674 6666
6666 674
674 12402
12402 674
674 18689
18689 674
675 675
675 675
686 20817
20817 686
701 701
701 701
701 1312
1312 701
701 6634
6634 701
701 7759
7759 701
701 12745
12745 701
701 12789
12789 701
701 12837
12837 701
701 12979
12979 701
701 12998
12998 701
726 502
502 726
726 726
726 726
726 1140
1140 726
726 1312
1312 726
726 1578
1578 726
726 1609
1609 726
726 2361
2361 726
726 3130
3130 726
726 5506
5506 726
726 6505
6505 726
726 6634
6634 726
726 6773
6773 726
726 7759
7759 726
726 7936
7936 726
726 8564
8564 726
726 8726
8726 726
726 9239
9239 726
726 10996
10996 726
726 11767
11767 726
726 11874
11874 726
726 11916
11916 726
726 12349
12349 726
726 12620
12620 726
726 12768
12768 726
726 12770
12770 726
726 12850
12850 726
726 12888
12888 726
726 12924
12924 726
726 12976
12976 726
726 12991
12991 726
726 14756
14756 726
726 18195
18195 726
726 18602
18602 726
726 21891
21891 726
726 24518
24518 726
728 2487
2487 728
776 7410
7410 776
776 9811
9811 776
782 2388
2388 782
804 43
43 804
804 804
804 804
804 5178
5178 804
804 6975
6975 804
804 12789
12789 804
804 13786
13786 804
804 19685
19685 804
814 6095
6095 814
830 830
830 830
830 1050
1050 830
830 1312
1312 830
830 1547
1547 830
830 3958
3958 830
830 5615
5615 830
830 6514
6514 830
830 7516
7516 830
830 7759
7759 830
830 9256
9256 830
830 10573
10573 830
830 12643
12643 830
830 12714
12714 830
830 12715
12715 830
830 12869
12869 830
830 19938
19938 830
831 9957
9957 831
831 11324
11324 831
833 1658
1658 833
833 5107
5107 833
833 10573
10573 833
833 16895
16895 833
847 9057
9057 847
866 231
231 866
866 866
866 866
866 1038
1038 866
866 4242
4242 866
866 5311
5311 866
866 12618
12618 866
876 876
876 876
876 9307
9307 876
876 12627
12627 876
876 12748
12748 876
876 12883
12883 876
903 3130
3130 903
929 876
876 929
929 7305
7305 929
929 12699
12699 929
929 12837
12837 929
929 12841
12841 929
929 16018
16018 929
934 6557
6557 934
934 16336
16336 934
935 21
21 935
935 935
935 935
935 8364
8364 935
935 11743
11743 935
966 8564
8564 966
981 4441
4441 981
1013 4
4 1013
1013 1013
1013 1013
1013 4624
4624 1013
1013 7410
7410 1013
1013 9697
9697 1013
1013 12543
12543 1013
1018 1018
1018 1018
1018 9978
9978 1018
1018 11929
11929 1018
1018 12753
12753 1018
1018 12795
12795 1018
1018 21891
21891 1018
1038 6917
6917 1038
1050 1050
1050 1050
1050 12539
12539 1050
1079 3311
3311 1079
1079 9494
9494 1079
1105 20
20 1105
1105 1105
1105 1105
1105 2225
2225 1105
1105 4406
4406 1105
1105 7305
7305 1105
1105 8993
8993 1105
1105 9238
9238 1105
1105 9275
9275 1105
1105 9957
9957 1105
1105 11319
11319 1105
1105 11378
11378 1105
1105 12054
12054 1105
1105 12105
12105 1105
1105 12156
12156 1105
1105 12389
12389 1105
1105 12412
12412 1105
1105 12529
12529 1105
1105 12590
12590 1105
1105 12623
12623 1105
1105 12651
12651 1105
1105 12653
12653 1105
1105 12668
12668 1105
1105 12761
12761 1105
1105 12787
12787 1105
1105 12789
12789 1105
1105 20021
20021 1105
1105 23235
23235 1105
1116 3958
3958 1116
1116 6192
6192 1116
1116 8375
8375 1116
1116 10429
10429 1116
1116 12530
12530 1116
1116 12696
12696 1116
1116 12743
12743 1116
1116 23912
23912 1116
1137 1137
1137 1137
1137 1658
1658 1137
1137 7516
7516 1137
1137 8852
8852 1137
1137 8996
8996 1137
1137 11861
11861 1137
1137 12023
12023 1137
1137 12394
12394 1137
1137 12798
12798 1137
1137 12866
12866 1137
1137 24386
24386 1137
1140 726
726 1140
1140 1140
1140 1140
1140 11053
11053 1140
1141 10429
10429 1141
1158 866
866 1158
1158 6937
6937 1158
1215 1934
1934 1215
1215 18602
18602 1215
1221 1784
1784 1221
1221 12889
12889 1221
1230 12849
12849 1230
1242 16182
16182 1242
1244 2997
2997 1244
1244 6437
6437 1244
1244 6487
6487 1244
1244 8648
8648 1244
1244 9082
9082 1244
1244 12525
12525 1244
1312 1312
1312 1312
1312 1318
1318 1312
1312 1543
1543 1312
1312 2442
2442 1312
1312 2592
2592 1312
1312 2679
2679 1312
1312 4242
4242 1312
1312 4567
4567 1312
1312 5960
5960 1312
1312 6557
6557 1312
1312 7616
7616 1312
1312 8305
8305 1312
1312 10410
10410 1312
1312 10429
10429 1312
1312 12734
12734 1312
1312 12753
12753 1312
1312 12812
12812 1312
1312 19871
19871 1312
1318 1312
1312 1318
1318 1318
1318 1318
1318 8305
8305 1318
1346 8996
8996 1346
1346 12627
12627 1346
1346 12650
12650 1346
1346 24226
24226 1346
1354 12523
12523 1354
1369 1369
1369 1369
1382 1382
1382 1382
1382 5615
5615 1382
1382 12627
12627 1382
1382 19742
19742 1382
1383 1383
1383 1383
1383 4567
4567 1383
1383 24385
24385 1383
1393 1393
1393 1393
1393 2238
2238 1393
1393 3528
3528 1393
1393 7074
7074 1393
1393 8421
8421 1393
1393 10974
10974 1393
1393 14583
14583 1393
1403 673
673 1403
1403 1403
1403 1403
1403 1549
1549 1403
1403 7498
7498 1403
1403 12923
12923 1403
1403 12938
12938 1403
1407 9753
9753 1407
1430 43
43 1430
1430 1430
1430 1430
1430 2158
2158 1430
1430 5178
5178 1430
1430 8461
8461 1430
1430 8944
8944 1430
1430 9733
9733 1430
1430 12789
12789 1430
1430 12806
12806 1430
1430 12971
12971 1430
1430 13485
13485 1430
1430 16345
16345 1430
1495 12924
12924 1495
1538 1538
1538 1538
1538 7074
7074 1538
1538 8944
8944 1538
1538 9679
9679 1538
1538 10326
10326 1538
1538 11764
11764 1538
1538 12596
12596 1538
1538 12691
12691 1538
1538 12781
12781 1538
1538 12810
12810 1538
1538 12877
12877 1538
1538 20422
20422 1538
1543 1543
1543 1543
1543 12527
12527 1543
1547 1137
1137 1547
1547 5712
5712 1547
1547 11861
11861 1547
1547 12539
12539 1547
1547 12701
12701 1547
1547 19554
19554 1547
1549 1403
1403 1549
1558 6366
6366 1558
1578 1578
1578 1578
1578 7534
7534 1578
1578 12712
12712 1578
1579 44
44 1579
1579 1579
1579 1579
1582 1582
1582 1582
1609 1609
1609 1609
1609 11743
11743 1609
1631 12427
12427 1631
1632 642
642 1632
1632 1632
1632 1632
1632 1658
1658 1632
1632 10573
10573 1632
1632 11171
11171 1632
1632 11967
11967 1632
1632 12735
12735 1632
1632 19165
19165 1632
1632 19227
19227 1632
1639 2086
2086 1639
1639 3172
3172 1639
1639 4607
4607 1639
1639 5946
5946 1639
1639 11819
11819 1639
1639 19876
19876 1639
1639 22513
22513 1639
1658 97
97 1658
1658 1422
1422 1658
1658 1632
1632 1658
1658 1658
1658 1658
1658 1842
1842 1658
1658 4794
4794 1658
1658 4928
4928 1658
1658 5203
5203 1658
1658 8598
8598 1658
1658 8632
8632 1658
1658 10573
10573 1658
1658 11378
11378 1658
1658 12477
12477 1658
1658 12627
12627 1658
1658 12739
12739 1658
1658 16976
16976 1658
1658 24460
24460 1658
1676 1740
1740 1676
1676 9256
9256 1676
1676 12577
12577 1676
1734 3172
3172 1734
1734 12733
12733 1734
1734 19554
19554 1734
1740 156
156 1740
1740 213
213 1740
1740 1676
1676 1740
1740 1740
1740 1740
1740 4406
4406 1740
1740 6557
6557 1740
1740 7921
7921 1740
1740 8996
8996 1740
1740 9363
9363 1740
1740 11077
11077 1740
1740 11099
11099 1740
1740 11657
11657 1740
1740 12569
12569 1740
1740 12577
12577 1740
1740 12590
12590 1740
1740 12615
12615 1740
1740 12695
12695 1740
1740 12730
12730 1740
1740 12752
12752 1740
1740 12805
12805 1740
1740 12895
12895 1740
1740 12941
12941 1740
1740 12966
12966 1740
1740 18634
18634 1740
1740 20387
20387 1740
1741 1741
1741 1741
1741 1904
1904 1741
1741 2202
2202 1741
1741 2361
2361 1741
1741 3292
3292 1741
1741 3620
3620 1741
1741 4341
4341 1741
1741 4440
4440 1741
1741 5414
5414 1741
1741 5677
5677 1741
1741 6975
6975 1741
1741 7074
7074 1741
1741 7759
7759 1741
1741 9405
9405 1741
1741 10603
10603 1741
1741 11485
11485 1741
1741 12530
12530 1741
1741 12614
12614 1741
1741 12887
12887 1741
1741 12889
12889 1741
1741 12963
12963 1741
1741 12976
12976 1741
1741 12997
12997 1741
1741 13336
13336 1741
1741 14691
14691 1741
1741 18438
18438 1741
1772 1772
1772 1772
1772 1913
1913 1772
1784 1784
1784 1784
1784 7481
7481 1784
1784 11861
11861 1784
1784 24555
24555 1784
1788 9405
9405 1788
1788 12402
12402 1788
1836 642
642 1836
1836 1836
1836 1836
1836 11056
11056 1836
1836 24276
24276 1836
1842 1842
1842 1842
1842 4324
4324 1842
1842 10681
10681 1842
1846 675
675 1846
1846 1846
1846 1846
1846 2794
2794 1846
1846 10356
10356 1846
1846 11357
11357 1846
1846 11406
11406 1846
1846 12342
12342 1846
1846 12657
12657 1846
1846 12684
12684 1846
1846 12744
12744 1846
1846 12778
12778 1846
1846 19087
19087 1846
1846 22341
22341 1846
1846 24045
24045 1846
1875 1875
1875 1875
1875 16018
16018 1875
1887 1887
1887 1887
1899 13684
13684 1899
1901 1901
1901 1901
1901 19087
19087 1901
1904 1904
1904 1904
1913 1913
1913 1913
1913 2592
2592 1913
1913 4242
4242 1913
1913 5203
5203 1913
1913 7601
7601 1913
1913 7759
7759 1913
1913 11929
11929 1913
1913 12734
12734 1913
1913 18602
18602 1913
1921 4343
4343 1921
1934 1934
1934 1934
1934 11357
11357 1934
1947 12761
12761 1947
1949 12748
12748 1949
1949 12899
12899 1949
1951 20
20 1951
1951 160
160 1951
1951 2048
2048 1951
1951 2091
2091 1951
1951 12836
12836 1951
1951 12858
12858 1951
1951 12956
12956 1951
1971 22598
22598 1971
2011 6049
6049 2011
2014 1001
1001 2014
2048 160
160 2048
2048 2048
2048 2048
2048 12640
12640 2048
2086 2086
2086 2086
2091 2091
2091 2091
2134 2134
2134 2134
2134 2424
2424 2134
2134 2594
2594 2134
2134 3292
3292 2134
2134 3528
3528 2134
2134 5414
5414 2134
2134 6811
6811 2134
2134 9030
9030 2134
2134 11562
11562 2134
2134 12595
12595 2134
2134 12620
12620 2134
2134 12877
12877 2134
2134 13027
13027 2134
2148 2497
2497 2148
2148 8223
8223 2148
2148 9207
9207 2148
2148 10942
10942 2148
2148 12068
12068 2148
2148 24270
24270 2148
2158 2158
2158 2158
2158 22598
22598 2158
2194 1846
1846 2194
2194 3754
3754 2194
2194 4343
4343 2194
2194 6811
6811 2194
2194 9082
9082 2194
2194 9363
9363 2194
2194 11077
11077 2194
2194 12601
12601 2194
2194 12627
12627 2194
2194 12741
12741 2194
2194 12804
12804 2194
2194 12900
12900 2194
2194 12983
12983 2194
2194 12984
12984 2194
2194 13184
13184 2194
2194 13211
13211 2194
2194 14888
14888 2194
2197 2197
2197 2197
2197 4607
4607 2197
2197 7751
7751 2197
2197 8047
8047 2197
2197 8147
8147 2197
2197 8984
8984 2197
2197 10410
10410 2197
2197 11378
11378 2197
2197 12529
12529 2197
2197 12654
12654 2197
2197 12923
12923 2197
2197 21336
21336 2197
2197 22513
22513 2197
2202 2202
2202 2202
2225 2225
2225 2225
2225 8232
8232 2225
2225 8632
8632 2225
2225 20893
20893 2225
2238 1393
1393 2238
2238 8421
8421 2238
2238 12022
12022 2238
2274 6835
6835 2274
2274 9232
9232 2274
2327 1676
1676 2327
2329 2329
2329 2329
2329 7851
7851 2329
2361 2361
2361 2361
2361 2777
2777 2361
2361 3113
3113 2361
2361 3130
3130 2361
2361 3554
3554 2361
2361 4450
4450 2361
2361 5304
5304 2361
2361 5677
5677 2361
2361 7338
7338 2361
2361 7352
7352 2361
2361 8935
8935 2361
2361 8944
8944 2361
2361 10356
10356 2361
2361 12163
12163 2361
2361 12714
12714 2361
2361 12750
12750 2361
2361 12815
12815 2361
2361 12923
12923 2361
2361 12976
12976 2361
2361 13027
13027 2361
2361 18602
18602 2361
2384 1658
1658 2384
2384 1784
1784 2384
2384 2384
2384 2384
2384 7516
7516 2384
2384 8107
8107 2384
2384 11019
11019 2384
2384 11861
11861 2384
2384 22341
22341 2384
2388 2388
2388 2388
2392 8996
8996 2392
2392 12700
12700 2392
2392 24386
24386 2392
2411 2411
2411 2411
2411 6917
6917 2411
2411 7759
7759 2411
2411 11841
11841 2411
2411 19885
19885 2411
2411 21891
21891 2411
2413 2413
2413 2413
2413 12923
12923 2413
2413 17333
17333 2413
2424 763
763 2424
2424 2134
2134 2424
2424 2361
2361 2424
2424 2424
2424 2424
2424 5677
5677 2424
2442 1312
1312 2442
2442 4271
4271 2442
2487 2487
2487 2487
2487 8996
8996 2487
2487 9271
9271 2487
2487 12777
12777 2487
2487 22513
22513 2487
2497 642
642 2497
2497 1772
1772 2497
2497 2497
2497 2497
2497 12662
12662 2497
2497 12778
12778 2497
2497 18602
18602 2497
2497 20892
20892 2497
2508 3944
3944 2508
2583 4903
4903 2583
2591 231
231 2591
2591 15382
15382 2591
2592 242
242 2592
2592 271
271 2592
2592 1543
1543 2592
2592 1904
1904 2592
2592 2592
2592 2592
2592 3162
3162 2592
2592 7510
7510 2592
2592 7616
7616 2592
2592 8232
8232 2592
2592 8820
8820 2592
2592 9239
9239 2592
2592 11691
11691 2592
2592 11848
11848 2592
2592 12394
12394 2592
2592 12620
12620 2592
2592 12665
12665 2592
2592 12675
12675 2592
2592 12751
12751 2592
2592 18602
18602 2592
2592 21699
21699 2592
2622 54
54 2622
2622 2442
2442 2622
2622 2622
2622 2622
2622 8984
8984 2622
2622 9025
9025 2622
2622 12587
12587 2622
2629 2629
2629 2629
2629 8564
8564 2629
2629 9046
9046 2629
2629 11006
11006 2629
2629 12699
12699 2629
2629 12791
12791 2629
2633 11324
11324 2633
2679 1312
1312 2679
2712 7478
7478 2712
2712 11873
11873 2712
2736 2736
2736 2736
2736 4982
4982 2736
2736 11634
11634 2736
2736 12838
12838 2736
2736 12948
12948 2736
2736 20021
20021 2736
2748 1904
1904 2748
2777 2361
2361 2777
2794 4242
4242 2794
2811 12613
12613 2811
2845 2845
2845 2845
2872 1741
1741 2872
2931 12558
12558 2931
2953 8852
8852 2953
2953 12635
12635 2953
2997 988
988 2997
2997 1318
1318 2997
2997 2416
2416 2997
2997 2997
2997 2997
2997 3049
3049 2997
2997 6095
6095 2997
2997 6575
6575 2997
2997 7759
7759 2997
2997 7893
7893 2997
2997 8305
8305 2997
2997 9025
9025 2997
2997 9082
9082 2997
2997 11722
11722 2997
2997 11873
11873 2997
2997 12037
12037 2997
2997 12274
12274 2997
2997 12450
12450 2997
2997 12804
12804 2997
2997 19698
19698 2997
3007 13786
13786 3007
3049 1784
1784 3049
3049 11861
11861 3049
3049 12778
12778 3049
3051 3051
3051 3051
3051 9733
9733 3051
3055 3292
3292 3055
3055 12908
12908 3055
3055 13786
13786 3055
3080 5615
5615 3080
3101 2794
2794 3101
3101 12622
12622 3101
3101 12627
12627 3101
3113 642
642 3113
3113 3113
3113 3113
3113 6634
6634 3113
3113 12795
12795 3113
3120 18817
18817 3120
3130 3130
3130 3130
3130 7759
7759 3130
3130 9842
9842 3130
3143 222
222 3143
3147 12740
12740 3147
3172 1595
1595 3172
3172 3130
3130 3172
3172 3172
3172 3172
3172 5105
5105 3172
3172 7123
7123 3172
3172 8996
8996 3172
3172 9025
9025 3172
3172 12120
12120 3172
3172 12587
12587 3172
3172 12746
12746 3172
3172 13141
13141 3172
3172 15116
15116 3172
3172 15332
15332 3172
3172 16900
16900 3172
3172 19554
19554 3172
3172 21699
21699 3172
3172 24226
24226 3172
3192 20889
20889 3192
3203 1740
1740 3203
3203 2329
2329 3203
3227 6811
6811 3227
3255 4920
4920 3255
3255 6247
6247 3255
3292 2134
2134 3292
3292 3292
3292 3292
3311 3311
3311 3311
3337 3337
3337 3337
3337 5311
5311 3337
3337 12813
12813 3337
3348 3348
3348 3348
3372 3864
3864 3372
3425 4450
4450 3425
3425 18602
18602 3425
3433 5960
5960 3433
3433 12135
12135 3433
3433 12367
12367 3433
3433 12812
12812 3433
3455 12876
12876 3455
3455 12938
12938 3455
3491 3491
3491 3491
3491 20242
20242 3491
3506 14691
14691 3506
3528 2134
2134 3528
3528 4343
4343 3528
3528 4406
4406 3528
3528 10356
10356 3528
3528 22601
22601 3528
3591 3591
3591 3591
3591 12720
12720 3591
3620 2540
2540 3620
3620 3620
3620 3620
3620 4903
4903 3620
3620 7212
7212 3620
3667 3667
3667 3667
3679 22513
22513 3679
3704 3704
3704 3704
3704 11378
11378 3704
3725 1658
1658 3725
3754 3754
3754 3754
3757 1140
1140 3757
3757 12505
12505 3757
3757 12893
12893 3757
3760 3760
3760 3760
3760 12295
12295 3760
3760 12608
12608 3760
3784 3784
3784 3784
3784 11412
11412 3784
3784 20817
20817 3784
3824 6666
6666 3824
3824 12745
12745 3824
3824 12810
12810 3824
3843 1658
1658 3843
3843 9363
9363 3843
3843 11792
11792 3843
3843 12541
12541 3843
3864 3864
3864 3864
3865 9842
9842 3865
3874 20
20 3874
3874 3874
3874 3874
3874 10541
10541 3874
3944 49
49 3944
3944 3944
3944 3944
3982 3982
3982 3982
3982 11819
11819 3982
4026 4026
4026 4026
4055 13027
13027 4055
4121 630
630 4121
4121 1631
1631 4121
4121 4121
4121 4121
4121 12838
12838 4121
4121 12879
12879 4121
4121 12896
12896 4121
4143 4143
4143 4143
4143 9082
9082 4143
4143 10429
10429 4143
4186 11692
11692 4186
4186 12037
12037 4186
4196 12678
12678 4196
4196 12805
12805 4196
4215 4215
4215 4215
4242 20
20 4242
4242 245
245 4242
4242 260
260 4242
4242 673
673 4242
4242 1312
1312 4242
4242 2794
2794 4242
4242 4242
4242 4242
4242 4547
4547 4242
4242 4920
4920 4242
4242 5204
5204 4242
4242 7123
7123 4242
4242 8332
8332 4242
4242 8632
8632 4242
4242 9239
9239 4242
4242 9312
9312 4242
4242 9555
9555 4242
4242 9834
9834 4242
4242 11378
11378 4242
4242 11858
11858 4242
4242 11929
11929 4242
4242 12450
12450 4242
4242 12625
12625 4242
4242 12682
12682 4242
4242 12768
12768 4242
4242 12789
12789 4242
4242 12905
12905 4242
4242 13383
13383 4242
4242 13786
13786 4242
4242 15483
15483 4242
4242 20021
20021 4242
4242 22598
22598 4242
4271 17298
17298 4271
4275 12876
12876 4275
4280 4280
4280 4280
4280 12896
12896 4280
4280 22598
22598 4280
4324 1842
1842 4324
4324 4324
4324 4324
4331 5544
5544 4331
4331 8984
8984 4331
4331 9025
9025 4331
4331 11756
11756 4331
4341 1741
1741 4341
4341 12022
12022 4341
4343 1904
1904 4343
4343 3130
3130 4343
4343 4343
4343 4343
4343 4440
4440 4343
4343 8147
8147 4343
4343 8321
8321 4343
4343 12518
12518 4343
4343 12635
12635 4343
4343 12640
12640 4343
4343 12662
12662 4343
4343 12684
12684 4343
4343 19554
19554 4343
4343 20892
20892 4343
4343 21336
21336 4343
4343 22341
22341 4343
4343 23348
23348 4343
4356 9256
9256 4356
4406 1740
1740 4406
4406 4406
4406 4406
4407 4407
4407 4407
4407 12517
12517 4407
4407 12918
12918 4407
4408 12557
12557 4408
4430 5801
5801 4430
4430 20814
20814 4430
4440 20
20 4440
4440 2202
2202 4440
4440 4440
4440 4440
4440 11898
11898 4440
4440 11916
11916 4440
4440 12756
12756 4440
4440 18602
18602 4440
4440 19087
19087 4440
4447 12525
12525 4447
4447 20512
20512 4447
4450 4450
4450 4450
4459 4459
4459 4459
4459 12171
12171 4459
4459 12432
12432 4459
4511 4511
4511 4511
4511 20259
20259 4511
4533 496
496 4533
4567 260
260 4567
4567 642
642 4567
4567 1312
1312 4567
4567 4567
4567 4567
4567 9586
9586 4567
4567 24385
24385 4567
4578 4343
4343 4578
4578 4578
4578 4578
4578 8107
8107 4578
4578 12120
12120 4578
4578 12533
12533 4578
4578 12886
12886 4578
4578 19554
19554 4578
4607 836
836 4607
4607 2086
2086 4607
4607 4607
4607 4607
4607 5946
5946 4607
4607 7759
7759 4607
4607 24226
24226 4607
4624 1013
1013 4624
4653 12343
12343 4653
4667 1237
1237 4667
4667 2629
2629 4667
4667 4667
4667 4667
4667 8564
8564 4667
4667 12468
12468 4667
4667 12664
12664 4667
4685 6124
6124 4685
4685 10666
10666 4685
4685 12665
12665 4685
4685 12772
12772 4685
4685 19087
19087 4685
4730 14500
14500 4730
4737 4737
4737 4737
4737 7648
7648 4737
4737 12998
12998 4737
4738 9239
9239 4738
4756 4756
4756 4756
4769 4829
4829 4769
4829 830
830 4829
4829 1836
1836 4829
4829 4667
4667 4829
4829 4769
4769 4829
4829 4829
4829 4829
4829 6417
6417 4829
4829 12163
12163 4829
4829 12847
12847 4829
4829 18602
18602 4829
4829 20893
20893 4829
4903 4903
4903 4903
4920 630
630 4920
4920 1312
1312 4920
4920 2329
2329 4920
4920 2629
2629 4920
4920 3051
3051 4920
4920 3255
3255 4920
4920 3427
3427 4920
4920 3784
3784 4920
4920 4920
4920 4920
4920 5801
5801 4920
4920 6247
6247 4920
4920 7851
7851 4920
4920 8944
8944 4920
4920 9046
9046 4920
4920 9177
9177 4920
4920 11006
11006 4920
4920 11078
11078 4920
4920 11412
11412 4920
4920 11700
11700 4920
4920 11767
11767 4920
4920 12326
12326 4920
4920 12585
12585 4920
4920 12659
12659 4920
4920 12690
12690 4920
4920 12715
12715 4920
4920 12758
12758 4920
4920 12789
12789 4920
4920 12799
12799 4920
4920 12827
12827 4920
4920 16345
16345 4920
4920 19901
19901 4920
4920 20259
20259 4920
4920 20817
20817 4920
4920 22598
22598 4920
4920 24518
24518 4920
4920 24519
24519 4920
4928 12514
12514 4928
4966 5677
5677 4966
4982 4982
4982 4982
4982 11572
11572 4982
5010 8935
8935 5010
5105 5105
5105 5105
5105 9025
9025 5105
5107 5107
5107 5107
5107 11722
11722 5107
5107 16895
16895 5107
5127 22819
22819 5127
5147 9936
9936 5147
5152 674
674 5152
5152 1221
1221 5152
5152 4236
4236 5152
5152 5152
5152 5152
5152 5946
5946 5152
5152 8564
8564 5152
5152 12923
12923 5152
5152 16976
16976 5152
5152 22341
22341 5152
5152 24226
24226 5152
5171 5171
5171 5171
5178 43
43 5178
5178 630
630 5178
5178 804
804 5178
5178 3784
3784 5178
5178 5178
5178 5178
5178 10811
10811 5178
5178 11786
11786 5178
5178 12326
12326 5178
5178 12573
12573 5178
5178 12600
12600 5178
5178 12715
12715 5178
5178 12789
12789 5178
5178 12882
12882 5178
5178 12976
12976 5178
5178 18602
18602 5178
5178 22598
22598 5178
5189 1369
1369 5189
5203 1658
1658 5203
5203 1913
1913 5203
5203 5203
5203 5203
5203 12448
12448 5203
5204 4242
4242 5204
5204 5204
5204 5204
5204 11328
11328 5204
5261 2361
2361 5261
5261 5261
5261 5261
5261 12163
12163 5261
5261 12627
12627 5261
5261 18602
18602 5261
5261 24042
24042 5261
5282 19328
19328 5282
5284 12610
12610 5284
5304 502
502 5304
5304 2361
2361 5304
5304 2831
2831 5304
5304 8910
8910 5304
5304 11324
11324 5304
5304 11848
11848 5304
5304 12768
12768 5304
5307 574
574 5307
5307 2424
2424 5307
5307 5307
5307 5307
5307 5677
5677 5307
5307 17872
17872 5307
5311 596
596 5311
5311 2467
2467 5311
5311 3130
3130 5311
5311 5311
5311 5311
5311 5953
5953 5311
5311 6192
6192 5311
5311 11738
11738 5311
5311 12515
12515 5311
5311 12530
12530 5311
5311 12535
12535 5311
5311 12608
12608 5311
5311 12612
12612 5311
5311 12644
12644 5311
5311 12795
12795 5311
5311 12813
12813 5311
5311 13141
13141 5311
5311 18602
18602 5311
5331 13191
13191 5331
5345 1547
1547 5345
5345 3130
3130 5345
5345 5345
5345 5345
5345 11313
11313 5345
5345 11861
11861 5345
5345 12337
12337 5345
5345 12582
12582 5345
5345 24274
24274 5345
5369 12303
12303 5369
5411 8147
8147 5411
5414 1741
1741 5414
5414 5414
5414 5414
5414 8421
8421 5414
5489 5489
5489 5489
5489 6479
6479 5489
5506 726
726 5506
5506 5506
5506 5506
5506 10410
10410 5506
5506 10811
10811 5506
5506 18602
18602 5506
5516 6247
6247 5516
5516 22598
22598 5516
5519 400
400 5519
5519 1595
1595 5519
5519 5946
5946 5519
5519 11378
11378 5519
5519 12116
12116 5519
5519 19355
19355 5519
5519 22513
22513 5519
5519 24386
24386 5519
5544 5544
5544 5544
5544 12118
12118 5544
5615 830
830 5615
5615 5615
5615 5615
5625 9679
9679 5625
5625 9735
9735 5625
5625 12615
12615 5625
5625 18634
18634 5625
5644 5644
5644 5644
5644 9239
9239 5644
5660 1393
1393 5660
5660 3130
3130 5660
5660 4450
4450 5660
5660 6557
6557 5660
5660 6975
6975 5660
5660 10811
10811 5660
5660 11686
11686 5660
5660 11691
11691 5660
5660 11966
11966 5660
5660 11967
11967 5660
5660 12054
12054 5660
5660 12537
12537 5660
5660 12542
12542 5660
5660 12651
12651 5660
5660 12681
12681 5660
5660 12700
12700 5660
5660 12701
12701 5660
5660 12756
12756 5660
5660 12759
12759 5660
5660 12897
12897 5660
5660 12912
12912 5660
5660 18602
18602 5660
5660 22341
22341 5660
5660 24460
24460 5660
5674 6557
6557 5674
5677 642
642 5677
5677 2134
2134 5677
5677 2361
2361 5677
5677 2424
2424 5677
5677 3292
3292 5677
5677 5261
5261 5677
5677 5677
5677 5677
5677 6417
6417 5677
5677 7990
7990 5677
5677 8944
8944 5677
5677 12641
12641 5677
5677 20892
20892 5677
5677 21457
21457 5677
5677 24692
24692 5677
5712 5712
5712 5712
5753 2134
2134 5753
5753 9082
9082 5753
5753 18602
18602 5753
5757 10811
10811 5757
5801 4920
4920 5801
5801 5801
5801 5801
5808 12645
12645 5808
5845 8984
8984 5845
5887 3337
3337 5887
5887 5311
5311 5887
5887 12889
12889 5887
5887 24682
24682 5887
5933 18955
18955 5933
5946 1741
1741 5946
5946 2361
2361 5946
5946 4607
4607 5946
5946 5677
5677 5946
5946 5946
5946 5946
5946 7751
7751 5946
5946 8147
8147 5946
5946 9271
9271 5946
5946 11378
11378 5946
5946 11698
11698 5946
5946 12450
12450 5946
5946 12512
12512 5946
5946 12654
12654 5946
5946 12869
12869 5946
5946 14888
14888 5946
5946 15542
15542 5946
5953 5311
5311 5953
5960 5960
5960 5960
5960 11767
11767 5960
5969 5969
5969 5969
5969 15116
15116 5969
6006 6006
6006 6006
6017 12116
12116 6017
6017 12178
12178 6017
6047 4903
4903 6047
6047 12530
12530 6047
6074 12539
12539 6074
6074 21954
21954 6074
6090 6545
6545 6090
6095 814
814 6095
6095 6095
6095 6095
6115 6115
6115 6115
6115 21699
21699 6115
6124 6124
6124 6124
6125 11378
11378 6125
6167 12883
12883 6167
6192 1116
1116 6192
6228 3754
3754 6228
6247 780
780 6247
6247 3255
3255 6247
6247 5516
5516 6247
6247 6247
6247 6247
6247 12427
12427 6247
6247 12829
12829 6247
6247 12838
12838 6247
6247 12896
12896 6247
6258 1741
1741 6258
6258 6258
6258 6258
6258 12739
12739 6258
6278 7942
7942 6278
6318 7921
7921 6318
6318 12118
12118 6318
6318 12752
12752 6318
6366 642
642 6366
6366 1558
1558 6366
6417 2134
2134 6417
6417 4829
4829 6417
6417 5677
5677 6417
6417 6417
6417 6417
6417 12401
12401 6417
6417 12956
12956 6417
6419 3192
3192 6419
6437 6437
6437 6437
6437 12876
12876 6437
6489 6489
6489 6489
6505 6505
6505 6505
6529 31
31 6529
6531 10377
10377 6531
6531 19554
19554 6531
6545 6090
6090 6545
6557 934
934 6557
6557 1422
1422 6557
6557 2592
2592 6557
6557 4242
4242 6557
6557 5674
5674 6557
6557 6557
6557 6557
6557 8820
8820 6557
6557 8984
8984 6557
6557 9239
9239 6557
6557 9811
9811 6557
6557 11777
11777 6557
6557 12331
12331 6557
6557 12606
12606 6557
6557 12724
12724 6557
6557 12789
12789 6557
6557 12915
12915 6557
6557 12976
12976 6557
6557 18034
18034 6557
6557 19650
19650 6557
6557 20893
20893 6557
6575 8813
8813 6575
6589 18574
18574 6589
6592 7006
7006 6592
6592 12615
12615 6592
6592 21240
21240 6592
6598 6598
6598 6598
6598 8996
8996 6598
6598 12631
12631 6598
6598 16976
16976 6598
6598 24579
24579 6598
6634 6634
6634 6634
6666 726
726 6666
6666 4911
4911 6666
6666 6666
6666 6666
6666 6773
6773 6666
6666 11811
11811 6666
6666 12402
12402 6666
6666 12696
12696 6666
6694 10121
10121 6694
6735 12613
12613 6735
6773 726
726 6773
6773 6773
6773 6773
6831 6831
6831 6831
6836 3921
3921 6836
6836 6836
6836 6836
6836 12732
12732 6836
6836 18602
18602 6836
6845 6845
6845 6845
6845 7152
7152 6845
6845 12740
12740 6845
6845 23085
23085 6845
6851 7498
7498 6851
6874 12850
12850 6874
6917 804
804 6917
6917 1038
1038 6917
6917 2411
2411 6917
6917 4593
4593 6917
6917 6917
6917 6917
6917 7759
7759 6917
6917 10540
10540 6917
6917 11819
11819 6917
6917 12450
12450 6917
6917 12740
12740 6917
6917 20387
20387 6917
6937 11460
11460 6937
6937 12955
12955 6937
6960 6960
6960 6960
6960 10343
10343 6960
6961 7123
7123 6961
6961 12946
12946 6961
6961 24226
24226 6961
6975 6975
6975 6975
6985 6985
6985 6985
6985 12595
12595 6985
7006 3944
3944 7006
7006 6592
6592 7006
7006 7006
7006 7006
7022 11657
11657 7022
7074 7074
7074 7074
7074 11967
11967 7074
7081 5761
5761 7081
7081 12621
12621 7081
7123 1314
1314 7123
7123 2361
2361 7123
7123 4242
4242 7123
7123 4607
4607 7123
7123 7123
7123 7123
7123 7942
7942 7123
7123 8147
8147 7123
7123 9586
9586 7123
7123 10207
10207 7123
7123 12876
12876 7123
7123 19876
19876 7123
7123 24518
24518 7123
7152 3607
3607 7152
7152 11056
11056 7152
7152 12645
12645 7152
7186 194
194 7186
7186 1312
1312 7186
7211 12817
12817 7211
7212 3620
3620 7212
7212 7212
7212 7212
7212 9239
9239 7212
7261 19554
19554 7261
7268 7268
7268 7268
7268 11874
11874 7268
7305 7305
7305 7305
7305 12539
12539 7305
7338 7338
7338 7338
7392 11863
11863 7392
7410 231
231 7410
7410 9811
9811 7410
7410 12669
12669 7410
7498 836
836 7498
7499 11715
11715 7499
7499 14224
14224 7499
7514 7759
7759 7514
7516 7516
7516 7516
7534 1578
1578 7534
7601 1312
1312 7601
7601 2592
2592 7601
7601 7601
7601 7601
7601 12511
12511 7601
7601 18602
18602 7601
7601 24519
24519 7601
7616 7616
7616 7616
7648 412
412 7648
7648 3130
3130 7648
7648 4667
4667 7648
7648 4737
4737 7648
7648 5107
5107 7648
7648 7630
7630 7648
7648 7648
7648 7648
7648 8921
8921 7648
7648 10398
10398 7648
7648 10936
10936 7648
7648 11686
11686 7648
7648 12525
12525 7648
7648 12627
12627 7648
7648 12733
12733 7648
7648 16895
16895 7648
7680 7680
7680 7680
7717 15848
15848 7717
7751 8726
8726 7751
7759 701
701 7759
7759 814
814 7759
7759 1846
1846 7759
7759 6634
6634 7759
7759 6917
6917 7759
7759 7759
7759 7759
7759 8102
8102 7759
7759 9646
9646 7759
7759 9716
9716 7759
7759 11848
11848 7759
7759 11929
11929 7759
7759 12665
12665 7759
7759 12877
12877 7759
7759 12888
12888 7759
7759 12919
12919 7759
7759 12956
12956 7759
7759 12983
12983 7759
7759 14691
14691 7759
7759 18602
18602 7759
7759 19087
19087 7759
7759 20783
20783 7759
7759 20893
20893 7759
7778 7778
7778 7778
7778 11634
11634 7778
7778 12559
12559 7778
7778 12948
12948 7778
7778 14583
14583 7778
7778 15814
15814 7778
7792 12654
12654 7792
7851 2329
2329 7851
7851 6247
6247 7851
7858 12450
12450 7858
7888 19554
19554 7888
7893 7893
7893 7893
7900 7900
7900 7900
7921 7921
7921 7921
7921 12577
12577 7921
7942 7942
7942 7942
7942 12141
12141 7942
7942 12876
12876 7942
7986 11657
11657 7986
8047 8047
8047 8047
8091 8091
8091 8091
8102 7759
7759 8102
8102 8102
8102 8102
8102 8487
8487 8102
8102 10429
10429 8102
8102 12511
12511 8102
8102 12693
12693 8102
8107 8107
8107 8107
8127 12505
12505 8127
8147 4343
4343 8147
8147 8147
8147 8147
8155 8155
8155 8155
8199 8199
8199 8199
8199 12770
12770 8199
8199 12862
12862 8199
8215 13969
13969 8215
8215 19554
19554 8215
8232 2225
2225 8232
8232 2592
2592 8232
8232 4026
4026 8232
8232 8232
8232 8232
8232 9239
9239 8232
8232 12786
12786 8232
8232 12834
12834 8232
8232 12941
12941 8232
8305 1318
1318 8305
8305 8820
8820 8305
8305 11698
11698 8305
8305 12525
12525 8305
8321 1382
1382 8321
8321 4343
4343 8321
8321 8321
8321 8321
8332 8332
8332 8332
8364 2036
2036 8364
8364 8364
8364 8364
8375 8375
8375 8375
8421 1904
1904 8421
8421 2238
2238 8421
8421 3528
3528 8421
8421 5414
5414 8421
8421 6417
6417 8421
8421 8421
8421 8421
8421 12630
12630 8421
8421 14888
14888 8421
8421 16591
16591 8421
8421 22601
22601 8421
8436 1422
1422 8436
8436 7391
7391 8436
8436 9256
9256 8436
8436 12527
12527 8436
8436 12606
12606 8436
8564 8564
8564 8564
8598 1658
1658 8598
8632 2225
2225 8632
8632 4242
4242 8632
8632 8632
8632 8632
8633 12877
12877 8633
8655 642
642 8655
8657 8657
8657 8657
8657 12342
12342 8657
8657 12777
12777 8657
8790 12750
12750 8790
8813 3663
3663 8813
8813 8813
8813 8813
8813 12849
12849 8813
8820 8820
8820 8820
8826 1595
1595 8826
8852 8852
8852 8852
8910 8910
8910 8910
8921 11686
11686 8921
8935 642
642 8935
8935 8935
8935 8935
8935 11393
11393 8935
8935 11819
11819 8935
8935 12367
12367 8935
8935 12700
12700 8935
8935 12770
12770 8935
8935 12777
12777 8935
8935 12923
12923 8935
8935 12937
12937 8935
8935 16880
16880 8935
8935 18602
18602 8935
8944 5677
5677 8944
8944 8944
8944 8944
8944 10356
10356 8944
8944 11872
11872 8944
8984 4
4 8984
8984 6557
6557 8984
8984 8984
8984 8984
8984 10410
10410 8984
8984 11049
11049 8984
8984 12216
12216 8984
8984 12678
12678 8984
8984 12789
12789 8984
8984 13184
13184 8984
8984 14224
14224 8984
8993 8993
8993 8993
8995 9911
9911 8995
8995 12987
12987 8995
8996 386
386 8996
8996 804
804 8996
8996 5409
5409 8996
8996 5933
5933 8996
8996 6514
6514 8996
8996 8876
8876 8996
8996 8984
8984 8996
8996 8996
8996 8996
8996 9025
9025 8996
8996 9057
9057 8996
8996 10410
10410 8996
8996 12359
12359 8996
8996 12394
12394 8996
8996 12627
12627 8996
8996 12650
12650 8996
8996 14595
14595 8996
8996 15688
15688 8996
8996 16976
16976 8996
8996 21786
21786 8996
8996 22598
22598 8996
9005 4215
4215 9005
9005 12695
12695 9005
9011 1658
1658 9011
9011 8436
8436 9011
9011 9011
9011 9011
9011 9082
9082 9011
9011 11873
11873 9011
9011 12525
12525 9011
9011 12630
12630 9011
9011 24393
24393 9011
9018 16608
16608 9018
9025 231
231 9025
9025 836
836 9025
9025 1772
1772 9025
9025 1784
1784 9025
9025 4242
4242 9025
9025 5105
5105 9025
9025 5414
5414 9025
9025 6598
6598 9025
9025 6975
6975 9025
9025 9025
9025 9025
9025 11313
11313 9025
9025 11378
11378 9025
9025 11382
11382 9025
9025 12334
12334 9025
9025 12627
12627 9025
9025 12938
12938 9025
9025 15309
15309 9025
9025 16976
16976 9025
9025 24206
24206 9025
9030 2134
2134 9030
9046 9046
9046 9046
9057 1934
1934 9057
9057 4242
4242 9057
9057 6299
6299 9057
9057 7326
7326 9057
9057 9057
9057 9057
9057 9082
9082 9057
9057 11916
11916 9057
9057 11929
11929 9057
9057 12135
12135 9057
9057 12651
12651 9057
9057 12976
12976 9057
9057 19087
19087 9057
9057 19685
19685 9057
9082 5015
5015 9082
9082 9082
9082 9082
9082 11078
11078 9082
9082 12525
12525 9082
9082 12976
12976 9082
9091 11738
11738 9091
9140 12246
12246 9140
9140 14691
14691 9140
9157 12896
12896 9157
9177 4920
4920 9177
9177 5801
5801 9177
9177 9177
9177 9177
9177 12295
12295 9177
9177 12849
12849 9177
9177 12852
12852 9177
9185 3760
3760 9185
9185 7778
7778 9185
9185 9185
9185 9185
9185 11811
11811 9185
9238 935
935 9238
9238 9238
9238 9238
9238 9957
9957 9238
9238 12750
12750 9238
9238 12803
12803 9238
9238 12836
12836 9238
9239 20
20 9239
9239 242
242 9239
9239 260
260 9239
9239 337
337 9239
9239 726
726 9239
9239 2592
2592 9239
9239 5414
5414 9239
9239 5644
5644 9239
9239 7212
7212 9239
9239 7510
7510 9239
9239 8232
8232 9239
9239 9239
9239 9239
9239 10398
10398 9239
9239 10410
10410 9239
9239 11378
11378 9239
9239 11929
11929 9239
9239 12303
12303 9239
9239 12625
12625 9239
9239 12665
12665 9239
9239 12734
12734 9239
9239 12807
12807 9239
9239 12812
12812 9239
9239 12849
12849 9239
9239 12900
12900 9239
9239 13969
13969 9239
9239 24206
24206 9239
9256 1676
1676 9256
9256 4356
4356 9256
9275 1105
1105 9275
9305 12579
12579 9305
9307 876
876 9307
9325 1676
1676 9325
9363 349
349 9363
9363 9363
9363 9363
9363 12389
12389 9363
9363 12450
12450 9363
9365 11692
11692 9365
9365 12394
12394 9365
9398 3335
3335 9398
9398 10936
10936 9398
9398 12804
12804 9398
9405 2202
2202 9405
9405 9405
9405 9405
9405 11817
11817 9405
9405 14224
14224 9405
9437 7136
7136 9437
9494 9494
9494 9494
9524 7648
7648 9524
9555 20
20 9555
9555 337
337 9555
9555 642
642 9555
9555 2794
2794 9555
9555 4242
4242 9555
9555 6095
6095 9555
9555 6557
6557 9555
9555 8232
8232 9555
9555 8984
8984 9555
9555 9555
9555 9555
9555 10410
10410 9555
9555 11858
11858 9555
9555 12303
12303 9555
9555 12450
12450 9555
9586 2361
2361 9586
9586 9082
9082 9586
9586 9586
9586 9586
9611 12982
12982 9611
9677 12342
12342 9677
9679 194
194 9679
9679 1369
1369 9679
9679 1846
1846 9679
9679 2202
2202 9679
9679 3130
3130 9679
9679 9679
9679 9679
9679 10612
10612 9679
9679 12525
12525 9679
9679 18602
18602 9679
9679 19087
19087 9679
9679 20812
20812 9679
9697 9697
9697 9697
9716 7759
7759 9716
9716 9716
9716 9716
9733 9733
9733 9733
9733 12627
12627 9733
9770 12741
12741 9770
9811 7410
7410 9811
9834 4242
4242 9834
9834 12012
12012 9834
9842 3130
3130 9842
9842 9842
9842 9842
9842 12331
12331 9842
9842 19087
19087 9842
9862 9862
9862 9862
9862 12242
12242 9862
9862 23348
23348 9862
9957 1105
1105 9957
9957 2622
2622 9957
9957 4343
4343 9957
9957 5261
5261 9957
9957 9238
9238 9957
9957 9494
9494 9957
9957 9957
9957 9957
9957 11071
11071 9957
9957 11357
11357 9957
9957 11390
11390 9957
9957 11914
11914 9957
9957 12717
12717 9957
9957 12756
12756 9957
9957 12938
12938 9957
9957 18602
18602 9957
9960 260
260 9960
9960 12753
12753 9960
9960 12786
12786 9960
9964 12135
12135 9964
9978 9978
9978 9978
10007 10007
10007 10007
10007 10027
10027 10007
10027 2202
2202 10027
10027 10007
10007 10027
10027 10027
10027 10027
10092 1137
1137 10092
10121 7499
7499 10121
10121 10027
10027 10121
10121 10121
10121 10121
10121 13969
13969 10121
10121 16348
16348 10121
10168 10168
10168 10168
10168 15251
15251 10168
10168 17097
17097 10168
10207 4242
4242 10207
10207 10207
10207 10207
10207 10410
10410 10207
10207 12700
12700 10207
10207 19876
19876 10207
10207 24588
24588 10207
10247 10247
10247 10247
10250 804
804 10250
10273 13211
13211 10273
10283 12697
12697 10283
10312 6124
6124 10312
10343 6960
6960 10343
10355 10355
10355 10355
10356 1846
1846 10356
10356 3528
3528 10356
10356 8944
8944 10356
10356 10356
10356 10356
10398 574
574 10398
10398 10352
10352 10398
10398 10398
10398 10398
10398 21110
21110 10398
10398 24252
24252 10398
10410 20
20 10410
10410 61
61 10410
10410 337
337 10410
10410 1312
1312 10410
10410 1632
1632 10410
10410 5506
5506 10410
10410 6083
6083 10410
10410 7028
7028 10410
10410 9082
9082 10410
10410 9239
9239 10410
10410 9862
9862 10410
10410 10207
10207 10410
10410 10410
10410 10410
10410 11130
11130 10410
10410 12037
12037 10410
10410 12533
12533 10410
10410 12804
12804 10410
10410 19876
19876 10410
10429 1141
1141 10429
10429 1312
1312 10429
10429 2442
2442 10429
10429 9288
9288 10429
10429 10410
10410 10429
10429 10429
10429 10429
10429 12647
12647 10429
10429 12795
12795 10429
10429 12889
12889 10429
10540 44
44 10540
10541 3874
3874 10541
10541 10541
10541 10541
10566 4242
4242 10566
10566 7410
7410 10566
10566 12463
12463 10566
10573 139
139 10573
10573 1658
1658 10573
10573 12211
12211 10573
10603 1741
1741 10603
10603 10603
10603 10603
10666 10666
10666 10666
10676 16186
16186 10676
10681 1842
1842 10681
10681 8632
8632 10681
10709 5546
5546 10709
10709 24270
24270 10709
10811 20
20 10811
10811 496
496 10811
10811 3130
3130 10811
10811 5506
5506 10811
10811 6083
6083 10811
10811 8155
8155 10811
10811 9239
9239 10811
10811 10811
10811 10811
10811 12394
12394 10811
10811 12581
12581 10811
10811 12601
12601 10811
10811 12651
12651 10811
10811 12734
12734 10811
10811 14195
14195 10811
10811 20783
20783 10811
10837 12402
12402 10837
10948 12929
12929 10948
10974 1393
1393 10974
10974 10974
10974 10974
11006 4920
4920 11006
11019 2384
2384 11019
11055 2629
2629 11055
11055 20817
20817 11055
11056 1836
1836 11056
11062 10410
10410 11062
11071 9957
9957 11071
11071 11071
11071 11071
11071 12765
12765 11071
11071 12846
12846 11071
11078 4920
4920 11078
11078 9082
9082 11078
11078 10811
10811 11078
11078 11078
11078 11078
11078 19901
19901 11078
11098 2581
2581 11098
11099 11099
11099 11099
11152 18602
18602 11152
11167 12803
12803 11167
11187 2845
2845 11187
11243 20061
20061 11243
11256 24519
24519 11256
11313 5345
5345 11313
11313 11313
11313 11313
11313 20897
20897 11313
11328 5204
5204 11328
11328 12697
12697 11328
11328 12849
12849 11328
11355 11743
11743 11355
11355 12399
12399 11355
11357 2361
2361 11357
11357 11357
11357 11357
11378 1658
1658 11378
11378 2361
2361 11378
11378 3704
3704 11378
11378 7900
7900 11378
11378 9239
9239 11378
11378 11378
11378 11378
11378 12842
12842 11378
11378 24692
24692 11378
11378 24710
24710 11378
11393 8935
8935 11393
11393 11393
11393 11393
11405 12615
12615 11405
11406 6489
6489 11406
11406 12657
12657 11406
11412 20817
20817 11412
11419 11419
11419 11419
11419 12402
12402 11419
11458 12520
12520 11458
11458 20817
20817 11458
11507 4920
4920 11507
11507 18195
18195 11507
11512 11512
11512 11512
11527 11527
11527 11527
11547 4567
4567 11547
11547 9586
9586 11547
11547 11547
11547 11547
11547 12998
12998 11547
11562 2134
2134 11562
11562 19355
19355 11562
11579 1632
1632 11579
11579 11715
11715 11579
11631 11631
11631 11631
11634 2736
2736 11634
11657 1422
1422 11657
11657 4215
4215 11657
11657 5985
5985 11657
11657 7921
7921 11657
11657 7986
7986 11657
11657 8332
8332 11657
11657 9405
9405 11657
11657 11657
11657 11657
11657 12118
12118 11657
11657 12695
12695 11657
11684 12987
12987 11684
11684 14691
14691 11684
11686 7648
7648 11686
11686 8921
8921 11686
11686 11686
11686 11686
11688 12526
12526 11688
11691 11691
11691 11691
11692 11692
11692 11692
11698 11698
11698 11698
11698 12525
12525 11698
11698 12780
12780 11698
11698 13786
13786 11698
11698 18602
18602 11698
11700 12641
12641 11700
11715 7499
7499 11715
11715 11715
11715 11715
11715 12789
12789 11715
11721 12647
12647 11721
11722 2997
2997 11722
11722 11722
11722 11722
11726 3311
3311 11726
11743 642
642 11743
11743 935
935 11743
11743 1609
1609 11743
11743 7266
7266 11743
11743 11355
11355 11743
11743 11743
11743 11743
11743 12854
12854 11743
11756 5152
5152 11756
11756 11756
11756 11756
11756 12394
12394 11756
11764 1538
1538 11764
11767 726
726 11767
11767 3874
3874 11767
11767 4920
4920 11767
11767 5178
5178 11767
11767 5801
5801 11767
11767 5960
5960 11767
11767 6874
6874 11767
11767 9177
9177 11767
11767 9808
9808 11767
11767 11767
11767 11767
11767 11929
11929 11767
11767 12135
12135 11767
11767 12468
12468 11767
11767 12496
12496 11767
11767 12526
12526 11767
11767 12567
12567 11767
11767 12664
12664 11767
11767 12723
12723 11767
11767 12746
12746 11767
11767 12750
12750 11767
11767 12850
12850 11767
11767 12905
12905 11767
11767 12917
12917 11767
11767 12952
12952 11767
11767 12967
12967 11767
11767 18602
18602 11767
11767 21891
21891 11767
11777 11777
11777 11777
11784 5178
5178 11784
11784 7305
7305 11784
11784 9057
9057 11784
11785 10707
10707 11785
11785 12888
12888 11785
11811 9185
9185 11811
11811 11811
11811 11811
11816 3528
3528 11816
11819 3982
3982 11819
11819 5519
5519 11819
11819 10377
10377 11819
11819 11819
11819 11819
11819 12529
12529 11819
11819 12745
12745 11819
11819 12761
12761 11819
11819 12777
12777 11819
11819 12812
12812 11819
11819 12876
12876 11819
11848 242
242 11848
11848 7759
7759 11848
11848 11848
11848 11848
11848 12451
12451 11848
11858 4242
4242 11858
11858 9555
9555 11858
11861 1547
1547 11861
11861 1784
1784 11861
11861 11313
11313 11861
11861 11861
11861 11861
11861 12859
12859 11861
11861 15251
15251 11861
11866 11369
11369 11866
11873 11873
11873 11873
11874 726
726 11874
11874 7268
7268 11874
11874 11874
11874 11874
11874 12685
12685 11874
11908 12879
12879 11908
11910 255
255 11910
11910 12037
12037 11910
11914 9957
9957 11914
11916 11916
11916 11916
11929 4242
4242 11929
11929 7759
7759 11929
11929 11929
11929 11929
11966 18602
18602 11966
11967 1632
1632 11967
11967 7074
7074 11967
11967 12759
12759 11967
12006 12857
12857 12006
12012 4343
4343 12012
12012 5583
5583 12012
12012 9834
9834 12012
12013 245
245 12013
12013 1658
1658 12013
12013 8993
8993 12013
12013 10355
10355 12013
12013 12678
12678 12013
12013 12805
12805 12013
12022 2238
2238 12022
12022 4341
4341 12022
12023 12023
12023 12023
12037 231
231 12037
12053 12610
12610 12053
12054 12054
12054 12054
12054 12539
12539 12054
12054 13066
13066 12054
12065 642
642 12065
12068 12068
12068 12068
12073 12093
12093 12073
12078 596
596 12078
12078 12712
12712 12078
12078 12981
12981 12078
12093 271
271 12093
12093 12073
12073 12093
12105 1105
1105 12105
12106 12106
12106 12106
12116 5361
5361 12116
12116 12116
12116 12116
12116 12523
12523 12116
12116 24226
24226 12116
12118 5544
5544 12118
12119 14691
14691 12119
12120 12120
12120 12120
12127 12584
12584 12127
12135 20
20 12135
12135 242
242 12135
12135 496
496 12135
12135 1018
1018 12135
12135 1934
1934 12135
12135 4143
4143 12135
12135 4578
4578 12135
12135 5015
5015 12135
12135 5204
5204 12135
12135 5506
5506 12135
12135 6557
6557 12135
12135 6836
6836 12135
12135 7123
7123 12135
12135 7510
7510 12135
12135 7616
7616 12135
12135 9957
9957 12135
12135 9964
9964 12135
12135 10429
10429 12135
12135 11393
11393 12135
12135 11819
11819 12135
12135 11874
11874 12135
12135 12135
12135 12135
12135 12211
12211 12135
12135 12394
12394 12135
12135 12557
12557 12135
12135 12621
12621 12135
12135 12644
12644 12135
12135 12651
12651 12135
12135 12685
12685 12135
12135 12734
12734 12135
12135 12735
12735 12135
12135 12746
12746 12135
12135 12789
12789 12135
12135 12807
12807 12135
12135 12812
12812 12135
12135 12882
12882 12135
12135 12920
12920 12135
12135 12984
12984 12135
12135 16900
16900 12135
12135 18602
18602 12135
12135 19328
19328 12135
12135 20355
20355 12135
12135 24519
24519 12135
12141 7942
7942 12141
12141 12141
12141 12141
12141 13141
13141 12141
12148 23272
23272 12148
12152 9239
9239 12152
12152 10410
10410 12152
12152 11631
11631 12152
12152 12152
12152 12152
12152 24404
24404 12152
12163 54
54 12163
12163 4829
4829 12163
12163 5261
5261 12163
12163 7778
7778 12163
12163 11848
11848 12163
12163 11916
11916 12163
12163 12163
12163 12163
12163 12451
12451 12163
12163 12620
12620 12163
12163 12668
12668 12163
12163 18602
18602 12163
12171 4459
4459 12171
12171 12615
12615 12171
12171 12741
12741 12171
12171 20917
20917 12171
12174 833
833 12174
12174 4406
4406 12174
12174 5674
5674 12174
12174 12389
12389 12174
12174 12581
12581 12174
12174 12941
12941 12174
12174 13786
13786 12174
12174 20429
20429 12174
12174 21699
21699 12174
12178 24479
24479 12178
12211 10573
10573 12211
12211 12211
12211 12211
12211 19227
19227 12211
12216 12718
12718 12216
12216 24393
24393 12216
12224 9862
9862 12224
12242 9022
9022 12242
12242 12242
12242 12242
12242 13211
13211 12242
12273 1676
1676 12273
12273 9405
9405 12273
12274 12274
12274 12274
12275 6733
6733 12275
12275 12275
12275 12275
12275 12776
12776 12275
12275 13358
13358 12275
12275 23220
23220 12275
12295 12295
12295 12295
12303 642
642 12303
12303 5369
5369 12303
12303 12303
12303 12303
12307 2158
2158 12307
12308 12308
12308 12308
12326 4920
4920 12326
12326 12326
12326 12326
12326 20259
20259 12326
12331 9842
9842 12331
12331 12331
12331 12331
12331 12644
12644 12331
12331 12723
12723 12331
12333 12333
12333 12333
12333 12335
12335 12333
12334 9025
9025 12334
12334 12334
12334 12334
12337 12337
12337 12337
12341 12341
12341 12341
12342 12342
12342 12342
12343 4653
4653 12343
12343 12343
12343 12343
12343 15953
15953 12343
12358 7921
7921 12358
12364 1582
1582 12364
12364 12364
12364 12364
12364 22598
22598 12364
12367 12367
12367 12367
12389 5674
5674 12389
12389 9363
9363 12389
12389 12389
12389 12389
12389 12450
12450 12389
12394 8996
8996 12394
12394 12394
12394 12394
12394 14195
14195 12394
12402 674
674 12402
12402 6666
6666 12402
12402 12402
12402 12402
12402 12539
12539 12402
12408 4121
4121 12408
12412 12412
12412 12412
12427 1631
1631 12427
12427 6247
6247 12427
12432 4459
4459 12432
12432 12432
12432 12432
12436 12436
12436 12436
12448 12448
12448 12448
12448 12636
12636 12448
12448 13969
13969 12448
12450 1422
1422 12450
12450 2997
2997 12450
12450 4242
4242 12450
12450 5946
5946 12450
12450 7858
7858 12450
12450 9555
9555 12450
12450 12389
12389 12450
12450 12450
12450 12450
12450 12507
12507 12450
12450 13383
13383 12450
12451 11848
11848 12451
12451 12451
12451 12451
12452 1654
1654 12452
12453 1708
1708 12453
12468 2361
2361 12468
12468 4242
4242 12468
12468 12468
12468 12468
12477 1658
1658 12477
12477 12477
12477 12477
12477 12574
12574 12477
12505 8127
8127 12505
12505 12505
12505 12505
12511 7601
7601 12511
12512 12512
12512 12512
12514 17840
17840 12514
12516 17626
17626 12516
12517 4407
4407 12517
12518 12518
12518 12518
12520 11458
11458 12520
12520 12520
12520 12520
12527 271
271 12527
12527 8436
8436 12527
12529 12529
12529 12529
12530 12530
12530 12530
12531 4920
4920 12531
12533 12533
12533 12533
12539 1050
1050 12539
12539 1547
1547 12539
12539 6074
6074 12539
12539 7305
7305 12539
12539 11786
11786 12539
12539 12054
12054 12539
12539 12402
12402 12539
12539 12539
12539 12539
12539 12687
12687 12539
12539 12701
12701 12539
12539 12976
12976 12539
12539 14835
14835 12539
12539 20917
20917 12539
12542 12542
12542 12542
12543 1013
1013 12543
12544 12544
12544 12544
12548 623
623 12548
12548 18602
18602 12548
12551 12551
12551 12551
12553 16983
16983 12553
12555 642
642 12555
12555 12555
12555 12555
12557 12557
12557 12557
12558 12558
12558 12558
12561 11698
11698 12561
12571 3702
3702 12571
12573 12573
12573 12573
12573 20817
20817 12573
12574 12477
12477 12574
12574 12574
12574 12574
12574 12673
12673 12574
12574 21954
21954 12574
12580 12093
12093 12580
12584 12584
12584 12584
12587 2086
2086 12587
12587 3172
3172 12587
12587 5523
5523 12587
12587 9022
9022 12587
12587 10121
10121 12587
12587 12427
12427 12587
12587 12587
12587 12587
12587 12754
12754 12587
12587 21858
21858 12587
12589 9016
9016 12589
12595 2134
2134 12595
12596 12596
12596 12596
12597 12161
12161 12597
12597 22217
22217 12597
12600 12600
12600 12600
12600 12876
12876 12600
12600 12938
12938 12600
12603 12603
12603 12603
12606 12606
12606 12606
12607 12613
12613 12607
12608 5311
5311 12608
12608 12608
12608 12608
12610 24252
24252 12610
12611 12611
12611 12611
12613 12607
12607 12613
12614 12614
12614 12614
12615 1740
1740 12615
12615 12171
12171 12615
12615 12615
12615 12615
12617 7305
7305 12617
12618 2794
2794 12618
12618 11721
11721 12618
12618 19861
19861 12618
12620 12163
12163 12620
12621 12621
12621 12621
12621 18602
18602 12621
12622 3101
3101 12622
12623 3428
3428 12623
12623 12623
12623 12623
12623 18689
18689 12623
12625 9239
9239 12625
12625 12625
12625 12625
12625 24206
24206 12625
12627 503
503 12627
12627 3130
3130 12627
12627 12627
12627 12627
12628 12625
12625 12628
12630 8421
8421 12630
12631 6598
6598 12631
12635 12635
12635 12635
12636 12448
12448 12636
12637 9469
9469 12637
12637 12637
12637 12637
12637 19138
19138 12637
12639 11549
11549 12639
12640 12640
12640 12640
12643 21457
21457 12643
12650 12650
12650 12650
12650 19059
19059 12650
12653 15361
15361 12653
12654 5946
5946 12654
12656 12656
12656 12656
12656 14595
14595 12656
12657 6835
6835 12657
12657 11406
11406 12657
12658 9351
9351 12658
12658 12745
12745 12658
12658 16976
16976 12658
12659 452
452 12659
12659 12659
12659 12659
12659 12663
12663 12659
12659 13662
13662 12659
12659 21342
21342 12659
12659 21402
21402 12659
12661 640
640 12661
12662 12662
12662 12662
12663 12659
12659 12663
12665 2031
2031 12665
12665 7759
7759 12665
12668 1105
1105 12668
12668 1784
1784 12668
12668 7905
7905 12668
12668 7942
7942 12668
12668 9363
9363 12668
12668 12163
12163 12668
12668 12310
12310 12668
12668 17097
17097 12668
12668 18602
18602 12668
12669 7410
7410 12669
12670 12656
12656 12670
12670 12695
12695 12670
12672 12672
12672 12672
12675 12675
12675 12675
12675 18602
18602 12675
12678 12013
12013 12678
12678 12678
12678 12678
12681 12681
12681 12681
12681 16976
16976 12681
12684 12684
12684 12684
12685 11874
11874 12685
12685 12567
12567 12685
12685 12685
12685 12685
12685 12854
12854 12685
12686 16076
16076 12686
12690 4920
4920 12690
12693 12693
12693 12693
12697 11328
11328 12697
12697 12697
12697 12697
12700 10207
10207 12700
12701 12539
12539 12701
12701 12701
12701 12701
12707 12707
12707 12707
12709 12709
12709 12709
12711 12711
12711 12711
12712 1578
1578 12712
12712 4903
4903 12712
12712 8375
8375 12712
12712 11414
11414 12712
12712 12078
12078 12712
12712 12603
12603 12712
12712 12712
12712 12712
12714 12714
12714 12714
12714 19328
19328 12714
12715 4920
4920 12715
12720 3591
3591 12720
12720 4511
4511 12720
12720 12720
12720 12720
12720 22598
22598 12720
12732 6836
6836 12732
12732 12732
12732 12732
12733 7648
7648 12733
12733 12733
12733 12733
12734 567
567 12734
12734 1235
1235 12734
12734 1312
1312 12734
12734 1913
1913 12734
12734 2467
2467 12734
12734 5960
5960 12734
12734 6837
6837 12734
12734 9239
9239 12734
12734 10811
10811 12734
12734 12274
12274 12734
12734 12391
12391 12734
12734 12734
12734 12734
12734 12735
12735 12734
12734 12795
12795 12734
12734 12952
12952 12734
12734 16880
16880 12734
12734 18449
18449 12734
12734 18602
18602 12734
12734 19138
19138 12734
12734 24226
24226 12734
12734 24342
24342 12734
12734 24393
24393 12734
12735 12734
12734 12735
12735 12735
12735 12735
12739 6258
6258 12739
12739 12739
12739 12739
12740 3147
3147 12740
12740 6845
6845 12740
12742 11522
11522 12742
12742 18917
18917 12742
12744 1846
1846 12744
12744 12744
12744 12744
12744 13003
13003 12744
12745 12745
12745 12745
12748 12748
12748 12748
12750 11767
11767 12750
12750 12750
12750 12750
12752 12752
12752 12752
12753 12753
12753 12753
12756 4440
4440 12756
12756 12756
12756 12756
12758 4920
4920 12758
12758 7074
7074 12758
12758 12758
12758 12758
12761 11819
11819 12761
12761 12761
12761 12761
12764 3130
3130 12764
12765 11071
11071 12765
12768 12768
12768 12768
12768 24265
24265 12768
12769 13485
13485 12769
12770 12770
12770 12770
12772 12772
12772 12772
12772 24265
24265 12772
12775 4605
4605 12775
12776 12275
12275 12776
12777 4920
4920 12777
12777 8657
8657 12777
12777 11155
11155 12777
12777 11819
11819 12777
12777 12777
12777 12777
12777 19876
19876 12777
12780 2796
2796 12780
12781 12781
12781 12781
12782 3153
3153 12782
12787 12123
12123 12787
12788 18195
18195 12788
12789 701
701 12789
12789 876
876 12789
12789 4242
4242 12789
12789 5178
5178 12789
12789 6104
6104 12789
12789 6557
6557 12789
12789 6634
6634 12789
12789 8984
8984 12789
12789 9082
9082 12789
12789 10273
10273 12789
12789 11715
11715 12789
12789 12331
12331 12789
12789 12789
12789 12789
12789 12892
12892 12789
12789 12950
12950 12789
12789 13211
13211 12789
12789 18574
18574 12789
12789 22598
22598 12789
12789 24206
24206 12789
12791 12791
12791 12791
12795 10429
10429 12795
12795 12795
12795 12795
12796 10996
10996 12796
12798 12798
12798 12798
12799 12799
12799 12799
12803 12803
12803 12803
12805 12805
12805 12805
12806 12806
12806 12806
12806 19901
19901 12806
12807 12807
12807 12807
12809 12809
12809 12809
12810 1538
1538 12810
12810 12810
12810 12810
12812 1312
1312 12812
12812 9025
9025 12812
12812 9239
9239 12812
12812 12812
12812 12812
12813 5311
5311 12813
12813 12813
12813 12813
12815 12815
12815 12815
12818 12804
12804 12818
12821 12821
12821 12821
12821 12964
12964 12821
12824 12824
12824 12824
12827 4920
4920 12827
12831 12829
12829 12831
12835 9057
9057 12835
12835 14147
14147 12835
12836 1951
1951 12836
12837 12837
12837 12837
12839 269
269 12839
12841 12841
12841 12841
12842 11378
11378 12842
12842 12842
12842 12842
12846 12846
12846 12846
12846 23707
23707 12846
12847 4829
4829 12847
12849 12849
12849 12849
12850 726
726 12850
12850 6874
6874 12850
12850 12850
12850 12850
12851 8921
8921 12851
12854 12854
12854 12854
12856 12693
12693 12856
12857 12857
12857 12857
12857 18401
18401 12857
12858 1951
1951 12858
12858 12858
12858 12858
12859 1784
1784 12859
12866 2240
2240 12866
12866 12866
12866 12866
12869 5946
5946 12869
12870 15251
15251 12870
12871 567
567 12871
12873 21192
21192 12873
12876 3455
3455 12876
12876 4275
4275 12876
12876 6437
6437 12876
12876 7942
7942 12876
12876 12876
12876 12876
12877 12877
12877 12877
12879 4121
4121 12879
12881 2031
2031 12881
12882 212
212 12882
12883 12883
12883 12883
12886 4578
4578 12886
12887 12887
12887 12887
12888 726
726 12888
12888 12888
12888 12888
12890 16186
16186 12890
12894 12778
12778 12894
12894 12894
12894 12894
12894 14691
14691 12894
12896 4280
4280 12896
12896 12896
12896 12896
12897 5660
5660 12897
12897 12897
12897 12897
12900 44
44 12900
12900 4343
4343 12900
12900 9030
9030 12900
12900 11099
11099 12900
12900 12900
12900 12900
12900 12930
12930 12900
12900 12983
12983 12900
12900 21240
21240 12900
12901 22283
22283 12901
12903 17706
17706 12903
12903 24206
24206 12903
12905 673
673 12905
12905 2467
2467 12905
12905 3874
3874 12905
12905 5232
5232 12905
12905 10950
10950 12905
12905 12685
12685 12905
12905 12905
12905 12905
12905 18602
18602 12905
12905 20861
20861 12905
12905 24155
24155 12905
12908 3055
3055 12908
12912 12912
12912 12912
12917 12917
12917 12917
12918 12918
12918 12918
12920 19901
19901 12920
12923 12923
12923 12923
12924 12924
12924 12924
12930 12900
12900 12930
12934 10553
10553 12934
12941 44
44 12941
12942 6869
6869 12942
12945 2304
2304 12945
12946 6961
6961 12946
12950 12789
12789 12950
12952 12734
12734 12952
12952 12952
12952 12952
12952 12967
12967 12952
12955 12955
12955 12955
12955 23707
23707 12955
12956 12956
12956 12956
12958 12958
12958 12958
12961 12961
12961 12961
12963 1741
1741 12963
12964 12821
12821 12964
12964 12964
12964 12964
12966 12966
12966 12966
12967 12952
12952 12967
12968 12729
12729 12968
12971 1430
1430 12971
12975 12974
12974 12975
12977 11861
11861 12977
12979 12979
12979 12979
12982 12579
12579 12982
12982 12982
12982 12982
12987 12987
12987 12987
12991 12991
12991 12991
12997 1741
1741 12997
13003 3620
3620 13003
13003 12744
12744 13003
13003 13003
13003 13003
13027 2134
2134 13027
13027 2202
2202 13027
13027 2361
2361 13027
13027 2388
2388 13027
13027 3528
3528 13027
13027 4055
4055 13027
13027 8564
8564 13027
13027 12242
12242 13027
13027 12614
12614 13027
13027 13027
13027 13027
13027 14691
14691 13027
13027 18689
18689 13027
13065 12809
12809 13065
13065 24385
24385 13065
13066 11786
11786 13066
13066 12054
12054 13066
13099 2361
2361 13099
13099 11378
11378 13099
13099 13191
13191 13099
13099 16976
16976 13099
13141 12141
12141 13141
13155 12517
12517 13155
13191 11378
11378 13191
13191 13191
13191 13191
13203 5544
5544 13203
13211 13211
13211 13211
13214 12735
12735 13214
13343 4343
4343 13343
13343 11861
11861 13343
13383 5887
5887 13383
13383 12615
12615 13383
13383 13383
13383 13383
13383 21240
21240 13383
13383 24682
24682 13383
13406 11378
11378 13406
13431 12508
12508 13431
13431 12786
12786 13431
13485 1430
1430 13485
13485 13485
13485 13485
13518 44
44 13518
13684 1422
1422 13684
13694 13694
13694 13694
13786 630
630 13786
13786 1784
1784 13786
13786 2413
2413 13786
13786 3007
3007 13786
13786 3055
3055 13786
13786 4920
4920 13786
13786 7680
7680 13786
13786 9057
9057 13786
13786 11846
11846 13786
13786 12615
12615 13786
13786 12768
12768 13786
13786 12846
12846 13786
13786 13786
13786 13786
13786 16018
16018 13786
13786 18385
18385 13786
13786 18602
18602 13786
13786 20917
20917 13786
13786 22217
22217 13786
13786 22513
22513 13786
13969 623
623 13969
13969 1105
1105 13969
13969 1658
1658 13969
13969 4756
4756 13969
13969 5203
5203 13969
13969 7212
7212 13969
13969 8107
8107 13969
13969 8215
8215 13969
13969 9239
9239 13969
13969 9360
9360 13969
13969 10121
10121 13969
13969 12448
12448 13969
13969 12607
12607 13969
13969 12613
12613 13969
13969 12709
12709 13969
13969 12744
12744 13969
13969 13694
13694 13969
13969 13969
13969 13969
13969 16076
16076 13969
13969 16348
16348 13969
13969 19554
19554 13969
13969 21110
21110 13969
13969 24734
24734 13969
14195 12394
12394 14195
14211 7074
7074 14211
14224 6557
6557 14224
14224 7499
7499 14224
14224 8984
8984 14224
14224 9239
9239 14224
14224 9405
9405 14224
14224 14224
14224 14224
14304 642
642 14304
14387 2202
2202 14387
14387 6634
6634 14387
14387 8232
8232 14387
14387 12889
12889 14387
14414 3348
3348 14414
14500 12987
12987 14500
14583 15814
15814 14583
14595 44
44 14595
14595 8632
8632 14595
14595 12615
12615 14595
14595 12656
12656 14595
14595 12671
12671 14595
14595 14595
14595 14595
14691 13027
13027 14691
14691 14691
14691 14691
14713 12627
12627 14713
14805 9185
9185 14805
14835 12539
12539 14835
14888 13191
13191 14888
14920 1582
1582 14920
14920 5644
5644 14920
14920 7074
7074 14920
14920 7759
7759 14920
14920 12427
12427 14920
14920 12838
12838 14920
14920 13184
13184 14920
14920 14920
14920 14920
15116 5969
5969 15116
15145 601
601 15145
15145 12627
12627 15145
15161 4756
4756 15161
15161 12394
12394 15161
15161 12607
12607 15161
15161 12613
12613 15161
15251 524
524 15251
15251 11861
11861 15251
15251 12601
12601 15251
15251 15251
15251 15251
15282 4313
4313 15282
15282 12039
12039 15282
15282 12603
12603 15282
15309 15309
15309 15309
15332 3172
3172 15332
15332 4343
4343 15332
15332 9056
9056 15332
15332 14054
14054 15332
15332 18602
18602 15332
15332 19554
19554 15332
15382 11130
11130 15382
15406 5107
5107 15406
15447 9082
9082 15447
15447 12544
12544 15447
15688 12656
12656 15688
15698 16900
16900 15698
15814 12163
12163 15814
15814 14583
14583 15814
15814 21110
21110 15814
15888 12795
12795 15888
15953 15953
15953 15953
16018 1875
1875 16018
16018 6006
6006 16018
16018 11130
11130 16018
16018 12627
12627 16018
16018 12687
12687 16018
16018 16018
16018 16018
16186 5677
5677 16186
16186 11378
11378 16186
16186 12821
12821 16186
16186 12876
12876 16186
16186 12890
12890 16186
16268 9082
9082 16268
16336 934
934 16336
16345 4920
4920 16345
16345 16345
16345 16345
16345 19901
19901 16345
16348 10121
10121 16348
16581 12991
12991 16581
16591 8421
8421 16591
16601 16678
16678 16601
16609 12695
12695 16609
16613 242
242 16613
16613 260
260 16613
16613 6557
6557 16613
16613 9363
9363 16613
16678 16601
16601 16678
16859 3754
3754 16859
16859 7921
7921 16859
16859 11657
11657 16859
16859 11777
11777 16859
16859 12678
12678 16859
16880 8935
8935 16880
16880 13483
13483 16880
16880 16880
16880 16880
16895 5107
5107 16895
16895 16895
16895 16895
16900 16900
16900 16900
16976 6598
6598 16976
16976 22513
22513 16976
17058 10541
10541 17058
17058 12692
12692 17058
17058 12938
12938 17058
17058 24596
24596 17058
17097 10168
10168 17097
17157 11872
11872 17157
17157 13662
13662 17157
17180 11512
11512 17180
17290 7921
7921 17290
17290 12118
12118 17290
17290 17290
17290 17290
17338 726
726 17338
17338 8232
8232 17338
17338 9586
9586 17338
17338 11547
11547 17338
17349 7305
7305 17349
17349 21786
21786 17349
17576 12887
12887 17576
17695 630
630 17695
17706 12707
12707 17706
17706 12903
12903 17706
17729 2497
2497 17729
17729 4343
4343 17729
17742 11691
11691 17742
17742 17626
17626 17742
17801 12402
12402 17801
17801 17801
17801 17801
17809 12275
12275 17809
17840 12514
12514 17840
17840 12899
12899 17840
17840 17840
17840 17840
17872 574
574 17872
18034 4920
4920 18034
18056 4459
4459 18056
18169 630
630 18169
18169 2202
2202 18169
18169 5933
5933 18169
18169 7123
7123 18169
18169 8996
8996 18169
18169 9057
9057 18169
18169 10573
10573 18169
18169 12436
12436 18169
18169 12952
12952 18169
18169 19328
19328 18169
18169 23711
23711 18169
18401 726
726 18401
18401 814
814 18401
18401 3120
3120 18401
18401 5506
5506 18401
18401 12706
12706 18401
18401 12857
12857 18401
18401 18401
18401 18401
18424 12824
12824 18424
18438 5414
5414 18438
18438 18438
18438 18438
18574 630
630 18574
18574 644
644 18574
18574 804
804 18574
18574 3162
3162 18574
18574 4690
4690 18574
18574 7942
7942 18574
18574 9057
9057 18574
18574 9733
9733 18574
18574 9842
9842 18574
18574 11929
11929 18574
18574 12520
12520 18574
18574 12585
12585 18574
18574 12628
12628 18574
18574 12663
12663 18574
18574 12789
12789 18574
18574 12905
12905 18574
18574 13662
13662 18574
18574 16345
16345 18574
18574 18574
18574 18574
18574 18602
18602 18574
18574 20259
20259 18574
18574 22598
22598 18574
18602 54
54 18602
18602 623
623 18602
18602 726
726 18602
18602 1913
1913 18602
18602 2361
2361 18602
18602 2592
2592 18602
18602 3130
3130 18602
18602 4829
4829 18602
18602 5261
5261 18602
18602 5506
5506 18602
18602 6874
6874 18602
18602 8155
8155 18602
18602 11698
11698 18602
18602 11966
11966 18602
18602 12135
12135 18602
18602 12163
12163 18602
18602 12548
12548 18602
18602 12555
12555 18602
18602 12621
12621 18602
18602 12675
12675 18602
18602 12734
12734 18602
18602 12876
12876 18602
18602 12905
12905 18602
18602 15332
15332 18602
18602 18602
18602 18602
18602 19266
19266 18602
18602 19693
19693 18602
18602 24517
24517 18602
18602 24519
24519 18602
18619 1158
1158 18619
18619 1269
1269 18619
18619 2134
2134 18619
18619 3311
3311 18619
18619 7074
7074 18619
18619 10247
10247 18619
18619 12163
12163 18619
18619 12608
12608 18619
18619 12644
12644 18619
18619 18619
18619 18619
18619 21891
21891 18619
18634 12966
12966 18634
18634 18634
18634 18634
18689 782
782 18689
18689 2202
2202 18689
18689 12515
12515 18689
18689 12530
12530 18689
18689 21394
21394 18689
18764 1312
1312 18764
18919 11378
11378 18919
18940 3921
3921 18940
18940 18940
18940 18940
19059 1382
1382 19059
19059 5933
5933 19059
19059 8996
8996 19059
19059 12334
12334 19059
19059 12394
12394 19059
19059 12436
12436 19059
19059 12650
12650 19059
19059 12687
12687 19059
19059 16018
16018 19059
19059 16976
16976 19059
19059 19059
19059 19059
19059 20681
20681 19059
19059 20904
20904 19059
19087 1846
1846 19087
19087 1901
1901 19087
19087 4685
4685 19087
19087 4920
4920 19087
19087 7759
7759 19087
19087 11378
11378 19087
19087 19087
19087 19087
19087 21699
21699 19087
19105 10656
10656 19105
19138 12369
12369 19138
19138 12637
12637 19138
19138 12685
12685 19138
19138 19650
19650 19138
19149 1913
1913 19149
19149 12611
12611 19149
19149 12928
12928 19149
19149 19355
19355 19149
19165 1632
1632 19165
19165 12529
12529 19165
19165 19165
19165 19165
19181 19181
19181 19181
19227 12211
12211 19227
19227 19227
19227 19227
19266 18602
18602 19266
19293 11569
11569 19293
19328 5282
5282 19328
19328 8996
8996 19328
19328 11967
11967 19328
19328 12714
12714 19328
19328 19328
19328 19328
19355 1913
1913 19355
19355 5892
5892 19355
19355 7759
7759 19355
19355 8047
8047 19355
19355 9363
9363 19355
19355 10027
10027 19355
19355 10398
10398 19355
19355 11562
11562 19355
19355 12530
12530 19355
19355 12722
12722 19355
19355 14976
14976 19355
19355 19355
19355 19355
19379 19379
19379 19379
19426 2467
2467 19426
19445 16120
16120 19445
19454 6417
6417 19454
19454 14806
14806 19454
19465 14835
14835 19465
19480 11861
11861 19480
19480 12859
12859 19480
19554 3172
3172 19554
19554 4343
4343 19554
19554 4458
4458 19554
19554 7261
7261 19554
19554 8107
8107 19554
19554 8215
8215 19554
19554 11722
11722 19554
19554 17840
17840 19554
19554 19554
19554 19554
19685 630
630 19685
19685 14232
14232 19685
19685 18574
18574 19685
19871 1312
1312 19871
19871 12308
12308 19871
19871 12781
12781 19871
19871 19871
19871 19871
19882 18602
18602 19882
19888 19888
19888 19888
19901 3212
3212 19901
19901 4343
4343 19901
19901 4511
4511 19901
19901 4685
4685 19901
19901 4920
4920 19901
19901 5178
5178 19901
19901 6124
6124 19901
19901 6247
6247 19901
19901 6299
6299 19901
19901 6634
6634 19901
19901 7851
7851 19901
19901 9046
9046 19901
19901 10398
10398 19901
19901 10573
10573 19901
19901 11078
11078 19901
19901 12520
12520 19901
19901 12690
12690 19901
19901 12789
12789 19901
19901 12799
12799 19901
19901 12806
12806 19901
19901 12920
12920 19901
19901 12921
12921 19901
19901 14806
14806 19901
19901 16345
16345 19901
19901 19901
19901 19901
19901 20817
20817 19901
19901 22598
22598 19901
19904 2384
2384 19904
19904 5311
5311 19904
19904 11715
11715 19904
19904 19904
19904 19904
19915 5203
5203 19915
19915 6417
6417 19915
19915 9239
9239 19915
19915 12181
12181 19915
19915 13786
13786 19915
19915 14888
14888 19915
20061 20061
20061 20061
20242 3491
3491 20242
20242 11313
11313 20242
20242 12627
12627 20242
20242 23711
23711 20242
20259 1388
1388 20259
20259 2329
2329 20259
20259 4511
4511 20259
20259 5447
5447 20259
20259 12326
12326 20259
20259 12799
12799 20259
20259 20259
20259 20259
20259 20817
20817 20259
20285 54
54 20285
20285 1740
1740 20285
20285 2497
2497 20285
20285 11861
11861 20285
20285 12105
12105 20285
20355 3982
3982 20355
20355 4242
4242 20355
20355 8147
8147 20355
20355 8364
8364 20355
20355 10207
10207 20355
20355 11357
11357 20355
20355 11929
11929 20355
20355 12526
12526 20355
20355 12529
12529 20355
20355 12566
12566 20355
20355 12635
12635 20355
20355 12644
12644 20355
20355 12777
12777 20355
20355 19165
19165 20355
20355 20355
20355 20355
20355 22819
22819 20355
20355 23348
23348 20355
20387 572
572 20387
20387 1740
1740 20387
20387 12615
12615 20387
20387 12958
12958 20387
20387 21768
21768 20387
20422 12729
12729 20422
20422 20422
20422 20422
20512 1313
1313 20512
20512 8049
8049 20512
20512 11378
11378 20512
20512 12402
12402 20512
20512 12525
12525 20512
20594 6917
6917 20594
20676 20817
20817 20676
20676 24206
24206 20676
20783 12789
12789 20783
20783 20783
20783 20783
20812 9679
9679 20812
20814 3130
3130 20814
20817 630
630 20817
20817 2194
2194 20817
20817 3784
3784 20817
20817 4920
4920 20817
20817 8996
8996 20817
20817 9082
9082 20817
20817 11078
11078 20817
20817 12573
12573 20817
20817 12715
12715 20817
20817 12758
12758 20817
20817 12789
12789 20817
20817 12799
12799 20817
20817 12806
12806 20817
20817 12980
12980 20817
20817 16345
16345 20817
20817 20259
20259 20817
20817 20817
20817 20817
20817 22598
22598 20817
20878 19901
19901 20878
20878 22598
22598 20878
20883 1140
1140 20883
20892 2497
2497 20892
20892 20892
20892 20892
20897 11313
11313 20897
20897 11522
11522 20897
20907 8564
8564 20907
21079 12590
12590 21079
21089 9351
9351 21089
21110 20812
20812 21110
21110 21110
21110 21110
21177 1676
1676 21177
21213 2134
2134 21213
21213 6417
6417 21213
21213 11967
11967 21213
21233 804
804 21233
21233 5261
5261 21233
21240 4026
4026 21240
21240 4819
4819 21240
21240 6592
6592 21240
21240 7006
7006 21240
21240 12577
12577 21240
21240 12828
12828 21240
21240 13383
13383 21240
21240 21240
21240 21240
21336 804
804 21336
21336 1658
1658 21336
21336 2134
2134 21336
21336 4829
4829 21336
21336 6836
6836 21336
21336 8332
8332 21336
21336 8996
8996 21336
21336 12658
12658 21336
21336 12759
12759 21336
21336 21336
21336 21336
21336 21884
21884 21336
21336 22660
22660 21336
21356 22598
22598 21356
21394 21394
21394 21394
21542 287
287 21542
21584 2736
2736 21584
21584 11378
11378 21584
21699 434
434 21699
21699 496
496 21699
21699 726
726 21699
21699 2736
2736 21699
21699 3130
3130 21699
21699 3760
3760 21699
21699 4667
4667 21699
21699 4920
4920 21699
21699 5644
5644 21699
21699 6115
6115 21699
21699 6975
6975 21699
21699 7268
7268 21699
21699 7778
7778 21699
21699 8047
8047 21699
21699 8944
8944 21699
21699 9405
9405 21699
21699 9716
9716 21699
21699 9842
9842 21699
21699 11378
11378 21699
21699 11419
11419 21699
21699 11811
11811 21699
21699 11846
11846 21699
21699 11916
11916 21699
21699 11929
11929 21699
21699 12295
12295 21699
21699 12427
12427 21699
21699 12621
12621 21699
21699 12665
12665 21699
21699 12700
12700 21699
21699 12734
12734 21699
21699 12756
12756 21699
21699 12761
12761 21699
21699 12777
12777 21699
21699 12806
12806 21699
21699 12807
12807 21699
21699 12809
12809 21699
21699 12812
12812 21699
21699 12888
12888 21699
21699 12937
12937 21699
21699 12948
12948 21699
21699 12952
12952 21699
21699 12976
12976 21699
21699 12984
12984 21699
21699 13786
13786 21699
21699 17801
17801 21699
21699 19087
19087 21699
21699 21699
21699 21699
21699 22598
22598 21699
21699 24282
24282 21699
21786 1578
1578 21786
21786 12517
12517 21786
21800 1430
1430 21800
21800 8232
8232 21800
21800 11657
11657 21800
21800 12789
12789 21800
21878 12706
12706 21878
21881 8297
8297 21881
21884 21884
21884 21884
21884 22217
22217 21884
21893 19181
19181 21893
21893 21893
21893 21893
21954 5712
5712 21954
21954 6074
6074 21954
21954 6124
6124 21954
21954 7268
7268 21954
21954 9046
9046 21954
21954 9082
9082 21954
21954 11916
11916 21954
21954 12544
12544 21954
21954 12714
12714 21954
21954 12912
12912 21954
21954 21954
21954 21954
22072 18472
18472 22072
22134 1658
1658 22134
22134 12541
12541 22134
22217 876
876 22217
22217 21884
21884 22217
22276 642
642 22276
22276 6837
6837 22276
22276 9082
9082 22276
22276 18602
18602 22276
22283 12901
12901 22283
22328 15369
15369 22328
22341 2384
2384 22341
22341 22341
22341 22341
22364 16303
16303 22364
22373 4343
4343 22373
22373 8147
8147 22373
22412 4920
4920 22412
22452 2416
2416 22452
22505 14835
14835 22505
22513 2197
2197 22513
22513 3130
3130 22513
22513 13786
13786 22513
22513 16976
16976 22513
22513 22513
22513 22513
22536 12738
12738 22536
22598 1971
1971 22598
22598 2158
2158 22598
22598 3130
3130 22598
22598 3427
3427 22598
22598 4511
4511 22598
22598 4920
4920 22598
22598 5516
5516 22598
22598 5644
5644 22598
22598 8019
8019 22598
22598 8155
8155 22598
22598 10398
10398 22598
22598 11006
11006 22598
22598 11378
11378 22598
22598 11484
11484 22598
22598 12364
12364 22598
22598 12491
12491 22598
22598 12525
12525 22598
22598 12585
12585 22598
22598 12789
12789 22598
22598 12806
12806 22598
22598 13662
13662 22598
22598 16345
16345 22598
22598 19901
19901 22598
22598 20259
20259 22598
22598 20817
20817 22598
22598 22598
22598 22598
22598 24519
24519 22598
22660 21336
21336 22660
22718 9312
9312 22718
22718 11390
11390 22718
22742 7759
7759 22742
22819 22819
22819 22819
22882 763
763 22882
22882 1136
1136 22882
22882 3993
3993 22882
22882 9679
9679 22882
22882 12345
12345 22882
22882 12968
12968 22882
23125 642
642 23125
23125 23125
23125 23125
23235 7352
7352 23235
23235 8984
8984 23235
23235 11916
11916 23235
23235 12163
12163 23235
23235 12408
12408 23235
23235 13184
13184 23235
23235 19685
19685 23235
23235 22819
22819 23235
23235 23235
23235 23235
23348 1140
1140 23348
23348 2831
2831 23348
23348 6124
6124 23348
23348 7539
7539 23348
23348 8232
8232 23348
23348 9239
9239 23348
23348 9862
9862 23348
23348 10410
10410 23348
23348 10429
10429 23348
23348 10811
10811 23348
23348 11952
11952 23348
23348 12152
12152 23348
23348 12551
12551 23348
23348 12640
12640 23348
23348 12789
12789 23348
23348 12924
12924 23348
23348 19087
19087 23348
23348 23125
23125 23348
23348 23348
23348 23348
23360 2394
2394 23360
23360 12924
12924 23360
23707 12846
12846 23707
23707 12955
12955 23707
23707 23707
23707 23707
23711 23711
23711 23711
23912 155
155 23912
23912 400
400 23912
23912 23912
23912 23912
23946 2592
2592 23946
24133 1658
1658 24133
24133 12918
12918 24133
24133 12927
12927 24133
24150 2497
2497 24150
24150 10603
10603 24150
24150 12614
12614 24150
24150 14691
14691 24150
24191 1312
1312 24191
24191 12343
12343 24191
24191 12776
12776 24191
24191 15953
15953 24191
24206 12625
12625 24206
24206 12789
12789 24206
24206 12903
12903 24206
24206 22598
22598 24206
24206 24206
24206 24206
24224 5506
5506 24224
24226 666
666 24226
24226 1609
1609 24226
24226 3874
3874 24226
24226 6961
6961 24226
24226 7266
7266 24226
24226 10121
10121 24226
24226 10541
10541 24226
24226 10936
10936 24226
24226 11916
11916 24226
24226 12734
12734 24226
24226 12923
12923 24226
24226 17333
17333 24226
24226 19650
19650 24226
24226 21542
21542 24226
24250 5105
5105 24250
24252 2629
2629 24252
24252 5015
5015 24252
24252 8996
8996 24252
24252 10398
10398 24252
24252 12610
12610 24252
24252 12651
12651 24252
24252 12751
12751 24252
24252 12806
12806 24252
24252 24252
24252 24252
24265 12768
12768 24265
24265 12772
12772 24265
24265 24265
24265 24265
24322 4756
4756 24322
24322 19554
19554 24322
24385 1383
1383 24385
24385 24385
24385 24385
24386 5519
5519 24386
24386 19379
19379 24386
24386 24386
24386 24386
24393 1658
1658 24393
24393 7123
7123 24393
24393 12216
12216 24393
24442 8878
8878 24442
24452 12750
12750 24452
24460 358
358 24460
24460 1422
1422 24460
24460 9363
9363 24460
24460 12389
12389 24460
24460 12450
12450 24460
24460 12487
12487 24460
24460 12577
12577 24460
24460 12828
12828 24460
24460 13383
13383 24460
24460 20893
20893 24460
24460 24460
24460 24460
24492 5969
5969 24492
24492 13383
13383 24492
24517 12987
12987 24517
24518 244
244 24518
24518 4242
4242 24518
24518 4920
4920 24518
24518 7123
7123 24518
24518 24518
24518 24518
24519 4920
4920 24519
24519 11006
11006 24519
24519 17283
17283 24519
24519 24519
24519 24519
24526 11378
11378 24526
24555 1784
1784 24555
24568 935
935 24568
24568 5761
5761 24568
24568 12665
12665 24568
24568 20814
20814 24568
24640 8878
8878 24640
24682 5887
5887 24682
24682 8632
8632 24682
24682 12615
12615 24682
24682 14595
14595 24682
24682 24682
24682 24682
24684 15229
15229 24684
24692 11378
11378 24692
24692 12894
12894 24692
24692 24462
24462 24692
24692 24692
24692 24692
24710 1658
1658 24710
24710 11378
11378 24710
24734 8107
8107 24734
24734 9360
9360 24734
