0 0
0 0
0 280
280 0
0 640
640 0
0 1887
1887 0
0 2349
2349 0
0 2386
2386 0
0 3302
3302 0
0 4406
4406 0
0 4531
4531 0
0 4839
4839 0
0 5071
5071 0
0 5544
5544 0
0 6268
6268 0
0 6450
6450 0
0 6874
6874 0
0 6991
6991 0
0 7414
7414 0
0 8512
8512 0
0 8736
8736 0
0 8939
8939 0
0 9004
9004 0
0 9006
9006 0
0 9025
9025 0
0 9029
9029 0
0 11607
11607 0
0 11959
11959 0
0 13726
13726 0
0 14500
14500 0
0 14806
14806 0
0 16018
16018 0
0 19432
19432 0
0 21954
21954 0
0 24380
24380 0
0 24451
24451 0
2 6122
6122 2
2 6759
6759 2
2 8724
8724 2
21 348
348 21
21 2774
2774 21
77 545
545 77
77 5544
5544 77
97 1887
1887 97
105 9006
9006 105
105 14805
14805 105
105 21337
21337 105
117 117
117 117
117 997
997 117
117 3002
3002 117
117 3741
3741 117
117 6122
6122 117
117 6866
6866 117
117 7758
7758 117
117 16018
16018 117
117 24545
24545 117
125 6528
6528 125
125 6738
6738 125
125 20904
20904 125
125 22315
22315 125
166 18689
18689 166
204 4197
4197 204
216 2774
2774 216
216 3090
3090 216
216 8960
8960 216
230 230
230 230
230 4406
4406 230
230 11313
11313 230
230 21954
21954 230
230 24545
24545 230
240 8077
8077 240
240 9025
9025 240
252 252
252 252
252 903
903 252
252 2386
2386 252
252 3153
3153 252
252 3330
3330 252
252 8921
8921 252
252 9025
9025 252
252 18169
18169 252
252 18955
18955 252
252 22905
22905 252
252 24591
24591 252
269 9025
9025 269
275 3309
3309 275
275 3540
3540 275
275 4593
4593 275
275 7554
7554 275
275 19432
19432 275
275 21954
21954 275
280 3398
3398 280
280 6488
6488 280
335 335
335 335
335 410
410 335
335 800
800 335
335 3415
3415 335
335 4153
4153 335
335 4593
4593 335
335 4851
4851 335
335 6733
6733 335
335 7054
7054 335
335 7554
7554 335
335 7846
7846 335
335 7850
7850 335
335 8107
8107 335
335 8724
8724 335
335 8741
8741 335
335 11607
11607 335
335 18689
18689 335
335 18817
18817 335
335 19498
19498 335
335 20674
20674 335
341 341
341 341
341 6842
6842 341
341 8825
8825 341
348 348
348 348
348 1893
1893 348
348 6268
6268 348
348 6961
6961 348
348 14920
14920 348
388 997
997 388
388 1167
1167 388
406 804
804 406
406 6294
6294 406
406 7707
7707 406
441 2194
2194 441
498 3540
3540 498
498 6811
6811 498
498 7683
7683 498
498 8428
8428 498
524 524
524 524
524 2416
2416 524
524 4406
4406 524
524 9016
9016 524
524 11861
11861 524
533 533
533 533
533 9239
9239 533
533 11607
11607 533
540 997
997 540
540 2304
2304 540
540 11488
11488 540
545 545
545 545
545 914
914 545
545 2831
2831 545
545 5092
5092 545
545 5369
5369 545
545 5544
5544 545
545 6450
6450 545
545 6733
6733 545
545 6874
6874 545
545 6961
6961 545
545 8044
8044 545
545 8417
8417 545
545 8876
8876 545
545 11959
11959 545
545 12572
12572 545
545 13003
13003 545
545 14835
14835 545
545 23039
23039 545
545 24409
24409 545
554 0
0 554
554 554
554 554
554 804
804 554
554 962
962 554
554 1045
1045 554
554 2053
2053 554
554 2416
2416 554
554 2913
2913 554
554 4630
4630 554
554 5147
5147 554
554 5544
5544 554
554 5716
5716 554
554 6751
6751 554
554 7202
7202 554
554 7795
7795 554
554 8060
8060 554
554 9025
9025 554
554 9461
9461 554
554 10259
10259 554
554 13929
13929 554
554 15332
15332 554
554 17922
17922 554
554 20800
20800 554
554 22167
22167 554
554 24380
24380 554
570 570
570 570
570 7001
7001 570
583 9029
9029 583
583 23039
23039 583
601 601
601 601
601 2194
2194 601
601 3741
3741 601
601 5925
5925 601
601 6450
6450 601
601 6874
6874 601
601 7498
7498 601
601 9025
9025 601
601 14805
14805 601
601 14920
14920 601
601 16018
16018 601
606 1899
1899 606
606 11894
11894 606
640 640
640 640
640 4187
4187 640
640 4406
4406 640
640 5645
5645 640
640 6557
6557 640
640 8709
8709 640
640 18955
18955 640
640 19946
19946 640
666 545
545 666
666 666
666 666
666 804
804 666
666 1887
1887 666
666 2416
2416 666
666 2774
2774 666
666 3330
3330 666
666 4492
4492 666
666 5604
5604 666
666 6488
6488 666
666 6961
6961 666
666 6991
6991 666
666 7539
7539 666
666 7778
7778 666
666 7846
7846 666
666 8083
8083 666
666 8321
8321 666
666 8337
8337 666
666 8353
8353 666
666 8403
8403 666
666 8876
8876 666
666 8984
8984 666
666 8990
8990 666
666 8992
8992 666
666 9013
9013 666
666 9025
9025 666
666 9031
9031 666
666 11313
11313 666
666 14805
14805 666
666 14920
14920 666
666 17041
17041 666
666 17922
17922 666
666 21699
21699 666
666 21896
21896 666
666 22559
22559 666
670 2848
2848 670
673 9025
9025 673
673 17922
17922 673
684 2774
2774 684
684 24545
24545 684
695 5386
5386 695
695 9025
9025 695
726 111
111 726
726 726
726 726
726 1671
1671 726
726 2416
2416 726
726 2961
2961 726
726 3168
3168 726
726 7539
7539 726
726 8470
8470 726
726 8864
8864 726
726 9008
9008 726
726 11488
11488 726
726 19498
19498 726
726 21337
21337 726
726 24062
24062 726
726 24445
24445 726
782 3733
3733 782
782 6414
6414 782
782 14314
14314 782
804 554
554 804
804 804
804 804
804 907
907 804
804 1202
1202 804
804 1887
1887 804
804 2053
2053 804
804 2194
2194 804
804 2349
2349 804
804 2416
2416 804
804 2491
2491 804
804 3349
3349 804
804 3733
3733 804
804 4060
4060 804
804 4781
4781 804
804 4839
4839 804
804 4920
4920 804
804 5071
5071 804
804 5215
5215 804
804 5364
5364 804
804 5386
5386 804
804 5572
5572 804
804 5604
5604 804
804 5716
5716 804
804 6049
6049 804
804 6095
6095 804
804 6129
6129 804
804 6567
6567 804
804 6961
6961 804
804 7017
7017 804
804 7481
7481 804
804 7648
7648 804
804 7667
7667 804
804 8107
8107 804
804 8353
8353 804
804 8736
8736 804
804 8984
8984 804
804 8996
8996 804
804 9006
9006 804
804 9025
9025 804
804 9239
9239 804
804 10121
10121 804
804 11488
11488 804
804 12572
12572 804
804 12685
12685 804
804 13003
13003 804
804 14171
14171 804
804 14224
14224 804
804 14469
14469 804
804 15332
15332 804
804 17922
17922 804
804 19432
19432 804
804 19554
19554 804
804 20800
20800 804
804 21954
21954 804
804 22167
22167 804
804 24380
24380 804
804 24394
24394 804
804 24409
24409 804
804 24544
24544 804
894 894
894 894
894 2491
2491 894
894 6207
6207 894
894 6488
6488 894
903 240
240 903
903 903
903 903
903 2194
2194 903
903 2416
2416 903
903 3153
3153 903
903 8060
8060 903
903 8676
8676 903
903 8724
8724 903
903 9025
9025 903
903 9461
9461 903
907 8582
8582 907
914 545
545 914
914 1230
1230 914
914 2194
2194 914
914 6681
6681 914
914 11569
11569 914
914 17922
17922 914
914 24379
24379 914
929 929
929 929
929 7977
7977 929
929 8716
8716 929
929 11569
11569 929
929 17922
17922 929
962 554
554 962
962 22559
22559 962
975 2361
2361 975
975 9025
9025 975
988 23039
23039 988
997 997
997 997
997 22315
22315 997
1045 962
962 1045
1045 1045
1045 1045
1045 3705
3705 1045
1045 7008
7008 1045
1045 9025
9025 1045
1064 903
903 1064
1064 1064
1064 1064
1064 3733
3733 1064
1064 9025
9025 1064
1064 23039
23039 1064
1105 640
640 1105
1105 1105
1105 1105
1105 1202
1202 1105
1105 1846
1846 1105
1105 1887
1887 1105
1105 2416
2416 1105
1105 2491
2491 1105
1105 2913
2913 1105
1105 2976
2976 1105
1105 3398
3398 1105
1105 6129
6129 1105
1105 7322
7322 1105
1105 7614
7614 1105
1105 7758
7758 1105
1105 12572
12572 1105
1105 13726
13726 1105
1105 14805
14805 1105
1105 14835
14835 1105
1105 15332
15332 1105
1105 17922
17922 1105
1105 18169
18169 1105
1105 18955
18955 1105
1105 23039
23039 1105
1105 24544
24544 1105
1173 2416
2416 1173
1197 4440
4440 1197
1197 6207
6207 1197
1197 8321
8321 1197
1197 8864
8864 1197
1202 1202
1202 1202
1202 21699
21699 1202
1220 2913
2913 1220
1220 6991
6991 1220
1230 117
117 1230
1230 903
903 1230
1230 914
914 1230
1230 1230
1230 1230
1230 2194
2194 1230
1230 3153
3153 1230
1230 5860
5860 1230
1230 5925
5925 1230
1230 6450
6450 1230
1230 7130
7130 1230
1230 7414
7414 1230
1230 7441
7441 1230
1230 7554
7554 1230
1230 9025
9025 1230
1230 9239
9239 1230
1230 11835
11835 1230
1230 12572
12572 1230
1230 13336
13336 1230
1230 17922
17922 1230
1230 18955
18955 1230
1230 22167
22167 1230
1230 24288
24288 1230
1237 666
666 1237
1237 997
997 1237
1237 1237
1237 1237
1237 1871
1871 1237
1237 1887
1887 1237
1237 2831
2831 1237
1237 2976
2976 1237
1237 3398
3398 1237
1237 5107
5107 1237
1237 6991
6991 1237
1237 8107
8107 1237
1237 14835
14835 1237
1237 19866
19866 1237
1237 22315
22315 1237
1237 23039
23039 1237
1296 1296
1296 1296
1296 2416
2416 1296
1296 3741
3741 1296
1296 8143
8143 1296
1296 9239
9239 1296
1301 1301
1301 1301
1301 4406
4406 1301
1301 6457
6457 1301
1301 8353
8353 1301
1301 24545
24545 1301
1338 640
640 1338
1338 2053
2053 1338
1338 6079
6079 1338
1338 6961
6961 1338
1338 7130
7130 1338
1338 8107
8107 1338
1338 8491
8491 1338
1338 8709
8709 1338
1338 23039
23039 1338
1403 418
418 1403
1403 1403
1403 1403
1403 8992
8992 1403
1403 18955
18955 1403
1495 2831
2831 1495
1495 6690
6690 1495
1603 1603
1603 1603
1603 20800
20800 1603
1603 24288
24288 1603
1609 3153
3153 1609
1609 6521
6521 1609
1609 8156
8156 1609
1609 17922
17922 1609
1609 24445
24445 1609
1632 498
498 1632
1632 1632
1632 1632
1632 2416
2416 1632
1632 3560
3560 1632
1632 6961
6961 1632
1632 8914
8914 1632
1658 804
804 1658
1658 7835
7835 1658
1658 9239
9239 1658
1658 12572
12572 1658
1658 12685
12685 1658
1658 24409
24409 1658
1671 1671
1671 1671
1719 1887
1887 1719
1719 4458
4458 1719
1719 4593
4593 1719
1743 8939
8939 1743
1743 17078
17078 1743
1743 19866
19866 1743
1780 2491
2491 1780
1780 6811
6811 1780
1780 14920
14920 1780
1780 24451
24451 1780
1846 907
907 1846
1846 1846
1846 1846
1846 2194
2194 1846
1846 2361
2361 1846
1846 2416
2416 1846
1846 2487
2487 1846
1846 2497
2497 1846
1846 4370
4370 1846
1846 6845
6845 1846
1846 6874
6874 1846
1846 7554
7554 1846
1846 8107
8107 1846
1846 8996
8996 1846
1846 11488
11488 1846
1846 12510
12510 1846
1846 18817
18817 1846
1846 24288
24288 1846
1846 24451
24451 1846
1871 782
782 1871
1871 1871
1871 1871
1871 1887
1887 1871
1871 1913
1913 1871
1871 2467
2467 1871
1871 2913
2913 1871
1871 4187
4187 1871
1871 5071
5071 1871
1871 6129
6129 1871
1871 6991
6991 1871
1871 8995
8995 1871
1871 9003
9003 1871
1871 9029
9029 1871
1871 13003
13003 1871
1871 13203
13203 1871
1871 21954
21954 1871
1871 22222
22222 1871
1871 23039
23039 1871
1871 24451
24451 1871
1887 0
0 1887
1887 117
117 1887
1887 252
252 1887
1887 280
280 1887
1887 554
554 1887
1887 804
804 1887
1887 914
914 1887
1887 1105
1105 1887
1887 1202
1202 1887
1887 1237
1237 1887
1887 1403
1403 1887
1887 1887
1887 1887
1887 2194
2194 1887
1887 2304
2304 1887
1887 2349
2349 1887
1887 2416
2416 1887
1887 2497
2497 1887
1887 3168
3168 1887
1887 3289
3289 1887
1887 3302
3302 1887
1887 3534
3534 1887
1887 3741
3741 1887
1887 4060
4060 1887
1887 4187
4187 1887
1887 4370
4370 1887
1887 4406
4406 1887
1887 4458
4458 1887
1887 4531
4531 1887
1887 4781
4781 1887
1887 4851
4851 1887
1887 5071
5071 1887
1887 5604
5604 1887
1887 5645
5645 1887
1887 6223
6223 1887
1887 6268
6268 1887
1887 6450
6450 1887
1887 6488
6488 1887
1887 6681
6681 1887
1887 6690
6690 1887
1887 6738
6738 1887
1887 6759
6759 1887
1887 6877
6877 1887
1887 6955
6955 1887
1887 6961
6961 1887
1887 7001
7001 1887
1887 7130
7130 1887
1887 7146
7146 1887
1887 7202
7202 1887
1887 7275
7275 1887
1887 7405
7405 1887
1887 7414
7414 1887
1887 7441
7441 1887
1887 7481
7481 1887
1887 7581
7581 1887
1887 8091
8091 1887
1887 8321
8321 1887
1887 8491
8491 1887
1887 8921
8921 1887
1887 8992
8992 1887
1887 8996
8996 1887
1887 9003
9003 1887
1887 9004
9004 1887
1887 9025
9025 1887
1887 11488
11488 1887
1887 11569
11569 1887
1887 13003
13003 1887
1887 13336
13336 1887
1887 13726
13726 1887
1887 14224
14224 1887
1887 14414
14414 1887
1887 14538
14538 1887
1887 14805
14805 1887
1887 14806
14806 1887
1887 14920
14920 1887
1887 16018
16018 1887
1887 16508
16508 1887
1887 17041
17041 1887
1887 17922
17922 1887
1887 18169
18169 1887
1887 18689
18689 1887
1887 18869
18869 1887
1887 18955
18955 1887
1887 19554
19554 1887
1887 19866
19866 1887
1887 20800
20800 1887
1887 20904
20904 1887
1887 22167
22167 1887
1887 22222
22222 1887
1887 22437
22437 1887
1887 22465
22465 1887
1887 22990
22990 1887
1887 24379
24379 1887
1887 24544
24544 1887
1893 1202
1202 1893
1893 1893
1893 1893
1899 1899
1899 1899
1899 7446
7446 1899
1913 1913
1913 1913
1913 2497
2497 1913
1913 3021
3021 1913
1913 3302
3302 1913
1913 4781
4781 1913
1913 5390
5390 1913
1913 8947
8947 1913
1913 8989
8989 1913
1913 9025
9025 1913
1913 9029
9029 1913
1913 9239
9239 1913
1913 18169
18169 1913
1913 23039
23039 1913
1913 24451
24451 1913
1921 673
673 1921
1921 1887
1887 1921
1921 3398
3398 1921
1921 6681
6681 1921
1921 7835
7835 1921
1921 8876
8876 1921
1921 9025
9025 1921
2053 554
554 2053
2053 804
804 2053
2053 2053
2053 2053
2053 2416
2416 2053
2053 3540
3540 2053
2053 3733
3733 2053
2053 4620
4620 2053
2053 4630
4630 2053
2053 5716
5716 2053
2053 6079
6079 2053
2053 6239
6239 2053
2053 6256
6256 2053
2053 6272
6272 2053
2053 6294
6294 2053
2053 6557
6557 2053
2053 6794
6794 2053
2053 7487
7487 2053
2053 7539
7539 2053
2053 7667
7667 2053
2053 8709
8709 2053
2053 8996
8996 2053
2053 9025
9025 2053
2053 11861
11861 2053
2053 19554
19554 2053
2053 24380
24380 2053
2100 11926
11926 2100
2178 997
997 2178
2178 2178
2178 2178
2178 3168
3168 2178
2178 7441
7441 2178
2184 7441
7441 2184
2184 15623
15623 2184
2194 533
533 2194
2194 914
914 2194
2194 997
997 2194
2194 1105
1105 2194
2194 1887
1887 2194
2194 1913
1913 2194
2194 2194
2194 2194
2194 2416
2416 2194
2194 2491
2491 2194
2194 3002
3002 2194
2194 3049
3049 2194
2194 3330
3330 2194
2194 3425
3425 2194
2194 3468
3468 2194
2194 3484
3484 2194
2194 3560
3560 2194
2194 4187
4187 2194
2194 4581
4581 2194
2194 4781
4781 2194
2194 4814
4814 2194
2194 5167
5167 2194
2194 5176
5176 2194
2194 5215
5215 2194
2194 5351
5351 2194
2194 5390
5390 2194
2194 5645
5645 2194
2194 5716
5716 2194
2194 6070
6070 2194
2194 6467
6467 2194
2194 6537
6537 2194
2194 6806
6806 2194
2194 6845
6845 2194
2194 6991
6991 2194
2194 7481
7481 2194
2194 7498
7498 2194
2194 7554
7554 2194
2194 7648
7648 2194
2194 7846
7846 2194
2194 7892
7892 2194
2194 7923
7923 2194
2194 8052
8052 2194
2194 8107
8107 2194
2194 8203
8203 2194
2194 8321
8321 2194
2194 8439
8439 2194
2194 8456
8456 2194
2194 8470
8470 2194
2194 8589
8589 2194
2194 8605
8605 2194
2194 8619
8619 2194
2194 8921
8921 2194
2194 8947
8947 2194
2194 8992
8992 2194
2194 8996
8996 2194
2194 9025
9025 2194
2194 9239
9239 2194
2194 9461
9461 2194
2194 10307
10307 2194
2194 11804
11804 2194
2194 11861
11861 2194
2194 11926
11926 2194
2194 12572
12572 2194
2194 13003
13003 2194
2194 13336
13336 2194
2194 14469
14469 2194
2194 14500
14500 2194
2194 14805
14805 2194
2194 14835
14835 2194
2194 15332
15332 2194
2194 16508
16508 2194
2194 17078
17078 2194
2194 18689
18689 2194
2194 19432
19432 2194
2194 19554
19554 2194
2194 19866
19866 2194
2194 20904
20904 2194
2194 21954
21954 2194
2194 23039
23039 2194
2194 24288
24288 2194
2194 24409
24409 2194
2304 0
0 2304
2304 583
583 2304
2304 1202
1202 2304
2304 1237
1237 2304
2304 2178
2178 2304
2304 2304
2304 2304
2304 2416
2416 2304
2304 4187
4187 2304
2304 4440
4440 2304
2304 4702
4702 2304
2304 4814
4814 2304
2304 5369
5369 2304
2304 5729
5729 2304
2304 6437
6437 2304
2304 6450
6450 2304
2304 6521
6521 2304
2304 6627
6627 2304
2304 6781
6781 2304
2304 6961
6961 2304
2304 7296
7296 2304
2304 7498
7498 2304
2304 8156
8156 2304
2304 8219
8219 2304
2304 8321
8321 2304
2304 8589
8589 2304
2304 8703
8703 2304
2304 8876
8876 2304
2304 8914
8914 2304
2304 8921
8921 2304
2304 8996
8996 2304
2304 9021
9021 2304
2304 9025
9025 2304
2304 9461
9461 2304
2304 11488
11488 2304
2304 12572
12572 2304
2304 18689
18689 2304
2304 18955
18955 2304
2304 21954
21954 2304
2304 22905
22905 2304
2304 24288
24288 2304
2304 24634
24634 2304
2349 804
804 2349
2349 2349
2349 2349
2349 8939
8939 2349
2349 14171
14171 2349
2361 726
726 2361
2361 1846
1846 2361
2361 2194
2194 2361
2361 2361
2361 2361
2361 2416
2416 2361
2361 2831
2831 2361
2361 3049
3049 2361
2361 3289
3289 2361
2361 4271
4271 2361
2361 4324
4324 2361
2361 6122
6122 2361
2361 6450
6450 2361
2361 6874
6874 2361
2361 6961
6961 2361
2361 7092
7092 2361
2361 7498
7498 2361
2361 8864
8864 2361
2361 8988
8988 2361
2361 8992
8992 2361
2361 9025
9025 2361
2361 12510
12510 2361
2361 14500
14500 2361
2361 19432
19432 2361
2361 24601
24601 2361
2386 14538
14538 2386
2416 0
0 2416
2416 252
252 2416
2416 335
335 2416
2416 524
524 2416
2416 533
533 2416
2416 554
554 2416
2416 601
601 2416
2416 726
726 2416
2416 804
804 2416
2416 903
903 2416
2416 907
907 2416
2416 1296
1296 2416
2416 1301
1301 2416
2416 1846
1846 2416
2416 1887
1887 2416
2416 1893
1893 2416
2416 1913
1913 2416
2416 2053
2053 2416
2416 2194
2194 2416
2416 2304
2304 2416
2416 2361
2361 2416
2416 2416
2416 2416
2416 2497
2497 2416
2416 2774
2774 2416
2416 3021
3021 2416
2416 3049
3049 2416
2416 3330
3330 2416
2416 3415
3415 2416
2416 3540
3540 2416
2416 3677
3677 2416
2416 4324
4324 2416
2416 4370
4370 2416
2416 4406
4406 2416
2416 4537
4537 2416
2416 4781
4781 2416
2416 5232
5232 2416
2416 5369
5369 2416
2416 5539
5539 2416
2416 5645
5645 2416
2416 5925
5925 2416
2416 6070
6070 2416
2416 6101
6101 2416
2416 6122
6122 2416
2416 6129
6129 2416
2416 6256
6256 2416
2416 6403
6403 2416
2416 6450
6450 2416
2416 6521
6521 2416
2416 6603
6603 2416
2416 6811
6811 2416
2416 6874
6874 2416
2416 6961
6961 2416
2416 6991
6991 2416
2416 7092
7092 2416
2416 7296
7296 2416
2416 7352
7352 2416
2416 7481
7481 2416
2416 7487
7487 2416
2416 7539
7539 2416
2416 7648
7648 2416
2416 7846
7846 2416
2416 7874
7874 2416
2416 7910
7910 2416
2416 7932
7932 2416
2416 7971
7971 2416
2416 8044
8044 2416
2416 8077
8077 2416
2416 8107
8107 2416
2416 8219
8219 2416
2416 8321
8321 2416
2416 8353
8353 2416
2416 8376
8376 2416
2416 8456
8456 2416
2416 8491
8491 2416
2416 8512
8512 2416
2416 8582
8582 2416
2416 8589
8589 2416
2416 8605
8605 2416
2416 8623
8623 2416
2416 8638
8638 2416
2416 8676
8676 2416
2416 8709
8709 2416
2416 8736
8736 2416
2416 8758
8758 2416
2416 8992
8992 2416
2416 9023
9023 2416
2416 9025
9025 2416
2416 9239
9239 2416
2416 9365
9365 2416
2416 10259
10259 2416
2416 11313
11313 2416
2416 11488
11488 2416
2416 11926
11926 2416
2416 12198
12198 2416
2416 12510
12510 2416
2416 12572
12572 2416
2416 13003
13003 2416
2416 13406
13406 2416
2416 14224
14224 2416
2416 14500
14500 2416
2416 14538
14538 2416
2416 14805
14805 2416
2416 16067
16067 2416
2416 18689
18689 2416
2416 18955
18955 2416
2416 19554
19554 2416
2416 19861
19861 2416
2416 20800
20800 2416
2416 21954
21954 2416
2416 22167
22167 2416
2416 22506
22506 2416
2416 23039
23039 2416
2416 24288
24288 2416
2416 24380
24380 2416
2416 24394
24394 2416
2416 24451
24451 2416
2416 24545
24545 2416
2429 2429
2429 2429
2429 5544
5544 2429
2441 2441
2441 2441
2467 2467
2467 2467
2467 2774
2774 2467
2467 7017
7017 2467
2467 8512
8512 2467
2467 9025
9025 2467
2467 14920
14920 2467
2467 20674
20674 2467
2467 22412
22412 2467
2487 1846
1846 2487
2487 2361
2361 2487
2487 2416
2416 2487
2487 2487
2487 2487
2487 2497
2497 2487
2487 2831
2831 2487
2487 3049
3049 2487
2487 3168
3168 2487
2487 4925
4925 2487
2487 6070
6070 2487
2487 6450
6450 2487
2487 6845
6845 2487
2487 7498
7498 2487
2487 9006
9006 2487
2487 9461
9461 2487
2487 12572
12572 2487
2487 17922
17922 2487
2487 19432
19432 2487
2487 24288
24288 2487
2487 24451
24451 2487
2491 2053
2053 2491
2491 2491
2491 2491
2491 6891
6891 2491
2491 14920
14920 2491
2497 800
800 2497
2497 1780
1780 2497
2497 1846
1846 2497
2497 1887
1887 2497
2497 1913
1913 2497
2497 2194
2194 2497
2497 2304
2304 2497
2497 2349
2349 2497
2497 2361
2361 2497
2497 2416
2416 2497
2497 2467
2467 2497
2497 2487
2487 2497
2497 2497
2497 2497
2497 2774
2774 2497
2497 3289
3289 2497
2497 3349
3349 2497
2497 3484
3484 2497
2497 3765
3765 2497
2497 4060
4060 2497
2497 4370
4370 2497
2497 4707
4707 2497
2497 5409
5409 2497
2497 5544
5544 2497
2497 6070
6070 2497
2497 6450
6450 2497
2497 6627
6627 2497
2497 6726
6726 2497
2497 6811
6811 2497
2497 6850
6850 2497
2497 7352
7352 2497
2497 7487
7487 2497
2497 7498
7498 2497
2497 7539
7539 2497
2497 7554
7554 2497
2497 8456
8456 2497
2497 9365
9365 2497
2497 11313
11313 2497
2497 11569
11569 2497
2497 11899
11899 2497
2497 12510
12510 2497
2497 13003
13003 2497
2497 15178
15178 2497
2497 18955
18955 2497
2497 19432
19432 2497
2497 19866
19866 2497
2497 20674
20674 2497
2497 21954
21954 2497
2497 22167
22167 2497
2497 22315
22315 2497
2497 24288
24288 2497
2497 24451
24451 2497
2709 19866
19866 2709
2713 2361
2361 2713
2713 22222
22222 2713
2774 2774
2774 2774
2774 9025
9025 2774
2798 6122
6122 2798
2811 2811
2811 2811
2822 11926
11926 2822
2831 545
545 2831
2831 1495
1495 2831
2831 1893
1893 2831
2831 2194
2194 2831
2831 2416
2416 2831
2831 2831
2831 2831
2831 3289
3289 2831
2831 5071
5071 2831
2831 5544
5544 2831
2831 6937
6937 2831
2831 7498
7498 2831
2831 8456
8456 2831
2831 8470
8470 2831
2831 8676
8676 2831
2831 8709
8709 2831
2831 9025
9025 2831
2831 11488
11488 2831
2831 11959
11959 2831
2831 12572
12572 2831
2831 13003
13003 2831
2831 13929
13929 2831
2831 16508
16508 2831
2831 24394
24394 2831
2913 275
275 2913
2913 554
554 2913
2913 601
601 2913
2913 2913
2913 2913
2913 4187
4187 2913
2913 4638
4638 2913
2913 6049
6049 2913
2913 6681
6681 2913
2913 7379
7379 2913
2913 11926
11926 2913
2913 13336
13336 2913
2913 19432
19432 2913
2913 19554
19554 2913
2913 24037
24037 2913
2961 726
726 2961
2961 7487
7487 2961
2961 8736
8736 2961
2961 9008
9008 2961
2976 1105
1105 2976
2976 2976
2976 2976
3021 1913
1913 3021
3021 2416
2416 3021
3021 3021
3021 3021
3049 1846
1846 3049
3049 2361
2361 3049
3049 2416
2416 3049
3049 2487
2487 3049
3049 3049
3049 3049
3049 3398
3398 3049
3049 6681
6681 3049
3049 6726
6726 3049
3049 7539
7539 3049
3049 8115
8115 3049
3049 8353
8353 3049
3049 24451
24451 3049
3090 2416
2416 3090
3090 2976
2976 3090
3090 3090
3090 3090
3090 5178
5178 3090
3090 13003
13003 3090
3090 13608
13608 3090
3090 17296
17296 3090
3153 903
903 3153
3153 1609
1609 3153
3153 3153
3153 3153
3153 4851
4851 3153
3153 6268
6268 3153
3153 6521
6521 3153
3153 6961
6961 3153
3153 7441
7441 3153
3153 8676
8676 3153
3153 8758
8758 3153
3153 9008
9008 3153
3153 17922
17922 3153
3168 0
0 3168
3168 1887
1887 3168
3168 2831
2831 3168
3168 3168
3168 3168
3168 3398
3398 3168
3168 11926
11926 3168
3168 19432
19432 3168
3168 19866
19866 3168
3175 8107
8107 3175
3250 3250
3250 3250
3250 5071
5071 3250
3250 6955
6955 3250
3250 7977
7977 3250
3250 8417
8417 3250
3250 8600
8600 3250
3250 16018
16018 3250
3250 17922
17922 3250
3250 24379
24379 3250
3289 0
0 3289
3289 804
804 3289
3289 997
997 3289
3289 2361
2361 3289
3289 2497
2497 3289
3289 2831
2831 3289
3289 3289
3289 3289
3289 6122
6122 3289
3289 8589
8589 3289
3289 9003
9003 3289
3289 9025
9025 3289
3289 9239
9239 3289
3289 12572
12572 3289
3289 14538
14538 3289
3289 22437
22437 3289
3289 24345
24345 3289
3302 3302
3302 3302
3309 275
275 3309
3309 3309
3309 3309
3309 3540
3540 3309
3309 22283
22283 3309
3330 2416
2416 3330
3330 3002
3002 3330
3330 3330
3330 3330
3330 7539
7539 3330
3330 7581
7581 3330
3330 11238
11238 3330
3330 11313
11313 3330
3330 11488
11488 3330
3349 914
914 3349
3349 2497
2497 3349
3349 3349
3349 3349
3349 4781
4781 3349
3349 4920
4920 3349
3349 9025
9025 3349
3398 7379
7379 3398
3398 7758
7758 3398
3398 8289
8289 3398
3398 13726
13726 3398
3398 19866
19866 3398
3403 3403
3403 3403
3403 6961
6961 3403
3415 335
335 3415
3415 3415
3415 3415
3415 9239
9239 3415
3425 554
554 3425
3425 1846
1846 3425
3425 2487
2487 3425
3425 2497
2497 3425
3425 3425
3425 3425
3425 6070
6070 3425
3425 6794
6794 3425
3425 6938
6938 3425
3425 7554
7554 3425
3425 7667
7667 3425
3425 8321
8321 3425
3425 8914
8914 3425
3425 8921
8921 3425
3425 8997
8997 3425
3425 13003
13003 3425
3425 13336
13336 3425
3425 15360
15360 3425
3425 17078
17078 3425
3425 22167
22167 3425
3425 24451
24451 3425
3447 6690
6690 3447
3468 2491
2491 3468
3468 5176
5176 3468
3468 9025
9025 3468
3468 14469
14469 3468
3468 23039
23039 3468
3484 3484
3484 3484
3484 19866
19866 3484
3540 275
275 3540
3540 2053
2053 3540
3540 2416
2416 3540
3540 2831
2831 3540
3540 3540
3540 3540
3540 21954
21954 3540
3585 4406
4406 3585
3677 533
533 3677
3677 804
804 3677
3677 3677
3677 3677
3677 5645
5645 3677
3677 5839
5839 3677
3677 6197
6197 3677
3677 11569
11569 3677
3677 22167
22167 3677
3677 22225
22225 3677
3705 6467
6467 3705
3705 24451
24451 3705
3733 335
335 3733
3733 726
726 3733
3733 1301
1301 3733
3733 2361
2361 3733
3733 3733
3733 3733
3733 5323
5323 3733
3733 7017
7017 3733
3733 7554
7554 3733
3733 9009
9009 3733
3733 11926
11926 3733
3733 21954
21954 3733
3733 23733
23733 3733
3741 117
117 3741
3741 3741
3741 3741
3741 4781
4781 3741
3741 6450
6450 3741
3747 3747
3747 3747
3747 15116
15116 3747
3874 3874
3874 3874
4060 8044
8044 4060
4108 13203
13203 4108
4112 5097
5097 4112
4123 0
0 4123
4123 2416
2416 4123
4123 4123
4123 4123
4123 4406
4406 4123
4123 5176
5176 4123
4123 5351
5351 4123
4123 5645
5645 4123
4123 6557
6557 4123
4123 6806
6806 4123
4123 6918
6918 4123
4123 7667
7667 4123
4123 11313
11313 4123
4123 11569
11569 4123
4123 14469
14469 4123
4123 15116
15116 4123
4123 17927
17927 4123
4133 4133
4133 4133
4133 9031
9031 4133
4187 0
0 4187
4187 1887
1887 4187
4187 1913
1913 4187
4187 2194
2194 4187
4187 2913
2913 4187
4187 3398
3398 4187
4187 4187
4187 4187
4187 4406
4406 4187
4187 4638
4638 4187
4187 4781
4781 4187
4187 5351
5351 4187
4187 5845
5845 4187
4187 6095
6095 4187
4187 6640
6640 4187
4187 6690
6690 4187
4187 6738
6738 4187
4187 7001
7001 4187
4187 7130
7130 4187
4187 7441
7441 4187
4187 7795
7795 4187
4187 8107
8107 4187
4187 8188
8188 4187
4187 8382
8382 4187
4187 8470
8470 4187
4187 9025
9025 4187
4187 11569
11569 4187
4187 12539
12539 4187
4187 13003
13003 4187
4187 14538
14538 4187
4187 17922
17922 4187
4187 18955
18955 4187
4187 24308
24308 4187
4197 204
204 4197
4197 4197
4197 4197
4197 4406
4406 4197
4197 11899
11899 4197
4271 2361
2361 4271
4271 4271
4271 4271
4271 6403
6403 4271
4298 14806
14806 4298
4324 2361
2361 4324
4324 6811
6811 4324
4340 2053
2053 4340
4340 8491
8491 4340
4351 8107
8107 4351
4351 19946
19946 4351
4406 0
0 4406
4406 640
640 4406
4406 1301
1301 4406
4406 1913
1913 4406
4406 2416
2416 4406
4406 3585
3585 4406
4406 4197
4197 4406
4406 4406
4406 4406
4406 4458
4458 4406
4406 4877
4877 4406
4406 5390
5390 4406
4406 5544
5544 4406
4406 5645
5645 4406
4406 5839
5839 4406
4406 6095
6095 4406
4406 6557
6557 4406
4406 8107
8107 4406
4406 8439
8439 4406
4406 11238
11238 4406
4406 11569
11569 4406
4406 11861
11861 4406
4406 13003
13003 4406
4406 16018
16018 4406
4406 19554
19554 4406
4406 22234
22234 4406
4406 23039
23039 4406
4407 2491
2491 4407
4407 7846
7846 4407
4407 9025
9025 4407
4411 2811
2811 4411
4411 3677
3677 4411
4411 14805
14805 4411
4425 24733
24733 4425
4440 1045
1045 4440
4440 1197
1197 4440
4440 1202
1202 4440
4440 1913
1913 4440
4440 2491
2491 4440
4440 2831
2831 4440
4440 3153
3153 4440
4440 4440
4440 4440
4440 4851
4851 4440
4440 5307
5307 4440
4440 5716
5716 4440
4440 6268
6268 4440
4440 6450
6450 4440
4440 6678
6678 4440
4440 6961
6961 4440
4440 7441
7441 4440
4440 8353
8353 4440
4440 8470
8470 4440
4440 8589
8589 4440
4440 8989
8989 4440
4440 8994
8994 4440
4440 17078
17078 4440
4440 18955
18955 4440
4440 19786
19786 4440
4440 21954
21954 4440
4440 22437
22437 4440
4440 24394
24394 4440
4440 24451
24451 4440
4447 5925
5925 4447
4447 7414
7414 4447
4447 8091
8091 4447
4447 24293
24293 4447
4458 1871
1871 4458
4458 1887
1887 4458
4458 4458
4458 4458
4458 5645
5645 4458
4458 11569
11569 4458
4458 16018
16018 4458
4458 22990
22990 4458
4458 23039
23039 4458
4476 5901
5901 4476
4492 2774
2774 4492
4492 4492
4492 4492
4508 5901
5901 4508
4508 14835
14835 4508
4508 19866
19866 4508
4537 4537
4537 4537
4581 997
997 4581
4581 4581
4581 4581
4581 16508
16508 4581
4593 533
533 4593
4593 1719
1719 4593
4593 1887
1887 4593
4593 3468
3468 4593
4593 4593
4593 4593
4593 5369
5369 4593
4593 6070
6070 4593
4593 8107
8107 4593
4593 8371
8371 4593
4593 8876
8876 4593
4593 8996
8996 4593
4593 18955
18955 4593
4593 19554
19554 4593
4593 23039
23039 4593
4593 24293
24293 4593
4620 5071
5071 4620
4620 8289
8289 4620
4630 554
554 4630
4630 6239
6239 4630
4638 4638
4638 4638
4642 6891
6891 4642
4642 8203
8203 4642
4642 8864
8864 4642
4642 11488
11488 4642
4642 22437
22437 4642
4707 1887
1887 4707
4754 11488
11488 4754
4773 4773
4773 4773
4781 804
804 4781
4781 2416
2416 4781
4781 2774
2774 4781
4781 3250
3250 4781
4781 4781
4781 4781
4781 5369
5369 4781
4781 6961
6961 4781
4781 6991
6991 4781
4781 9025
9025 4781
4781 24192
24192 4781
4805 11569
11569 4805
4814 2194
2194 4814
4814 3403
3403 4814
4839 4839
4839 4839
4839 6794
6794 4839
4839 11313
11313 4839
4839 18955
18955 4839
4839 19432
19432 4839
4851 4851
4851 4851
4879 8107
8107 4879
4879 11926
11926 4879
4879 14469
14469 4879
4879 18689
18689 4879
4920 348
348 4920
4920 545
545 4920
4920 804
804 4920
4920 907
907 4920
4920 929
929 4920
4920 941
941 4920
4920 1180
1180 4920
4920 2349
2349 4920
4920 2416
2416 4920
4920 2774
2774 4920
4920 3090
3090 4920
4920 4920
4920 4920
4920 5177
5177 4920
4920 5178
5178 4920
4920 5449
5449 4920
4920 5572
5572 4920
4920 5604
5604 4920
4920 5716
5716 4920
4920 5831
5831 4920
4920 6129
6129 4920
4920 6450
6450 4920
4920 6866
6866 4920
4920 7017
7017 4920
4920 7202
7202 4920
4920 7977
7977 4920
4920 8137
8137 4920
4920 8403
8403 4920
4920 9025
9025 4920
4920 9036
9036 4920
4920 11238
11238 4920
4920 11569
11569 4920
4920 15332
15332 4920
4920 17922
17922 4920
5036 5036
5036 5036
5071 5071
5071 5071
5071 18955
18955 5071
5092 545
545 5092
5092 903
903 5092
5092 3889
3889 5092
5092 5092
5092 5092
5092 6256
6256 5092
5092 7977
7977 5092
5092 11926
11926 5092
5092 15332
15332 5092
5092 18817
18817 5092
5107 524
524 5107
5107 2976
2976 5107
5107 6738
6738 5107
5107 21954
21954 5107
5107 22990
22990 5107
5147 2361
2361 5147
5147 5147
5147 5147
5147 5409
5409 5147
5147 8921
8921 5147
5167 2194
2194 5167
5176 804
804 5176
5176 5176
5176 5176
5176 5284
5284 5176
5176 8996
8996 5176
5176 9005
9005 5176
5176 19432
19432 5176
5176 22990
22990 5176
5177 4920
4920 5177
5177 5177
5177 5177
5178 4920
4920 5178
5178 5178
5178 5178
5215 5215
5215 5215
5215 5544
5544 5215
5215 8283
8283 5215
5215 14469
14469 5215
5232 12510
12510 5232
5284 4123
4123 5284
5284 5716
5716 5284
5284 9239
9239 5284
5307 2361
2361 5307
5307 2497
2497 5307
5307 4440
4440 5307
5307 5307
5307 5307
5329 554
554 5329
5329 804
804 5329
5329 1603
1603 5329
5329 5351
5351 5329
5329 5848
5848 5329
5329 6738
6738 5329
5329 6802
6802 5329
5329 6918
6918 5329
5329 7648
7648 5329
5345 997
997 5345
5345 2491
2491 5345
5345 7352
7352 5345
5351 2194
2194 5351
5351 2774
2774 5351
5351 4187
4187 5351
5351 5351
5351 5351
5351 5544
5544 5351
5351 5914
5914 5351
5351 7648
7648 5351
5351 9025
9025 5351
5351 9239
9239 5351
5351 15116
15116 5351
5351 18955
18955 5351
5351 19432
19432 5351
5364 804
804 5364
5364 1887
1887 5364
5364 5364
5364 5364
5364 5604
5604 5364
5369 111
111 5369
5369 1887
1887 5369
5369 2304
2304 5369
5369 3813
3813 5369
5369 5369
5369 5369
5369 6690
6690 5369
5369 6961
6961 5369
5369 6991
6991 5369
5369 7498
7498 5369
5369 7554
7554 5369
5369 12685
12685 5369
5369 14538
14538 5369
5369 20800
20800 5369
5369 22412
22412 5369
5369 24394
24394 5369
5375 11718
11718 5375
5386 4781
4781 5386
5386 5386
5386 5386
5386 7146
7146 5386
5386 12572
12572 5386
5386 19432
19432 5386
5390 1913
1913 5390
5390 5390
5390 5390
5390 8947
8947 5390
5390 8996
8996 5390
5390 14054
14054 5390
5390 18955
18955 5390
5390 20800
20800 5390
5409 800
800 5409
5409 2497
2497 5409
5409 2913
2913 5409
5409 5369
5369 5409
5409 5409
5409 5409
5409 6845
6845 5409
5409 8758
8758 5409
5409 8921
8921 5409
5409 9003
9003 5409
5409 9025
9025 5409
5409 13003
13003 5409
5409 13336
13336 5409
5409 14805
14805 5409
5409 16067
16067 5409
5409 19432
19432 5409
5409 19554
19554 5409
5409 22222
22222 5409
5449 4920
4920 5449
5539 6678
6678 5539
5539 18689
18689 5539
5544 804
804 5544
5544 2053
2053 5544
5544 2416
2416 5544
5544 2429
2429 5544
5544 3302
3302 5544
5544 4370
4370 5544
5544 5215
5215 5544
5544 5351
5351 5544
5544 5544
5544 5544
5544 6177
6177 5544
5544 7667
7667 5544
5544 8107
8107 5544
5544 8343
8343 5544
5544 8996
8996 5544
5544 9026
9026 5544
5544 13003
13003 5544
5544 14054
14054 5544
5544 14469
14469 5544
5544 15116
15116 5544
5544 20674
20674 5544
5544 21337
21337 5544
5544 23039
23039 5544
5544 24451
24451 5544
5572 804
804 5572
5572 2194
2194 5572
5572 4781
4781 5572
5572 4920
4920 5572
5572 5386
5386 5572
5572 5572
5572 5572
5572 7458
7458 5572
5572 7648
7648 5572
5572 19866
19866 5572
5572 24379
24379 5572
5604 666
666 5604
5604 8083
8083 5604
5645 804
804 5645
5645 1105
1105 5645
5645 2194
2194 5645
5645 2416
2416 5645
5645 3302
3302 5645
5645 3415
3415 5645
5645 4406
4406 5645
5645 4458
4458 5645
5645 4593
4593 5645
5645 4839
4839 5645
5645 5645
5645 5645
5645 6229
6229 5645
5645 6457
6457 5645
5645 6603
6603 5645
5645 6738
6738 5645
5645 6806
6806 5645
5645 6918
6918 5645
5645 7581
7581 5645
5645 11488
11488 5645
5645 12572
12572 5645
5645 14805
14805 5645
5645 19554
19554 5645
5645 20904
20904 5645
5645 21954
21954 5645
5645 22315
22315 5645
5645 23039
23039 5645
5645 24288
24288 5645
5667 5716
5716 5667
5716 804
804 5716
5716 2053
2053 5716
5716 4440
4440 5716
5716 5716
5716 5716
5729 5901
5901 5729
5796 1899
1899 5796
5831 269
269 5831
5831 4492
4492 5831
5831 4920
4920 5831
5831 22315
22315 5831
5839 4406
4406 5839
5839 6414
6414 5839
5839 8996
8996 5839
5839 11569
11569 5839
5839 11861
11861 5839
5839 23039
23039 5839
5845 5845
5845 5845
5845 6640
6640 5845
5845 24308
24308 5845
5848 5848
5848 5848
5848 9025
9025 5848
5848 20800
20800 5848
5855 269
269 5855
5855 800
800 5855
5855 1871
1871 5855
5855 2831
2831 5855
5855 8994
8994 5855
5855 9029
9029 5855
5855 9038
9038 5855
5855 10121
10121 5855
5855 15178
15178 5855
5855 17922
17922 5855
5855 18955
18955 5855
5855 19432
19432 5855
5855 21954
21954 5855
5855 23039
23039 5855
5860 17922
17922 5860
5914 2491
2491 5914
5914 4187
4187 5914
5914 5351
5351 5914
5914 6070
6070 5914
5914 11569
11569 5914
5914 11718
11718 5914
5914 14805
14805 5914
5914 21699
21699 5914
5925 2416
2416 5925
5925 5645
5645 5925
5925 7498
7498 5925
5925 9025
9025 5925
5925 17041
17041 5925
5925 18869
18869 5925
5925 21954
21954 5925
5930 9025
9025 5930
5930 9365
9365 5930
5930 23039
23039 5930
5935 9025
9025 5935
5955 16508
16508 5955
6006 3168
3168 6006
6006 6006
6006 6006
6049 2913
2913 6049
6049 4411
4411 6049
6049 6096
6096 6049
6049 6537
6537 6049
6049 6567
6567 6049
6049 6806
6806 6049
6049 8115
8115 6049
6049 14806
14806 6049
6049 19432
19432 6049
6070 280
280 6070
6070 1237
1237 6070
6070 2487
2487 6070
6070 2497
2497 6070
6070 3049
3049 6070
6070 3398
3398 6070
6070 3425
3425 6070
6070 4908
4908 6070
6070 6070
6070 6070
6070 6681
6681 6070
6070 6850
6850 6070
6070 7087
7087 6070
6070 7414
7414 6070
6070 7487
7487 6070
6070 9025
9025 6070
6070 10168
10168 6070
6070 11718
11718 6070
6070 14171
14171 6070
6070 16241
16241 6070
6070 17922
17922 6070
6070 22559
22559 6070
6070 24288
24288 6070
6079 6079
6079 6079
6095 1899
1899 6095
6095 1913
1913 6095
6095 2416
2416 6095
6095 2831
2831 6095
6095 3733
3733 6095
6095 6095
6095 6095
6095 7130
7130 6095
6095 7146
7146 6095
6095 7405
7405 6095
6095 9003
9003 6095
6095 9239
9239 6095
6095 13003
13003 6095
6095 14054
14054 6095
6095 17922
17922 6095
6095 19866
19866 6095
6095 21954
21954 6095
6096 6049
6049 6096
6101 6101
6101 6101
6118 11926
11926 6118
6122 9365
9365 6122
6129 4920
4920 6129
6129 6129
6129 6129
6129 7352
7352 6129
6177 5544
5544 6177
6177 6177
6177 6177
6177 15116
15116 6177
6191 3947
3947 6191
6197 14835
14835 6197
6197 21336
21336 6197
6207 894
894 6207
6223 9025
9025 6223
6229 7130
7130 6229
6229 7414
7414 6229
6229 8091
8091 6229
6229 11926
11926 6229
6239 2053
2053 6239
6256 2416
2416 6256
6256 6256
6256 6256
6256 7498
7498 6256
6268 6268
6268 6268
6268 19866
19866 6268
6272 6239
6239 6272
6313 5662
5662 6313
6325 2491
2491 6325
6403 4271
4271 6403
6403 11926
11926 6403
6403 13406
13406 6403
6407 23039
23039 6407
6414 3168
3168 6414
6414 3415
3415 6414
6414 4781
4781 6414
6414 4839
4839 6414
6414 5839
5839 6414
6414 6414
6414 6414
6414 6567
6567 6414
6414 7581
7581 6414
6414 8996
8996 6414
6414 9239
9239 6414
6414 13003
13003 6414
6414 17922
17922 6414
6414 21337
21337 6414
6414 24451
24451 6414
6437 4531
4531 6437
6437 8992
8992 6437
6437 9365
9365 6437
6437 10121
10121 6437
6437 12572
12572 6437
6437 19432
19432 6437
6437 23039
23039 6437
6441 14835
14835 6441
6450 804
804 6450
6450 997
997 6450
6450 2304
2304 6450
6450 2361
2361 6450
6450 6450
6450 6450
6450 7554
7554 6450
6450 9025
9025 6450
6450 12572
12572 6450
6450 14805
14805 6450
6467 2774
2774 6467
6485 1887
1887 6485
6485 6485
6485 6485
6485 14805
14805 6485
6488 894
894 6488
6488 9025
9025 6488
6493 3747
3747 6493
6493 5284
5284 6493
6493 6493
6493 6493
6493 8305
8305 6493
6493 23039
23039 6493
6521 1609
1609 6521
6521 3153
3153 6521
6521 6521
6521 6521
6521 6961
6961 6521
6521 7923
7923 6521
6537 6537
6537 6537
6542 5369
5369 6542
6553 5901
5901 6553
6557 1064
1064 6557
6557 2304
2304 6557
6557 2491
2491 6557
6557 4406
4406 6557
6557 6557
6557 6557
6557 6806
6806 6557
6557 7458
7458 6557
6557 8409
8409 6557
6557 8491
8491 6557
6557 8984
8984 6557
6557 12572
12572 6557
6557 13726
13726 6557
6557 18472
18472 6557
6557 23511
23511 6557
6567 804
804 6567
6567 6414
6414 6567
6575 2491
2491 6575
6603 5645
5645 6603
6627 2774
2774 6627
6627 5901
5901 6627
6640 5845
5845 6640
6640 6640
6640 6640
6645 24288
24288 6645
6655 4962
4962 6655
6655 6655
6655 6655
6655 12510
12510 6655
6660 6450
6450 6660
6678 5539
5539 6678
6678 8921
8921 6678
6690 6690
6690 6690
6699 4002
4002 6699
6721 12510
12510 6721
6721 20674
20674 6721
6726 3049
3049 6726
6726 6845
6845 6726
6726 19866
19866 6726
6728 2491
2491 6728
6733 6733
6733 6733
6738 6738
6738 6738
6738 20800
20800 6738
6751 554
554 6751
6778 2491
2491 6778
6781 13726
13726 6781
6794 804
804 6794
6794 1887
1887 6794
6794 2053
2053 6794
6794 4839
4839 6794
6794 6794
6794 6794
6794 8127
8127 6794
6794 8984
8984 6794
6806 4123
4123 6806
6806 6557
6557 6806
6806 6806
6806 6806
6806 7795
7795 6806
6806 12510
12510 6806
6806 18472
18472 6806
6811 1780
1780 6811
6811 1846
1846 6811
6811 2497
2497 6811
6811 4324
4324 6811
6811 4370
4370 6811
6811 6811
6811 6811
6811 6845
6845 6811
6811 6850
6850 6811
6811 7667
7667 6811
6811 7683
7683 6811
6811 8428
8428 6811
6811 8456
8456 6811
6811 9025
9025 6811
6811 10168
10168 6811
6811 11861
11861 6811
6811 14224
14224 6811
6811 16067
16067 6811
6811 18955
18955 6811
6811 19432
19432 6811
6811 24451
24451 6811
6845 1846
1846 6845
6845 2194
2194 6845
6845 2467
2467 6845
6845 4060
4060 6845
6845 6414
6414 6845
6845 6726
6726 6845
6845 6845
6845 6845
6845 7937
7937 6845
6845 8132
8132 6845
6845 9017
9017 6845
6845 12510
12510 6845
6845 19554
19554 6845
6845 23039
23039 6845
6845 24451
24451 6845
6850 2194
2194 6850
6850 3049
3049 6850
6850 6070
6070 6850
6850 6811
6811 6850
6850 7414
7414 6850
6850 7554
7554 6850
6850 8115
8115 6850
6859 3330
3330 6859
6866 9036
9036 6866
6866 13003
13003 6866
6866 14500
14500 6866
6874 6874
6874 6874
6874 7910
7910 6874
6874 8921
8921 6874
6874 11569
11569 6874
6874 14500
14500 6874
6877 6877
6877 6877
6877 14171
14171 6877
6891 2491
2491 6891
6891 5409
5409 6891
6891 6891
6891 6891
6891 6991
6991 6891
6891 7383
7383 6891
6891 8321
8321 6891
6891 8676
8676 6891
6891 12572
12572 6891
6895 6849
6849 6895
6937 2194
2194 6937
6937 2831
2831 6937
6937 3289
3289 6937
6937 6937
6937 6937
6937 8864
8864 6937
6938 3425
3425 6938
6944 8107
8107 6944
6950 8107
8107 6950
6955 7426
7426 6955
6955 7966
7966 6955
6955 17922
17922 6955
6955 19432
19432 6955
6955 24451
24451 6955
6961 111
111 6961
6961 410
410 6961
6961 545
545 6961
6961 1632
1632 6961
6961 2361
2361 6961
6961 2416
2416 6961
6961 2831
2831 6961
6961 3403
3403 6961
6961 3484
3484 6961
6961 4531
4531 6961
6961 4781
4781 6961
6961 4851
4851 6961
6961 5147
5147 6961
6961 5369
5369 6961
6961 6521
6521 6961
6961 6961
6961 6961
6961 7296
7296 6961
6961 7389
7389 6961
6961 7414
7414 6961
6961 7498
7498 6961
6961 7539
7539 6961
6961 7736
7736 6961
6961 8876
8876 6961
6961 9010
9010 6961
6961 9013
9013 6961
6961 9020
9020 6961
6961 9023
9023 6961
6961 9025
9025 6961
6961 9033
9033 6961
6961 9239
9239 6961
6961 12572
12572 6961
6961 13003
13003 6961
6961 19866
19866 6961
6961 22465
22465 6961
6961 24445
24445 6961
6982 6681
6681 6982
6991 2416
2416 6991
6991 6891
6891 6991
6991 6991
6991 6991
6991 9025
9025 6991
7008 7008
7008 7008
7008 11926
11926 7008
7017 7017
7017 7017
7027 5539
5539 7027
7027 14805
14805 7027
7027 21954
21954 7027
7054 19866
19866 7054
7054 22559
22559 7054
7113 2304
2304 7113
7130 7130
7130 7130
7146 7146
7146 7146
7202 4920
4920 7202
7275 5071
5071 7275
7312 7254
7254 7312
7352 601
601 7352
7352 1021
1021 7352
7352 1921
1921 7352
7352 2416
2416 7352
7352 2497
2497 7352
7352 3747
3747 7352
7352 6129
6129 7352
7352 6991
6991 7352
7352 7352
7352 7352
7352 7481
7481 7352
7352 7539
7539 7352
7352 8321
8321 7352
7352 12198
12198 7352
7352 12572
12572 7352
7352 14806
14806 7352
7352 15178
15178 7352
7352 24409
24409 7352
7405 6874
6874 7405
7414 8091
8091 7414
7426 6955
6955 7426
7441 1230
1230 7441
7441 2184
2184 7441
7441 7441
7441 7441
7441 9025
9025 7441
7446 1899
1899 7446
7458 6557
6557 7458
7458 9239
9239 7458
7475 13726
13726 7475
7481 2194
2194 7481
7481 24451
24451 7481
7498 2194
2194 7498
7498 2361
2361 7498
7498 2831
2831 7498
7498 4925
4925 7498
7498 5369
5369 7498
7498 6256
6256 7498
7498 6450
6450 7498
7498 6961
6961 7498
7498 7063
7063 7498
7498 7498
7498 7498
7498 7539
7539 7498
7498 9025
9025 7498
7498 14835
14835 7498
7498 14920
14920 7498
7499 11926
11926 7499
7499 15056
15056 7499
7500 6268
6268 7500
7506 2491
2491 7506
7539 1740
1740 7539
7539 2416
2416 7539
7539 2491
2491 7539
7539 3049
3049 7539
7539 7487
7487 7539
7539 7539
7539 7539
7539 7778
7778 7539
7539 8996
8996 7539
7539 9000
9000 7539
7539 9025
9025 7539
7539 21954
21954 7539
7545 7383
7383 7545
7554 800
800 7554
7554 6450
6450 7554
7554 7554
7554 7554
7554 8353
8353 7554
7554 8970
8970 7554
7554 10307
10307 7554
7554 11569
11569 7554
7554 13003
13003 7554
7554 18472
18472 7554
7554 19432
19432 7554
7564 24545
24545 7564
7571 9025
9025 7571
7578 14171
14171 7578
7648 533
533 7648
7648 804
804 7648
7648 903
903 7648
7648 1887
1887 7648
7648 2194
2194 7648
7648 4531
4531 7648
7648 5329
5329 7648
7648 5351
5351 7648
7648 5572
5572 7648
7648 6991
6991 7648
7648 7648
7648 7648
7648 8107
8107 7648
7648 8203
8203 7648
7648 8235
8235 7648
7648 9239
9239 7648
7648 21337
21337 7648
7667 2487
2487 7667
7667 3425
3425 7667
7667 5176
5176 7667
7667 5544
5544 7667
7667 6811
6811 7667
7667 7379
7379 7667
7667 7667
7667 7667
7667 8709
8709 7667
7667 9030
9030 7667
7667 19432
19432 7667
7667 24451
24451 7667
7683 6811
6811 7683
7683 7683
7683 7683
7683 11569
11569 7683
7707 7581
7581 7707
7729 13726
13726 7729
7736 6961
6961 7736
7746 5409
5409 7746
7758 3398
3398 7758
7758 7758
7758 7758
7778 0
0 7778
7778 804
804 7778
7778 1202
1202 7778
7778 7539
7539 7778
7778 8996
8996 7778
7778 9000
9000 7778
7778 14805
14805 7778
7778 21699
21699 7778
7795 9025
9025 7795
7802 6842
6842 7802
7802 7802
7802 7802
7808 11926
11926 7808
7816 4781
4781 7816
7816 4920
4920 7816
7832 7832
7832 7832
7832 13003
13003 7832
7835 12572
12572 7835
7850 335
335 7850
7850 13726
13726 7850
7874 9239
9239 7874
7892 3747
3747 7892
7923 7923
7923 7923
7932 14500
14500 7932
7937 6845
6845 7937
7937 7937
7937 7937
7937 12510
12510 7937
7940 804
804 7940
7940 6567
6567 7940
7966 6955
6955 7966
7971 2416
2416 7971
7971 7832
7832 7971
7971 11684
11684 7971
7971 13003
13003 7971
7977 4920
4920 7977
7977 7977
7977 7977
7984 6681
6681 7984
7984 8044
8044 7984
8041 1319
1319 8041
8049 18472
18472 8049
8049 20800
20800 8049
8052 19432
19432 8052
8060 554
554 8060
8060 9461
9461 8060
8071 17922
17922 8071
8077 159
159 8077
8077 240
240 8077
8077 4531
4531 8077
8077 5901
5901 8077
8077 6450
6450 8077
8077 8077
8077 8077
8077 9025
9025 8077
8077 9239
9239 8077
8077 14500
14500 8077
8077 19498
19498 8077
8083 5604
5604 8083
8083 8083
8083 8083
8091 2467
2467 8091
8091 7414
7414 8091
8091 8091
8091 8091
8102 2194
2194 8102
8102 8102
8102 8102
8102 8203
8203 8102
8107 1913
1913 8107
8107 2416
2416 8107
8107 3202
3202 8107
8107 4187
4187 8107
8107 4839
4839 8107
8107 5036
5036 8107
8107 5369
5369 8107
8107 6944
6944 8107
8107 6995
6995 8107
8107 7481
7481 8107
8107 8107
8107 8107
8107 8914
8914 8107
8107 8996
8996 8107
8107 9239
9239 8107
8107 9724
9724 8107
8107 12198
12198 8107
8107 13003
13003 8107
8107 13336
13336 8107
8107 15178
15178 8107
8107 17922
17922 8107
8107 18056
18056 8107
8107 19554
19554 8107
8107 21954
21954 8107
8107 24308
24308 8107
8115 14224
14224 8115
8120 6806
6806 8120
8127 6794
6794 8127
8132 8132
8132 8132
8132 18056
18056 8132
8132 19554
19554 8132
8143 3741
3741 8143
8143 4370
4370 8143
8143 8143
8143 8143
8161 21337
21337 8161
8173 22222
22222 8173
8181 8181
8181 8181
8181 14806
14806 8181
8183 8060
8060 8183
8188 8156
8156 8188
8193 8193
8193 8193
8193 14806
14806 8193
8203 4642
4642 8203
8215 2831
2831 8215
8215 6095
6095 8215
8215 11926
11926 8215
8219 8219
8219 8219
8219 12572
12572 8219
8235 606
606 8235
8235 726
726 8235
8235 2194
2194 8235
8235 2416
2416 8235
8235 2429
2429 8235
8235 5544
5544 8235
8235 6557
6557 8235
8235 7648
7648 8235
8235 7667
7667 8235
8235 8235
8235 8235
8235 8638
8638 8235
8235 8996
8996 8235
8235 12198
12198 8235
8235 14806
14806 8235
8235 20674
20674 8235
8235 20800
20800 8235
8235 24451
24451 8235
8242 8219
8219 8242
8245 5695
5695 8245
8251 5901
5901 8251
8251 8251
8251 8251
8283 5215
5215 8283
8283 8289
8289 8283
8283 11861
11861 8283
8289 8289
8289 8289
8305 6493
6493 8305
8318 1202
1202 8318
8321 2194
2194 8321
8321 2304
2304 8321
8321 3425
3425 8321
8321 8321
8321 8321
8321 9239
9239 8321
8321 9516
9516 8321
8328 1202
1202 8328
8333 2831
2831 8333
8343 5544
5544 8343
8353 0
0 8353
8353 8353
8353 8353
8353 9025
9025 8353
8353 13003
13003 8353
8353 15178
15178 8353
8353 18689
18689 8353
8353 24451
24451 8353
8376 8353
8353 8376
8382 4187
4187 8382
8397 5901
5901 8397
8403 804
804 8403
8403 8403
8403 8403
8403 9461
9461 8403
8417 545
545 8417
8417 3250
3250 8417
8417 8417
8417 8417
8417 8991
8991 8417
8417 15178
15178 8417
8428 6811
6811 8428
8439 4406
4406 8439
8444 4531
4531 8444
8444 13726
13726 8444
8450 11926
11926 8450
8456 6811
6811 8456
8456 8456
8456 8456
8456 9239
9239 8456
8470 8470
8470 8470
8470 8703
8703 8470
8479 8470
8470 8479
8491 2416
2416 8491
8491 6557
6557 8491
8491 8107
8107 8491
8491 8491
8491 8491
8491 14835
14835 8491
8491 19946
19946 8491
8495 5242
5242 8495
8540 4531
4531 8540
8540 11926
11926 8540
8540 19866
19866 8540
8581 118
118 8581
8581 6122
6122 8581
8600 3168
3168 8600
8600 8600
8600 8600
8600 8996
8996 8600
8600 9019
9019 8600
8600 16018
16018 8600
8605 2416
2416 8605
8605 8605
8605 8605
8605 13003
13003 8605
8612 7554
7554 8612
8623 8582
8582 8623
8647 19432
19432 8647
8667 13726
13726 8667
8676 3153
3153 8676
8676 8676
8676 8676
8697 9025
9025 8697
8709 2053
2053 8709
8709 2416
2416 8709
8709 3330
3330 8709
8709 5544
5544 8709
8709 7667
7667 8709
8709 8235
8235 8709
8709 8709
8709 8709
8709 8984
8984 8709
8709 9025
9025 8709
8709 9239
9239 8709
8709 12572
12572 8709
8709 19432
19432 8709
8716 929
929 8716
8754 4781
4781 8754
8754 14805
14805 8754
8796 13726
13726 8796
8825 341
341 8825
8825 8156
8156 8825
8864 6937
6937 8864
8864 6961
6961 8864
8864 8864
8864 8864
8864 9033
9033 8864
8864 11835
11835 8864
8870 11835
11835 8870
8876 545
545 8876
8876 666
666 8876
8876 1921
1921 8876
8876 6961
6961 8876
8876 8876
8876 8876
8904 5901
5901 8904
8908 5544
5544 8908
8914 204
204 8914
8914 1632
1632 8914
8914 8107
8107 8914
8914 11238
11238 8914
8914 11313
11313 8914
8921 0
0 8921
8921 4531
4531 8921
8921 5147
5147 8921
8921 8876
8876 8921
8921 8921
8921 8921
8921 9025
9025 8921
8921 9029
9029 8921
8921 14224
14224 8921
8921 19432
19432 8921
8921 22222
22222 8921
8939 1743
1743 8939
8939 2349
2349 8939
8939 8945
8945 8939
8939 23039
23039 8939
8945 8939
8939 8945
8947 14171
14171 8947
8960 8947
8947 8960
8960 8960
8960 8960
8964 1202
1202 8964
8975 726
726 8975
8975 804
804 8975
8975 8864
8864 8975
8975 14805
14805 8975
8975 18689
18689 8975
8975 24451
24451 8975
8984 804
804 8984
8984 2416
2416 8984
8984 4531
4531 8984
8984 5176
5176 8984
8984 5284
5284 8984
8984 5604
5604 8984
8984 7940
7940 8984
8984 8709
8709 8984
8984 8984
8984 8984
8984 9239
9239 8984
8984 12482
12482 8984
8984 13003
13003 8984
8984 19432
19432 8984
8984 20800
20800 8984
8988 2361
2361 8988
8988 6811
6811 8988
8989 1913
1913 8989
8989 8470
8470 8989
8989 8989
8989 8989
8991 8417
8417 8991
8992 2416
2416 8992
8992 8992
8992 8992
8995 0
0 8995
8995 6961
6961 8995
8995 8995
8995 8995
8996 554
554 8996
8996 804
804 8996
8996 1846
1846 8996
8996 2053
2053 8996
8996 3468
3468 8996
8996 5176
5176 8996
8996 5329
5329 8996
8996 5390
5390 8996
8996 5544
5544 8996
8996 8235
8235 8996
8996 8996
8996 8996
8996 9011
9011 8996
8996 10259
10259 8996
8996 16018
16018 8996
8996 18169
18169 8996
8996 19554
19554 8996
8996 21317
21317 8996
8997 3425
3425 8997
8998 8996
8996 8998
8999 8999
8999 8999
8999 15178
15178 8999
9000 7539
7539 9000
9000 9000
9000 9000
9001 8921
8921 9001
9003 9003
9003 9003
9004 9004
9004 9004
9005 5176
5176 9005
9005 14805
14805 9005
9006 2719
2719 9006
9006 9006
9006 9006
9008 726
726 9008
9008 2961
2961 9008
9009 9009
9009 9009
9010 6961
6961 9010
9010 9013
9013 9010
9011 804
804 9011
9011 2416
2416 9011
9011 6995
6995 9011
9011 8984
8984 9011
9011 8996
8996 9011
9011 9239
9239 9011
9011 18955
18955 9011
9013 9010
9010 9013
9014 9009
9009 9014
9014 9014
9014 9014
9014 19866
19866 9014
9016 524
524 9016
9016 13003
13003 9016
9017 9017
9017 9017
9020 10121
10121 9020
9021 2304
2304 9021
9023 2416
2416 9023
9025 111
111 9025
9025 410
410 9025
9025 554
554 9025
9025 666
666 9025
9025 804
804 9025
9025 903
903 9025
9025 907
907 9025
9025 914
914 9025
9025 1064
1064 9025
9025 1202
1202 9025
9025 1237
1237 9025
9025 1296
1296 9025
9025 1603
1603 9025
9025 1871
1871 9025
9025 1887
1887 9025
9025 2053
2053 9025
9025 2416
2416 9025
9025 2497
2497 9025
9025 2774
2774 9025
9025 2831
2831 9025
9025 2976
2976 9025
9025 3090
3090 9025
9025 3168
3168 9025
9025 3302
3302 9025
9025 3349
3349 9025
9025 3468
3468 9025
9025 4060
4060 9025
9025 4133
4133 9025
9025 4458
4458 9025
9025 4492
4492 9025
9025 4531
4531 9025
9025 4781
4781 9025
9025 4839
4839 9025
9025 4851
4851 9025
9025 5092
5092 9025
9025 5386
5386 9025
9025 5544
5544 9025
9025 5645
5645 9025
9025 5848
5848 9025
9025 6070
6070 9025
9025 6095
6095 9025
9025 6207
6207 9025
9025 6403
6403 9025
9025 6450
6450 9025
9025 6467
6467 9025
9025 6603
6603 9025
9025 6811
6811 9025
9025 6866
6866 9025
9025 6891
6891 9025
9025 6961
6961 9025
9025 6991
6991 9025
9025 7130
7130 9025
9025 7296
7296 9025
9025 7352
7352 9025
9025 7414
7414 9025
9025 7441
7441 9025
9025 7498
7498 9025
9025 7539
7539 9025
9025 7667
7667 9025
9025 7758
7758 9025
9025 7977
7977 9025
9025 8044
8044 9025
9025 8077
8077 9025
9025 8091
8091 9025
9025 8115
8115 9025
9025 8219
8219 9025
9025 8251
8251 9025
9025 8321
8321 9025
9025 8403
8403 9025
9025 8512
8512 9025
9025 8540
8540 9025
9025 8709
8709 9025
9025 8947
8947 9025
9025 8992
8992 9025
9025 8996
8996 9025
9025 9004
9004 9025
9025 9009
9009 9025
9025 9014
9014 9025
9025 9025
9025 9025
9025 9029
9029 9025
9025 9033
9033 9025
9025 10121
10121 9025
9025 11313
11313 9025
9025 11569
11569 9025
9025 11926
11926 9025
9025 11959
11959 9025
9025 12572
12572 9025
9025 13003
13003 9025
9025 14805
14805 9025
9025 14920
14920 9025
9025 15652
15652 9025
9025 16120
16120 9025
9025 17922
17922 9025
9025 18169
18169 9025
9025 18955
18955 9025
9025 19432
19432 9025
9025 19554
19554 9025
9025 19786
19786 9025
9025 19866
19866 9025
9025 20800
20800 9025
9025 21954
21954 9025
9025 22905
22905 9025
9025 24394
24394 9025
9025 24445
24445 9025
9025 24545
24545 9025
9030 2831
2831 9030
9030 4060
4060 9030
9030 14805
14805 9030
9031 4133
4133 9031
9031 9031
9031 9031
9031 11607
11607 9031
9032 8996
8996 9032
9033 9033
9033 9033
9203 9025
9025 9203
9203 9203
9203 9203
9239 533
533 9239
9239 804
804 9239
9239 1105
1105 9239
9239 1296
1296 9239
9239 1846
1846 9239
9239 1893
1893 9239
9239 1899
1899 9239
9239 1913
1913 9239
9239 2304
2304 9239
9239 2361
2361 9239
9239 2416
2416 9239
9239 2491
2491 9239
9239 2713
2713 9239
9239 2913
2913 9239
9239 2976
2976 9239
9239 3090
3090 9239
9239 3168
3168 9239
9239 3415
3415 9239
9239 4370
4370 9239
9239 4406
4406 9239
9239 4531
4531 9239
9239 4537
4537 9239
9239 5351
5351 9239
9239 5364
5364 9239
9239 5390
5390 9239
9239 5544
5544 9239
9239 5604
5604 9239
9239 6049
6049 9239
9239 6095
6095 9239
9239 6414
6414 9239
9239 6450
6450 9239
9239 6794
6794 9239
9239 6806
6806 9239
9239 6961
6961 9239
9239 6995
6995 9239
9239 7130
7130 9239
9239 7254
7254 9239
9239 7296
7296 9239
9239 7352
7352 9239
9239 7441
7441 9239
9239 7458
7458 9239
9239 7648
7648 9239
9239 7874
7874 9239
9239 8044
8044 9239
9239 8077
8077 9239
9239 8107
8107 9239
9239 8289
8289 9239
9239 8321
8321 9239
9239 8353
8353 9239
9239 8417
8417 9239
9239 8456
8456 9239
9239 8491
8491 9239
9239 8709
8709 9239
9239 8736
8736 9239
9239 8758
8758 9239
9239 8984
8984 9239
9239 8996
8996 9239
9239 9003
9003 9239
9239 9239
9239 9239
9239 10259
10259 9239
9239 11569
11569 9239
9239 12572
12572 9239
9239 15332
15332 9239
9239 16508
16508 9239
9239 17041
17041 9239
9239 18955
18955 9239
9239 19554
19554 9239
9239 20904
20904 9239
9239 21954
21954 9239
9239 24451
24451 9239
9365 524
524 9365
9365 907
907 9365
9365 1846
1846 9365
9365 2304
2304 9365
9365 2386
2386 9365
9365 2416
2416 9365
9365 2497
2497 9365
9365 2848
2848 9365
9365 3049
3049 9365
9365 3468
3468 9365
9365 3484
3484 9365
9365 4370
4370 9365
9365 4458
4458 9365
9365 4925
4925 9365
9365 5092
5092 9365
9365 5369
5369 9365
9365 6122
6122 9365
9365 6129
6129 9365
9365 6450
6450 9365
9365 6690
6690 9365
9365 6759
6759 9365
9365 6874
6874 9365
9365 7054
7054 9365
9365 7539
7539 9365
9365 7802
7802 9365
9365 7846
7846 9365
9365 8044
8044 9365
9365 8060
8060 9365
9365 8091
8091 9365
9365 8353
8353 9365
9365 8382
8382 9365
9365 8470
8470 9365
9365 8676
8676 9365
9365 8703
8703 9365
9365 9365
9365 9365
9365 11959
11959 9365
9365 13003
13003 9365
9365 13726
13726 9365
9365 14805
14805 9365
9365 16241
16241 9365
9365 23039
23039 9365
9366 12572
12572 9366
9461 554
554 9461
9461 2194
2194 9461
9461 2361
2361 9461
9461 2831
2831 9461
9461 3398
3398 9461
9461 4920
4920 9461
9461 5539
5539 9461
9461 6450
6450 9461
9461 6488
6488 9461
9461 6733
6733 9461
9461 6991
6991 9461
9461 7441
7441 9461
9461 7498
7498 9461
9461 8011
8011 9461
9461 8060
8060 9461
9461 9461
9461 9461
9461 11835
11835 9461
9461 12510
12510 9461
9461 12572
12572 9461
9461 13726
13726 9461
9461 14805
14805 9461
9461 17922
17922 9461
9461 22437
22437 9461
9461 22559
22559 9461
9461 24445
24445 9461
9516 929
929 9516
9516 2194
2194 9516
9516 8321
8321 9516
9516 9516
9516 9516
9685 0
0 9685
9724 5855
5855 9724
9724 8107
8107 9724
9724 9025
9025 9724
9724 9724
9724 9724
9724 15178
15178 9724
9724 22222
22222 9724
9724 24308
24308 9724
10121 1887
1887 10121
10121 1913
1913 10121
10121 2491
2491 10121
10121 3049
3049 10121
10121 7087
7087 10121
10121 7498
7498 10121
10121 9020
9020 10121
10121 10121
10121 10121
10168 2416
2416 10168
10168 4406
4406 10168
10168 6070
6070 10168
10168 6811
6811 10168
10259 554
554 10259
10259 1887
1887 10259
10259 2053
2053 10259
10259 2416
2416 10259
10259 2774
2774 10259
10259 4406
4406 10259
10259 5107
5107 10259
10259 5176
5176 10259
10259 6049
6049 10259
10259 6738
6738 10259
10259 7352
7352 10259
10259 8107
8107 10259
10259 10259
10259 10259
10259 14806
14806 10259
10259 18955
18955 10259
10259 20800
20800 10259
10259 23039
23039 10259
10307 8107
8107 10307
10307 8947
8947 10307
10307 8960
8960 10307
10307 9025
9025 10307
10307 14469
14469 10307
10719 5369
5369 10719
10719 12685
12685 10719
11238 997
997 11238
11238 2774
2774 11238
11238 4406
4406 11238
11238 4920
4920 11238
11238 8914
8914 11238
11238 11238
11238 11238
11238 18169
18169 11238
11313 230
230 11313
11313 425
425 11313
11313 800
800 11313
11313 1237
1237 11313
11313 1887
1887 11313
11313 1913
1913 11313
11313 2416
2416 11313
11313 4123
4123 11313
11313 4187
4187 11313
11313 4839
4839 11313
11313 5071
5071 11313
11313 5215
5215 11313
11313 5539
5539 11313
11313 6070
6070 11313
11313 6751
6751 11313
11313 6759
6759 11313
11313 8353
8353 11313
11313 8914
8914 11313
11313 10121
10121 11313
11313 11313
11313 11313
11313 11959
11959 11313
11313 17041
17041 11313
11313 18689
18689 11313
11313 19866
19866 11313
11313 23039
23039 11313
11361 18955
18955 11361
11361 19432
19432 11361
11442 5925
5925 11442
11488 726
726 11488
11488 1603
1603 11488
11488 2361
2361 11488
11488 3468
3468 11488
11488 4642
4642 11488
11488 5645
5645 11488
11488 6450
6450 11488
11488 7414
7414 11488
11488 8996
8996 11488
11488 9025
9025 11488
11488 11313
11313 11488
11488 11488
11488 11488
11488 13003
13003 11488
11488 14805
14805 11488
11488 20904
20904 11488
11488 22167
22167 11488
11488 22437
22437 11488
11488 23039
23039 11488
11522 11522
11522 11522
11569 800
800 11569
11569 914
914 11569
11569 1230
1230 11569
11569 1846
1846 11569
11569 1887
1887 11569
11569 2194
2194 11569
11569 2304
2304 11569
11569 2416
2416 11569
11569 3049
3049 11569
11569 3468
3468 11569
11569 4187
4187 11569
11569 4406
4406 11569
11569 4458
4458 11569
11569 5107
5107 11569
11569 5386
5386 11569
11569 5544
5544 11569
11569 5839
5839 11569
11569 6450
6450 11569
11569 6485
6485 11569
11569 6603
6603 11569
11569 6866
6866 11569
11569 6874
6874 11569
11569 6961
6961 11569
11569 7296
7296 11569
11569 7683
7683 11569
11569 7977
7977 11569
11569 8115
8115 11569
11569 8219
8219 11569
11569 8321
8321 11569
11569 8619
8619 11569
11569 8736
8736 11569
11569 8996
8996 11569
11569 9004
9004 11569
11569 9009
9009 11569
11569 9025
9025 11569
11569 9032
9032 11569
11569 9239
9239 11569
11569 11313
11313 11569
11569 11488
11488 11569
11569 11569
11569 11569
11569 11861
11861 11569
11569 12572
12572 11569
11569 13066
13066 11569
11569 14414
14414 11569
11569 14500
14500 11569
11569 15623
15623 11569
11569 16018
16018 11569
11569 17922
17922 11569
11569 18056
18056 11569
11569 18955
18955 11569
11569 19554
19554 11569
11569 21337
21337 11569
11569 23039
23039 11569
11607 9031
9031 11607
11607 14805
14805 11607
11684 1105
1105 11684
11684 4370
4370 11684
11684 6961
6961 11684
11684 7352
7352 11684
11684 7405
7405 11684
11684 7971
7971 11684
11684 8990
8990 11684
11684 11684
11684 11684
11684 18955
18955 11684
11684 20399
20399 11684
11684 24545
24545 11684
11718 6681
6681 11718
11861 524
524 11861
11861 1105
1105 11861
11861 1237
1237 11861
11861 2053
2053 11861
11861 4406
4406 11861
11861 5176
5176 11861
11861 5839
5839 11861
11861 6414
6414 11861
11861 6794
6794 11861
11861 6811
6811 11861
11861 8988
8988 11861
11861 8995
8995 11861
11861 9239
9239 11861
11861 11313
11313 11861
11861 11569
11569 11861
11861 11861
11861 11861
11861 21699
21699 11861
11861 22225
22225 11861
11894 21954
21954 11894
11899 2497
2497 11899
11899 4197
4197 11899
11899 7092
7092 11899
11899 8992
8992 11899
11899 9025
9025 11899
11899 9029
9029 11899
11899 11899
11899 11899
11899 21954
21954 11899
11926 2194
2194 11926
11926 5369
5369 11926
11926 6467
6467 11926
11926 9025
9025 11926
11926 11926
11926 11926
12198 0
0 12198
12198 2416
2416 12198
12198 4123
4123 12198
12198 8107
8107 12198
12198 8235
8235 12198
12198 12198
12198 12198
12198 12572
12572 12198
12198 14469
14469 12198
12198 19554
19554 12198
12198 23039
23039 12198
12198 24380
24380 12198
12482 3733
3733 12482
12510 1846
1846 12510
12510 2361
2361 12510
12510 2416
2416 12510
12510 5232
5232 12510
12510 6806
6806 12510
12510 6845
6845 12510
12510 7937
7937 12510
12510 12510
12510 12510
12510 14142
14142 12510
12510 14469
14469 12510
12510 18472
18472 12510
12510 18955
18955 12510
12510 19866
19866 12510
12510 21954
21954 12510
12510 22167
22167 12510
12510 23039
23039 12510
12539 1105
1105 12539
12539 1887
1887 12539
12539 4187
4187 12539
12539 16018
16018 12539
12572 117
117 12572
12572 545
545 12572
12572 804
804 12572
12572 903
903 12572
12572 914
914 12572
12572 997
997 12572
12572 1887
1887 12572
12572 1921
1921 12572
12572 2194
2194 12572
12572 2304
2304 12572
12572 2386
2386 12572
12572 2416
2416 12572
12572 2491
2491 12572
12572 2831
2831 12572
12572 3468
3468 12572
12572 3484
3484 12572
12572 3874
3874 12572
12572 5369
5369 12572
12572 5645
5645 12572
12572 6325
6325 12572
12572 6450
6450 12572
12572 6751
6751 12572
12572 6961
6961 12572
12572 6991
6991 12572
12572 7352
7352 12572
12572 7498
7498 12572
12572 7554
7554 12572
12572 8077
8077 12572
12572 8102
8102 12572
12572 8210
8210 12572
12572 8219
8219 12572
12572 8242
8242 12572
12572 9006
9006 12572
12572 9025
9025 12572
12572 9033
9033 12572
12572 9239
9239 12572
12572 11569
11569 12572
12572 11959
11959 12572
12572 12572
12572 12572
12572 12685
12685 12572
12572 13003
13003 12572
12572 13336
13336 12572
12572 14500
14500 12572
12572 14538
14538 12572
12572 15332
15332 12572
12572 17078
17078 12572
12572 17922
17922 12572
12572 19138
19138 12572
12572 19432
19432 12572
12572 22412
22412 12572
12572 24394
24394 12572
12572 24409
24409 12572
12572 24545
24545 12572
12685 6961
6961 12685
12685 8210
8210 12685
12685 13003
13003 12685
12685 19138
19138 12685
12685 21699
21699 12685
12725 3302
3302 12725
13003 117
117 13003
13003 269
269 13003
13003 335
335 13003
13003 545
545 13003
13003 907
907 13003
13003 1846
1846 13003
13003 1887
1887 13003
13003 1913
1913 13003
13003 2386
2386 13003
13003 2416
2416 13003
13003 2831
2831 13003
13003 2913
2913 13003
13003 3090
3090 13003
13003 3403
3403 13003
13003 3415
3415 13003
13003 3560
3560 13003
13003 4187
4187 13003
13003 4406
4406 13003
13003 4638
4638 13003
13003 5409
5409 13003
13003 5544
5544 13003
13003 6414
6414 13003
13003 6467
6467 13003
13003 6802
6802 13003
13003 6850
6850 13003
13003 6961
6961 13003
13003 6991
6991 13003
13003 7291
7291 13003
13003 7352
7352 13003
13003 7414
7414 13003
13003 7539
7539 13003
13003 7554
7554 13003
13003 7832
7832 13003
13003 7971
7971 13003
13003 8107
8107 13003
13003 8353
8353 13003
13003 8605
8605 13003
13003 8996
8996 13003
13003 9009
9009 13003
13003 9025
9025 13003
13003 9029
9029 13003
13003 10121
10121 13003
13003 11313
11313 13003
13003 11959
11959 13003
13003 12572
12572 13003
13003 13003
13003 13003
13003 14835
14835 13003
13003 16508
16508 13003
13003 17922
17922 13003
13003 18689
18689 13003
13003 18955
18955 13003
13003 19866
19866 13003
13003 19946
19946 13003
13003 20674
20674 13003
13003 21954
21954 13003
13003 22315
22315 13003
13003 23039
23039 13003
13066 11569
11569 13066
13102 0
0 13102
13102 9239
9239 13102
13203 5071
5071 13203
13203 6874
6874 13203
13203 7379
7379 13203
13203 13203
13203 13203
13205 6955
6955 13205
13270 6129
6129 13270
13270 9025
9025 13270
13270 11569
11569 13270
13270 11607
11607 13270
13270 13270
13270 13270
13270 17922
17922 13270
13270 21954
21954 13270
13336 111
111 13336
13336 804
804 13336
13336 2194
2194 13336
13336 2416
2416 13336
13336 2913
2913 13336
13336 3468
3468 13336
13336 5409
5409 13336
13336 6794
6794 13336
13336 6891
6891 13336
13336 7554
7554 13336
13336 7846
7846 13336
13336 8353
8353 13336
13336 8512
8512 13336
13336 9025
9025 13336
13336 9037
9037 13336
13336 13336
13336 13336
13336 14805
14805 13336
13336 14835
14835 13336
13336 18472
18472 13336
13370 11488
11488 13370
13406 6403
6403 13406
13406 14920
14920 13406
13608 3090
3090 13608
13608 3468
3468 13608
13608 6450
6450 13608
13608 13003
13003 13608
13608 13608
13608 13608
13608 19866
19866 13608
13786 9025
9025 13786
13929 1899
1899 13929
13929 2416
2416 13929
13929 4781
4781 13929
13929 7554
7554 13929
13929 7758
7758 13929
13929 9025
9025 13929
13929 18689
18689 13929
13929 19866
19866 13929
14010 7352
7352 14010
14010 24451
24451 14010
14054 3415
3415 14054
14054 8512
8512 14054
14054 8987
8987 14054
14054 12572
12572 14054
14054 14054
14054 14054
14054 18955
18955 14054
14086 2154
2154 14086
14086 2194
2194 14086
14142 6450
6450 14142
14142 6961
6961 14142
14142 9003
9003 14142
14142 12510
12510 14142
14142 14805
14805 14142
14224 1846
1846 14224
14224 1887
1887 14224
14224 1913
1913 14224
14224 2416
2416 14224
14224 3330
3330 14224
14224 6142
6142 14224
14224 6407
6407 14224
14224 6794
6794 14224
14224 6806
6806 14224
14224 6811
6811 14224
14224 6849
6849 14224
14224 7581
7581 14224
14224 8115
8115 14224
14224 9025
9025 14224
14224 14224
14224 14224
14224 14384
14384 14224
14224 14469
14469 14224
14224 15332
15332 14224
14224 19554
19554 14224
14224 19946
19946 14224
14414 524
524 14414
14414 1237
1237 14414
14414 1887
1887 14414
14414 4187
4187 14414
14414 4908
4908 14414
14414 8439
8439 14414
14414 14414
14414 14414
14469 3468
3468 14469
14469 4123
4123 14469
14469 5176
5176 14469
14469 5215
5215 14469
14469 6142
6142 14469
14469 9026
9026 14469
14469 12510
12510 14469
14469 14469
14469 14469
14469 15116
15116 14469
14469 18955
18955 14469
14469 19432
19432 14469
14469 22990
22990 14469
14500 117
117 14500
14500 545
545 14500
14500 1105
1105 14500
14500 1572
1572 14500
14500 1913
1913 14500
14500 2154
2154 14500
14500 2831
2831 14500
14500 3425
3425 14500
14500 5097
5097 14500
14500 6866
6866 14500
14500 6874
6874 14500
14500 7146
7146 14500
14500 7405
7405 14500
14500 7498
7498 14500
14500 7932
7932 14500
14500 8077
8077 14500
14500 9008
9008 14500
14500 9025
9025 14500
14500 9239
9239 14500
14500 9365
9365 14500
14500 12572
12572 14500
14500 13336
13336 14500
14500 14500
14500 14500
14500 16120
16120 14500
14500 19498
19498 14500
14500 24394
24394 14500
14500 24601
24601 14500
14538 2194
2194 14538
14538 2386
2386 14538
14538 2831
2831 14538
14538 5369
5369 14538
14538 6450
6450 14538
14538 7092
7092 14538
14538 7130
7130 14538
14538 7146
7146 14538
14538 8417
8417 14538
14538 12572
12572 14538
14538 14538
14538 14538
14538 17922
17922 14538
14713 14805
14805 14713
14713 15056
15056 14713
14713 18169
18169 14713
14805 666
666 14805
14805 2194
2194 14805
14805 2416
2416 14805
14805 2774
2774 14805
14805 4406
4406 14805
14805 4411
4411 14805
14805 4781
4781 14805
14805 5036
5036 14805
14805 5071
5071 14805
14805 5369
5369 14805
14805 5645
5645 14805
14805 5914
5914 14805
14805 5925
5925 14805
14805 6101
6101 14805
14805 6185
6185 14805
14805 6874
6874 14805
14805 7027
7027 14805
14805 7414
7414 14805
14805 7554
7554 14805
14805 8353
8353 14805
14805 8376
8376 14805
14805 9025
9025 14805
14805 9365
9365 14805
14805 11899
11899 14805
14805 13003
13003 14805
14805 14713
14713 14805
14805 14805
14805 14805
14805 17041
17041 14805
14805 21699
21699 14805
14805 21954
21954 14805
14806 606
606 14806
14806 800
800 14806
14806 3733
3733 14806
14806 4370
4370 14806
14806 5351
5351 14806
14806 5544
5544 14806
14806 6806
6806 14806
14806 6991
6991 14806
14806 7581
7581 14806
14806 7648
7648 14806
14806 8203
8203 14806
14806 9030
9030 14806
14806 10259
10259 14806
14806 14806
14806 14806
14806 18689
18689 14806
14835 1887
1887 14835
14835 2913
2913 14835
14835 3202
3202 14835
14835 3398
3398 14835
14835 4531
4531 14835
14835 5107
5107 14835
14835 6294
6294 14835
14835 13003
13003 14835
14835 14835
14835 14835
14835 18056
18056 14835
14835 19946
19946 14835
14920 348
348 14920
14920 545
545 14920
14920 804
804 14920
14920 2304
2304 14920
14920 2349
2349 14920
14920 2491
2491 14920
14920 2774
2774 14920
14920 3002
3002 14920
14920 3090
3090 14920
14920 4060
4060 14920
14920 5369
5369 14920
14920 5544
5544 14920
14920 6070
6070 14920
14920 6450
6450 14920
14920 8052
8052 14920
14920 8999
8999 14920
14920 9025
9025 14920
14920 14805
14805 14920
14920 14920
14920 14920
14920 15332
15332 14920
14920 17041
17041 14920
14920 17922
17922 14920
14920 21337
21337 14920
14920 22559
22559 14920
15056 14713
14713 15056
15056 14805
14805 15056
15056 15056
15056 15056
15116 5351
5351 15116
15116 5544
5544 15116
15116 6177
6177 15116
15116 8343
8343 15116
15116 8996
8996 15116
15116 9003
9003 15116
15116 15116
15116 15116
15332 804
804 15332
15332 2304
2304 15332
15332 5092
5092 15332
15332 6122
6122 15332
15332 11607
11607 15332
15332 12572
12572 15332
15332 14224
14224 15332
15332 15332
15332 15332
15332 22437
22437 15332
15332 24409
24409 15332
15360 8921
8921 15360
15360 18689
18689 15360
15382 1296
1296 15382
15483 4187
4187 15483
15623 11488
11488 15623
15652 9025
9025 15652
15652 22718
22718 15652
15841 11684
11684 15841
16018 0
0 16018
16018 117
117 16018
16018 601
601 16018
16018 1887
1887 16018
16018 3250
3250 16018
16018 3741
3741 16018
16018 4187
4187 16018
16018 4406
4406 16018
16018 4411
4411 16018
16018 4458
4458 16018
16018 4920
4920 16018
16018 5645
5645 16018
16018 7683
7683 16018
16018 8600
8600 16018
16018 8996
8996 16018
16018 11313
11313 16018
16018 11569
11569 16018
16018 12572
12572 16018
16018 13066
13066 16018
16018 14414
14414 16018
16018 14805
14805 16018
16018 16018
16018 16018
16018 19432
19432 16018
16018 22587
22587 16018
16018 23039
23039 16018
16120 14500
14500 16120
16120 16120
16120 16120
16508 5955
5955 16508
16508 16508
16508 16508
16508 21954
21954 16508
16577 20800
20800 16577
17041 1237
1237 17041
17041 1382
1382 17041
17041 1887
1887 17041
17041 2416
2416 17041
17041 4925
4925 17041
17041 5848
5848 17041
17041 6101
6101 17041
17041 6681
6681 17041
17041 6991
6991 17041
17041 7414
7414 17041
17041 8947
8947 17041
17041 9008
9008 17041
17041 9025
9025 17041
17041 11899
11899 17041
17041 11959
11959 17041
17041 13336
13336 17041
17041 17041
17041 17041
17041 17922
17922 17041
17704 5901
5901 17704
17922 804
804 17922
17922 1230
1230 17922
17922 1871
1871 17922
17922 2194
2194 17922
17922 3153
3153 17922
17922 3349
3349 17922
17922 4851
4851 17922
17922 4920
4920 17922
17922 5071
5071 17922
17922 5860
5860 17922
17922 5901
5901 17922
17922 6070
6070 17922
17922 6095
6095 17922
17922 6450
6450 17922
17922 6955
6955 17922
17922 7383
7383 17922
17922 7441
7441 17922
17922 9025
9025 17922
17922 12572
12572 17922
17922 13270
13270 17922
17922 14538
14538 17922
17922 14805
14805 17922
17922 14835
14835 17922
17922 17922
17922 17922
17922 18689
18689 17922
17922 18955
18955 17922
17922 19554
19554 17922
17922 24545
24545 17922
18056 1105
1105 18056
18056 1237
1237 18056
18056 8107
8107 18056
18056 8132
8132 18056
18056 11569
11569 18056
18056 14414
14414 18056
18056 18056
18056 18056
18056 23039
23039 18056
18169 545
545 18169
18169 804
804 18169
18169 1403
1403 18169
18169 2416
2416 18169
18169 2831
2831 18169
18169 3168
3168 18169
18169 4197
4197 18169
18169 4406
4406 18169
18169 6738
6738 18169
18169 8193
8193 18169
18169 8470
8470 18169
18169 8600
8600 18169
18169 8741
8741 18169
18169 8914
8914 18169
18169 8996
8996 18169
18169 9019
9019 18169
18169 9033
9033 18169
18169 11238
11238 18169
18169 11569
11569 18169
18169 11899
11899 18169
18169 12572
12572 18169
18169 13929
13929 18169
18169 14713
14713 18169
18169 14805
14805 18169
18169 14806
14806 18169
18169 16120
16120 18169
18169 18169
18169 18169
18169 18689
18689 18169
18169 18955
18955 18169
18169 21954
21954 18169
18169 24379
24379 18169
18472 1846
1846 18472
18472 6806
6806 18472
18472 7554
7554 18472
18472 8049
8049 18472
18472 8120
8120 18472
18472 9239
9239 18472
18472 12510
12510 18472
18472 18472
18472 18472
18472 18955
18955 18472
18472 19866
19866 18472
18689 2194
2194 18689
18689 2304
2304 18689
18689 3049
3049 18689
18689 6070
6070 18689
18689 6802
6802 18689
18689 8353
8353 18689
18689 9025
9025 18689
18689 11313
11313 18689
18689 13003
13003 18689
18689 14805
14805 18689
18689 17922
17922 18689
18689 18689
18689 18689
18689 18955
18955 18689
18689 19866
19866 18689
18689 20674
20674 18689
18689 21954
21954 18689
18689 22559
22559 18689
18689 23039
23039 18689
18869 2386
2386 18869
18869 6012
6012 18869
18869 9025
9025 18869
18869 13003
13003 18869
18869 19866
19866 18869
18869 24293
24293 18869
18955 570
570 18955
18955 640
640 18955
18955 1230
1230 18955
18955 2416
2416 18955
18955 2491
2491 18955
18955 2831
2831 18955
18955 2913
2913 18955
18955 3398
3398 18955
18955 4187
4187 18955
18955 4370
4370 18955
18955 4638
4638 18955
18955 4839
4839 18955
18955 5071
5071 18955
18955 5351
5351 18955
18955 5925
5925 18955
18955 6229
6229 18955
18955 6450
6450 18955
18955 6660
6660 18955
18955 6681
6681 18955
18955 6690
6690 18955
18955 6794
6794 18955
18955 6806
6806 18955
18955 6811
6811 18955
18955 7001
7001 18955
18955 7352
7352 18955
18955 7379
7379 18955
18955 8107
8107 18955
18955 8512
8512 18955
18955 8716
8716 18955
18955 9011
9011 18955
18955 9025
9025 18955
18955 9026
9026 18955
18955 9029
9029 18955
18955 9036
9036 18955
18955 9239
9239 18955
18955 11313
11313 18955
18955 12510
12510 18955
18955 12685
12685 18955
18955 13003
13003 18955
18955 13203
13203 18955
18955 14469
14469 18955
18955 17922
17922 18955
18955 18472
18472 18955
18955 18955
18955 18955
18955 19432
19432 18955
18955 19554
19554 18955
18955 20674
20674 18955
18955 23039
23039 18955
18955 24451
24451 18955
18955 24545
24545 18955
19138 19861
19861 19138
19432 275
275 19432
19432 800
800 19432
19432 1064
1064 19432
19432 1887
1887 19432
19432 2361
2361 19432
19432 2913
2913 19432
19432 3415
3415 19432
19432 4839
4839 19432
19432 5351
5351 19432
19432 5386
5386 19432
19432 5390
5390 19432
19432 5544
5544 19432
19432 5855
5855 19432
19432 6256
6256 19432
19432 6811
6811 19432
19432 6874
6874 19432
19432 7648
7648 19432
19432 8736
8736 19432
19432 8921
8921 19432
19432 8947
8947 19432
19432 8992
8992 19432
19432 9025
9025 19432
19432 12572
12572 19432
19432 13066
13066 19432
19432 14171
14171 19432
19432 14805
14805 19432
19432 14920
14920 19432
19432 16508
16508 19432
19432 19432
19432 19432
19432 19554
19554 19432
19432 20800
20800 19432
19432 21954
21954 19432
19432 24345
24345 19432
19498 8077
8077 19498
19498 9025
9025 19498
19554 269
269 19554
19554 533
533 19554
19554 804
804 19554
19554 1105
1105 19554
19554 1719
1719 19554
19554 1887
1887 19554
19554 1913
1913 19554
19554 2386
2386 19554
19554 2416
2416 19554
19554 2491
2491 19554
19554 2913
2913 19554
19554 3002
3002 19554
19554 3021
3021 19554
19554 3677
3677 19554
19554 3747
3747 19554
19554 4370
4370 19554
19554 4406
4406 19554
19554 4458
4458 19554
19554 4593
4593 19554
19554 4781
4781 19554
19554 5071
5071 19554
19554 5107
5107 19554
19554 5215
5215 19554
19554 5386
5386 19554
19554 5409
5409 19554
19554 5645
5645 19554
19554 6129
6129 19554
19554 6450
6450 19554
19554 6488
6488 19554
19554 6690
6690 19554
19554 6738
6738 19554
19554 6845
6845 19554
19554 7581
7581 19554
19554 8044
8044 19554
19554 8107
8107 19554
19554 8132
8132 19554
19554 8353
8353 19554
19554 8996
8996 19554
19554 9025
9025 19554
19554 9033
9033 19554
19554 9239
9239 19554
19554 11804
11804 19554
19554 12198
12198 19554
19554 12510
12510 19554
19554 12572
12572 19554
19554 14054
14054 19554
19554 14384
14384 19554
19554 17922
17922 19554
19554 18689
18689 19554
19554 18955
18955 19554
19554 19554
19554 19554
19554 20800
20800 19554
19554 22315
22315 19554
19554 22465
22465 19554
19554 23039
23039 19554
19554 24293
24293 19554
19866 2194
2194 19866
19866 2416
2416 19866
19866 2491
2491 19866
19866 2913
2913 19866
19866 3415
3415 19866
19866 6681
6681 19866
19866 6726
6726 19866
19866 8353
8353 19866
19866 10121
10121 19866
19866 12510
12510 19866
19866 13608
13608 19866
19866 19866
19866 19866
19866 23039
23039 19866
19946 804
804 19946
19946 2491
2491 19946
19946 8491
8491 19946
19946 12685
12685 19946
19946 13003
13003 19946
19946 14224
14224 19946
19946 19946
19946 19946
20624 4920
4920 20624
20624 7498
7498 20624
20624 7795
7795 20624
20624 9461
9461 20624
20624 12572
12572 20624
20624 13003
13003 20624
20624 14805
14805 20624
20674 2416
2416 20674
20674 2467
2467 20674
20674 5544
5544 20674
20674 7648
7648 20674
20674 8091
8091 20674
20674 8107
8107 20674
20674 8676
8676 20674
20674 17041
17041 20674
20674 18869
18869 20674
20674 18955
18955 20674
20674 19554
19554 20674
20674 19866
19866 20674
20674 24526
24526 20674
20800 804
804 20800
20800 2178
2178 20800
20800 4925
4925 20800
20800 5071
5071 20800
20800 5839
5839 20800
20800 5848
5848 20800
20800 8049
8049 20800
20800 8235
8235 20800
20800 8984
8984 20800
20800 12725
12725 20800
20800 13203
13203 20800
20800 18472
18472 20800
20800 18955
18955 20800
20800 19554
19554 20800
20800 20800
20800 20800
20800 23039
23039 20800
20904 2831
2831 20904
20904 4406
4406 20904
20904 11488
11488 20904
20904 20904
20904 20904
20904 22315
22315 20904
20904 24545
24545 20904
21337 726
726 21337
21337 5544
5544 21337
21699 1202
1202 21699
21699 2194
2194 21699
21699 2304
2304 21699
21699 3153
3153 21699
21699 3168
3168 21699
21699 3813
3813 21699
21699 4781
4781 21699
21699 4839
4839 21699
21699 5177
5177 21699
21699 5369
5369 21699
21699 5914
5914 21699
21699 6403
6403 21699
21699 6450
6450 21699
21699 6488
6488 21699
21699 6891
6891 21699
21699 7383
7383 21699
21699 7539
7539 21699
21699 7778
7778 21699
21699 8990
8990 21699
21699 11607
11607 21699
21699 14805
14805 21699
21699 18472
18472 21699
21699 19861
19861 21699
21699 20904
20904 21699
21699 21699
21699 21699
21699 22437
22437 21699
21699 24192
24192 21699
21699 24445
24445 21699
21699 24545
24545 21699
21786 111
111 21786
21786 240
240 21786
21926 1045
1045 21926
21926 5645
5645 21926
21954 275
275 21954
21954 533
533 21954
21954 804
804 21954
21954 907
907 21954
21954 997
997 21954
21954 1708
1708 21954
21954 2194
2194 21954
21954 2304
2304 21954
21954 2349
2349 21954
21954 2416
2416 21954
21954 3090
3090 21954
21954 3403
3403 21954
21954 4153
4153 21954
21954 5645
5645 21954
21954 6095
6095 21954
21954 7027
7027 21954
21954 7130
7130 21954
21954 7539
7539 21954
21954 7758
7758 21954
21954 7910
7910 21954
21954 7923
7923 21954
21954 8077
8077 21954
21954 8321
8321 21954
21954 8417
8417 21954
21954 8676
8676 21954
21954 8921
8921 21954
21954 8947
8947 21954
21954 9025
9025 21954
21954 9461
9461 21954
21954 12510
12510 21954
21954 16508
16508 21954
21954 18169
18169 21954
21954 18472
18472 21954
21954 19866
19866 21954
21954 20800
20800 21954
21954 21954
21954 21954
22167 2194
2194 22167
22167 3302
3302 22167
22167 9025
9025 22167
22167 10259
10259 22167
22167 11488
11488 22167
22167 22167
22167 22167
22197 7498
7498 22197
22225 22225
22225 22225
22283 3309
3309 22283
22315 726
726 22315
22315 804
804 22315
22315 894
894 22315
22315 903
903 22315
22315 997
997 22315
22315 1202
1202 22315
22315 1671
1671 22315
22315 2194
2194 22315
22315 2831
2831 22315
22315 2961
2961 22315
22315 3153
3153 22315
22315 3425
3425 22315
22315 4440
4440 22315
22315 5716
5716 22315
22315 6521
6521 22315
22315 7322
7322 22315
22315 7487
7487 22315
22315 7498
7498 22315
22315 7923
7923 22315
22315 8353
8353 22315
22315 13336
13336 22315
22315 14920
14920 22315
22315 19866
19866 22315
22315 20904
20904 22315
22315 21954
21954 22315
22315 22315
22315 22315
22412 2304
2304 22412
22412 2831
2831 22412
22412 5369
5369 22412
22412 8077
8077 22412
22412 12685
12685 22412
22412 19866
19866 22412
22412 22412
22412 22412
22412 24394
24394 22412
22465 6961
6961 22465
22465 22465
22465 22465
22587 4187
4187 22587
22696 1202
1202 22696
22696 15178
15178 22696
22718 68
68 22718
22718 15652
15652 22718
22748 11926
11926 22748
22905 2304
2304 22905
22905 8638
8638 22905
22905 22905
22905 22905
22990 1871
1871 22990
22990 4187
4187 22990
22990 8439
8439 22990
22990 14469
14469 22990
22990 19866
19866 22990
23039 0
0 23039
23039 570
570 23039
23039 907
907 23039
23039 936
936 23039
23039 997
997 23039
23039 1296
1296 23039
23039 1871
1871 23039
23039 2416
2416 23039
23039 2441
2441 23039
23039 2831
2831 23039
23039 2913
2913 23039
23039 3415
3415 23039
23039 3733
3733 23039
23039 4187
4187 23039
23039 4406
4406 23039
23039 4458
4458 23039
23039 4593
4593 23039
23039 4877
4877 23039
23039 4920
4920 23039
23039 5071
5071 23039
23039 5409
5409 23039
23039 5544
5544 23039
23039 6095
6095 23039
23039 6407
6407 23039
23039 6557
6557 23039
23039 6681
6681 23039
23039 7291
7291 23039
23039 7379
7379 23039
23039 7481
7481 23039
23039 7487
7487 23039
23039 7539
7539 23039
23039 7648
7648 23039
23039 8251
8251 23039
23039 8470
8470 23039
23039 8709
8709 23039
23039 8908
8908 23039
23039 8939
8939 23039
23039 8992
8992 23039
23039 8996
8996 23039
23039 9017
9017 23039
23039 9025
9025 23039
23039 9239
9239 23039
23039 11313
11313 23039
23039 12572
12572 23039
23039 13003
13003 23039
23039 13786
13786 23039
23039 14538
14538 23039
23039 15360
15360 23039
23039 16018
16018 23039
23039 18056
18056 23039
23039 18955
18955 23039
23039 19432
19432 23039
23039 19554
19554 23039
23039 19866
19866 23039
23039 20674
20674 23039
23039 21954
21954 23039
23039 22167
22167 23039
23039 22315
22315 23039
23039 23039
23039 23039
23039 24293
24293 23039
23039 24451
24451 23039
23039 24639
24639 23039
23473 11926
11926 23473
23854 8470
8470 23854
23854 20904
20904 23854
24037 2913
2913 24037
24037 5386
5386 24037
24037 24037
24037 24037
24062 726
726 24062
24164 24164
24164 24164
24192 3090
3090 24192
24192 4920
4920 24192
24259 2416
2416 24259
24288 2194
2194 24288
24288 2416
2416 24288
24288 2487
2487 24288
24288 2976
2976 24288
24288 4492
4492 24288
24293 533
533 24293
24293 2386
2386 24293
24293 2976
2976 24293
24293 4406
4406 24293
24293 4411
4411 24293
24293 4458
4458 24293
24293 4537
4537 24293
24293 4593
4593 24293
24293 5284
5284 24293
24293 6603
6603 24293
24293 6681
6681 24293
24293 23039
23039 24293
24293 24293
24293 24293
24308 2491
2491 24308
24308 3468
3468 24308
24308 4593
4593 24308
24308 5845
5845 24308
24308 7648
7648 24308
24308 8107
8107 24308
24308 24308
24308 24308
24322 8107
8107 24322
24379 804
804 24379
24379 914
914 24379
24379 2416
2416 24379
24379 2913
2913 24379
24379 5177
5177 24379
24379 5364
5364 24379
24379 5572
5572 24379
24379 8512
8512 24379
24379 9025
9025 24379
24379 14805
14805 24379
24379 14835
14835 24379
24379 19554
19554 24379
24379 24379
24379 24379
24380 0
0 24380
24380 554
554 24380
24380 1045
1045 24380
24380 2416
2416 24380
24380 2467
2467 24380
24380 2491
2491 24380
24380 3002
3002 24380
24380 4492
4492 24380
24380 4920
4920 24380
24380 6537
6537 24380
24380 7581
7581 24380
24380 9025
9025 24380
24380 19946
19946 24380
24394 545
545 24394
24394 666
666 24394
24394 804
804 24394
24394 997
997 24394
24394 2416
2416 24394
24394 2713
2713 24394
24394 2831
2831 24394
24394 2961
2961 24394
24394 4440
4440 24394
24394 5369
5369 24394
24394 6542
6542 24394
24394 7389
7389 24394
24394 7487
7487 24394
24394 8321
8321 24394
24394 8353
8353 24394
24394 9239
9239 24394
24394 12572
12572 24394
24394 22315
22315 24394
24394 24394
24394 24394
24409 545
545 24409
24409 804
804 24409
24409 2304
2304 24409
24409 4133
4133 24409
24409 5369
5369 24409
24409 5544
5544 24409
24409 5716
5716 24409
24409 6874
6874 24409
24409 9025
9025 24409
24409 9461
9461 24409
24409 13726
13726 24409
24409 19432
19432 24409
24409 20399
20399 24409
24409 21954
21954 24409
24421 9025
9025 24421
24445 726
726 24445
24445 6961
6961 24445
24445 24445
24445 24445
24451 1220
1220 24451
24451 1846
1846 24451
24451 1913
1913 24451
24451 2416
2416 24451
24451 2487
2487 24451
24451 3049
3049 24451
24451 3425
3425 24451
24451 3468
3468 24451
24451 4324
4324 24451
24451 4440
4440 24451
24451 5544
5544 24451
24451 6414
6414 24451
24451 6655
6655 24451
24451 7481
7481 24451
24451 7667
7667 24451
24451 8975
8975 24451
24451 9017
9017 24451
24451 9239
9239 24451
24451 10121
10121 24451
24451 14805
14805 24451
24451 18955
18955 24451
24451 22167
22167 24451
24451 23039
23039 24451
24451 24451
24451 24451
24526 997
997 24526
24526 2831
2831 24526
24526 6450
6450 24526
24526 7581
7581 24526
24526 10259
10259 24526
24526 14171
14171 24526
24526 22559
22559 24526
24526 24545
24545 24526
24544 804
804 24544
24545 666
666 24545
24545 2913
2913 24545
24545 12572
12572 24545
24545 13336
13336 24545
24545 19866
19866 24545
24567 914
914 24567
24567 2416
2416 24567
24591 1632
1632 24591
24591 6961
6961 24591
24591 13726
13726 24591
24601 2361
2361 24601
24601 3874
3874 24601
24601 7322
7322 24601
24601 7481
7481 24601
24601 11835
11835 24601
24601 11926
11926 24601
24601 24601
24601 24601
24639 4877
4877 24639
24639 9025
9025 24639
24676 5176
5176 24676
24704 9025
9025 24704
