0 642
642 0
0 5570
5570 0
14 14
14 14
21 866
866 21
21 10090
10090 21
21 15282
15282 21
44 44
44 44
44 49
49 44
44 602
602 44
44 764
764 44
44 1532
1532 44
44 1842
1842 44
44 2882
2882 44
44 2984
2984 44
44 3172
3172 44
44 3227
3227 44
44 4308
4308 44
44 4408
4408 44
44 4638
4638 44
44 5031
5031 44
44 5037
5037 44
44 5373
5373 44
44 5484
5484 44
44 5600
5600 44
44 8996
8996 44
44 13383
13383 44
44 16591
16591 44
44 16900
16900 44
44 21914
21914 44
44 22134
22134 44
44 22373
22373 44
44 24722
24722 44
49 44
44 49
49 49
49 49
49 1264
1264 49
49 4638
4638 49
49 21800
21800 49
97 97
97 97
97 130
130 97
97 8996
8996 97
97 17276
17276 97
99 99
99 99
99 2036
2036 99
99 5510
5510 99
115 115
115 115
115 412
412 115
115 1221
1221 115
115 1530
1530 115
115 1632
1632 115
115 2384
2384 115
115 4308
4308 115
115 4482
4482 115
115 4672
4672 115
115 4756
4756 115
115 4860
4860 115
115 5299
5299 115
115 5332
5332 115
115 5497
5497 115
115 5603
5603 115
115 6049
6049 115
115 12090
12090 115
115 18291
18291 115
115 24710
24710 115
117 5406
5406 117
121 596
596 121
125 20673
20673 125
130 130
130 130
130 5198
5198 130
130 5599
5599 130
130 16018
16018 130
155 155
155 155
155 2615
2615 155
194 194
194 194
194 5348
5348 194
194 5384
5384 194
194 6660
6660 194
205 15447
15447 205
212 212
212 212
212 567
567 212
212 18034
18034 212
213 524
524 213
213 2194
2194 213
213 3476
3476 213
213 3551
3551 213
213 5327
5327 213
213 5345
5345 213
213 5356
5356 213
213 14835
14835 213
213 17768
17768 213
213 20512
20512 213
231 231
231 231
231 642
642 231
231 764
764 231
231 1846
1846 231
231 2143
2143 231
231 2997
2997 231
231 3172
3172 231
231 4926
4926 231
231 12823
12823 231
231 14029
14029 231
231 15610
15610 231
252 252
252 252
252 1913
1913 252
252 5502
5502 252
252 5532
5532 252
252 12316
12316 252
252 14920
14920 252
252 18602
18602 252
255 213
213 255
255 255
255 255
255 361
361 255
255 642
642 255
255 1013
1013 255
255 1018
1018 255
255 1105
1105 255
255 1658
1658 255
255 1901
1901 255
255 2467
2467 255
255 3055
3055 255
255 3337
3337 255
255 3551
3551 255
255 4685
4685 255
255 4737
4737 255
255 4782
4782 255
255 5354
5354 255
255 5387
5387 255
255 5462
5462 255
255 5479
5479 255
255 5513
5513 255
255 5517
5517 255
255 5559
5559 255
255 5855
5855 255
255 6880
6880 255
255 7648
7648 255
255 8107
8107 255
255 8353
8353 255
255 8984
8984 255
255 8995
8995 255
255 9724
9724 255
255 11698
11698 255
255 12432
12432 255
255 12473
12473 255
255 12646
12646 255
255 12834
12834 255
255 13181
13181 255
255 13969
13969 255
255 14927
14927 255
255 15193
15193 255
255 17097
17097 255
255 18764
18764 255
255 19105
19105 255
255 19554
19554 255
255 20726
20726 255
255 21954
21954 255
255 24065
24065 255
255 24408
24408 255
260 260
260 260
260 5506
5506 260
260 18602
18602 260
271 310
310 271
271 8353
8353 271
271 21394
21394 271
285 285
285 285
285 1020
1020 285
285 5196
5196 285
285 5257
5257 285
285 5503
5503 285
285 8939
8939 285
285 14379
14379 285
287 5487
5487 287
310 271
271 310
312 312
312 312
312 3227
3227 312
320 20446
20446 320
335 16076
16076 335
337 337
337 337
344 130
130 344
344 8321
8321 344
344 9025
9025 344
344 23039
23039 344
348 348
348 348
348 4441
4441 348
348 5448
5448 348
348 18202
18202 348
348 23219
23219 348
349 3963
3963 349
386 5321
5321 386
401 8353
8353 401
408 21878
21878 408
412 115
115 412
412 412
412 412
412 1530
1530 412
412 5276
5276 412
412 5577
5577 412
412 5616
5616 412
451 5592
5592 451
462 20146
20146 462
471 9331
9331 471
482 4411
4411 482
482 16775
16775 482
491 3336
3336 491
498 4735
4735 498
498 7648
7648 498
524 1137
1137 524
525 4879
4879 525
540 24156
24156 540
545 9365
9365 545
557 213
213 557
557 557
557 557
557 14888
14888 557
574 574
574 574
574 4312
4312 574
576 576
576 576
579 9057
9057 579
596 14
14 596
596 121
121 596
596 596
596 596
596 3528
3528 596
596 4106
4106 596
596 4146
4146 596
596 4371
4371 596
596 4407
4407 596
596 5328
5328 596
596 5335
5335 596
596 5340
5340 596
596 5392
5392 596
596 5480
5480 596
596 5576
5576 596
596 7923
7923 596
596 8939
8939 596
596 11929
11929 596
596 18293
18293 596
596 21240
21240 596
596 21702
21702 596
596 23956
23956 596
596 24333
24333 596
601 4920
4920 601
601 14805
14805 601
601 24409
24409 601
607 14189
14189 607
622 441
441 622
623 623
623 623
623 968
968 623
623 5031
5031 623
623 5513
5513 623
623 11929
11929 623
638 638
638 638
638 1403
1403 638
640 640
640 640
640 4638
4638 640
640 16047
16047 640
642 212
212 642
642 231
231 642
642 255
255 642
642 642
642 642
642 726
726 642
642 968
968 642
642 1846
1846 642
642 1901
1901 642
642 1951
1951 642
642 3358
3358 642
642 3714
3714 642
642 4393
4393 642
642 4441
4441 642
642 4782
4782 642
642 4785
4785 642
642 5127
5127 642
642 5285
5285 642
642 5289
5289 642
642 5325
5325 642
642 5404
5404 642
642 5406
5406 642
642 5417
5417 642
642 5423
5423 642
642 5431
5431 642
642 5454
5454 642
642 5461
5461 642
642 5490
5490 642
642 5506
5506 642
642 5529
5529 642
642 5569
5569 642
642 5617
5617 642
642 6437
6437 642
642 8921
8921 642
642 9275
9275 642
642 10253
10253 642
642 11152
11152 642
642 12090
12090 642
642 13337
13337 642
642 17050
17050 642
642 17768
17768 642
642 18602
18602 642
642 19876
19876 642
642 23219
23219 642
642 24150
24150 642
642 24226
24226 642
642 24520
24520 642
644 4920
4920 644
705 705
705 705
726 14
14 726
726 601
601 726
726 726
726 726
726 866
866 726
726 1609
1609 726
726 2375
2375 726
726 2812
2812 726
726 4685
4685 726
726 5285
5285 726
726 5360
5360 726
726 5402
5402 726
726 5412
5412 726
726 7648
7648 726
726 16345
16345 726
726 18034
18034 726
726 23348
23348 726
737 5524
5524 737
740 5480
5480 740
764 14806
14806 764
776 776
776 776
776 946
946 776
776 4308
4308 776
776 17276
17276 776
776 24088
24088 776
776 24409
24409 776
830 31
31 830
830 830
830 830
830 833
833 830
830 1137
1137 830
830 2655
2655 830
830 5486
5486 830
830 5510
5510 830
830 5513
5513 830
830 5570
5570 830
830 5600
5600 830
830 9516
9516 830
830 16946
16946 830
833 833
833 833
833 12870
12870 833
833 18169
18169 833
847 8921
8921 847
866 866
866 866
887 23956
23956 887
890 5518
5518 890
895 16900
16900 895
906 2361
2361 906
906 4913
4913 906
906 5406
5406 906
906 14583
14583 906
926 9776
9776 926
929 130
130 929
929 4411
4411 929
929 4934
4934 929
929 5192
5192 929
929 5274
5274 929
929 5520
5520 929
929 5585
5585 929
929 9893
9893 929
929 13184
13184 929
934 934
934 934
934 6811
6811 934
934 8996
8996 934
935 935
935 935
935 4952
4952 935
935 5546
5546 935
946 946
946 946
946 4928
4928 946
946 5433
5433 946
946 5504
5504 946
946 6049
6049 946
946 9551
9551 946
949 5468
5468 949
949 10408
10408 949
968 642
642 968
968 1850
1850 968
968 2361
2361 968
968 5067
5067 968
968 5114
5114 968
988 3528
3528 988
993 13181
13181 993
993 19915
19915 993
1013 726
726 1013
1013 1013
1013 1013
1013 2413
2413 1013
1013 2592
2592 1013
1013 2997
2997 1013
1013 4370
4370 1013
1013 5203
5203 1013
1013 5285
5285 1013
1013 5433
5433 1013
1013 5513
5513 1013
1013 6961
6961 1013
1013 21876
21876 1013
1013 23946
23946 1013
1018 255
255 1018
1018 776
776 1018
1018 1018
1018 1018
1018 3227
3227 1018
1018 3538
3538 1018
1018 14386
14386 1018
1020 285
285 1020
1022 8984
8984 1022
1037 23927
23927 1037
1045 2194
2194 1045
1045 9025
9025 1045
1045 23472
23472 1045
1053 1053
1053 1053
1053 2236
2236 1053
1097 1097
1097 1097
1097 5447
5447 1097
1097 19901
19901 1097
1105 213
213 1105
1105 231
231 1105
1105 255
255 1105
1105 260
260 1105
1105 1105
1105 1105
1105 1532
1532 1105
1105 1676
1676 1105
1105 1989
1989 1105
1105 2239
2239 1105
1105 2570
2570 1105
1105 3072
3072 1105
1105 3947
3947 1105
1105 4242
4242 1105
1105 4308
4308 1105
1105 5127
5127 1105
1105 5376
5376 1105
1105 5462
5462 1105
1105 5487
5487 1105
1105 5504
5504 1105
1105 5537
5537 1105
1105 5563
5563 1105
1105 5598
5598 1105
1105 9025
9025 1105
1105 10811
10811 1105
1105 11313
11313 1105
1105 11725
11725 1105
1105 12894
12894 1105
1105 14888
14888 1105
1105 15097
15097 1105
1105 15450
15450 1105
1105 16047
16047 1105
1105 16900
16900 1105
1105 17349
17349 1105
1105 17880
17880 1105
1105 18426
18426 1105
1105 18602
18602 1105
1105 19876
19876 1105
1105 22217
22217 1105
1105 24333
24333 1105
1105 24349
24349 1105
1109 172
172 1109
1109 10183
10183 1109
1110 3476
3476 1110
1110 5371
5371 1110
1137 524
524 1137
1137 1137
1137 1137
1137 2655
2655 1137
1137 3072
3072 1137
1137 3925
3925 1137
1137 4242
4242 1137
1137 5311
5311 1137
1137 5505
5505 1137
1137 5567
5567 1137
1137 5600
5600 1137
1137 9365
9365 1137
1137 9516
9516 1137
1137 16892
16892 1137
1137 20512
20512 1137
1140 1639
1639 1140
1140 2685
2685 1140
1140 5002
5002 1140
1140 5257
5257 1140
1141 7648
7648 1141
1158 255
255 1158
1158 1158
1158 1158
1158 4926
4926 1158
1158 5517
5517 1158
1158 11929
11929 1158
1158 18034
18034 1158
1158 18689
18689 1158
1173 24721
24721 1173
1188 16600
16600 1188
1215 993
993 1215
1215 3372
3372 1215
1215 13969
13969 1215
1220 11657
11657 1220
1221 1221
1221 1221
1221 4482
4482 1221
1221 5321
5321 1221
1221 17768
17768 1221
1221 18689
18689 1221
1221 24088
24088 1221
1234 19454
19454 1234
1244 5372
5372 1244
1244 18416
18416 1244
1244 18602
18602 1244
1248 4439
4439 1248
1260 8199
8199 1260
1264 49
49 1264
1269 1269
1269 1269
1281 2194
2194 1281
1281 14386
14386 1281
1312 260
260 1312
1312 1312
1312 1312
1312 4255
4255 1312
1312 9239
9239 1312
1312 22048
22048 1312
1312 24409
24409 1312
1313 1313
1313 1313
1313 4242
4242 1313
1313 11698
11698 1313
1313 11929
11929 1313
1313 13027
13027 1313
1313 22742
22742 1313
1316 22513
22513 1316
1316 24710
24710 1316
1317 1317
1317 1317
1317 2633
2633 1317
1318 2491
2491 1318
1318 12053
12053 1318
1346 830
830 1346
1346 1346
1346 1346
1346 2024
2024 1346
1346 2655
2655 1346
1346 3925
3925 1346
1346 13786
13786 1346
1346 19730
19730 1346
1384 5538
5538 1384
1384 9030
9030 1384
1393 20883
20883 1393
1393 23407
23407 1393
1399 16163
16163 1399
1403 638
638 1403
1403 1403
1403 1403
1403 2633
2633 1403
1403 4898
4898 1403
1403 5127
5127 1403
1403 5164
5164 1403
1403 21786
21786 1403
1410 1410
1410 1410
1422 9851
9851 1422
1430 503
503 1430
1430 1430
1430 1430
1430 1913
1913 1430
1430 2307
2307 1430
1430 2629
2629 1430
1430 4685
4685 1430
1430 4870
4870 1430
1430 4920
4920 1430
1430 5447
5447 1430
1430 5478
5478 1430
1430 5481
5481 1430
1430 5490
5490 1430
1430 5566
5566 1430
1430 5611
5611 1430
1430 8921
8921 1430
1430 22651
22651 1430
1454 1454
1454 1454
1462 5203
5203 1462
1469 1469
1469 1469
1493 1493
1493 1493
1495 5412
5412 1495
1495 20512
20512 1495
1520 5378
5378 1520
1520 17736
17736 1520
1530 115
115 1530
1532 24133
24133 1532
1547 213
213 1547
1547 5587
5587 1547
1569 1569
1569 1569
1569 5417
5417 1569
1569 24320
24320 1569
1609 726
726 1609
1609 1609
1609 1609
1609 3091
3091 1609
1609 3804
3804 1609
1609 10090
10090 1609
1609 24448
24448 1609
1616 252
252 1616
1616 1913
1913 1616
1632 115
115 1632
1632 412
412 1632
1632 1141
1141 1632
1632 1632
1632 1632
1632 5304
5304 1632
1632 5322
5322 1632
1632 5337
5337 1632
1632 5378
5378 1632
1658 255
255 1658
1658 623
623 1658
1658 1658
1658 1658
1658 2583
2583 1658
1658 5304
5304 1658
1658 5356
5356 1658
1658 14927
14927 1658
1658 16047
16047 1658
1665 8996
8996 1665
1676 1676
1676 1676
1692 255
255 1692
1692 5479
5479 1692
1740 49
49 1740
1740 1105
1105 1740
1740 1989
1989 1740
1740 2882
2882 1740
1740 4242
4242 1740
1740 4308
4308 1740
1740 5262
5262 1740
1740 5373
5373 1740
1740 10259
10259 1740
1740 15237
15237 1740
1740 16047
16047 1740
1740 23927
23927 1740
1741 1202
1202 1741
1741 2388
2388 1741
1741 2580
2580 1741
1741 5122
5122 1741
1741 5409
5409 1741
1780 1780
1780 1780
1780 2438
2438 1780
1780 2624
2624 1780
1780 5341
5341 1780
1780 17297
17297 1780
1796 12432
12432 1796
1827 2467
2467 1827
1842 44
44 1842
1842 1842
1842 1842
1842 21240
21240 1842
1846 231
231 1846
1846 601
601 1846
1846 623
623 1846
1846 1312
1312 1846
1846 1780
1780 1846
1846 1846
1846 1846
1846 2438
2438 1846
1846 3192
3192 1846
1846 4237
4237 1846
1846 5372
5372 1846
1846 5417
5417 1846
1846 5542
5542 1846
1846 5581
5581 1846
1846 5613
5613 1846
1846 6437
6437 1846
1846 8984
8984 1846
1846 8995
8995 1846
1846 11698
11698 1846
1846 13099
13099 1846
1846 17092
17092 1846
1846 18602
18602 1846
1846 21702
21702 1846
1846 22424
22424 1846
1846 24276
24276 1846
1846 24320
24320 1846
1846 24442
24442 1846
1850 1850
1850 1850
1851 7778
7778 1851
1851 8289
8289 1851
1862 1862
1862 1862
1862 12190
12190 1862
1887 1887
1887 1887
1887 13786
13786 1887
1889 24445
24445 1889
1899 20285
20285 1899
1901 255
255 1901
1901 1901
1901 1901
1901 4638
4638 1901
1901 5535
5535 1901
1901 16998
16998 1901
1913 1913
1913 1913
1913 5304
5304 1913
1913 5311
5311 1913
1913 5507
5507 1913
1913 9239
9239 1913
1913 11929
11929 1913
1913 18602
18602 1913
1934 1934
1934 1934
1951 408
408 1951
1951 866
866 1951
1951 1018
1018 1951
1951 1951
1951 1951
1951 2375
2375 1951
1951 2831
2831 1951
1951 4370
4370 1951
1951 4913
4913 1951
1951 5171
5171 1951
1951 5335
5335 1951
1951 5337
5337 1951
1951 5407
5407 1951
1951 5445
5445 1951
1951 21786
21786 1951
1951 24183
24183 1951
1951 24226
24226 1951
1951 24250
24250 1951
1989 1989
1989 1989
1989 4242
4242 1989
1989 9030
9030 1989
1991 255
255 1991
1999 1901
1901 1999
2020 155
155 2020
2024 2024
2024 2024
2036 99
99 2036
2036 2036
2036 2036
2036 5498
5498 2036
2036 11577
11577 2036
2036 18602
18602 2036
2036 19087
19087 2036
2036 19379
19379 2036
2036 19901
19901 2036
2036 20355
20355 2036
2053 4308
4308 2053
2053 5304
5304 2053
2053 9275
9275 2053
2053 14029
14029 2053
2053 23348
23348 2053
2069 3227
3227 2069
2134 1454
1454 2134
2134 1493
1493 2134
2134 1846
1846 2134
2134 2134
2134 2134
2134 2388
2388 2134
2134 3218
3218 2134
2134 4237
4237 2134
2134 5384
5384 2134
2134 5411
5411 2134
2134 5444
5444 2134
2134 9030
9030 2134
2134 15450
15450 2134
2134 16076
16076 2134
2134 21927
21927 2134
2134 24033
24033 2134
2134 24354
24354 2134
2143 231
231 2143
2143 1493
1493 2143
2152 2152
2152 2152
2194 260
260 2194
2194 503
503 2194
2194 726
726 2194
2194 830
830 2194
2194 1013
1013 2194
2194 1105
1105 2194
2194 1137
1137 2194
2194 1140
1140 2194
2194 2194
2194 2194
2194 2361
2361 2194
2194 2592
2592 2194
2194 3172
3172 2194
2194 4491
4491 2194
2194 4638
4638 2194
2194 4672
4672 2194
2194 4731
4731 2194
2194 4950
4950 2194
2194 5031
5031 2194
2194 5127
5127 2194
2194 5325
5325 2194
2194 5388
5388 2194
2194 5409
5409 2194
2194 5411
5411 2194
2194 5444
5444 2194
2194 5451
5451 2194
2194 5468
5468 2194
2194 5479
5479 2194
2194 5538
5538 2194
2194 5598
5598 2194
2194 5626
5626 2194
2194 8984
8984 2194
2194 9239
9239 2194
2194 10408
10408 2194
2194 18574
18574 2194
2194 20512
20512 2194
2194 24308
24308 2194
2197 776
776 2197
2197 2197
2197 2197
2197 12117
12117 2197
2202 5043
5043 2202
2236 1053
1053 2236
2236 2236
2236 2236
2236 4638
4638 2236
2239 130
130 2239
2239 1901
1901 2239
2239 2239
2239 2239
2239 3172
3172 2239
2239 5598
5598 2239
2239 11840
11840 2239
2239 16047
16047 2239
2242 2242
2242 2242
2242 20512
20512 2242
2304 1913
1913 2304
2304 12358
12358 2304
2307 2307
2307 2307
2307 4671
4671 2307
2307 4920
4920 2307
2307 5413
5413 2307
2307 5437
5437 2307
2307 5482
5482 2307
2307 5628
5628 2307
2307 18602
18602 2307
2307 22265
22265 2307
2307 24226
24226 2307
2343 2343
2343 2343
2343 18619
18619 2343
2361 968
968 2361
2361 2361
2361 2361
2361 3055
3055 2361
2361 4237
4237 2361
2361 5261
5261 2361
2361 5372
5372 2361
2361 5491
5491 2361
2361 5550
5550 2361
2361 5617
5617 2361
2361 8921
8921 2361
2361 9025
9025 2361
2361 14583
14583 2361
2361 16076
16076 2361
2361 18602
18602 2361
2361 22592
22592 2361
2361 22708
22708 2361
2361 24246
24246 2361
2361 24520
24520 2361
2375 2375
2375 2375
2375 19901
19901 2375
2384 213
213 2384
2384 2384
2384 2384
2384 3302
3302 2384
2384 4242
4242 2384
2384 5486
5486 2384
2384 11313
11313 2384
2384 16268
16268 2384
2384 18291
18291 2384
2384 24710
24710 2384
2387 471
471 2387
2387 2387
2387 2387
2387 4265
4265 2387
2387 5326
5326 2387
2388 1741
1741 2388
2388 2388
2388 2388
2388 3337
3337 2388
2388 5311
5311 2388
2388 19105
19105 2388
2392 596
596 2392
2392 1221
1221 2392
2392 1383
1383 2392
2392 2392
2392 2392
2392 4242
4242 2392
2392 4638
4638 2392
2392 10121
10121 2392
2392 17801
17801 2392
2409 4920
4920 2409
2411 21300
21300 2411
2413 231
231 2413
2413 764
764 2413
2413 1013
1013 2413
2413 2036
2036 2413
2413 2375
2375 2413
2413 2387
2387 2413
2413 2413
2413 2413
2413 3072
3072 2413
2413 3716
3716 2413
2413 4113
4113 2413
2413 4370
4370 2413
2413 4756
4756 2413
2413 4782
4782 2413
2413 5127
5127 2413
2413 5436
5436 2413
2413 5518
5518 2413
2413 5569
5569 2413
2413 13099
13099 2413
2413 13141
13141 2413
2413 14387
14387 2413
2413 16076
16076 2413
2413 17801
17801 2413
2413 18602
18602 2413
2413 21875
21875 2413
2417 1846
1846 2417
2421 5304
5304 2421
2438 1780
1780 2438
2455 2455
2455 2455
2455 3392
3392 2455
2455 18438
18438 2455
2462 5302
5302 2462
2487 623
623 2487
2487 2487
2487 2487
2487 5325
5325 2487
2487 5403
5403 2487
2487 5433
5433 2487
2487 5613
5613 2487
2487 9239
9239 2487
2487 11819
11819 2487
2487 13099
13099 2487
2487 16186
16186 2487
2491 1318
1318 2491
2491 1934
1934 2491
2491 2491
2491 2491
2491 3227
3227 2491
2491 15116
15116 2491
2497 833
833 2497
2497 1221
1221 2497
2497 3083
3083 2497
2497 4785
4785 2497
2497 5145
5145 2497
2497 5171
5171 2497
2497 5325
5325 2497
2497 5397
5397 2497
2497 5409
5409 2497
2497 5469
5469 2497
2497 5569
5569 2497
2497 5570
5570 2497
2497 16892
16892 2497
2497 18602
18602 2497
2497 19469
19469 2497
2497 24320
24320 2497
2499 4265
4265 2499
2508 4928
4928 2508
2510 2510
2510 2510
2583 5600
5600 2583
2591 5504
5504 2591
2592 260
260 2592
2592 412
412 2592
2592 642
642 2592
2592 726
726 2592
2592 1410
1410 2592
2592 1951
1951 2592
2592 2152
2152 2592
2592 2592
2592 2592
2592 2629
2629 2592
2592 2633
2633 2592
2592 3015
3015 2592
2592 3152
3152 2592
2592 3372
3372 2592
2592 4242
4242 2592
2592 4498
4498 2592
2592 4870
4870 2592
2592 5203
5203 2592
2592 5232
5232 2592
2592 5256
5256 2592
2592 5257
5257 2592
2592 5389
5389 2592
2592 5413
5413 2592
2592 5466
5466 2592
2592 5467
5467 2592
2592 5484
5484 2592
2592 5524
5524 2592
2592 5568
5568 2592
2592 5598
5598 2592
2592 5975
5975 2592
2592 6528
6528 2592
2592 8127
8127 2592
2592 8921
8921 2592
2592 9275
9275 2592
2592 10811
10811 2592
2592 11579
11579 2592
2592 13184
13184 2592
2592 14045
14045 2592
2592 15935
15935 2592
2592 18602
18602 2592
2592 19149
19149 2592
2592 21876
21876 2592
2592 21954
21954 2592
2592 22265
22265 2592
2592 22276
22276 2592
2592 23219
23219 2592
2592 24409
24409 2592
2593 5219
5219 2593
2611 2611
2611 2611
2622 5127
5127 2622
2622 5329
5329 2622
2622 11579
11579 2622
2622 19881
19881 2622
2629 503
503 2629
2629 929
929 2629
2629 1097
1097 2629
2629 1951
1951 2629
2629 2036
2036 2629
2629 2629
2629 2629
2629 2736
2736 2629
2629 3015
3015 2629
2629 4870
4870 2629
2629 4934
4934 2629
2629 5455
5455 2629
2629 5523
5523 2629
2629 8450
8450 2629
2629 11700
11700 2629
2629 15360
15360 2629
2629 24250
24250 2629
2633 1317
1317 2633
2633 2633
2633 2633
2633 5127
5127 2633
2633 5527
5527 2633
2633 6437
6437 2633
2633 13337
13337 2633
2633 24252
24252 2633
2633 24524
24524 2633
2654 3476
3476 2654
2655 130
130 2655
2655 1346
1346 2655
2655 2655
2655 2655
2831 1951
1951 2831
2831 4685
4685 2831
2831 24226
24226 2831
2872 11700
11700 2872
2872 18689
18689 2872
2876 2876
2876 2876
2880 2880
2880 2880
2880 10090
10090 2880
2882 44
44 2882
2882 2882
2882 2882
2939 2939
2939 2939
2961 18602
18602 2961
2984 44
44 2984
2984 4242
4242 2984
2984 24167
24167 2984
2992 4242
4242 2992
2997 231
231 2997
2997 2413
2413 2997
2997 5336
5336 2997
2997 5343
5343 2997
2997 16076
16076 2997
2997 16345
16345 2997
2997 18426
18426 2997
2997 18764
18764 2997
2997 19886
19886 2997
2998 1105
1105 2998
2998 1137
1137 2998
2998 9516
9516 2998
2998 18426
18426 2998
2998 20512
20512 2998
2998 21800
21800 2998
3015 3015
3015 3015
3023 5628
5628 3023
3049 1780
1780 3049
3049 3049
3049 3049
3049 4237
4237 3049
3049 5501
5501 3049
3049 14379
14379 3049
3049 24520
24520 3049
3055 3055
3055 3055
3055 4237
4237 3055
3055 4782
4782 3055
3055 5009
5009 3055
3055 5296
5296 3055
3055 9516
9516 3055
3055 16186
16186 3055
3055 18689
18689 3055
3060 2831
2831 3060
3072 2413
2413 3072
3091 255
255 3091
3091 1609
1609 3091
3113 130
130 3113
3113 2307
2307 3113
3113 3113
3113 3113
3113 3168
3168 3113
3113 5482
5482 3113
3113 5507
5507 3113
3113 5588
5588 3113
3113 8921
8921 3113
3113 9842
9842 3113
3113 10253
10253 3113
3113 18602
18602 3113
3113 21786
21786 3113
3113 24226
24226 3113
3152 3152
3152 3152
3162 11157
11157 3162
3168 3168
3168 3168
3168 11579
11579 3168
3172 231
231 3172
3172 503
503 3172
3172 623
623 3172
3172 642
642 3172
3172 1403
1403 3172
3172 2392
2392 3172
3172 3172
3172 3172
3172 3716
3716 3172
3172 3947
3947 3172
3172 4735
4735 3172
3172 4952
4952 3172
3172 5127
5127 3172
3172 5274
5274 3172
3172 5311
5311 3172
3172 5321
5321 3172
3172 5372
5372 3172
3172 5487
5487 3172
3172 5496
5496 3172
3172 5503
5503 3172
3172 5510
5510 3172
3172 5522
5522 3172
3172 5569
5569 3172
3172 5598
5598 3172
3172 8996
8996 3172
3172 9025
9025 3172
3172 9275
9275 3172
3172 13099
13099 3172
3172 13118
13118 3172
3172 13184
13184 3172
3172 13379
13379 3172
3172 14094
14094 3172
3172 17768
17768 3172
3172 17801
17801 3172
3172 18034
18034 3172
3172 20355
20355 3172
3172 20512
20512 3172
3172 23711
23711 3172
3192 130
130 3192
3192 3145
3145 3192
3192 3192
3192 3192
3192 3571
3571 3192
3192 3626
3626 3192
3192 4280
4280 3192
3192 4340
4340 3192
3192 4406
4406 3192
3192 4870
4870 3192
3192 5096
5096 3192
3192 5331
5331 3192
3192 5372
5372 3192
3192 5429
5429 3192
3192 5503
5503 3192
3192 7661
7661 3192
3192 8321
8321 3192
3192 9842
9842 3192
3192 10811
10811 3192
3192 11926
11926 3192
3192 15229
15229 3192
3192 24226
24226 3192
3203 2997
2997 3203
3203 4455
4455 3203
3203 4638
4638 3203
3203 9025
9025 3203
3206 3206
3206 3206
3218 3218
3218 3218
3218 5338
5338 3218
3219 3219
3219 3219
3227 44
44 3227
3227 312
312 3227
3227 2069
2069 3227
3227 4408
4408 3227
3227 5332
5332 3227
3227 5413
5413 3227
3227 5543
5543 3227
3227 5600
5600 3227
3227 14595
14595 3227
3227 16591
16591 3227
3227 16946
16946 3227
3227 24033
24033 3227
3231 3231
3231 3231
3250 5192
5192 3250
3272 5355
5355 3272
3276 16067
16067 3276
3302 3302
3302 3302
3302 20108
20108 3302
3302 23535
23535 3302
3330 11313
11313 3330
3337 255
255 3337
3337 2388
2388 3337
3337 3337
3337 3337
3337 11405
11405 3337
3358 3358
3358 3358
3358 5127
5127 3358
3358 23226
23226 3358
3372 3372
3372 3372
3392 2455
2455 3392
3425 5325
5325 3425
3425 5570
5570 3425
3425 5613
5613 3425
3425 11899
11899 3425
3431 3431
3431 3431
3431 5452
5452 3431
3476 3476
3476 3476
3523 24408
24408 3523
3528 3528
3528 3528
3528 3679
3679 3528
3528 17801
17801 3528
3538 1018
1018 3538
3538 3538
3538 3538
3538 5586
5586 3538
3538 9239
9239 3538
3555 49
49 3555
3579 5510
5510 3579
3591 12720
12720 3591
3591 24519
24519 3591
3609 5598
5598 3609
3609 9239
9239 3609
3620 18034
18034 3620
3705 3705
3705 3705
3705 17768
17768 3705
3708 3708
3708 3708
3709 2615
2615 3709
3709 5335
5335 3709
3709 19876
19876 3709
3709 23943
23943 3709
3735 3735
3735 3735
3735 23226
23226 3735
3745 3745
3745 3745
3745 12135
12135 3745
3757 3211
3211 3757
3757 5405
5405 3757
3757 5448
5448 3757
3760 3760
3760 3760
3824 5367
5367 3824
3825 9619
9619 3825
3827 5311
5311 3827
3835 4160
4160 3835
3843 44
44 3843
3843 2508
2508 3843
3843 2882
2882 3843
3843 6049
6049 3843
3843 6285
6285 3843
3843 10259
10259 3843
3843 11077
11077 3843
3843 19946
19946 3843
3843 24722
24722 3843
3920 1632
1632 3920
3920 13969
13969 3920
3925 3925
3925 3925
3925 19730
19730 3925
3928 2413
2413 3928
3946 596
596 3946
3947 16608
16608 3947
3947 24390
24390 3947
3948 1403
1403 3948
3948 2416
2416 3948
3948 3948
3948 3948
3981 2202
2202 3981
3986 5543
5543 3986
3986 5550
5550 3986
3986 24707
24707 3986
3993 5014
5014 3993
4004 3219
3219 4004
4004 18619
18619 4004
4046 14094
14094 4046
4106 18602
18602 4106
4106 24250
24250 4106
4113 4113
4113 4113
4113 4926
4926 4113
4121 5329
5329 4121
4121 12572
12572 4121
4121 13099
13099 4121
4121 19881
19881 4121
4125 255
255 4125
4125 4455
4455 4125
4125 4458
4458 4125
4125 5484
5484 4125
4125 5558
5558 4125
4125 22559
22559 4125
4126 14387
14387 4126
4126 17297
17297 4126
4146 596
596 4146
4150 5311
5311 4150
4150 23348
23348 4150
4154 4154
4154 4154
4173 5145
5145 4173
4183 4183
4183 4183
4183 18689
18689 4183
4183 24033
24033 4183
4223 1037
1037 4223
4223 4952
4952 4223
4223 5321
5321 4223
4223 5343
5343 4223
4223 18764
18764 4223
4237 465
465 4237
4237 642
642 4237
4237 1846
1846 4237
4237 3049
3049 4237
4237 3055
3055 4237
4237 4237
4237 4237
4237 4242
4242 4237
4237 4491
4491 4237
4237 5296
5296 4237
4237 5384
5384 4237
4237 5406
5406 4237
4237 5429
5429 4237
4237 10121
10121 4237
4237 11779
11779 4237
4237 14267
14267 4237
4237 18602
18602 4237
4237 21702
21702 4237
4237 22744
22744 4237
4237 24150
24150 4237
4237 24451
24451 4237
4237 24710
24710 4237
4242 44
44 4242
4242 287
287 4242
4242 408
408 4242
4242 1312
1312 4242
4242 1989
1989 4242
4242 2361
2361 4242
4242 2384
2384 4242
4242 2611
2611 4242
4242 2984
2984 4242
4242 2992
2992 4242
4242 4242
4242 4242
4242 4370
4370 4242
4242 4399
4399 4242
4242 4665
4665 4242
4242 5037
5037 4242
4242 5127
5127 4242
4242 5326
5326 4242
4242 5434
5434 4242
4242 5448
5448 4242
4242 5467
5467 4242
4242 5523
5523 4242
4242 5570
5570 4242
4242 5576
5576 4242
4242 9275
9275 4242
4242 10844
10844 4242
4242 11698
11698 4242
4242 14920
14920 4242
4242 15097
15097 4242
4242 16591
16591 4242
4242 18034
18034 4242
4242 18169
18169 4242
4242 19454
19454 4242
4242 22373
22373 4242
4242 22708
22708 4242
4242 22990
22990 4242
4242 23946
23946 4242
4255 1312
1312 4255
4255 4255
4255 4255
4255 6874
6874 4255
4255 9842
9842 4255
4280 4280
4280 4280
4280 11577
11577 4280
4280 12135
12135 4280
4280 14583
14583 4280
4282 1097
1097 4282
4282 5585
5585 4282
4308 44
44 4308
4308 4308
4308 4308
4308 8996
8996 4308
4308 11751
11751 4308
4308 15277
15277 4308
4312 574
574 4312
4330 19871
19871 4330
4343 5311
5311 4343
4370 1013
1013 4370
4370 1951
1951 4370
4370 4370
4370 4370
4371 4371
4371 4371
4393 642
642 4393
4399 4242
4242 4399
4406 5331
5331 4406
4406 8995
8995 4406
4406 22341
22341 4406
4407 4407
4407 4407
4407 5385
5385 4407
4408 4408
4408 4408
4411 482
482 4411
4411 4411
4411 4411
4419 18602
18602 4419
4439 4439
4439 4439
4439 18034
18034 4439
4440 4685
4685 4440
4440 4950
4950 4440
4440 5354
5354 4440
4440 5405
5405 4440
4440 18602
18602 4440
4440 21306
21306 4440
4440 21394
21394 4440
4441 642
642 4441
4449 2592
2592 4449
4449 4449
4449 4449
4449 5203
5203 4449
4449 5257
5257 4449
4449 5482
5482 4449
4449 5499
5499 4449
4449 8939
8939 4449
4449 8984
8984 4449
4449 10811
10811 4449
4449 11579
11579 4449
4450 17092
17092 4450
4459 5439
5439 4459
4459 21954
21954 4459
4482 115
115 4482
4482 1221
1221 4482
4491 4237
4237 4491
4491 4491
4491 4491
4498 2592
2592 4498
4498 4498
4498 4498
4539 14029
14029 4539
4546 4546
4546 4546
4546 10811
10811 4546
4546 15447
15447 4546
4568 19730
19730 4568
4578 10408
10408 4578
4594 4594
4594 4594
4607 5287
5287 4607
4638 44
44 4638
4638 49
49 4638
4638 3372
3372 4638
4638 4638
4638 4638
4665 2611
2611 4665
4665 8984
8984 4665
4671 2307
2307 4671
4672 4672
4672 4672
4685 642
642 4685
4685 2615
2615 4685
4685 4638
4638 4685
4685 4685
4685 4685
4685 5462
5462 4685
4685 5502
5502 4685
4685 5566
5566 4685
4685 11756
11756 4685
4685 18440
18440 4685
4685 20878
20878 4685
4685 23348
23348 4685
4685 24033
24033 4685
4700 14379
14379 4700
4701 4701
4701 4701
4711 13726
13726 4711
4712 2611
2611 4712
4731 9030
9030 4731
4731 19730
19730 4731
4735 4735
4735 4735
4735 17736
17736 4735
4737 255
255 4737
4737 2592
2592 4737
4737 3113
3113 4737
4737 4737
4737 4737
4737 14927
14927 4737
4737 24308
24308 4737
4737 24599
24599 4737
4743 22990
22990 4743
4772 4772
4772 4772
4802 4802
4802 4802
4802 24180
24180 4802
4860 11704
11704 4860
4870 1312
1312 4870
4870 2629
2629 4870
4870 4870
4870 4870
4870 5311
5311 4870
4870 12874
12874 4870
4870 23219
23219 4870
4870 23348
23348 4870
4879 1105
1105 4879
4879 3372
3372 4879
4879 14189
14189 4879
4882 4882
4882 4882
4913 1951
1951 4913
4913 4913
4913 4913
4913 5498
5498 4913
4920 644
644 4920
4920 780
780 4920
4920 2036
2036 4920
4920 2409
2409 4920
4920 2592
2592 4920
4920 2736
2736 4920
4920 4439
4439 4920
4920 4545
4545 4920
4920 4920
4920 4920
4920 5191
5191 4920
4920 5339
5339 4920
4920 5359
5359 4920
4920 5399
5399 4920
4920 5478
5478 4920
4920 5480
5480 4920
4920 5523
5523 4920
4920 5585
5585 4920
4920 5606
5606 4920
4920 8921
8921 4920
4920 11700
11700 4920
4920 19901
19901 4920
4920 20817
20817 4920
4920 21899
21899 4920
4926 1158
1158 4926
4926 3172
3172 4926
4926 4113
4113 4926
4926 4926
4926 4926
4926 5402
5402 4926
4926 5460
5460 4926
4926 13406
13406 4926
4926 14920
14920 4926
4926 18619
18619 4926
4926 23711
23711 4926
4928 946
946 4928
4928 2508
2508 4928
4928 4928
4928 4928
4928 6557
6557 4928
4928 9851
9851 4928
4950 4685
4685 4950
4950 4950
4950 4950
4950 5311
5311 4950
4950 5411
5411 4950
4952 2876
2876 4952
4952 4952
4952 4952
4952 5496
5496 4952
4952 15282
15282 4952
4952 21394
21394 4952
4960 5554
5554 4960
4984 5311
5311 4984
5002 1140
1140 5002
5006 24682
24682 5006
5035 5035
5035 5035
5037 44
44 5037
5037 5037
5037 5037
5052 3172
3172 5052
5052 4735
4735 5052
5054 16892
16892 5054
5079 5079
5079 5079
5079 11819
11819 5079
5122 5203
5203 5122
5127 0
0 5127
5127 140
140 5127
5127 642
642 5127
5127 1030
1030 5127
5127 1403
1403 5127
5127 2633
2633 5127
5127 3358
3358 5127
5127 5079
5079 5127
5127 5127
5127 5127
5127 5311
5311 5127
5127 5527
5527 5127
5127 7648
7648 5127
5127 8329
8329 5127
5127 23254
23254 5127
5127 24226
24226 5127
5145 5145
5145 5145
5146 21876
21876 5146
5149 14387
14387 5149
5152 130
130 5152
5152 830
830 5152
5152 2384
2384 5152
5152 2467
2467 5152
5152 3302
3302 5152
5152 3925
3925 5152
5152 4340
4340 5152
5152 4457
4457 5152
5152 5127
5127 5152
5152 5152
5152 5152
5152 5409
5409 5152
5152 5510
5510 5152
5152 5603
5603 5152
5152 7487
7487 5152
5152 7661
7661 5152
5152 11276
11276 5152
5152 11577
11577 5152
5152 12539
12539 5152
5152 13343
13343 5152
5152 14914
14914 5152
5152 15097
15097 5152
5152 15317
15317 5152
5152 16018
16018 5152
5152 19140
19140 5152
5152 20492
20492 5152
5152 20512
20512 5152
5152 20917
20917 5152
5152 21954
21954 5152
5152 22341
22341 5152
5152 23500
23500 5152
5152 24142
24142 5152
5152 24312
24312 5152
5164 5164
5164 5164
5170 5170
5170 5170
5171 5171
5171 5171
5178 2629
2629 5178
5178 2736
2736 5178
5178 5540
5540 5178
5178 11700
11700 5178
5178 18034
18034 5178
5190 5190
5190 5190
5192 3250
3250 5192
5192 5192
5192 5192
5192 13388
13388 5192
5196 285
285 5196
5196 2997
2997 5196
5196 5196
5196 5196
5196 6049
6049 5196
5196 8984
8984 5196
5196 16076
16076 5196
5198 130
130 5198
5198 5198
5198 5198
5203 2592
2592 5203
5203 3130
3130 5203
5203 5122
5122 5203
5203 5203
5203 5203
5203 10811
10811 5203
5219 5261
5261 5219
5225 5037
5037 5225
5225 7648
7648 5225
5235 3804
3804 5235
5257 1140
1140 5257
5257 5257
5257 5257
5257 13141
13141 5257
5261 2361
2361 5261
5261 5132
5132 5261
5261 5219
5219 5261
5261 5261
5261 5261
5261 5337
5337 5261
5261 5448
5448 5261
5261 18602
18602 5261
5261 18885
18885 5261
5269 13388
13388 5269
5274 5274
5274 5274
5274 5481
5481 5274
5274 13662
13662 5274
5274 13726
13726 5274
5274 14379
14379 5274
5276 412
412 5276
5284 2491
2491 5284
5285 726
726 5285
5285 1013
1013 5285
5285 5285
5285 5285
5285 21876
21876 5285
5285 21878
21878 5285
5294 5294
5294 5294
5294 11779
11779 5294
5296 5296
5296 5296
5296 21702
21702 5296
5299 21240
21240 5299
5304 601
601 5304
5304 1850
1850 5304
5304 1913
1913 5304
5304 2939
2939 5304
5304 5304
5304 5304
5304 5334
5334 5304
5304 5352
5352 5304
5304 5396
5396 5304
5304 11929
11929 5304
5304 14583
14583 5304
5304 23348
23348 5304
5307 4882
4882 5307
5309 2467
2467 5309
5310 4340
4340 5310
5310 5310
5310 5310
5310 5359
5359 5310
5310 5449
5449 5310
5310 14920
14920 5310
5310 16345
16345 5310
5311 642
642 5311
5311 726
726 5311
5311 1401
1401 5311
5311 2134
2134 5311
5311 2388
2388 5311
5311 2596
2596 5311
5311 3679
3679 5311
5311 3714
3714 5311
5311 3827
3827 5311
5311 4150
4150 5311
5311 4183
4183 5311
5311 4242
4242 5311
5311 4343
4343 5311
5311 4440
4440 5311
5311 4685
4685 5311
5311 4902
4902 5311
5311 4950
4950 5311
5311 4984
4984 5311
5311 5127
5127 5311
5311 5149
5149 5311
5311 5151
5151 5311
5311 5225
5225 5311
5311 5285
5285 5311
5311 5311
5311 5311
5311 5397
5397 5311
5311 5409
5409 5311
5311 5469
5469 5311
5311 5482
5482 5311
5311 6811
6811 5311
5311 12560
12560 5311
5311 18402
18402 5311
5311 18602
18602 5311
5311 19915
19915 5311
5311 20881
20881 5311
5311 21394
21394 5311
5311 21786
21786 5311
5311 21878
21878 5311
5311 21927
21927 5311
5311 24276
24276 5311
5311 24320
24320 5311
5311 24722
24722 5311
5315 5315
5315 5315
5315 5811
5811 5315
5316 24033
24033 5316
5317 21875
21875 5317
5318 1030
1030 5318
5318 5318
5318 5318
5321 1221
1221 5321
5321 1998
1998 5321
5321 3172
3172 5321
5321 5321
5321 5321
5321 13535
13535 5321
5321 16388
16388 5321
5322 1632
1632 5322
5324 601
601 5324
5324 4598
4598 5324
5324 5513
5513 5324
5324 22990
22990 5324
5325 642
642 5325
5325 5325
5325 5325
5325 5563
5563 5325
5325 11899
11899 5325
5325 15097
15097 5325
5325 18602
18602 5325
5327 5327
5327 5327
5329 2984
2984 5329
5329 4308
4308 5329
5329 4399
4399 5329
5329 4408
4408 5329
5329 5329
5329 5329
5329 6285
6285 5329
5329 21337
21337 5329
5329 23927
23927 5329
5330 5330
5330 5330
5330 12898
12898 5330
5331 5331
5331 5331
5334 5304
5304 5334
5334 5334
5334 5334
5335 596
596 5335
5335 1951
1951 5335
5335 5335
5335 5335
5336 2997
2997 5336
5337 5337
5337 5337
5337 13141
13141 5337
5338 3218
3218 5338
5338 15187
15187 5338
5339 9776
9776 5339
5342 3679
3679 5342
5345 5345
5345 5345
5348 194
194 5348
5349 1202
1202 5349
5354 601
601 5354
5355 3272
3272 5355
5355 5355
5355 5355
5355 14556
14556 5355
5356 213
213 5356
5356 5356
5356 5356
5358 8820
8820 5358
5359 5359
5359 5359
5361 601
601 5361
5362 5362
5362 5362
5365 1913
1913 5365
5368 23711
23711 5368
5370 18416
18416 5370
5371 5371
5371 5371
5371 7410
7410 5371
5371 19438
19438 5371
5371 19901
19901 5371
5372 5372
5372 5372
5373 44
44 5373
5373 4638
4638 5373
5374 7296
7296 5374
5376 8876
8876 5376
5378 1520
1520 5378
5378 1632
1632 5378
5378 5378
5378 5378
5379 14171
14171 5379
5381 24710
24710 5381
5384 4237
4237 5384
5384 5384
5384 5384
5385 4407
4407 5385
5387 255
255 5387
5388 5388
5388 5388
5388 13203
13203 5388
5389 2592
2592 5389
5391 5391
5391 5391
5391 5475
5475 5391
5392 5392
5392 5392
5393 5393
5393 5393
5398 5398
5398 5398
5398 7648
7648 5398
5398 18619
18619 5398
5398 24675
24675 5398
5401 5006
5006 5401
5402 5402
5402 5402
5405 5405
5405 5405
5408 19448
19448 5408
5409 5152
5152 5409
5409 5409
5409 5409
5409 15097
15097 5409
5409 24246
24246 5409
5409 24710
24710 5409
5411 2134
2134 5411
5411 4950
4950 5411
5411 5411
5411 5411
5411 5559
5559 5411
5411 6811
6811 5411
5411 7554
7554 5411
5419 5419
5419 5419
5419 18619
18619 5419
5419 19730
19730 5419
5420 5420
5420 5420
5420 7648
7648 5420
5423 18602
18602 5423
5424 23927
23927 5424
5426 5426
5426 5426
5426 21240
21240 5426
5429 3192
3192 5429
5429 5429
5429 5429
5431 5431
5431 5431
5433 946
946 5433
5433 5433
5433 5433
5433 8984
8984 5433
5434 5434
5434 5434
5437 11929
11929 5437
5439 5439
5439 5439
5439 12646
12646 5439
5440 5440
5440 5440
5440 12720
12720 5440
5441 4308
4308 5441
5443 9025
9025 5443
5443 12572
12572 5443
5444 5444
5444 5444
5445 1951
1951 5445
5447 5447
5447 5447
5448 5261
5261 5448
5448 5448
5448 5448
5448 5482
5482 5448
5449 31
31 5449
5449 4439
4439 5449
5449 5310
5310 5449
5449 5480
5480 5449
5449 5540
5540 5449
5449 9842
9842 5449
5450 5450
5450 5450
5452 3431
3431 5452
5453 8995
8995 5453
5454 642
642 5454
5454 5454
5454 5454
5454 21240
21240 5454
5455 5455
5455 5455
5457 5455
5455 5457
5459 2045
2045 5459
5459 5416
5416 5459
5462 5462
5462 5462
5465 3551
3551 5465
5466 2592
2592 5466
5473 5192
5192 5473
5474 11929
11929 5474
5475 5391
5391 5475
5475 5416
5416 5475
5475 5450
5450 5475
5475 5475
5475 5475
5475 10090
10090 5475
5476 3792
3792 5476
5477 16226
16226 5477
5478 4920
4920 5478
5478 5478
5478 5478
5480 740
740 5480
5480 5480
5480 5480
5482 5448
5448 5482
5483 269
269 5483
5484 5232
5232 5484
5484 5484
5484 5484
5485 5481
5481 5485
5486 2384
2384 5486
5486 5486
5486 5486
5490 5532
5532 5490
5491 2361
2361 5491
5492 5580
5580 5492
5495 24445
24445 5495
5497 5497
5497 5497
5499 4449
4449 5499
5499 5499
5499 5499
5499 5575
5575 5499
5502 5502
5502 5502
5504 946
946 5504
5504 3164
3164 5504
5504 5504
5504 5504
5505 5505
5505 5505
5505 12190
12190 5505
5506 5975
5975 5506
5506 15935
15935 5506
5509 8921
8921 5509
5509 9239
9239 5509
5510 99
99 5510
5510 5152
5152 5510
5510 5510
5510 5510
5510 18169
18169 5510
5511 22341
22341 5511
5512 5480
5480 5512
5513 5513
5513 5513
5514 5481
5481 5514
5517 255
255 5517
5518 3123
3123 5518
5518 8049
8049 5518
5518 12870
12870 5518
5518 13383
13383 5518
5518 14387
14387 5518
5518 19454
19454 5518
5519 24405
24405 5519
5520 5520
5520 5520
5521 24226
24226 5521
5522 3172
3172 5522
5522 5522
5522 5522
5523 5523
5523 5523
5523 11184
11184 5523
5524 5524
5524 5524
5527 24226
24226 5527
5531 18602
18602 5531
5535 5535
5535 5535
5537 20517
20517 5537
5540 5540
5540 5540
5540 14920
14920 5540
5542 5542
5542 5542
5542 18689
18689 5542
5545 8996
8996 5545
5546 5546
5546 5546
5547 5542
5542 5547
5548 2633
2633 5548
5549 5549
5549 5549
5550 5550
5550 5550
5551 5551
5551 5551
5552 130
130 5552
5554 5554
5554 5554
5555 5555
5555 5555
5556 5535
5535 5556
5557 8995
8995 5557
5559 255
255 5559
5559 5411
5411 5559
5559 23927
23927 5559
5559 24460
24460 5559
5560 5506
5506 5560
5562 5407
5407 5562
5564 5563
5563 5564
5566 5566
5566 5566
5568 5568
5568 5568
5568 9136
9136 5568
5570 5570
5570 5570
5573 11599
11599 5573
5575 5499
5499 5575
5575 5575
5575 5575
5576 5576
5576 5576
5577 412
412 5577
5578 13027
13027 5578
5583 5583
5583 5583
5585 4920
4920 5585
5586 3538
3538 5586
5586 18602
18602 5586
5588 5595
5595 5588
5593 804
804 5593
5594 5594
5594 5594
5595 5588
5588 5595
5596 6874
6874 5596
5596 16880
16880 5596
5598 5598
5598 5598
5598 14386
14386 5598
5598 17050
17050 5598
5599 130
130 5599
5600 830
830 5600
5600 2583
2583 5600
5600 3227
3227 5600
5600 5600
5600 5600
5603 115
115 5603
5603 5603
5603 5603
5603 9025
9025 5603
5604 9239
9239 5604
5605 24404
24404 5605
5606 5606
5606 5606
5610 14583
14583 5610
5611 5611
5611 5611
5613 1846
1846 5613
5613 5613
5613 5613
5615 5631
5631 5615
5615 22708
22708 5615
5616 5577
5577 5616
5616 5616
5616 5616
5617 2361
2361 5617
5620 5620
5620 5620
5621 2137
2137 5621
5622 4146
4146 5622
5626 5623
5623 5626
5626 5626
5626 5626
5630 5628
5628 5630
5631 5615
5615 5631
5633 5633
5633 5633
5645 7291
7291 5645
5645 8996
8996 5645
5811 3550
3550 5811
5811 4607
4607 5811
5811 5054
5054 5811
5811 5315
5315 5811
5855 5425
5425 5855
5855 20512
20512 5855
5975 5506
5506 5975
6006 14805
14805 6006
6049 5600
5600 6049
6049 6049
6049 6049
6049 6811
6811 6049
6049 9239
9239 6049
6049 15688
15688 6049
6095 5535
5535 6095
6285 5329
5329 6285
6285 6285
6285 6285
6437 642
642 6437
6437 2633
2633 6437
6437 13337
13337 6437
6528 18426
18426 6528
6557 4928
4928 6557
6557 5559
5559 6557
6557 8984
8984 6557
6557 17880
17880 6557
6660 4125
4125 6660
6811 602
602 6811
6811 934
934 6811
6811 2361
2361 6811
6811 3212
3212 6811
6811 5411
5411 6811
6811 6811
6811 6811
6811 24730
24730 6811
6845 1639
1639 6845
6874 5413
5413 6874
6874 5596
5596 6874
6874 7648
7648 6874
6880 6880
6880 6880
6880 13181
13181 6880
6880 18436
18436 6880
6937 5354
5354 6937
6961 3864
3864 6961
6961 5285
5285 6961
6961 5325
5325 6961
6961 5391
5391 6961
6961 6874
6874 6961
6961 23348
23348 6961
7202 7202
7202 7202
7410 231
231 7410
7410 5371
5371 7410
7410 7410
7410 7410
7410 8540
8540 7410
7499 5482
5482 7499
7499 9239
9239 7499
7499 10121
10121 7499
7499 11313
11313 7499
7499 17050
17050 7499
7554 5411
5411 7554
7648 115
115 7648
7648 255
255 7648
7648 496
496 7648
7648 726
726 7648
7648 804
804 7648
7648 1141
1141 7648
7648 1173
1173 7648
7648 1658
1658 7648
7648 1901
1901 7648
7648 1951
1951 7648
7648 3538
3538 7648
7648 4242
4242 7648
7648 4672
4672 7648
7648 4735
4735 7648
7648 5299
5299 7648
7648 5398
5398 7648
7648 5407
5407 7648
7648 5420
5420 7648
7648 5425
5425 7648
7648 5558
5558 7648
7648 5607
5607 7648
7648 6874
6874 7648
7648 7648
7648 7648
7648 12432
12432 7648
7648 14927
14927 7648
7648 16591
16591 7648
7648 18291
18291 7648
7648 18440
18440 7648
7648 18885
18885 7648
7648 19881
19881 7648
7648 23348
23348 7648
7648 24250
24250 7648
7648 24599
24599 7648
7778 4926
4926 7778
7778 5498
5498 7778
7778 5608
5608 7778
7778 7778
7778 7778
7778 13184
13184 7778
7778 18034
18034 7778
7778 18602
18602 7778
7778 18619
18619 7778
7785 13969
13969 7785
7828 15193
15193 7828
7923 7923
7923 7923
7923 23348
23348 7923
8102 576
576 8102
8102 8353
8353 8102
8127 8127
8127 8127
8127 18449
18449 8127
8199 1260
1260 8199
8199 1609
1609 8199
8199 3804
3804 8199
8199 10090
10090 8199
8329 8329
8329 8329
8353 8353
8353 8353
8353 8984
8984 8353
8540 7410
7410 8540
8540 8540
8540 8540
8540 11579
11579 8540
8921 642
642 8921
8921 847
847 8921
8921 1312
1312 8921
8921 2239
2239 8921
8921 2592
2592 8921
8921 4920
4920 8921
8921 5509
5509 8921
8921 5551
5551 8921
8921 5588
5588 8921
8921 6278
6278 8921
8921 8921
8921 8921
8921 18885
18885 8921
8939 8939
8939 8939
8984 255
255 8984
8984 1405
1405 8984
8984 3476
3476 8984
8984 4009
4009 8984
8984 4665
4665 8984
8984 5257
5257 8984
8984 5433
5433 8984
8984 8353
8353 8984
8984 8540
8540 8984
8984 8984
8984 8984
8984 10566
10566 8984
8984 13118
13118 8984
8984 14806
14806 8984
8984 17880
17880 8984
8984 24737
24737 8984
8988 5409
5409 8988
8993 1296
1296 8993
8993 8996
8996 8993
8993 21913
21913 8993
8995 1846
1846 8995
8995 5331
5331 8995
8995 5372
5372 8995
8995 5453
5453 8995
8995 5479
5479 8995
8995 5557
5557 8995
8995 8995
8995 8995
8995 11698
11698 8995
8995 14211
14211 8995
8995 22341
22341 8995
8995 24704
24704 8995
8996 97
97 8996
8996 503
503 8996
8996 764
764 8996
8996 934
934 8996
8996 2194
2194 8996
8996 2882
2882 8996
8996 4308
4308 8996
8996 4411
4411 8996
8996 4439
4439 8996
8996 5165
5165 8996
8996 5299
5299 8996
8996 5471
5471 8996
8996 5487
5487 8996
8996 5598
5598 8996
8996 8996
8996 8996
8996 9025
9025 8996
8996 11313
11313 8996
8996 13270
13270 8996
8996 14888
14888 8996
8996 15277
15277 8996
8996 16018
16018 8996
8996 16282
16282 8996
8996 19059
19059 8996
8996 21240
21240 8996
8996 21337
21337 8996
8996 22341
22341 8996
8996 23535
23535 8996
9011 285
285 9011
9011 1469
1469 9011
9011 2388
2388 9011
9011 5196
5196 9011
9011 5487
5487 9011
9011 5496
5496 9011
9011 6880
6880 9011
9011 13072
13072 9011
9025 31
31 9025
9025 601
601 9025
9025 3947
3947 9025
9025 5257
5257 9025
9025 5480
5480 9025
9025 5502
5502 9025
9025 5603
5603 9025
9025 9025
9025 9025
9025 9275
9275 9025
9025 13141
13141 9025
9025 13845
13845 9025
9025 15097
15097 9025
9025 16345
16345 9025
9025 16998
16998 9025
9025 18602
18602 9025
9025 18885
18885 9025
9025 23946
23946 9025
9030 1989
1989 9030
9030 2045
2045 9030
9030 2134
2134 9030
9030 3049
3049 9030
9030 3714
3714 9030
9030 4731
4731 9030
9030 9030
9030 9030
9030 11599
11599 9030
9030 19730
19730 9030
9057 3153
3153 9057
9057 8996
8996 9057
9057 21954
21954 9057
9136 5568
5568 9136
9177 4594
4594 9177
9177 4785
4785 9177
9239 726
726 9239
9239 1312
1312 9239
9239 1913
1913 9239
9239 2592
2592 9239
9239 3538
3538 9239
9239 4735
4735 9239
9239 5285
5285 9239
9239 5583
5583 9239
9239 5604
5604 9239
9239 6049
6049 9239
9239 9239
9239 9239
9239 11408
11408 9239
9239 11698
11698 9239
9239 12949
12949 9239
9239 21878
21878 9239
9239 23348
23348 9239
9275 642
642 9275
9275 4665
4665 9275
9275 7648
7648 9275
9275 9275
9275 9275
9275 15447
15447 9275
9275 18602
18602 9275
9275 18764
18764 9275
9331 471
471 9331
9331 4160
4160 9331
9511 16163
16163 9511
9516 9516
9516 9516
9516 16186
16186 9516
9516 18602
18602 9516
9516 24088
24088 9516
9553 2194
2194 9553
9553 18034
18034 9553
9553 19087
19087 9553
9584 10662
10662 9584
9682 2462
2462 9682
9682 3227
3227 9682
9682 21702
21702 9682
9724 255
255 9724
9724 7648
7648 9724
9812 5600
5600 9812
9823 4482
4482 9823
9842 31
31 9842
9842 601
601 9842
9842 2467
2467 9842
9842 3113
3113 9842
9842 9842
9842 9842
9842 24226
24226 9842
9893 9893
9893 9893
10090 1609
1609 10090
10090 5475
5475 10090
10090 10090
10090 10090
10121 3072
3072 10121
10121 5257
5257 10121
10121 10121
10121 10121
10121 11698
11698 10121
10121 15097
15097 10121
10183 172
172 10183
10183 10183
10183 10183
10253 642
642 10253
10253 3113
3113 10253
10253 5496
5496 10253
10253 10253
10253 10253
10253 18602
18602 10253
10253 23254
23254 10253
10307 8921
8921 10307
10308 5455
5455 10308
10408 10408
10408 10408
10566 1020
1020 10566
10566 3988
3988 10566
10566 5321
5321 10566
10566 8996
8996 10566
10566 19443
19443 10566
10662 10662
10662 10662
10811 642
642 10811
10811 1410
1410 10811
10811 1850
1850 10811
10811 2759
2759 10811
10811 4546
4546 10811
10811 4920
4920 10811
10811 5203
5203 10811
10811 5325
5325 10811
10811 5343
5343 10811
10811 5378
5378 10811
10811 5466
5466 10811
10811 5565
5565 10811
10811 5597
5597 10811
10811 5620
5620 10811
10811 8939
8939 10811
10811 8984
8984 10811
10811 10811
10811 10811
10811 11045
11045 10811
10811 13141
13141 10811
10811 13337
13337 10811
10811 14500
14500 10811
10811 18602
18602 10811
10811 22592
22592 10811
10811 24252
24252 10811
10856 3947
3947 10856
10856 5429
5429 10856
10856 16186
16186 10856
10882 16018
16018 10882
10882 23711
23711 10882
11045 574
574 11045
11045 22592
22592 11045
11062 5529
5529 11062
11076 13072
13072 11076
11077 11077
11077 11077
11152 642
642 11152
11152 11152
11152 11152
11157 115
115 11157
11157 194
194 11157
11157 503
503 11157
11157 1312
1312 11157
11157 2307
2307 11157
11157 3113
3113 11157
11157 3162
3162 11157
11157 3172
3172 11157
11157 4860
4860 11157
11157 5188
5188 11157
11157 5257
5257 11157
11157 5551
5551 11157
11157 5570
5570 11157
11157 5598
5598 11157
11157 8939
8939 11157
11157 9842
9842 11157
11157 10811
10811 11157
11157 11157
11157 11157
11157 15097
15097 11157
11157 18428
18428 11157
11157 18602
18602 11157
11157 21786
21786 11157
11313 2384
2384 11313
11313 9516
9516 11313
11313 11313
11313 11313
11361 4870
4870 11361
11405 3337
3337 11405
11408 9239
9239 11408
11460 12646
12646 11460
11460 13786
13786 11460
11488 1913
1913 11488
11488 8996
8996 11488
11488 13027
13027 11488
11488 18602
18602 11488
11577 830
830 11577
11577 2036
2036 11577
11577 3302
3302 11577
11577 5321
5321 11577
11577 11577
11577 11577
11577 17880
17880 11577
11577 23535
23535 11577
11579 1410
1410 11579
11579 5203
5203 11579
11579 5257
5257 11579
11579 5433
5433 11579
11579 5466
5466 11579
11579 8540
8540 11579
11579 8984
8984 11579
11579 11579
11579 11579
11657 49
49 11657
11657 1220
1220 11657
11657 3227
3227 11657
11657 4308
4308 11657
11657 5299
5299 11657
11657 5332
5332 11657
11657 9026
9026 11657
11657 11657
11657 11657
11657 15406
15406 11657
11657 16946
16946 11657
11657 23927
23927 11657
11684 3192
3192 11684
11684 5410
5410 11684
11684 9030
9030 11684
11684 21702
21702 11684
11684 22424
22424 11684
11698 5325
5325 11698
11698 8995
8995 11698
11698 11698
11698 11698
11698 15097
15097 11698
11698 17050
17050 11698
11698 17071
17071 11698
11698 18034
18034 11698
11700 804
804 11700
11700 2629
2629 11700
11700 5274
5274 11700
11700 5606
5606 11700
11700 11700
11700 11700
11700 13406
13406 11700
11700 19901
19901 11700
11700 20893
20893 11700
11715 3172
3172 11715
11718 5037
5037 11718
11725 1658
1658 11725
11725 11725
11725 11725
11725 16047
16047 11725
11727 5263
5263 11727
11727 11599
11599 11727
11727 21337
21337 11727
11751 4308
4308 11751
11756 8540
8540 11756
11756 17736
17736 11756
11779 14
14 11779
11779 31
31 11779
11779 252
252 11779
11779 1410
1410 11779
11779 1901
1901 11779
11779 1913
1913 11779
11779 2036
2036 11779
11779 2307
2307 11779
11779 2633
2633 11779
11779 2961
2961 11779
11779 3172
3172 11779
11779 3538
3538 11779
11779 3947
3947 11779
11779 4371
4371 11779
11779 4671
4671 11779
11779 5274
5274 11779
11779 5294
5294 11779
11779 5343
5343 11779
11779 5431
5431 11779
11779 5506
5506 11779
11779 5551
5551 11779
11779 5588
5588 11779
11779 5597
5597 11779
11779 6874
6874 11779
11779 8996
8996 11779
11779 11157
11157 11779
11779 11779
11779 11779
11779 13383
13383 11779
11779 14976
14976 11779
11779 16880
16880 11779
11779 18602
18602 11779
11779 23348
23348 11779
11779 24150
24150 11779
11779 24250
24250 11779
11779 24695
24695 11779
11782 12646
12646 11782
11817 4411
4411 11817
11817 12473
12473 11817
11819 1383
1383 11819
11819 2487
2487 11819
11819 3172
3172 11819
11819 5079
5079 11819
11819 11819
11819 11819
11819 12117
12117 11819
11819 13099
13099 11819
11819 17736
17736 11819
11840 833
833 11840
11840 12298
12298 11840
11840 13191
13191 11840
11861 3302
3302 11861
11861 4242
4242 11861
11861 12870
12870 11861
11899 2497
2497 11899
11899 5325
5325 11899
11899 11899
11899 11899
11929 1913
1913 11929
11929 5304
5304 11929
11929 5437
5437 11929
11929 11929
11929 11929
12012 24286
24286 12012
12053 1318
1318 12053
12053 5203
5203 12053
12053 5503
5503 12053
12053 8127
8127 12053
12053 18449
18449 12053
12090 115
115 12090
12090 642
642 12090
12090 12090
12090 12090
12106 5404
5404 12106
12117 2197
2197 12117
12117 5079
5079 12117
12117 11819
11819 12117
12117 18034
18034 12117
12123 155
155 12123
12123 5407
5407 12123
12135 255
255 12135
12135 2611
2611 12135
12135 5311
5311 12135
12135 5317
5317 12135
12135 5327
5327 12135
12135 5340
5340 12135
12135 5360
5360 12135
12135 5506
5506 12135
12135 5549
5549 12135
12135 5605
5605 12135
12135 5616
5616 12135
12135 9511
9511 12135
12135 19149
19149 12135
12190 1862
1862 12190
12190 3716
3716 12190
12190 5505
5505 12190
12190 12190
12190 12190
12190 16847
16847 12190
12190 19379
19379 12190
12198 5035
5035 12198
12234 704
704 12234
12298 833
833 12298
12316 252
252 12316
12316 12316
12316 12316
12316 13370
13370 12316
12358 16900
16900 12358
12375 4154
4154 12375
12375 5299
5299 12375
12432 1796
1796 12432
12432 3363
3363 12432
12432 5425
5425 12432
12432 12432
12432 12432
12432 17675
17675 12432
12539 5356
5356 12539
12539 16900
16900 12539
12646 5439
5439 12646
12646 11782
11782 12646
12646 12646
12646 12646
12720 4920
4920 12720
12720 5440
5440 12720
12774 24442
24442 12774
12834 12834
12834 12834
12834 24167
24167 12834
12870 833
833 12870
12870 1221
1221 12870
12870 4242
4242 12870
12870 4785
4785 12870
12870 5054
5054 12870
12870 5321
5321 12870
12870 9516
9516 12870
12870 11313
11313 12870
12870 12870
12870 12870
12870 17768
17768 12870
12874 3250
3250 12874
12874 5192
5192 12874
12874 18169
18169 12874
12874 21848
21848 12874
12894 12894
12894 12894
12900 2997
2997 12900
12900 5436
5436 12900
12900 11698
11698 12900
12900 21927
21927 12900
12964 5460
5460 12964
12964 13786
13786 12964
12964 16186
16186 12964
12964 20812
20812 12964
12977 1639
1639 12977
13027 1313
1313 13027
13027 2516
2516 13027
13027 5578
5578 13027
13027 17475
17475 13027
13027 20812
20812 13027
13027 24276
24276 13027
13072 13072
13072 13072
13099 2413
2413 13099
13099 5467
5467 13099
13099 13099
13099 13099
13099 24710
24710 13099
13118 13118
13118 13118
13118 14806
14806 13118
13118 18138
18138 13118
13118 18396
18396 13118
13141 2413
2413 13141
13141 5337
5337 13141
13141 13141
13141 13141
13141 13337
13337 13141
13155 3219
3219 13155
13155 13358
13358 13155
13181 255
255 13181
13181 993
993 13181
13181 1399
1399 13181
13181 5535
5535 13181
13181 6880
6880 13181
13181 13845
13845 13181
13184 1158
1158 13184
13184 2876
2876 13184
13184 9275
9275 13184
13184 13184
13184 13184
13184 18169
18169 13184
13184 19149
19149 13184
13191 11840
11840 13191
13196 1676
1676 13196
13196 3864
3864 13196
13196 4638
4638 13196
13196 5037
5037 13196
13196 5454
5454 13196
13196 5571
5571 13196
13203 5388
5388 13203
13203 13203
13203 13203
13214 10811
10811 13214
13270 2384
2384 13270
13270 4439
4439 13270
13270 4440
4440 13270
13270 5481
5481 13270
13270 5505
5505 13270
13270 5555
5555 13270
13270 5598
5598 13270
13270 5607
5607 13270
13270 8996
8996 13270
13270 13270
13270 13270
13270 16345
16345 13270
13270 21394
21394 13270
13270 21954
21954 13270
13270 24710
24710 13270
13337 2592
2592 13337
13337 6437
6437 13337
13337 13141
13141 13337
13337 13337
13337 13337
13337 18602
18602 13337
13337 20512
20512 13337
13343 5311
5311 13343
13343 5345
5345 13343
13343 16018
16018 13343
13358 13358
13358 13358
13370 1850
1850 13370
13370 10253
10253 13370
13370 12316
12316 13370
13370 13370
13370 13370
13370 21786
21786 13370
13379 5569
5569 13379
13379 9549
9549 13379
13379 12117
12117 13379
13379 13379
13379 13379
13383 4125
4125 13383
13383 9239
9239 13383
13383 13383
13383 13383
13383 14806
14806 13383
13406 155
155 13406
13406 2615
2615 13406
13406 4926
4926 13406
13406 5367
5367 13406
13406 5398
5398 13406
13406 5608
5608 13406
13406 7778
7778 13406
13406 12190
12190 13406
13406 13118
13118 13406
13406 13406
13406 13406
13406 18034
18034 13406
13406 23711
23711 13406
13431 24349
24349 13431
13455 20817
20817 13455
13483 130
130 13483
13489 13489
13489 13489
13489 18602
18602 13489
13535 13535
13535 13535
13604 13604
13604 13604
13662 5274
5274 13662
13662 5481
5481 13662
13673 496
496 13673
13684 1105
1105 13684
13684 2202
2202 13684
13684 13684
13684 13684
13684 15237
15237 13684
13684 17880
17880 13684
13684 22134
22134 13684
13717 1137
1137 13717
13717 17097
17097 13717
13786 130
130 13786
13786 1887
1887 13786
13786 3302
3302 13786
13786 4408
4408 13786
13786 4411
4411 13786
13786 5257
5257 13786
13786 5274
5274 13786
13786 5328
5328 13786
13786 5337
5337 13786
13786 5422
5422 13786
13786 5550
5550 13786
13786 5584
5584 13786
13786 13786
13786 13786
13786 16018
16018 13786
13786 22341
22341 13786
13810 5345
5345 13810
13845 9025
9025 13845
13969 255
255 13969
13969 623
623 13969
13969 934
934 13969
13969 993
993 13969
13969 1658
1658 13969
13969 2984
2984 13969
13969 3212
3212 13969
13969 4125
4125 13969
13969 5607
5607 13969
13969 5623
5623 13969
13969 6811
6811 13969
13969 11100
11100 13969
13969 13969
13969 13969
13969 17097
17097 13969
13969 18436
18436 13969
14010 2343
2343 14010
14029 231
231 14029
14034 14034
14034 14034
14054 20761
20761 14054
14094 5192
5192 14094
14094 5451
5451 14094
14094 10882
10882 14094
14094 16018
16018 14094
14142 19469
19469 14142
14189 607
607 14189
14195 2413
2413 14195
14195 3948
3948 14195
14211 13191
13191 14211
14211 14211
14211 14211
14224 1901
1901 14224
14224 5426
5426 14224
14224 11698
11698 14224
14224 14224
14224 14224
14224 16998
16998 14224
14232 496
496 14232
14232 2611
2611 14232
14232 5127
5127 14232
14232 5455
5455 14232
14232 8921
8921 14232
14232 14232
14232 14232
14232 17830
17830 14232
14267 14267
14267 14267
14355 5420
5420 14355
14355 5433
5433 14355
14379 285
285 14379
14379 5274
5274 14379
14387 540
540 14387
14387 3947
3947 14387
14387 5149
5149 14387
14387 5518
5518 14387
14387 9113
9113 14387
14387 18602
18602 14387
14387 19149
19149 14387
14401 19554
19554 14401
14414 16018
16018 14414
14471 5448
5448 14471
14500 1913
1913 14500
14500 5348
5348 14500
14500 10811
10811 14500
14500 14500
14500 14500
14500 14976
14976 14500
14500 15447
15447 14500
14500 24226
24226 14500
14583 14583
14583 14583
14583 18293
18293 14583
14595 14595
14595 14595
14713 5510
5510 14713
14805 130
130 14805
14805 213
213 14805
14805 5356
5356 14805
14805 13786
13786 14805
14805 14805
14805 14805
14806 764
764 14806
14806 4160
4160 14806
14806 8984
8984 14806
14806 13118
13118 14806
14806 13673
13673 14806
14806 14806
14806 14806
14888 557
557 14888
14888 14888
14888 14888
14888 22341
22341 14888
14920 212
212 14920
14920 255
255 14920
14920 4004
4004 14920
14920 4242
4242 14920
14920 4926
4926 14920
14920 5285
5285 14920
14920 5310
5310 14920
14920 5311
5311 14920
14920 5359
5359 14920
14920 5404
5404 14920
14920 5480
5480 14920
14920 5540
5540 14920
14920 11700
11700 14920
14920 12646
12646 14920
14920 13406
13406 14920
14920 14920
14920 14920
14920 16345
16345 14920
14920 18034
18034 14920
14927 255
255 14927
14927 3372
3372 14927
14969 2633
2633 14969
14969 5285
5285 14969
14969 8921
8921 14969
14969 21786
21786 14969
14969 21876
21876 14969
14976 3192
3192 14976
14976 5597
5597 14976
15057 1053
1053 15057
15097 1105
1105 15097
15097 5409
5409 15097
15097 9025
9025 15097
15097 15097
15097 15097
15116 2491
2491 15116
15116 3227
3227 15116
15116 5299
5299 15116
15116 15116
15116 15116
15116 16946
16946 15116
15145 8996
8996 15145
15187 5338
5338 15187
15237 15237
15237 15237
15277 4242
4242 15277
15277 4308
4308 15277
15277 5633
5633 15277
15277 15277
15277 15277
15277 16047
16047 15277
15277 24288
24288 15277
15282 4952
4952 15282
15282 5480
5480 15282
15282 5546
5546 15282
15282 15282
15282 15282
15282 16076
16076 15282
15309 18169
18169 15309
15309 18602
18602 15309
15332 5304
5304 15332
15332 21954
21954 15332
15360 15360
15360 15360
15382 2510
2510 15382
15404 16345
16345 15404
15447 348
348 15447
15447 1913
1913 15447
15447 4546
4546 15447
15447 5311
5311 15447
15447 9275
9275 15447
15447 10856
10856 15447
15447 11929
11929 15447
15447 15447
15447 15447
15447 19149
19149 15447
15450 1639
1639 15450
15450 8996
8996 15450
15450 15450
15450 15450
15450 21394
21394 15450
15610 231
231 15610
15610 15610
15610 15610
15645 15645
15645 15645
15688 5215
5215 15688
15688 5362
5362 15688
15688 5471
5471 15688
15688 6049
6049 15688
15688 10090
10090 15688
15688 15688
15688 15688
15688 16226
16226 15688
15688 16892
16892 15688
15714 5420
5420 15714
15814 2519
2519 15814
15841 5164
5164 15841
15935 337
337 15935
15935 5506
5506 15935
15935 15935
15935 15935
16018 130
130 16018
16018 4920
4920 16018
16018 5152
5152 16018
16018 5265
5265 16018
16018 5451
5451 16018
16018 5552
5552 16018
16018 10882
10882 16018
16018 14888
14888 16018
16018 16018
16018 16018
16018 17349
17349 16018
16018 18169
18169 16018
16018 19059
19059 16018
16018 19901
19901 16018
16047 1658
1658 16047
16047 16047
16047 16047
16067 16067
16067 16067
16067 24320
24320 16067
16076 335
335 16076
16076 2361
2361 16076
16076 2939
2939 16076
16076 2997
2997 16076
16076 5196
5196 16076
16076 5338
5338 16076
16076 16076
16076 16076
16076 23039
23039 16076
16163 496
496 16163
16163 503
503 16163
16163 1399
1399 16163
16163 3936
3936 16163
16163 4607
4607 16163
16163 4671
4671 16163
16163 5445
5445 16163
16163 5507
5507 16163
16163 5549
5549 16163
16163 5550
5550 16163
16163 5560
5560 16163
16163 5604
5604 16163
16163 9511
9511 16163
16163 16163
16163 16163
16186 1221
1221 16186
16186 9516
9516 16186
16186 16186
16186 16186
16186 24276
24276 16186
16323 7291
7291 16323
16345 726
726 16345
16345 5310
5310 16345
16345 14920
14920 16345
16345 16345
16345 16345
16345 20883
20883 16345
16388 776
776 16388
16388 5321
5321 16388
16388 16388
16388 16388
16577 12900
12900 16577
16581 348
348 16581
16581 4671
4671 16581
16581 4950
4950 16581
16581 5203
5203 16581
16581 5319
5319 16581
16581 5549
5549 16581
16581 10253
10253 16581
16591 44
44 16591
16591 4242
4242 16591
16591 10307
10307 16591
16591 16591
16591 16591
16591 16900
16900 16591
16591 24167
24167 16591
16613 5031
5031 16613
16613 5203
5203 16613
16613 5373
5373 16613
16613 15935
15935 16613
16759 4920
4920 16759
16775 16775
16775 16775
16781 5354
5354 16781
16843 1230
1230 16843
16859 22134
22134 16859
16880 5596
5596 16880
16880 16880
16880 16880
16892 5054
5054 16892
16892 16892
16892 16892
16897 8353
8353 16897
16900 16900
16900 16900
16946 3227
3227 16946
16946 15116
15116 16946
16998 14224
14224 16998
17050 642
642 17050
17050 5598
5598 17050
17050 17050
17050 17050
17058 642
642 17058
17058 1913
1913 17058
17058 4271
4271 17058
17058 5582
5582 17058
17058 9239
9239 17058
17058 18602
18602 17058
17058 21786
21786 17058
17058 24150
24150 17058
17092 4450
4450 17092
17097 255
255 17097
17097 13003
13003 17097
17097 17097
17097 17097
17097 19105
19105 17097
17157 780
780 17157
17157 19901
19901 17157
17180 21927
21927 17180
17276 17276
17276 17276
17290 5544
5544 17290
17290 16946
16946 17290
17291 16591
16591 17291
17297 17297
17297 17297
17299 3152
3152 17299
17299 5433
5433 17299
17299 16900
16900 17299
17299 19730
19730 17299
17300 14888
14888 17300
17305 17305
17305 17305
17305 23348
23348 17305
17338 1951
1951 17338
17338 3988
3988 17338
17338 16047
16047 17338
17349 1887
1887 17349
17349 16018
16018 17349
17349 17349
17349 17349
17475 21
21 17475
17475 17475
17475 17475
17576 24682
24682 17576
17675 13099
13099 17675
17675 14888
14888 17675
17675 18602
18602 17675
17706 3015
3015 17706
17706 17706
17706 17706
17736 5572
5572 17736
17736 17736
17736 17736
17742 4899
4899 17742
17768 213
213 17768
17768 12870
12870 17768
17830 255
255 17830
17830 623
623 17830
17830 5425
5425 17830
17830 13969
13969 17830
17830 17097
17097 17830
17950 5565
5565 17950
18034 130
130 18034
18034 2045
2045 18034
18034 3528
3528 18034
18034 4439
4439 18034
18034 5337
5337 18034
18034 5480
5480 18034
18034 5513
5513 18034
18034 9842
9842 18034
18034 17801
17801 18034
18034 18034
18034 18034
18056 5439
5439 18056
18088 5433
5433 18088
18088 13118
13118 18088
18138 13118
13118 18138
18169 99
99 18169
18169 130
130 18169
18169 833
833 18169
18169 2024
2024 18169
18169 2036
2036 18169
18169 2997
2997 18169
18169 4223
4223 18169
18169 4411
4411 18169
18169 5192
5192 18169
18169 5304
5304 18169
18169 5343
5343 18169
18169 5510
5510 18169
18169 5611
5611 18169
18169 9025
9025 18169
18169 12572
12572 18169
18169 14094
14094 18169
18169 17349
17349 18169
18169 18169
18169 18169
18169 19440
19440 18169
18271 4113
4113 18271
18282 18282
18282 18282
18282 20259
20259 18282
18293 4439
4439 18293
18293 5310
5310 18293
18293 14583
14583 18293
18293 18293
18293 18293
18323 18323
18323 18323
18396 13118
13118 18396
18396 14806
14806 18396
18396 16900
16900 18396
18401 2759
2759 18401
18401 5393
5393 18401
18401 24183
24183 18401
18402 5311
5311 18402
18402 18402
18402 18402
18420 15406
15406 18420
18426 18426
18426 18426
18428 18602
18602 18428
18436 934
934 18436
18436 6880
6880 18436
18436 12900
12900 18436
18438 2455
2455 18438
18438 5444
5444 18438
18438 11698
11698 18438
18438 18438
18438 18438
18440 4685
4685 18440
18440 18440
18440 18440
18443 21702
21702 18443
18449 8127
8127 18449
18449 10811
10811 18449
18449 12053
12053 18449
18472 9030
9030 18472
18472 15237
15237 18472
18472 24682
24682 18472
18574 926
926 18574
18574 2629
2629 18574
18574 5334
5334 18574
18574 5480
5480 18574
18574 5481
5481 18574
18574 8820
8820 18574
18574 10253
10253 18574
18574 18574
18574 18574
18574 19901
19901 18574
18574 24518
24518 18574
18574 24531
24531 18574
18602 194
194 18602
18602 252
252 18602
18602 726
726 18602
18602 968
968 18602
18602 1105
1105 18602
18602 1846
1846 18602
18602 1913
1913 18602
18602 2361
2361 18602
18602 2413
2413 18602
18602 2633
2633 18602
18602 2961
2961 18602
18602 3113
3113 18602
18602 4419
4419 18602
18602 4440
4440 18602
18602 4920
4920 18602
18602 4960
4960 18602
18602 5219
5219 18602
18602 5261
5261 18602
18602 5311
5311 18602
18602 5325
5325 18602
18602 5372
5372 18602
18602 5384
5384 18602
18602 5391
5391 18602
18602 5406
5406 18602
18602 5531
5531 18602
18602 5554
5554 18602
18602 5564
5564 18602
18602 5586
5586 18602
18602 5597
5597 18602
18602 5598
5598 18602
18602 5628
5628 18602
18602 9239
9239 18602
18602 9275
9275 18602
18602 10253
10253 18602
18602 10811
10811 18602
18602 15447
15447 18602
18602 16900
16900 18602
18602 18428
18428 18602
18602 18602
18602 18602
18602 19149
19149 18602
18602 23943
23943 18602
18602 24276
24276 18602
18604 23219
23219 18604
18619 31
31 18619
18619 1312
1312 18619
18619 1951
1951 18619
18619 2036
2036 18619
18619 2343
2343 18619
18619 4004
4004 18619
18619 4439
4439 18619
18619 5257
5257 18619
18619 5272
5272 18619
18619 5391
5391 18619
18619 5419
5419 18619
18619 5480
5480 18619
18619 7778
7778 18619
18619 14232
14232 18619
18619 14379
14379 18619
18619 14583
14583 18619
18619 14920
14920 18619
18619 18619
18619 18619
18634 3864
3864 18634
18689 705
705 18689
18689 1269
1269 18689
18689 1313
1313 18689
18689 2388
2388 18689
18689 3055
3055 18689
18689 3760
3760 18689
18689 4183
4183 18689
18689 5311
5311 18689
18689 5338
5338 18689
18689 5496
5496 18689
18689 5542
5542 18689
18689 5555
5555 18689
18689 6811
6811 18689
18689 13358
13358 18689
18689 18689
18689 18689
18689 19454
19454 18689
18689 19915
19915 18689
18689 21394
21394 18689
18689 24310
24310 18689
18764 255
255 18764
18764 1639
1639 18764
18764 2202
2202 18764
18764 4371
4371 18764
18764 5550
5550 18764
18764 9275
9275 18764
18764 18426
18426 18764
18764 18764
18764 18764
18764 19149
19149 18764
18885 18885
18885 18885
18919 24520
24520 18919
18940 24226
24226 18940
19059 934
934 19059
19059 2194
2194 19059
19059 4408
4408 19059
19059 4411
4411 19059
19059 4439
4439 19059
19059 5311
5311 19059
19059 9113
9113 19059
19059 12546
12546 19059
19059 13184
13184 19059
19087 5498
5498 19087
19087 8321
8321 19087
19087 11276
11276 19087
19087 17801
17801 19087
19087 19087
19087 19087
19105 255
255 19105
19105 2388
2388 19105
19105 17097
17097 19105
19105 19105
19105 19105
19149 15447
15447 19149
19149 18602
18602 19149
19149 19149
19149 19149
19149 19440
19440 19149
19149 23348
23348 19149
19171 24033
24033 19171
19172 19454
19454 19172
19177 4125
4125 19177
19181 18869
18869 19181
19355 4491
4491 19355
19355 9030
9030 19355
19379 1862
1862 19379
19379 2036
2036 19379
19379 13270
13270 19379
19379 19379
19379 19379
19379 21699
21699 19379
19438 1312
1312 19438
19438 2592
2592 19438
19438 3152
3152 19438
19438 5337
5337 19438
19438 5371
5371 19438
19438 7410
7410 19438
19438 8921
8921 19438
19438 9275
9275 19438
19438 16895
16895 19438
19438 19438
19438 19438
19438 19901
19901 19438
19439 3716
3716 19439
19440 18169
18169 19440
19440 19149
19149 19440
19443 19443
19443 19443
19454 1234
1234 19454
19454 8995
8995 19454
19454 18689
18689 19454
19454 19454
19454 19454
19454 22990
22990 19454
19454 24682
24682 19454
19480 2384
2384 19480
19480 5518
5518 19480
19480 5631
5631 19480
19480 24710
24710 19480
19482 14224
14224 19482
19554 471
471 19554
19554 2387
2387 19554
19554 5330
5330 19554
19554 5623
5623 19554
19554 11698
11698 19554
19554 14401
14401 19554
19644 5391
5391 19644
19685 3034
3034 19685
19685 5606
5606 19685
19698 24333
24333 19698
19698 24409
24409 19698
19730 115
115 19730
19730 1137
1137 19730
19730 1346
1346 19730
19730 1493
1493 19730
19730 2384
2384 19730
19730 2655
2655 19730
19730 3679
3679 19730
19730 3925
3925 19730
19730 4731
4731 19730
19730 4950
4950 19730
19730 5409
5409 19730
19730 5419
5419 19730
19730 5486
5486 19730
19730 5500
5500 19730
19730 12949
12949 19730
19730 16076
16076 19730
19730 18885
18885 19730
19730 19730
19730 19730
19730 19876
19876 19730
19730 22341
22341 19730
19730 24033
24033 19730
19742 5469
5469 19742
19827 24150
24150 19827
19848 11579
11579 19848
19860 5330
5330 19860
19870 764
764 19870
19870 2880
2880 19870
19871 1318
1318 19871
19871 5203
5203 19871
19871 12053
12053 19871
19876 19876
19876 19876
19881 2361
2361 19881
19881 19881
19881 19881
19886 2997
2997 19886
19886 19886
19886 19886
19901 1097
1097 19901
19901 2036
2036 19901
19901 2375
2375 19901
19901 2629
2629 19901
19901 2736
2736 19901
19901 4439
4439 19901
19901 4785
4785 19901
19901 4920
4920 19901
19901 5307
5307 19901
19901 5327
5327 19901
19901 5371
5371 19901
19901 5481
5481 19901
19901 6961
6961 19901
19901 8921
8921 19901
19901 11704
11704 19901
19901 13184
13184 19901
19901 16018
16018 19901
19901 18323
18323 19901
19901 18619
18619 19901
19901 19901
19901 19901
19901 20355
20355 19901
19901 20817
20817 19901
19901 20893
20893 19901
19901 22598
22598 19901
19901 24206
24206 19901
19915 993
993 19915
19915 2134
2134 19915
19915 3679
3679 19915
19915 4638
4638 19915
19915 5623
5623 19915
19915 19915
19915 19915
19985 4870
4870 19985
20058 2134
2134 20058
20058 5310
5310 20058
20058 18689
18689 20058
20242 833
833 20242
20242 6049
6049 20242
20242 8996
8996 20242
20242 9025
9025 20242
20242 9516
9516 20242
20259 18282
18282 20259
20259 20259
20259 20259
20292 21300
21300 20292
20355 1403
1403 20355
20355 2036
2036 20355
20355 2413
2413 20355
20355 3172
3172 20355
20355 5285
5285 20355
20355 5433
5433 20355
20355 5613
5613 20355
20355 10253
10253 20355
20355 11929
11929 20355
20355 18034
18034 20355
20355 19087
19087 20355
20355 20355
20355 20355
20355 21876
21876 20355
20435 4870
4870 20435
20512 671
671 20512
20512 2194
2194 20512
20512 2242
2242 20512
20512 2455
2455 20512
20512 13118
13118 20512
20512 18034
18034 20512
20512 20512
20512 20512
20512 24320
24320 20512
20517 3553
3553 20517
20517 5382
5382 20517
20517 5537
5537 20517
20517 20517
20517 20517
20812 2592
2592 20812
20812 22559
22559 20812
20817 1430
1430 20817
20817 1639
1639 20817
20817 4860
4860 20817
20817 4920
4920 20817
20817 5274
5274 20817
20817 5606
5606 20817
20817 12135
12135 20817
20817 18282
18282 20817
20817 19901
19901 20817
20817 20817
20817 20817
20817 22598
22598 20817
20883 16345
16345 20883
20886 1312
1312 20886
20886 24409
24409 20886
20892 20892
20892 20892
20893 5035
5035 20893
20893 5079
5079 20893
20893 14920
14920 20893
20893 19742
19742 20893
20893 19901
19901 20893
20893 20893
20893 20893
21020 2045
2045 21020
21020 2343
2343 21020
21020 18619
18619 21020
21058 968
968 21058
21058 5510
5510 21058
21058 10121
10121 21058
21079 1913
1913 21079
21079 3963
3963 21079
21079 5362
5362 21079
21079 18602
18602 21079
21192 4685
4685 21192
21192 15174
15174 21192
21240 44
44 21240
21240 1842
1842 21240
21240 5299
5299 21240
21240 5383
5383 21240
21240 5422
5422 21240
21240 5426
5426 21240
21240 5454
5454 21240
21240 8996
8996 21240
21240 22341
22341 21240
21240 24682
24682 21240
21300 20292
20292 21300
21306 21306
21306 21306
21356 2831
2831 21356
21394 4440
4440 21394
21394 4952
4952 21394
21394 5311
5311 21394
21394 14361
14361 21394
21394 15450
15450 21394
21394 21394
21394 21394
21434 5143
5143 21434
21699 408
408 21699
21699 726
726 21699
21699 1862
1862 21699
21699 2242
2242 21699
21699 2375
2375 21699
21699 3172
3172 21699
21699 3206
3206 21699
21699 3948
3948 21699
21699 4113
4113 21699
21699 4242
4242 21699
21699 4671
4671 21699
21699 5127
5127 21699
21699 5257
5257 21699
21699 5274
5274 21699
21699 5334
5334 21699
21699 5359
5359 21699
21699 5379
5379 21699
21699 5388
5388 21699
21699 5436
5436 21699
21699 5450
5450 21699
21699 5479
5479 21699
21699 5482
5482 21699
21699 5524
5524 21699
21699 5594
5594 21699
21699 5598
5598 21699
21699 5628
5628 21699
21699 7778
7778 21699
21699 8996
8996 21699
21699 13270
13270 21699
21699 13406
13406 21699
21699 14171
14171 21699
21699 16345
16345 21699
21699 17801
17801 21699
21699 18034
18034 21699
21699 18619
18619 21699
21699 19379
19379 21699
21699 23219
23219 21699
21699 23254
23254 21699
21699 24333
24333 21699
21699 24588
24588 21699
21702 21702
21702 21702
21702 23219
23219 21702
21786 16345
16345 21786
21786 24226
24226 21786
21800 44
44 21800
21800 49
49 21800
21800 1037
1037 21800
21800 1532
1532 21800
21800 3988
3988 21800
21800 4242
4242 21800
21800 5329
5329 21800
21800 5600
5600 21800
21800 11657
11657 21800
21800 21800
21800 21800
21800 23946
23946 21800
21800 24722
24722 21800
21872 5294
5294 21872
21876 1013
1013 21876
21876 2592
2592 21876
21876 5146
5146 21876
21876 5285
5285 21876
21876 21876
21876 21876
21878 408
408 21878
21878 1158
1158 21878
21878 5285
5285 21878
21878 9275
9275 21878
21878 21878
21878 21878
21878 24333
24333 21878
21919 21919
21919 21919
21926 825
825 21926
21926 5451
5451 21926
21954 115
115 21954
21954 9030
9030 21954
21954 11313
11313 21954
21954 11698
11698 21954
21954 13191
13191 21954
21954 13270
13270 21954
21954 21954
21954 21954
21954 22217
22217 21954
22134 4308
4308 22134
22134 4408
4408 22134
22134 5371
5371 22134
22134 13684
13684 22134
22134 17276
17276 22134
22134 22134
22134 22134
22134 23782
23782 22134
22134 24722
24722 22134
22217 22217
22217 22217
22265 2307
2307 22265
22265 22265
22265 22265
22276 1403
1403 22276
22276 5604
5604 22276
22276 9239
9239 22276
22276 11929
11929 22276
22276 14034
14034 22276
22276 22276
22276 22276
22276 23219
23219 22276
22276 24409
24409 22276
22328 9113
9113 22328
22328 13270
13270 22328
22328 16608
16608 22328
22341 833
833 22341
22341 4568
4568 22341
22341 5311
5311 22341
22341 16018
16018 22341
22341 22341
22341 22341
22384 5623
5623 22384
22412 13726
13726 22412
22513 1316
1316 22513
22513 3072
3072 22513
22513 17768
17768 22513
22513 22513
22513 22513
22521 2467
2467 22521
22592 212
212 22592
22592 2361
2361 22592
22592 3219
3219 22592
22592 11045
11045 22592
22592 22592
22592 22592
22592 22651
22651 22592
22598 5178
5178 22598
22598 22598
22598 22598
22708 1846
1846 22708
22708 2361
2361 22708
22708 5392
5392 22708
22708 5615
5615 22708
22708 8996
8996 22708
22708 19730
19730 22708
22708 22708
22708 22708
22742 11929
11929 22742
22742 22742
22742 22742
22807 99
99 22807
22807 5448
5448 22807
22807 18602
18602 22807
22882 21786
21786 22882
22990 5324
5324 22990
22990 19454
19454 22990
23039 7539
7539 23039
23130 231
231 23130
23130 21192
21192 23130
23219 22276
22276 23219
23219 23219
23219 23219
23226 596
596 23226
23226 1097
1097 23226
23226 3735
3735 23226
23226 23226
23226 23226
23254 23254
23254 23254
23348 642
642 23348
23348 726
726 23348
23348 968
968 23348
23348 3716
3716 23348
23348 4150
4150 23348
23348 4685
4685 23348
23348 4870
4870 23348
23348 5285
5285 23348
23348 5302
5302 23348
23348 5347
5347 23348
23348 5532
5532 23348
23348 5620
5620 23348
23348 5624
5624 23348
23348 6961
6961 23348
23348 7648
7648 23348
23348 7923
7923 23348
23348 8984
8984 23348
23348 9239
9239 23348
23348 9275
9275 23348
23348 17305
17305 23348
23348 21786
21786 23348
23348 23348
23348 23348
23348 24183
24183 23348
23407 23407
23407 23407
23473 5359
5359 23473
23535 540
540 23535
23535 1204
1204 23535
23535 1230
1230 23535
23535 3302
3302 23535
23535 4340
4340 23535
23535 5310
5310 23535
23535 9025
9025 23535
23535 10844
10844 23535
23535 13604
13604 23535
23535 19495
19495 23535
23535 22219
22219 23535
23535 23535
23535 23535
23683 14500
14500 23683
23707 11700
11700 23707
23711 3172
3172 23711
23711 5349
5349 23711
23711 5368
5368 23711
23711 13184
13184 23711
23711 23711
23711 23711
23782 13684
13684 23782
23782 22134
22134 23782
23927 4399
4399 23927
23927 5424
5424 23927
23927 5559
5559 23927
23927 11657
11657 23927
23927 17880
17880 23927
23933 5285
5285 23933
23933 10090
10090 23933
23946 496
496 23946
23946 1312
1312 23946
23946 1676
1676 23946
23946 4242
4242 23946
23946 5484
5484 23946
23946 5547
5547 23946
23946 13684
13684 23946
23946 15450
15450 23946
23946 15688
15688 23946
23946 23946
23946 23946
23946 24682
24682 23946
23996 5509
5509 23996
23996 17801
17801 23996
24033 2134
2134 24033
24033 2615
2615 24033
24033 3708
3708 24033
24033 4183
4183 24033
24033 5285
5285 24033
24033 12190
12190 24033
24033 19171
19171 24033
24033 24033
24033 24033
24088 4308
4308 24088
24088 8996
8996 24088
24088 9516
9516 24088
24088 22341
22341 24088
24088 24088
24088 24088
24133 1532
1532 24133
24133 3015
3015 24133
24133 4407
4407 24133
24133 5466
5466 24133
24133 17706
17706 24133
24133 18602
18602 24133
24150 4237
4237 24150
24150 24150
24150 24150
24156 8995
8995 24156
24156 24156
24156 24156
24167 2984
2984 24167
24167 12834
12834 24167
24167 14806
14806 24167
24167 15116
15116 24167
24167 16591
16591 24167
24167 24167
24167 24167
24180 4802
4802 24180
24191 5568
5568 24191
24206 18282
18282 24206
24206 24206
24206 24206
24222 9776
9776 24222
24224 5393
5393 24224
24224 5503
5503 24224
24225 19149
19149 24225
24226 348
348 24226
24226 638
638 24226
24226 642
642 24226
24226 1403
1403 24226
24226 2831
2831 24226
24226 3192
3192 24226
24226 5127
5127 24226
24226 5434
5434 24226
24226 5445
5445 24226
24226 5521
5521 24226
24226 5588
5588 24226
24226 8921
8921 24226
24226 11152
11152 24226
24226 18885
18885 24226
24226 21786
21786 24226
24226 24226
24226 24226
24250 1951
1951 24250
24250 5484
5484 24250
24250 11929
11929 24250
24250 18602
18602 24250
24250 24250
24250 24250
24252 255
255 24252
24252 4685
4685 24252
24252 4870
4870 24252
24252 5413
5413 24252
24252 5540
5540 24252
24252 12646
12646 24252
24252 20512
20512 24252
24252 24252
24252 24252
24276 4160
4160 24276
24276 5311
5311 24276
24276 24276
24276 24276
24286 503
503 24286
24286 1951
1951 24286
24286 13483
13483 24286
24286 24250
24250 24286
24286 24286
24286 24286
24308 3372
3372 24308
24308 19915
19915 24308
24310 18689
18689 24310
24320 1569
1569 24320
24322 4123
4123 24322
24322 14806
14806 24322
24333 1105
1105 24333
24333 24333
24333 24333
24354 24354
24354 24354
24386 19379
19379 24386
24390 11727
11727 24390
24393 2152
2152 24393
24393 5326
5326 24393
24393 5487
5487 24393
24408 17097
17097 24408
24409 601
601 24409
24409 1312
1312 24409
24409 3192
3192 24409
24409 4870
4870 24409
24409 5354
5354 24409
24409 8921
8921 24409
24409 9511
9511 24409
24409 9842
9842 24409
24409 16163
16163 24409
24409 24409
24409 24409
24442 3083
3083 24442
24442 5127
5127 24442
24442 5325
5325 24442
24442 5540
5540 24442
24442 12774
12774 24442
24448 1609
1609 24448
24448 3113
3113 24448
24460 1842
1842 24460
24460 5299
5299 24460
24460 5559
5559 24460
24460 17768
17768 24460
24472 642
642 24472
24474 2388
2388 24474
24474 4150
4150 24474
24474 17830
17830 24474
24518 5554
5554 24518
24518 18574
18574 24518
24567 6437
6437 24567
24568 4685
4685 24568
24588 125
125 24588
24588 276
276 24588
24588 1383
1383 24588
24588 2266
2266 24588
24588 4177
4177 24588
24588 9551
9551 24588
24588 15161
15161 24588
24588 21699
21699 24588
24588 24498
24498 24588
24599 24599
24599 24599
24639 7648
7648 24639
24676 11313
11313 24676
24682 5006
5006 24682
24682 5397
5397 24682
24682 5542
5542 24682
24682 5571
5571 24682
24682 17576
17576 24682
24682 19454
19454 24682
24682 23927
23927 24682
24682 24682
24682 24682
24695 21813
21813 24695
24704 8995
8995 24704
24707 24707
24707 24707
24710 5381
5381 24710
24710 5409
5409 24710
24710 11313
11313 24710
24710 14387
14387 24710
24722 24722
24722 24722
24737 255
255 24737
24737 9549
9549 24737
