1 7478
7478 1
4 8984
8984 4
20 20
20 20
20 664
664 20
20 1403
1403 20
20 2633
2633 20
20 6528
6528 20
20 13337
13337 20
20 18602
18602 20
20 24226
24226 20
44 44
44 44
44 2423
2423 44
44 6917
6917 44
44 12188
12188 44
44 12805
12805 44
44 13217
13217 44
44 13218
13218 44
44 18602
18602 44
54 8116
8116 54
90 2283
2283 90
90 5831
5831 90
141 2497
2497 141
155 155
155 155
155 6937
6937 155
155 7778
7778 155
155 9600
9600 155
155 13406
13406 155
156 13456
13456 156
156 13508
13508 156
212 212
212 212
212 3433
3433 212
212 5044
5044 212
212 6851
6851 212
212 10410
10410 212
212 11357
11357 212
212 12367
12367 212
212 12882
12882 212
212 13386
13386 212
212 22276
22276 212
231 1409
1409 231
231 7760
7760 231
231 8632
8632 231
231 12610
12610 231
231 13557
13557 231
242 242
242 242
252 642
642 252
252 701
701 252
252 4683
4683 252
252 5324
5324 252
252 7244
7244 252
252 11355
11355 252
252 11527
11527 252
252 13896
13896 252
255 255
255 255
255 701
701 255
255 13684
13684 255
271 13597
13597 271
280 3506
3506 280
287 287
287 287
287 3950
3950 287
287 4928
4928 287
287 8935
8935 287
287 12211
12211 287
287 13456
13456 287
287 13525
13525 287
287 13547
13547 287
287 13595
13595 287
287 13598
13598 287
287 13666
13666 287
287 13706
13706 287
287 13770
13770 287
287 13856
13856 287
320 11367
11367 320
320 11479
11479 320
331 331
331 331
331 4920
4920 331
331 8403
8403 331
335 335
335 335
335 13236
13236 335
337 337
337 337
337 1018
1018 337
344 11670
11670 344
349 349
349 349
349 8507
8507 349
386 13684
13684 386
394 8939
8939 394
395 18574
18574 395
412 3789
3789 412
412 13639
13639 412
412 13658
13658 412
417 417
417 417
460 17283
17283 460
460 22276
22276 460
462 4607
4607 462
475 475
475 475
475 9022
9022 475
477 477
477 477
484 5346
5346 484
484 13171
13171 484
496 496
496 496
496 1140
1140 496
496 18619
18619 496
501 981
981 501
525 525
525 525
525 1740
1740 525
525 13654
13654 525
540 13666
13666 540
540 13731
13731 540
572 572
572 572
572 8880
8880 572
572 10646
10646 572
572 13722
13722 572
576 576
576 576
596 596
596 596
596 3528
3528 596
596 5795
5795 596
596 6836
6836 596
596 12179
12179 596
596 13563
13563 596
596 13674
13674 596
596 21542
21542 596
597 597
597 597
623 1530
1530 623
630 630
630 630
630 644
644 630
630 686
686 630
630 2831
2831 630
630 4920
4920 630
630 10183
10183 630
630 12573
12573 630
630 13086
13086 630
630 20817
20817 630
642 642
642 642
642 701
701 642
642 1001
1001 642
642 1238
1238 642
642 3425
3425 642
642 5519
5519 642
642 5677
5677 642
642 5748
5748 642
642 6582
6582 642
642 7760
7760 642
642 9789
9789 642
642 10356
10356 642
642 11048
11048 642
642 11357
11357 642
642 12279
12279 642
642 12310
12310 642
642 13049
13049 642
642 13472
13472 642
642 13591
13591 642
642 13595
13595 642
642 13596
13596 642
642 13605
13605 642
642 13612
13612 642
642 13636
13636 642
642 13674
13674 642
642 13780
13780 642
642 13818
13818 642
642 13829
13829 642
642 13870
13870 642
642 18602
18602 642
642 18689
18689 642
644 644
644 644
644 4121
4121 644
644 13682
13682 644
662 662
662 662
662 17706
17706 662
664 664
664 664
684 12977
12977 684
684 13099
13099 684
686 630
630 686
686 644
644 686
686 2629
2629 686
700 700
700 700
701 255
255 701
701 367
367 701
701 701
701 701
701 2777
2777 701
701 3168
3168 701
701 3292
3292 701
701 3814
3814 701
701 4441
4441 701
701 4928
4928 701
701 5409
5409 701
701 5748
5748 701
701 5892
5892 701
701 6124
6124 701
701 7010
7010 701
701 8984
8984 701
701 9025
9025 701
701 9798
9798 701
701 11949
11949 701
701 12633
12633 701
701 13342
13342 701
701 13502
13502 701
701 13532
13532 701
701 13538
13538 701
701 13580
13580 701
701 13593
13593 701
701 13648
13648 701
701 13728
13728 701
701 13731
13731 701
701 13760
13760 701
701 13797
13797 701
701 13818
13818 701
701 13823
13823 701
701 13860
13860 701
701 13901
13901 701
701 20554
20554 701
716 716
716 716
726 287
287 726
726 410
410 726
726 596
596 726
726 726
726 726
726 1013
1013 726
726 1197
1197 726
726 3950
3950 726
726 4150
4150 726
726 5748
5748 726
726 6937
6937 726
726 7266
7266 726
726 11527
11527 726
726 11843
11843 726
726 12242
12242 726
726 12665
12665 726
726 13109
13109 726
726 13237
13237 726
726 13255
13255 726
726 13414
13414 726
726 13538
13538 726
726 13620
13620 726
726 13731
13731 726
726 13759
13759 726
726 13761
13761 726
726 13787
13787 726
726 18602
18602 726
726 19498
19498 726
726 23933
23933 726
726 24226
24226 726
763 763
763 763
763 2407
2407 763
763 4242
4242 763
776 10410
10410 776
776 17742
17742 776
804 804
804 804
804 5178
5178 804
804 10811
10811 804
830 606
606 830
830 830
830 830
830 833
833 830
830 1013
1013 830
830 2349
2349 830
830 2467
2467 830
830 3736
3736 830
830 6095
6095 830
830 8096
8096 830
830 9025
9025 830
830 11733
11733 830
830 12063
12063 830
830 12913
12913 830
830 12989
12989 830
830 13502
13502 830
830 13858
13858 830
830 13902
13902 830
830 16018
16018 830
830 19059
19059 830
830 20871
20871 830
830 22135
22135 830
830 22341
22341 830
830 24177
24177 830
833 213
213 833
833 833
833 833
833 4343
4343 833
833 10168
10168 833
833 17840
17840 833
834 834
834 834
834 5105
5105 834
834 6505
6505 834
834 13460
13460 834
834 24298
24298 834
866 630
630 866
866 3950
3950 866
866 13553
13553 866
869 24588
24588 869
876 7
7 876
876 830
830 876
876 876
876 876
876 1137
1137 876
876 1859
1859 876
876 5831
5831 876
876 6049
6049 876
876 6095
6095 876
876 8880
8880 876
876 8939
8939 876
876 9307
9307 876
876 9398
9398 876
876 12081
12081 876
876 12169
12169 876
876 13458
13458 876
876 14888
14888 876
876 16377
16377 876
876 20917
20917 876
876 21328
21328 876
876 24722
24722 876
895 8996
8996 895
906 906
906 906
906 2872
2872 906
906 13721
13721 906
929 929
929 929
929 1861
1861 929
929 4920
4920 929
929 5152
5152 929
929 6095
6095 929
929 6666
6666 929
929 11919
11919 929
929 13716
13716 929
929 13749
13749 929
929 24519
24519 929
935 935
935 935
990 8996
8996 990
996 7680
7680 996
1001 1001
1001 1001
1013 1013
1013 1013
1013 12543
12543 1013
1013 12610
12610 1013
1013 12734
12734 1013
1013 13214
13214 1013
1013 13741
13741 1013
1013 13749
13749 1013
1013 13902
13902 1013
1013 20970
20970 1013
1013 24252
24252 1013
1018 337
337 1018
1018 1018
1018 1018
1018 1312
1312 1018
1018 13218
13218 1018
1022 1022
1022 1022
1022 2592
2592 1022
1022 8436
8436 1022
1031 1031
1031 1031
1031 13544
13544 1031
1038 12025
12025 1038
1038 17706
17706 1038
1050 14414
14414 1050
1105 367
367 1105
1105 1105
1105 1105
1105 1237
1237 1105
1105 2423
2423 1105
1105 3944
3944 1105
1105 5852
5852 1105
1105 5892
5892 1105
1105 8632
8632 1105
1105 10811
10811 1105
1105 11048
11048 1105
1105 11378
11378 1105
1105 12037
12037 1105
1105 12179
12179 1105
1105 12229
12229 1105
1105 13218
13218 1105
1105 13538
13538 1105
1105 13549
13549 1105
1105 13595
13595 1105
1105 13597
13597 1105
1105 13814
13814 1105
1105 13852
13852 1105
1105 14835
14835 1105
1105 16895
16895 1105
1105 19446
19446 1105
1105 24722
24722 1105
1116 6002
6002 1116
1116 13850
13850 1116
1116 18619
18619 1116
1116 22882
22882 1116
1133 3292
3292 1133
1133 14835
14835 1133
1137 716
716 1137
1137 1137
1137 1137
1137 1707
1707 1137
1137 2349
2349 1137
1137 2497
2497 1137
1137 4094
4094 1137
1137 6049
6049 1137
1137 6485
6485 1137
1137 8996
8996 1137
1137 9025
9025 1137
1137 10573
10573 1137
1137 10646
10646 1137
1137 11048
11048 1137
1137 12719
12719 1137
1137 12998
12998 1137
1137 13452
13452 1137
1137 13453
13453 1137
1137 13456
13456 1137
1137 13490
13490 1137
1137 13529
13529 1137
1137 13530
13530 1137
1137 13542
13542 1137
1137 13562
13562 1137
1137 13641
13641 1137
1137 21328
21328 1137
1137 22217
22217 1137
1137 23171
23171 1137
1137 24480
24480 1137
1139 12482
12482 1139
1140 9405
9405 1140
1141 5346
5346 1141
1141 13639
13639 1141
1158 13821
13821 1158
1197 1197
1197 1197
1197 13761
13761 1197
1221 5677
5677 1221
1221 7907
7907 1221
1221 13490
13490 1221
1221 13704
13704 1221
1221 22364
22364 1221
1230 8935
8935 1230
1230 24404
24404 1230
1238 642
642 1238
1244 503
503 1244
1244 1001
1001 1244
1244 13564
13564 1244
1244 13760
13760 1244
1249 1249
1249 1249
1249 1333
1333 1249
1301 417
417 1301
1312 212
212 1312
1312 929
929 1312
1312 1018
1018 1312
1312 1312
1312 1312
1312 1934
1934 1312
1312 3874
3874 1312
1312 4567
4567 1312
1312 7266
7266 1312
1312 8436
8436 1312
1312 8935
8935 1312
1312 9239
9239 1312
1312 10811
10811 1312
1312 12078
12078 1312
1312 22276
22276 1312
1313 1313
1313 1313
1313 13693
13693 1313
1313 18034
18034 1313
1317 12600
12600 1317
1346 9057
9057 1346
1346 22217
22217 1346
1379 6914
6914 1379
1383 4409
4409 1383
1383 11048
11048 1383
1383 11819
11819 1383
1384 8996
8996 1384
1384 11881
11881 1384
1393 1393
1393 1393
1393 3292
3292 1393
1393 4121
4121 1393
1393 13721
13721 1393
1401 1401
1401 1401
1401 8421
8421 1401
1403 20
20 1403
1403 1403
1403 1403
1403 3874
3874 1403
1403 12078
12078 1403
1403 13096
13096 1403
1403 13554
13554 1403
1403 13564
13564 1403
1403 13612
13612 1403
1403 13629
13629 1403
1407 7213
7213 1407
1407 13797
13797 1407
1409 6944
6944 1409
1430 804
804 1430
1430 1312
1312 1430
1430 1430
1430 1430
1430 2329
2329 1430
1430 6666
6666 1430
1430 7565
7565 1430
1430 8462
8462 1430
1430 9978
9978 1430
1430 11761
11761 1430
1430 11919
11919 1430
1430 13634
13634 1430
1430 13804
13804 1430
1430 23235
23235 1430
1441 13775
13775 1441
1495 10707
10707 1495
1538 4928
4928 1538
1538 11916
11916 1538
1538 12633
12633 1538
1538 13776
13776 1538
1538 13906
13906 1538
1543 1543
1543 1543
1543 9960
9960 1543
1547 11571
11571 1547
1582 6937
6937 1582
1582 11167
11167 1582
1582 13655
13655 1582
1582 13761
13761 1582
1582 17336
17336 1582
1582 22521
22521 1582
1595 1595
1595 1595
1595 2487
2487 1595
1595 6413
6413 1595
1595 13502
13502 1595
1612 1612
1612 1612
1632 8262
8262 1632
1632 9025
9025 1632
1639 1238
1238 1639
1639 1639
1639 1639
1639 3172
3172 1639
1639 11819
11819 1639
1639 12371
12371 1639
1639 17057
17057 1639
1658 1658
1658 1658
1658 2423
2423 1658
1658 5346
5346 1658
1658 7825
7825 1658
1658 11313
11313 1658
1658 12358
12358 1658
1658 13305
13305 1658
1658 13518
13518 1658
1667 10027
10027 1667
1667 13496
13496 1667
1676 2423
2423 1676
1734 24445
24445 1734
1740 1401
1401 1740
1740 1658
1658 1740
1740 1740
1740 1740
1740 2034
2034 1740
1740 2423
2423 1740
1740 3035
3035 1740
1740 5633
5633 1740
1740 7682
7682 1740
1740 9025
9025 1740
1740 10144
10144 1740
1740 10331
10331 1740
1740 12119
12119 1740
1740 12171
12171 1740
1740 12273
12273 1740
1740 12805
12805 1740
1740 13185
13185 1740
1740 13479
13479 1740
1740 13490
13490 1740
1740 13634
13634 1740
1740 13739
13739 1740
1740 13876
13876 1740
1740 16867
16867 1740
1740 24722
24722 1740
1741 1741
1741 1741
1741 5852
5852 1741
1741 5892
5892 1741
1741 8047
8047 1741
1741 13366
13366 1741
1741 13806
13806 1741
1741 13819
13819 1741
1749 13969
13969 1749
1772 11406
11406 1772
1780 13886
13886 1780
1788 13193
13193 1788
1788 13440
13440 1788
1788 13818
13818 1788
1842 1842
1842 1842
1842 11056
11056 1842
1842 13305
13305 1842
1846 642
642 1846
1846 1846
1846 1846
1846 5120
5120 1846
1846 5409
5409 1846
1846 5411
5411 1846
1846 5519
5519 1846
1846 5946
5946 1846
1846 6961
6961 1846
1846 8096
8096 1846
1846 8944
8944 1846
1846 8995
8995 1846
1846 9305
9305 1846
1846 9405
9405 1846
1846 12063
12063 1846
1846 13513
13513 1846
1846 13566
13566 1846
1846 13567
13567 1846
1846 13595
13595 1846
1846 13600
13600 1846
1846 13612
13612 1846
1846 13674
13674 1846
1846 17097
17097 1846
1859 22559
22559 1859
1861 20
20 1861
1861 1861
1861 1861
1861 13487
13487 1861
1861 13659
13659 1861
1861 22598
22598 1861
1901 1401
1401 1901
1934 1934
1934 1934
1934 2592
2592 1934
1934 13777
13777 1934
1949 1949
1949 1949
1951 1951
1951 1951
1951 4326
4326 1951
1951 7244
7244 1951
1951 10811
10811 1951
1951 12376
12376 1951
1951 12633
12633 1951
1951 13503
13503 1951
1951 13521
13521 1951
1951 13532
13532 1951
1951 13538
13538 1951
1951 13562
13562 1951
1951 13564
13564 1951
1951 13636
13636 1951
2018 13066
13066 2018
2018 19059
19059 2018
2034 14595
14595 2034
2091 2091
2091 2091
2091 13538
13538 2091
2099 7575
7575 2099
2134 3123
3123 2134
2134 13461
13461 2134
2194 1632
1632 2194
2194 1707
1707 2194
2194 3035
3035 2194
2194 3973
3973 2194
2194 4667
4667 2194
2194 5324
5324 2194
2194 5633
5633 2194
2194 5852
5852 2194
2194 8880
8880 2194
2194 9239
9239 2194
2194 10566
10566 2194
2194 10646
10646 2194
2194 11738
11738 2194
2194 11785
11785 2194
2194 12798
12798 2194
2194 13083
13083 2194
2194 13218
13218 2194
2194 13531
13531 2194
2194 13533
13533 2194
2194 13598
13598 2194
2194 13706
13706 2194
2194 13772
13772 2194
2194 13814
13814 2194
2194 14387
14387 2194
2194 18602
18602 2194
2194 22200
22200 2194
2194 22217
22217 2194
2194 22598
22598 2194
2194 24265
24265 2194
2197 253
253 2197
2197 1582
1582 2197
2197 1595
1595 2197
2197 1741
1741 2197
2197 2197
2197 2197
2197 2497
2497 2197
2197 3172
3172 2197
2197 3452
3452 2197
2197 4482
4482 2197
2197 5633
5633 2197
2197 5946
5946 2197
2197 6413
6413 2197
2197 6914
6914 2197
2197 6937
6937 2197
2197 6975
6975 2197
2197 6999
6999 2197
2197 7401
7401 2197
2197 7442
7442 2197
2197 8935
8935 2197
2197 11048
11048 2197
2197 11715
11715 2197
2197 12044
12044 2197
2197 12394
12394 2197
2197 12894
12894 2197
2197 13481
13481 2197
2197 13512
13512 2197
2197 13595
13595 2197
2197 13713
13713 2197
2197 13715
13715 2197
2197 13811
13811 2197
2197 13848
13848 2197
2197 20889
20889 2197
2197 23235
23235 2197
2197 23904
23904 2197
2197 24393
24393 2197
2281 2281
2281 2281
2281 12768
12768 2281
2281 13835
13835 2281
2307 8935
8935 2307
2307 13471
13471 2307
2307 16863
16863 2307
2329 13086
13086 2329
2352 525
525 2352
2361 2361
2361 2361
2361 5677
5677 2361
2361 13559
13559 2361
2384 2384
2384 2384
2384 9025
9025 2384
2384 9295
9295 2384
2384 11738
11738 2384
2384 14414
14414 2384
2384 16867
16867 2384
2384 19730
19730 2384
2384 21328
21328 2384
2387 2387
2387 2387
2387 8935
8935 2387
2387 13098
13098 2387
2387 13557
13557 2387
2392 12310
12310 2392
2392 13496
13496 2392
2411 19498
19498 2411
2413 2197
2197 2413
2416 19379
19379 2416
2423 1676
1676 2423
2423 1740
1740 2423
2423 2423
2423 2423
2423 14595
14595 2423
2423 21240
21240 2423
2424 1001
1001 2424
2424 13451
13451 2424
2440 2440
2440 2440
2487 1595
1595 2487
2487 2487
2487 2487
2487 4920
4920 2487
2487 6247
6247 2487
2487 12982
12982 2487
2487 13140
13140 2487
2487 13481
13481 2487
2487 13496
13496 2487
2487 13814
13814 2487
2487 22559
22559 2487
2491 2491
2491 2491
2491 8289
8289 2491
2497 2497
2497 2497
2497 5409
5409 2497
2497 5660
5660 2497
2497 8634
8634 2497
2497 9305
9305 2497
2497 10785
10785 2497
2497 12063
12063 2497
2497 13774
13774 2497
2497 13794
13794 2497
2497 13886
13886 2497
2497 19730
19730 2497
2497 22513
22513 2497
2497 23933
23933 2497
2499 2499
2499 2499
2499 11571
11571 2499
2499 13368
13368 2499
2508 4928
4928 2508
2508 7921
7921 2508
2508 11954
11954 2508
2581 7989
7989 2581
2592 1022
1022 2592
2592 1543
1543 2592
2592 5105
5105 2592
2592 11498
11498 2592
2592 12610
12610 2592
2592 13068
13068 2592
2592 13290
13290 2592
2592 13511
13511 2592
2592 13597
13597 2592
2592 13702
13702 2592
2592 18940
18940 2592
2592 20647
20647 2592
2622 11725
11725 2622
2622 23235
23235 2622
2629 255
255 2629
2629 331
331 2629
2629 686
686 2629
2629 2329
2329 2629
2629 2629
2629 2629
2629 4920
4920 2629
2629 6247
6247 2629
2629 8096
8096 2629
2629 8935
8935 2629
2629 13682
13682 2629
2629 16863
16863 2629
2629 19901
19901 2629
2633 1403
1403 2633
2633 7989
7989 2633
2633 9405
9405 2633
2633 13237
13237 2633
2633 13596
13596 2633
2633 13755
13755 2633
2633 24404
24404 2633
2655 13573
13573 2655
2659 12236
12236 2659
2767 2767
2767 2767
2794 10412
10412 2794
2797 19554
19554 2797
2811 2811
2811 2811
2811 9239
9239 2811
2811 13786
13786 2811
2831 1913
1913 2831
2831 2831
2831 2831
2831 7759
7759 2831
2831 11929
11929 2831
2831 12507
12507 2831
2831 13612
13612 2831
2831 13666
13666 2831
2872 1741
1741 2872
2872 2872
2872 2872
2872 5120
5120 2872
2872 6228
6228 2872
2872 8363
8363 2872
2872 13721
13721 2872
2872 13772
13772 2872
2872 13819
13819 2872
2961 7759
7759 2961
2978 21240
21240 2978
2997 2629
2629 2997
2997 2997
2997 2997
2997 9011
9011 2997
2997 13399
13399 2997
2997 13846
13846 2997
2997 13902
13902 2997
2997 16843
16843 2997
2997 19698
19698 2997
3035 3035
3035 3035
3049 3049
3049 3049
3049 12044
12044 3049
3049 13027
13027 3049
3049 13628
13628 3049
3049 13806
13806 3049
3049 13829
13829 3049
3049 18619
18619 3049
3049 22341
22341 3049
3055 6258
6258 3055
3101 3101
3101 3101
3101 12789
12789 3101
3101 13582
13582 3101
3113 5105
5105 3113
3123 3123
3123 3123
3141 3141
3141 3141
3141 5311
5311 3141
3152 3152
3152 3152
3168 3168
3168 3168
3168 9405
9405 3168
3168 13034
13034 3168
3172 287
287 3172
3172 1595
1595 3172
3172 3172
3172 3172
3172 3559
3559 3172
3172 5644
5644 3172
3172 9420
9420 3172
3172 11761
11761 3172
3172 12777
12777 3172
3172 12789
12789 3172
3172 13456
13456 3172
3172 13583
13583 3172
3172 13598
13598 3172
3172 13666
13666 3172
3172 13804
13804 3172
3172 17057
17057 3172
3172 19915
19915 3172
3172 21328
21328 3172
3172 24480
24480 3172
3227 13519
13519 3227
3255 3255
3255 3255
3255 3704
3704 3255
3292 701
701 3292
3292 1393
1393 3292
3292 3292
3292 3292
3292 7778
7778 3292
3292 14920
14920 3292
3293 22283
22283 3293
3301 6182
6182 3301
3301 12127
12127 3301
3334 5595
5595 3334
3337 3141
3141 3337
3337 13882
13882 3337
3372 16892
16892 3372
3425 642
642 3425
3425 3425
3425 3425
3425 13826
13826 3425
3433 212
212 3433
3433 3433
3433 3433
3433 13524
13524 3433
3439 5748
5748 3439
3452 3452
3452 3452
3452 7759
7759 3452
3452 8232
8232 3452
3506 11040
11040 3506
3506 13611
13611 3506
3528 2384
2384 3528
3528 4928
4928 3528
3528 7404
7404 3528
3528 11916
11916 3528
3528 13625
13625 3528
3559 3172
3172 3559
3570 10722
10722 3570
3591 12326
12326 3591
3651 13737
13737 3651
3701 5105
5105 3701
3704 3255
3255 3704
3704 3704
3704 3704
3714 5892
5892 3714
3714 14624
14624 3714
3733 11474
11474 3733
3733 13562
13562 3733
3760 3760
3760 3760
3760 6937
6937 3760
3760 13896
13896 3760
3789 412
412 3789
3789 3789
3789 3789
3814 3814
3814 3814
3824 13541
13541 3824
3824 17675
17675 3824
3843 2440
2440 3843
3865 8664
8664 3865
3865 13144
13144 3865
3874 3874
3874 3874
3874 24226
24226 3874
3921 24226
24226 3921
3944 3944
3944 3944
3947 23608
23608 3947
3950 287
287 3950
3950 2592
2592 3950
3950 3950
3950 3950
3950 7759
7759 3950
3950 13741
13741 3950
3986 4685
4685 3986
3986 13237
13237 3986
4074 4074
4074 4074
4094 4094
4094 4094
4094 17675
17675 4094
4121 194
194 4121
4121 644
644 4121
4121 3255
3255 4121
4121 3704
3704 4121
4121 4121
4121 4121
4121 7123
7123 4121
4121 7442
7442 4121
4121 13011
13011 4121
4121 13655
13655 4121
4126 13439
13439 4126
4126 13575
13575 4126
4146 4146
4146 4146
4150 726
726 4150
4154 4154
4154 4154
4154 6318
6318 4154
4154 11062
11062 4154
4154 13469
13469 4154
4187 4187
4187 4187
4187 13191
13191 4187
4196 13518
13518 4196
4196 24445
24445 4196
4242 597
597 4242
4242 763
763 4242
4242 1013
1013 4242
4242 2811
2811 4242
4242 4242
4242 4242
4242 5107
5107 4242
4242 6589
6589 4242
4242 7266
7266 4242
4242 7442
7442 4242
4242 11547
11547 4242
4242 11725
11725 4242
4242 12216
12216 4242
4242 12610
12610 4242
4242 13520
13520 4242
4242 13533
13533 4242
4242 13611
13611 4242
4242 13665
13665 4242
4242 13722
13722 4242
4242 13767
13767 4242
4242 13856
13856 4242
4255 13564
13564 4255
4326 1951
1951 4326
4326 4326
4326 4326
4331 4370
4370 4331
4331 7410
7410 4331
4331 11355
11355 4331
4331 24393
24393 4331
4343 3953
3953 4343
4343 4343
4343 4343
4343 5152
5152 4343
4343 7648
7648 4343
4343 7760
7760 4343
4343 12633
12633 4343
4343 13612
13612 4343
4343 13759
13759 4343
4343 13829
13829 4343
4343 18602
18602 4343
4343 23360
23360 4343
4350 13369
13369 4350
4355 4355
4355 4355
4370 4331
4331 4370
4370 8984
8984 4370
4370 9398
9398 4370
4398 9025
9025 4398
4406 1658
1658 4406
4407 1708
1708 4407
4407 4407
4407 4407
4407 8096
8096 4407
4407 13556
13556 4407
4407 13674
13674 4407
4411 8421
8421 4411
4430 8984
8984 4430
4430 18684
18684 4430
4440 287
287 4440
4440 4441
4441 4440
4440 5748
5748 4440
4440 7552
7552 4440
4440 13460
13460 4440
4440 15447
15447 4440
4441 701
701 4441
4441 4441
4441 4441
4441 6937
6937 4441
4441 10427
10427 4441
4482 4482
4482 4482
4482 13557
13557 4482
4533 34
34 4533
4551 8880
8880 4551
4567 1312
1312 4567
4567 4355
4355 4567
4567 4567
4567 4567
4567 5105
5105 4567
4567 5324
5324 4567
4567 7028
7028 4567
4567 8310
8310 4567
4567 8436
8436 4567
4567 8440
8440 4567
4567 9842
9842 4567
4567 13237
13237 4567
4567 13595
13595 4567
4567 13598
13598 4567
4567 13658
13658 4567
4567 22276
22276 4567
4578 4578
4578 4578
4578 8812
8812 4578
4578 11048
11048 4578
4578 11194
11194 4578
4578 13508
13508 4578
4578 13533
13533 4578
4607 4607
4607 4607
4607 12106
12106 4607
4607 13084
13084 4607
4607 13237
13237 4607
4607 13309
13309 4607
4607 13487
13487 4607
4607 13540
13540 4607
4607 13583
13583 4607
4607 24480
24480 4607
4624 11738
11738 4624
4624 16843
16843 4624
4642 21786
21786 4642
4653 4653
4653 4653
4653 11328
11328 4653
4653 11743
11743 4653
4663 4663
4663 4663
4667 4667
4667 4667
4667 13848
13848 4667
4683 11071
11071 4683
4685 4407
4407 4685
4685 4600
4600 4685
4685 4685
4685 4685
4685 4928
4928 4685
4685 7940
7940 4685
4685 9057
9057 4685
4685 11887
11887 4685
4685 12282
12282 4685
4685 13290
13290 4685
4685 13774
13774 4685
4685 13901
13901 4685
4685 23348
23348 4685
4685 24265
24265 4685
4724 13761
13761 4724
4735 586
586 4735
4737 9239
9239 4737
4781 4781
4781 4781
4781 9082
9082 4781
4781 13549
13549 4781
4781 13670
13670 4781
4781 18940
18940 4781
4879 4879
4879 4879
4879 14189
14189 4879
4920 331
331 4920
4920 630
630 4920
4920 644
644 4920
4920 804
804 4920
4920 1639
1639 4920
4920 2629
2629 4920
4920 4920
4920 4920
4920 8321
8321 4920
4920 8403
8403 4920
4920 12371
12371 4920
4920 12573
12573 4920
4920 13027
13027 4920
4920 13506
13506 4920
4920 13598
13598 4920
4920 13631
13631 4920
4920 13666
13666 4920
4920 13682
13682 4920
4920 13851
13851 4920
4920 13877
13877 4920
4920 16863
16863 4920
4920 20817
20817 4920
4920 22598
22598 4920
4920 24177
24177 4920
4928 1708
1708 4928
4928 4928
4928 4928
4928 10144
10144 4928
4952 4952
4952 4952
4952 12228
12228 4952
4952 13438
13438 4952
4952 13691
13691 4952
5052 13612
13612 5052
5076 644
644 5076
5105 701
701 5105
5105 4567
4567 5105
5105 5105
5105 5105
5105 11579
11579 5105
5120 5120
5120 5120
5123 10785
10785 5123
5127 5127
5127 5127
5143 5143
5143 5143
5150 4496
4496 5150
5152 2384
2384 5152
5152 4094
4094 5152
5152 4572
4572 5152
5152 5152
5152 5152
5152 6095
6095 5152
5152 6589
6589 5152
5152 6999
6999 5152
5152 9351
9351 5152
5152 11577
11577 5152
5152 22990
22990 5152
5152 24250
24250 5152
5152 24480
24480 5152
5178 630
630 5178
5178 804
804 5178
5178 2629
2629 5178
5178 3452
3452 5178
5178 5178
5178 5178
5178 7266
7266 5178
5178 8321
8321 5178
5178 12326
12326 5178
5178 12536
12536 5178
5178 12627
12627 5178
5178 12789
12789 5178
5178 13426
13426 5178
5178 13615
13615 5178
5178 13631
13631 5178
5178 15450
15450 5178
5178 22521
22521 5178
5189 287
287 5189
5189 4146
4146 5189
5189 4653
4653 5189
5193 644
644 5193
5193 6247
6247 5193
5193 18574
18574 5193
5261 11841
11841 5261
5261 12665
12665 5261
5282 1153
1153 5282
5282 11168
11168 5282
5310 5310
5310 5310
5311 1772
1772 5311
5311 3141
3141 5311
5311 3292
3292 5311
5311 5120
5120 5311
5311 10785
10785 5311
5311 12789
12789 5311
5311 13575
13575 5311
5314 8444
8444 5314
5324 5324
5324 5324
5324 13472
13472 5324
5324 13706
13706 5324
5345 1692
1692 5345
5345 2569
2569 5345
5345 3021
3021 5345
5345 4781
4781 5345
5345 5345
5345 5345
5345 7003
7003 5345
5345 9405
9405 5345
5345 11967
11967 5345
5346 979
979 5346
5346 5346
5346 5346
5346 13772
13772 5346
5408 5506
5506 5408
5408 9312
9312 5408
5408 11541
11541 5408
5408 12229
12229 5408
5409 2497
2497 5409
5409 6182
6182 5409
5409 7601
7601 5409
5409 9082
9082 5409
5409 12063
12063 5409
5409 13564
13564 5409
5409 13649
13649 5409
5409 18602
18602 5409
5409 21110
21110 5409
5409 24404
24404 5409
5411 1846
1846 5411
5411 2831
2831 5411
5411 5892
5892 5411
5411 10121
10121 5411
5411 12025
12025 5411
5430 5430
5430 5430
5430 12610
12610 5430
5449 5449
5449 5449
5477 4928
4928 5477
5477 11313
11313 5477
5485 16345
16345 5485
5485 24519
24519 5485
5519 642
642 5519
5519 5411
5411 5519
5519 5519
5519 5519
5519 13814
13814 5519
5544 5544
5544 5544
5544 11194
11194 5544
5583 5677
5677 5583
5595 3334
3334 5595
5633 5633
5633 5633
5633 13457
13457 5633
5639 1197
1197 5639
5639 13761
13761 5639
5644 12371
12371 5644
5644 18574
18574 5644
5658 22276
22276 5658
5660 215
215 5660
5660 700
700 5660
5660 1038
1038 5660
5660 1153
1153 5660
5660 2497
2497 5660
5660 4187
4187 5660
5660 5120
5120 5660
5660 5345
5345 5660
5660 8047
8047 5660
5660 10811
10811 5660
5660 11357
11357 5660
5660 12033
12033 5660
5660 12838
12838 5660
5660 13191
13191 5660
5660 13714
13714 5660
5660 13759
13759 5660
5660 13864
13864 5660
5660 19730
19730 5660
5677 287
287 5677
5677 1221
1221 5677
5677 2361
2361 5677
5677 5583
5583 5677
5677 5677
5677 5677
5677 8096
8096 5677
5677 13666
13666 5677
5682 11607
11607 5682
5748 5748
5748 5748
5753 5892
5892 5753
5753 10785
10785 5753
5753 13461
13461 5753
5753 18034
18034 5753
5753 23348
23348 5753
5769 5769
5769 5769
5769 7989
7989 5769
5795 596
596 5795
5795 5795
5795 5795
5808 8047
8047 5808
5831 5831
5831 5831
5831 6485
6485 5831
5852 5852
5852 5852
5852 5892
5892 5852
5852 17675
17675 5852
5887 24682
24682 5887
5892 5852
5852 5892
5892 5892
5892 5892
5946 1316
1316 5946
5946 1595
1595 5946
5946 2487
2487 5946
5946 2961
2961 5946
5946 5411
5411 5946
5946 5946
5946 5946
5946 9788
9788 5946
5946 10785
10785 5946
5946 11048
11048 5946
5946 11843
11843 5946
5946 12894
12894 5946
5946 13331
13331 5946
5946 13502
13502 5946
5946 13553
13553 5946
5946 13612
13612 5946
5946 13650
13650 5946
5946 13721
13721 5946
5946 17097
17097 5946
5953 394
394 5953
6002 6002
6002 6002
6002 11562
11562 6002
6002 21786
21786 6002
6009 17843
17843 6009
6017 9798
9798 6017
6047 7759
7759 6047
6049 1137
1137 6049
6049 5282
5282 6049
6049 6049
6049 6049
6049 9660
9660 6049
6095 929
929 6095
6095 6095
6095 6095
6095 13066
13066 6095
6095 13902
13902 6095
6124 701
701 6124
6124 6124
6124 6124
6124 8005
8005 6124
6124 9275
9275 6124
6124 12876
12876 6124
6124 13807
13807 6124
6124 18602
18602 6124
6167 4781
4781 6167
6167 6167
6167 6167
6167 8939
8939 6167
6167 13836
13836 6167
6182 701
701 6182
6182 5409
5409 6182
6182 6182
6182 6182
6182 10025
10025 6182
6182 13029
13029 6182
6182 13478
13478 6182
6182 13579
13579 6182
6182 23707
23707 6182
6192 1613
1613 6192
6228 5120
5120 6228
6247 6167
6167 6247
6247 6247
6247 6247
6247 9420
9420 6247
6247 13027
13027 6247
6247 13713
13713 6247
6257 9405
9405 6257
6258 4638
4638 6258
6258 12188
12188 6258
6278 13237
13237 6278
6278 13755
13755 6278
6318 4154
4154 6318
6318 6318
6318 6318
6318 13519
13519 6318
6319 2467
2467 6319
6319 8564
8564 6319
6338 10811
10811 6338
6346 6346
6346 6346
6346 24386
24386 6346
6366 1558
1558 6366
6413 1595
1595 6413
6413 6413
6413 6413
6476 115
115 6476
6485 1153
1153 6485
6485 5831
5831 6485
6485 6485
6485 6485
6485 11919
11919 6485
6485 13684
13684 6485
6485 13702
13702 6485
6485 17283
17283 6485
6497 13581
13581 6497
6505 834
834 6505
6512 6512
6512 6512
6528 20
20 6528
6528 6528
6528 6528
6528 7410
7410 6528
6528 12459
12459 6528
6528 13777
13777 6528
6547 12524
12524 6547
6547 14195
14195 6547
6557 20
20 6557
6557 242
242 6557
6557 4355
4355 6557
6557 5105
5105 6557
6557 10811
10811 6557
6557 11076
11076 6557
6557 13399
13399 6557
6557 13544
13544 6557
6557 13763
13763 6557
6582 6582
6582 6582
6582 8921
8921 6582
6589 4551
4551 6589
6589 6589
6589 6589
6589 10811
10811 6589
6598 716
716 6598
6598 6598
6598 6598
6598 7442
7442 6598
6598 8812
8812 6598
6598 11357
11357 6598
6598 12719
12719 6598
6606 3953
3953 6606
6606 13657
13657 6606
6666 6666
6666 6666
6666 9082
9082 6666
6666 9120
9120 6666
6666 14583
14583 6666
6666 18574
18574 6666
6666 21584
21584 6666
6735 5645
5645 6735
6735 13502
13502 6735
6735 22315
22315 6735
6740 6740
6740 6740
6747 12944
12944 6747
6818 13518
13518 6818
6836 596
596 6836
6845 701
701 6845
6845 13430
13430 6845
6869 6036
6036 6869
6869 13485
13485 6869
6874 8813
8813 6874
6917 44
44 6917
6917 6917
6917 6917
6917 16892
16892 6917
6937 6937
6937 6937
6937 11078
11078 6937
6937 13666
13666 6937
6937 23933
23933 6937
6944 1409
1409 6944
6944 8632
8632 6944
6944 24265
24265 6944
6960 10343
10343 6960
6975 13481
13481 6975
6999 6999
6999 6999
6999 7478
7478 6999
6999 10681
10681 6999
6999 23130
23130 6999
7010 701
701 7010
7037 7037
7037 7037
7123 4607
4607 7123
7186 3950
3950 7186
7186 4441
4441 7186
7186 7186
7186 7186
7186 8935
8935 7186
7186 12767
12767 7186
7186 13587
13587 7186
7186 13613
13613 7186
7186 13706
13706 7186
7186 18034
18034 7186
7209 12876
12876 7209
7213 1407
1407 7213
7244 7244
7244 7244
7266 7266
7266 7266
7266 9239
9239 7266
7305 8880
8880 7305
7305 9351
9351 7305
7342 7342
7342 7342
7351 5345
5345 7351
7401 7401
7401 7401
7401 11071
11071 7401
7404 7404
7404 7404
7410 1137
1137 7410
7410 1949
1949 7410
7410 2440
2440 7410
7410 3152
3152 7410
7410 7410
7410 7410
7410 9405
9405 7410
7410 11954
11954 7410
7410 13599
13599 7410
7410 13882
13882 7410
7424 7424
7424 7424
7442 2197
2197 7442
7442 4242
4242 7442
7442 6598
6598 7442
7442 7442
7442 7442
7478 1
1 7478
7478 6999
6999 7478
7478 7478
7478 7478
7478 11048
11048 7478
7498 13612
13612 7498
7514 15447
15447 7514
7514 18602
18602 7514
7516 23846
23846 7516
7552 7552
7552 7552
7557 1848
1848 7557
7565 7565
7565 7565
7601 287
287 7601
7601 5409
5409 7601
7601 6095
6095 7601
7601 7601
7601 7601
7601 9082
9082 7601
7601 11357
11357 7601
7601 11929
11929 7601
7601 12228
12228 7601
7601 12325
12325 7601
7648 5152
5152 7648
7648 7648
7648 7648
7648 9082
9082 7648
7648 9676
9676 7648
7648 12998
12998 7648
7648 13368
13368 7648
7648 24265
24265 7648
7682 5892
5892 7682
7682 7682
7682 7682
7682 10722
10722 7682
7682 10785
10785 7682
7682 11474
11474 7682
7682 11738
11738 7682
7682 13453
13453 7682
7682 14195
14195 7682
7682 16909
16909 7682
7682 24265
24265 7682
7682 24722
24722 7682
7743 1654
1654 7743
7743 12849
12849 7743
7743 13348
13348 7743
7743 13612
13612 7743
7759 2375
2375 7759
7759 2831
2831 7759
7759 2961
2961 7759
7759 6047
6047 7759
7759 7759
7759 7759
7759 9405
9405 7759
7759 10707
10707 7759
7759 11916
11916 7759
7759 12282
12282 7759
7759 13749
13749 7759
7759 13760
13760 7759
7759 18602
18602 7759
7759 18863
18863 7759
7760 7760
7760 7760
7760 23707
23707 7760
7778 155
155 7778
7778 3292
3292 7778
7778 7244
7244 7778
7778 11634
11634 7778
7778 13011
13011 7778
7778 13735
13735 7778
7778 13785
13785 7778
7778 21584
21584 7778
7825 1658
1658 7825
7825 7825
7825 7825
7825 15684
15684 7825
7888 134
134 7888
7907 7907
7907 7907
7921 7921
7921 7921
7921 16377
16377 7921
7929 13084
13084 7929
7942 7266
7266 7942
7976 7976
7976 7976
7976 8995
8995 7976
7985 13851
13851 7985
7989 5769
5769 7989
7989 7989
7989 7989
8005 1158
1158 8005
8005 3153
3153 8005
8005 4775
4775 8005
8005 6124
6124 8005
8005 8005
8005 8005
8005 10563
10563 8005
8005 13460
13460 8005
8005 13640
13640 8005
8005 13839
13839 8005
8005 13883
13883 8005
8005 13885
13885 8005
8005 22559
22559 8005
8047 8047
8047 8047
8096 4407
4407 8096
8096 8096
8096 8096
8096 18619
18619 8096
8102 1313
1313 8102
8102 5120
5120 8102
8102 5892
5892 8102
8102 6937
6937 8102
8102 8102
8102 8102
8102 11843
11843 8102
8102 12037
12037 8102
8102 13691
13691 8102
8127 10356
10356 8127
8199 21
21 8199
8199 6182
6182 8199
8199 13369
13369 8199
8205 13448
13448 8205
8232 3452
3452 8232
8232 8232
8232 8232
8232 9405
9405 8232
8262 8262
8262 8262
8262 13440
13440 8262
8262 13649
13649 8262
8262 13870
13870 8262
8262 20292
20292 8262
8277 8277
8277 8277
8305 5346
5346 8305
8305 8305
8305 8305
8305 9239
9239 8305
8305 9960
9960 8305
8305 12658
12658 8305
8305 13066
13066 8305
8310 8310
8310 8310
8321 4920
4920 8321
8321 8321
8321 8321
8321 9025
9025 8321
8346 8346
8346 8346
8364 4989
4989 8364
8403 630
630 8403
8403 4920
4920 8403
8403 8403
8403 8403
8403 13631
13631 8403
8421 1401
1401 8421
8421 3141
3141 8421
8421 4411
4411 8421
8421 8096
8096 8421
8421 8421
8421 8421
8421 10573
10573 8421
8421 13706
13706 8421
8421 13786
13786 8421
8436 1022
1022 8436
8436 1312
1312 8436
8436 8436
8436 8436
8436 18602
18602 8436
8440 4567
4567 8440
8440 11819
11819 8440
8452 13027
13027 8452
8462 1430
1430 8462
8497 8497
8497 8497
8507 349
349 8507
8564 6319
6319 8564
8632 1949
1949 8632
8632 8632
8632 8632
8664 12798
12798 8664
8813 20
20 8813
8813 626
626 8813
8813 3168
3168 8813
8813 3575
3575 8813
8813 6874
6874 8813
8813 8813
8813 8813
8813 13658
13658 8813
8813 13666
13666 8813
8813 13724
13724 8813
8852 8852
8852 8852
8921 4967
4967 8921
8921 6557
6557 8921
8921 6582
6582 8921
8921 8921
8921 8921
8935 2629
2629 8935
8935 3683
3683 8935
8935 8935
8935 8935
8935 11479
11479 8935
8935 11819
11819 8935
8935 12665
12665 8935
8935 13569
13569 8935
8935 13649
13649 8935
8935 13859
13859 8935
8935 13902
13902 8935
8935 15447
15447 8935
8935 18602
18602 8935
8935 24640
24640 8935
8939 8939
8939 8939
8944 2794
2794 8944
8944 8944
8944 8944
8984 4370
4370 8984
8984 8984
8984 8984
8984 13969
13969 8984
8995 7976
7976 8995
8995 8995
8995 8995
8996 97
97 8996
8996 610
610 8996
8996 876
876 8996
8996 895
895 8996
8996 1105
1105 8996
8996 1384
1384 8996
8996 1842
1842 8996
8996 2034
2034 8996
8996 6485
6485 8996
8996 8321
8321 8996
8996 8996
8996 8996
8996 9025
9025 8996
8996 9351
9351 8996
8996 9555
9555 8996
8996 10259
10259 8996
8996 11817
11817 8996
8996 11908
11908 8996
8996 12169
12169 8996
8996 12627
12627 8996
8996 12719
12719 8996
8996 13321
13321 8996
8996 13487
13487 8996
8996 13622
13622 8996
8996 13643
13643 8996
8996 16377
16377 8996
8996 17300
17300 8996
8996 18396
18396 8996
8996 18602
18602 8996
8996 19446
19446 8996
9005 13261
13261 9005
9025 20
20 9025
9025 1105
1105 9025
9025 2384
2384 9025
9025 4572
4572 9025
9025 4667
4667 9025
9025 5892
5892 9025
9025 6598
6598 9025
9025 7478
7478 9025
9025 8321
8321 9025
9025 8812
8812 9025
9025 8939
8939 9025
9025 9025
9025 9025
9025 10008
10008 9025
9025 10722
10722 9025
9025 11048
11048 9025
9025 11168
11168 9025
9025 11313
11313 9025
9025 12106
12106 9025
9025 12627
12627 9025
9025 12658
12658 9025
9025 13450
13450 9025
9025 13458
13458 9025
9025 13731
13731 9025
9025 13744
13744 9025
9025 13767
13767 9025
9025 13776
13776 9025
9025 13852
13852 9025
9025 13858
13858 9025
9025 18396
18396 9025
9025 21913
21913 9025
9025 22601
22601 9025
9025 23535
23535 9025
9025 24265
24265 9025
9027 13211
13211 9027
9030 5946
5946 9030
9050 11056
11056 9050
9050 12581
12581 9050
9057 20
20 9057
9057 630
630 9057
9057 1708
1708 9057
9057 3143
3143 9057
9057 3313
3313 9057
9057 4607
4607 9057
9057 6937
6937 9057
9057 8935
8935 9057
9057 8939
8939 9057
9057 9057
9057 9057
9057 9398
9398 9057
9057 9420
9420 9057
9057 9676
9676 9057
9057 12106
12106 9057
9057 12394
12394 9057
9057 13083
13083 9057
9057 13086
13086 9057
9057 13485
13485 9057
9057 13583
13583 9057
9057 13658
13658 9057
9057 13666
13666 9057
9057 13670
13670 9057
9057 13713
13713 9057
9057 13729
13729 9057
9057 13749
13749 9057
9057 13760
13760 9057
9057 13787
13787 9057
9057 13797
13797 9057
9057 13806
13806 9057
9057 13848
13848 9057
9057 13876
13876 9057
9057 13889
13889 9057
9057 19730
19730 9057
9057 20917
20917 9057
9057 22217
22217 9057
9057 23235
23235 9057
9057 23360
23360 9057
9057 24265
24265 9057
9057 24519
24519 9057
9082 9082
9082 9082
9082 9842
9842 9082
9082 13760
13760 9082
9082 24445
24445 9082
9120 6666
6666 9120
9177 8813
8813 9177
9177 11357
11357 9177
9177 11507
11507 9177
9177 13564
13564 9177
9177 18401
18401 9177
9232 13666
13666 9232
9238 700
700 9238
9238 1654
1654 9238
9238 7266
7266 9238
9238 18401
18401 9238
9239 1312
1312 9239
9239 1658
1658 9239
9239 2811
2811 9239
9239 7266
7266 9239
9239 9239
9239 9239
9239 11357
11357 9239
9239 11819
11819 9239
9239 13261
13261 9239
9239 13648
13648 9239
9239 13720
13720 9239
9239 14224
14224 9239
9239 24298
24298 9239
9239 24722
24722 9239
9275 1190
1190 9275
9275 8935
8935 9275
9275 9275
9275 9275
9275 13083
13083 9275
9275 21240
21240 9275
9295 2384
2384 9295
9295 9295
9295 9295
9305 4160
4160 9305
9305 13794
13794 9305
9307 9307
9307 9307
9307 12659
12659 9307
9312 23707
23707 9312
9365 2953
2953 9365
9365 5409
5409 9365
9365 8096
8096 9365
9365 13399
13399 9365
9365 13426
13426 9365
9365 13487
13487 9365
9365 13523
13523 9365
9365 13666
13666 9365
9398 701
701 9398
9398 4370
4370 9398
9398 4928
4928 9398
9398 12982
12982 9398
9398 13716
13716 9398
9398 24265
24265 9398
9405 2361
2361 9405
9405 2467
2467 9405
9405 7759
7759 9405
9405 9405
9405 9405
9405 11725
11725 9405
9405 11916
11916 9405
9405 13541
13541 9405
9405 17880
17880 9405
9405 19730
19730 9405
9494 13471
13471 9494
9494 13760
13760 9494
9553 1846
1846 9553
9553 13734
13734 9553
9553 18863
18863 9553
9553 24480
24480 9553
9555 242
242 9555
9555 642
642 9555
9555 1543
1543 9555
9555 1951
1951 9555
9555 4928
4928 9555
9555 6953
6953 9555
9555 8436
8436 9555
9555 9555
9555 9555
9555 12310
12310 9555
9555 12820
12820 9555
9600 155
155 9600
9647 13305
13305 9647
9647 13490
13490 9647
9660 6049
6049 9660
9660 9660
9660 9660
9676 9676
9676 9676
9676 19901
19901 9676
9679 11355
11355 9679
9679 11841
11841 9679
9679 12633
12633 9679
9682 18034
18034 9682
9682 23707
23707 9682
9716 4355
4355 9716
9716 24730
24730 9716
9736 9736
9736 9736
9736 13089
13089 9736
9736 13147
13147 9736
9736 24404
24404 9736
9762 13099
13099 9762
9789 9789
9789 9789
9789 23348
23348 9789
9798 6017
6017 9798
9798 9798
9798 9798
9798 16678
16678 9798
9842 9082
9082 9842
9842 9842
9842 9842
9842 13658
13658 9842
9842 14500
14500 9842
9960 1543
1543 9960
9960 7907
7907 9960
9960 9960
9960 9960
9978 9978
9978 9978
10001 1949
1949 10001
10001 13882
13882 10001
10006 12310
12310 10006
10008 10008
10008 10008
10008 18619
18619 10008
10090 935
935 10090
10121 5411
5411 10121
10121 10121
10121 10121
10121 12757
12757 10121
10121 13456
13456 10121
10121 13496
13496 10121
10121 13612
13612 10121
10121 13663
13663 10121
10121 13749
13749 10121
10121 13814
13814 10121
10121 13902
13902 10121
10144 4928
4928 10144
10168 833
833 10168
10168 6017
6017 10168
10168 10168
10168 10168
10168 13864
13864 10168
10207 10207
10207 10207
10207 11819
11819 10207
10259 8996
8996 10259
10259 10259
10259 10259
10273 11313
11313 10273
10273 13144
13144 10273
10292 496
496 10292
10292 1430
1430 10292
10292 8935
8935 10292
10292 10292
10292 10292
10292 11357
11357 10292
10292 13471
13471 10292
10292 13658
13658 10292
10292 13659
13659 10292
10292 24226
24226 10292
10331 1740
1740 10331
10331 13684
13684 10331
10343 6960
6960 10343
10343 10343
10343 10343
10356 642
642 10356
10356 8127
8127 10356
10356 12734
12734 10356
10356 13674
13674 10356
10356 18602
18602 10356
10410 7037
7037 10410
10410 13368
13368 10410
10410 13587
13587 10410
10410 13636
13636 10410
10410 13675
13675 10410
10410 13715
13715 10410
10429 19498
19498 10429
10544 12611
12611 10544
10566 1587
1587 10566
10566 3231
3231 10566
10566 18689
18689 10566
10568 23164
23164 10568
10573 8421
8421 10573
10640 1312
1312 10640
10646 10646
10646 10646
10676 10676
10676 10676
10676 12869
12869 10676
10681 6999
6999 10681
10681 10681
10681 10681
10707 7759
7759 10707
10722 9025
9025 10722
10722 10722
10722 10722
10722 13030
13030 10722
10767 13517
13517 10767
10811 642
642 10811
10811 1312
1312 10811
10811 1951
1951 10811
10811 6589
6589 10811
10811 10410
10410 10811
10811 10811
10811 10811
10811 11056
11056 10811
10811 11579
11579 10811
10811 13438
13438 10811
10811 18602
18602 10811
10811 24404
24404 10811
10837 14387
14387 10837
11030 11030
11030 11030
11040 3506
3506 11040
11040 7244
7244 11040
11040 10707
10707 11040
11040 11040
11040 11040
11040 13714
13714 11040
11056 1842
1842 11056
11056 9050
9050 11056
11056 10811
10811 11056
11056 11056
11056 11056
11056 12908
12908 11056
11056 13217
13217 11056
11056 13502
13502 11056
11062 4154
4154 11062
11071 7401
7401 11071
11071 11071
11071 11071
11071 12876
12876 11071
11076 1658
1658 11076
11076 7037
7037 11076
11076 11076
11076 11076
11076 22559
22559 11076
11078 6937
6937 11078
11078 11078
11078 11078
11078 12371
12371 11078
11130 11130
11130 11130
11130 13431
13431 11130
11149 8116
8116 11149
11149 13661
13661 11149
11152 13563
13563 11152
11167 700
700 11167
11167 2629
2629 11167
11167 6124
6124 11167
11167 6589
6589 11167
11167 9312
9312 11167
11167 11507
11507 11167
11167 11929
11929 11167
11167 13605
13605 11167
11167 13659
13659 11167
11167 17336
17336 11167
11194 5544
5544 11194
11291 12572
12572 11291
11313 5477
5477 11313
11313 11313
11313 11313
11328 4653
4653 11328
11328 11328
11328 11328
11328 13612
13612 11328
11355 12242
12242 11355
11357 642
642 11357
11357 6598
6598 11357
11357 9177
9177 11357
11357 9239
9239 11357
11357 11357
11357 11357
11357 17742
17742 11357
11357 18602
18602 11357
11357 21876
21876 11357
11361 9025
9025 11361
11361 16186
16186 11361
11371 24157
24157 11371
11378 1672
1672 11378
11378 7478
7478 11378
11378 11378
11378 11378
11378 14361
14361 11378
11378 17675
17675 11378
11393 17097
17097 11393
11393 18602
18602 11393
11406 1772
1772 11406
11406 4160
4160 11406
11406 13140
13140 11406
11406 13191
13191 11406
11406 13453
13453 11406
11474 7682
7682 11474
11474 11474
11474 11474
11479 11479
11479 11479
11479 18602
18602 11479
11503 11503
11503 11503
11507 6589
6589 11507
11507 9978
9978 11507
11507 11507
11507 11507
11507 20285
20285 11507
11508 11508
11508 11508
11527 13842
13842 11527
11547 4242
4242 11547
11547 24265
24265 11547
11579 7037
7037 11579
11579 10811
10811 11579
11579 13767
13767 11579
11598 13775
13775 11598
11607 11607
11607 11607
11634 11634
11634 11634
11657 5633
5633 11657
11657 6917
6917 11657
11657 11657
11657 11657
11657 13519
13519 11657
11657 13729
13729 11657
11657 13859
13859 11657
11657 13902
13902 11657
11684 1001
1001 11684
11684 1202
1202 11684
11684 2831
2831 11684
11684 5120
5120 11684
11684 6598
6598 11684
11684 9405
9405 11684
11684 11357
11357 11684
11684 11684
11684 11684
11684 13366
13366 11684
11684 13453
13453 11684
11684 13491
13491 11684
11684 13509
13509 11684
11684 13634
13634 11684
11684 13691
13691 11684
11684 18602
18602 11684
11684 24393
24393 11684
11695 11695
11695 11695
11695 22598
22598 11695
11700 2831
2831 11700
11700 11700
11700 11700
11700 12633
12633 11700
11700 13683
13683 11700
11715 2831
2831 11715
11715 11715
11715 11715
11715 13544
13544 11715
11715 13557
13557 11715
11718 1658
1658 11718
11722 21913
21913 11722
11725 2349
2349 11725
11725 11725
11725 11725
11733 11733
11733 11733
11733 13666
13666 11733
11738 7682
7682 11738
11743 1333
1333 11743
11743 4441
4441 11743
11743 4653
4653 11743
11743 8262
8262 11743
11743 11743
11743 11743
11743 13443
13443 11743
11743 13478
13478 11743
11743 13634
13634 11743
11743 13714
13714 11743
11743 13860
13860 11743
11743 13878
13878 11743
11743 18401
18401 11743
11743 23758
23758 11743
11748 19366
19366 11748
11757 7989
7989 11757
11757 20992
20992 11757
11761 1430
1430 11761
11761 11761
11761 11761
11767 726
726 11767
11767 1430
1430 11767
11767 10811
10811 11767
11767 13540
13540 11767
11767 16186
16186 11767
11767 18602
18602 11767
11784 5152
5152 11784
11784 12106
12106 11784
11785 11785
11785 11785
11785 13718
13718 11785
11793 10292
10292 11793
11817 6417
6417 11817
11817 11355
11355 11817
11819 1639
1639 11819
11819 8440
8440 11819
11819 10207
10207 11819
11819 11715
11715 11819
11819 11819
11819 11819
11819 12777
12777 11819
11819 13531
13531 11819
11819 13557
13557 11819
11819 13591
13591 11819
11819 13647
13647 11819
11819 13720
13720 11819
11840 12106
12106 11840
11842 13533
13533 11842
11848 12773
12773 11848
11861 426
426 11861
11861 16867
16867 11861
11870 11861
11861 11870
11870 20444
20444 11870
11881 8102
8102 11881
11899 4160
4160 11899
11908 8996
8996 11908
11908 9351
9351 11908
11910 2304
2304 11910
11910 3292
3292 11910
11916 11916
11916 11916
11919 5682
5682 11919
11919 6485
6485 11919
11919 16976
16976 11919
11919 18434
18434 11919
11929 11929
11929 11929
11945 1707
1707 11945
11945 11945
11945 11945
11949 701
701 11949
11949 11949
11949 11949
11954 7410
7410 11954
11954 11954
11954 11954
11967 12665
12665 11967
12013 4928
4928 12013
12013 13518
13518 12013
12022 12022
12022 12022
12022 13806
13806 12022
12025 1038
1038 12025
12025 10279
10279 12025
12025 12025
12025 12025
12025 13621
13621 12025
12026 12026
12026 12026
12033 642
642 12033
12037 4186
4186 12037
12037 12037
12037 12037
12041 13223
13223 12041
12044 12044
12044 12044
12063 5409
5409 12063
12078 1403
1403 12078
12078 12078
12078 12078
12081 12081
12081 12081
12084 24393
24393 12084
12106 12106
12106 12106
12106 13897
13897 12106
12117 287
287 12117
12118 13519
13519 12118
12119 1740
1740 12119
12135 212
212 12135
12135 1312
1312 12135
12135 1323
1323 12135
12135 3168
3168 12135
12135 3452
3452 12135
12135 4928
4928 12135
12135 5105
5105 12135
12135 7342
7342 12135
12135 9082
9082 12135
12135 9555
9555 12135
12135 9978
9978 12135
12135 10811
10811 12135
12135 11355
11355 12135
12135 11357
11357 12135
12135 11507
11507 12135
12135 11748
11748 12135
12135 11929
11929 12135
12135 12135
12135 12135
12135 12228
12228 12135
12135 12242
12242 12135
12135 12282
12282 12135
12135 12310
12310 12135
12135 12376
12376 12135
12135 12620
12620 12135
12135 13068
13068 12135
12135 13237
13237 12135
12135 13305
13305 12135
12135 13426
13426 12135
12135 13511
13511 12135
12135 13531
13531 12135
12135 13547
13547 12135
12135 13549
13549 12135
12135 13550
13550 12135
12135 13596
13596 12135
12135 13612
13612 12135
12135 13749
13749 12135
12135 13884
13884 12135
12135 17742
17742 12135
12135 18602
18602 12135
12135 18619
18619 12135
12135 19871
19871 12135
12135 24404
24404 12135
12135 24588
24588 12135
12142 19730
19730 12142
12155 5324
5324 12155
12163 5120
5120 12163
12163 12163
12163 12163
12163 13829
13829 12163
12163 18602
18602 12163
12169 8277
8277 12169
12169 12169
12169 12169
12169 13083
13083 12169
12169 13882
13882 12169
12171 9025
9025 12171
12178 8871
8871 12178
12178 9040
9040 12178
12179 596
596 12179
12188 44
44 12188
12188 12188
12188 12188
12211 1740
1740 12211
12211 2629
2629 12211
12211 4187
4187 12211
12211 5345
5345 12211
12211 21110
21110 12211
12211 24722
24722 12211
12228 4952
4952 12228
12228 12228
12228 12228
12230 12230
12230 12230
12242 11355
11355 12242
12242 12242
12242 12242
12273 12273
12273 12273
12279 642
642 12279
12282 12282
12282 12282
12326 12326
12326 12326
12343 7028
7028 12343
12358 1658
1658 12358
12358 11076
11076 12358
12358 13879
13879 12358
12364 4920
4920 12364
12364 12326
12326 12364
12364 24177
24177 12364
12367 212
212 12367
12367 12820
12820 12367
12367 18602
18602 12367
12367 24298
24298 12367
12371 4920
4920 12371
12371 12371
12371 12371
12389 13217
13217 12389
12450 2423
2423 12450
12450 13733
13733 12450
12456 673
673 12456
12459 6528
6528 12459
12465 12465
12465 12465
12468 13321
13321 12468
12519 13399
13399 12519
12524 6547
6547 12524
12536 12536
12536 12536
12539 5143
5143 12539
12539 5831
5831 12539
12539 6485
6485 12539
12539 9025
9025 12539
12539 10785
10785 12539
12539 12169
12169 12539
12539 14888
14888 12539
12543 1013
1013 12543
12543 13741
13741 12543
12547 929
929 12547
12573 630
630 12573
12573 4920
4920 12573
12573 13631
13631 12573
12574 34
34 12574
12574 3943
3943 12574
12574 5748
5748 12574
12574 12574
12574 12574
12574 13857
13857 12574
12587 1639
1639 12587
12587 3172
3172 12587
12587 4920
4920 12587
12597 1859
1859 12597
12597 11919
11919 12597
12597 13573
13573 12597
12600 1312
1312 12600
12600 13068
13068 12600
12600 13237
13237 12600
12600 13564
13564 12600
12610 1013
1013 12610
12610 5430
5430 12610
12610 12610
12610 12610
12611 10544
10544 12611
12611 12611
12611 12611
12618 17097
17097 12618
12620 12620
12620 12620
12625 12625
12625 12625
12625 22598
22598 12625
12627 12627
12627 12627
12633 1951
1951 12633
12633 4343
4343 12633
12633 11700
11700 12633
12633 12633
12633 12633
12633 13498
13498 12633
12633 23348
23348 12633
12637 11785
11785 12637
12637 12610
12610 12637
12658 9978
9978 12658
12658 11657
11657 12658
12658 12658
12658 12658
12658 13066
13066 12658
12659 9307
9307 12659
12665 2361
2361 12665
12665 4947
4947 12665
12665 5409
5409 12665
12665 6681
6681 12665
12665 8935
8935 12665
12665 9978
9978 12665
12665 12665
12665 12665
12665 13109
13109 12665
12665 13487
13487 12665
12665 13666
13666 12665
12665 14224
14224 12665
12665 15447
15447 12665
12665 21542
21542 12665
12665 24226
24226 12665
12665 24404
24404 12665
12668 12230
12230 12668
12668 12668
12668 12668
12668 13372
13372 12668
12668 13503
13503 12668
12670 2423
2423 12670
12670 7478
7478 12670
12670 12211
12211 12670
12712 12465
12465 12712
12712 12712
12712 12712
12712 13353
13353 12712
12712 13478
13478 12712
12719 12719
12719 12719
12720 4920
4920 12720
12720 12720
12720 12720
12720 13504
13504 12720
12734 496
496 12734
12734 1013
1013 12734
12734 1022
1022 12734
12734 1951
1951 12734
12734 5105
5105 12734
12734 6192
6192 12734
12734 9405
9405 12734
12734 10356
10356 12734
12734 11030
11030 12734
12734 11357
11357 12734
12734 12543
12543 12734
12734 12610
12610 12734
12734 12734
12734 12734
12734 13214
13214 12734
12734 13350
13350 12734
12734 13399
13399 12734
12734 13426
13426 12734
12734 13501
13501 12734
12734 13524
13524 12734
12734 13549
13549 12734
12734 14232
14232 12734
12734 18449
18449 12734
12734 24393
24393 12734
12750 11357
11357 12750
12757 13663
13663 12757
12767 7186
7186 12767
12768 2281
2281 12768
12773 11848
11848 12773
12773 12773
12773 12773
12773 13247
13247 12773
12777 3172
3172 12777
12777 8659
8659 12777
12777 11102
11102 12777
12777 11819
11819 12777
12777 12777
12777 12777
12789 12627
12627 12789
12789 12789
12789 12789
12798 12798
12798 12798
12805 44
44 12805
12805 12805
12805 12805
12812 11579
11579 12812
12812 12812
12812 12812
12812 13255
13255 12812
12812 13749
13749 12812
12812 17475
17475 12812
12812 24298
24298 12812
12820 12367
12367 12820
12838 12838
12838 12838
12842 14361
14361 12842
12869 10676
10676 12869
12869 15814
15814 12869
12876 12876
12876 12876
12882 12882
12882 12882
12894 4663
4663 12894
12894 12894
12894 12894
12894 13496
13496 12894
12894 13502
13502 12894
12894 13882
13882 12894
12894 13886
13886 12894
12894 14387
14387 12894
12896 4280
4280 12896
12896 12896
12896 12896
12900 1401
1401 12900
12900 2767
2767 12900
12900 5633
5633 12900
12900 5856
5856 12900
12900 7682
7682 12900
12900 11474
11474 12900
12900 11738
11738 12900
12900 12658
12658 12900
12900 12900
12900 12900
12900 13453
13453 12900
12900 13634
13634 12900
12900 13771
13771 12900
12900 16909
16909 12900
12900 18602
18602 12900
12900 19730
19730 12900
12910 12910
12910 12910
12913 1846
1846 12913
12917 12917
12917 12917
12949 2361
2361 12949
12956 13366
13366 12956
12982 3425
3425 12982
12982 7759
7759 12982
12982 9736
9736 12982
12982 11715
11715 12982
12982 12044
12044 12982
12982 12376
12376 12982
12982 12633
12633 12982
12982 12982
12982 12982
12982 13049
13049 12982
12982 13089
13089 12982
12982 13562
13562 12982
12982 13663
13663 12982
12982 18602
18602 12982
12982 23360
23360 12982
12983 13513
13513 12983
12983 24480
24480 12983
12989 12989
12989 12989
12998 12998
12998 12998
12998 13321
13321 12998
12999 13833
13833 12999
12999 13858
13858 12999
12999 16895
16895 12999
13003 12037
12037 13003
13011 13011
13011 13011
13011 16721
16721 13011
13027 7424
7424 13027
13027 8096
8096 13027
13027 9405
9405 13027
13027 9798
9798 13027
13027 11106
11106 13027
13027 12033
12033 13027
13027 13027
13027 13027
13027 13247
13247 13027
13027 13602
13602 13027
13027 13749
13749 13027
13027 13760
13760 13027
13027 22452
22452 13027
13027 23707
23707 13027
13028 13247
13247 13028
13029 6182
6182 13029
13030 20
20 13030
13030 1137
1137 13030
13030 1658
1658 13030
13030 2491
2491 13030
13030 3944
3944 13030
13030 6557
6557 13030
13030 8632
8632 13030
13030 9025
9025 13030
13030 9555
9555 13030
13030 10722
10722 13030
13030 11571
11571 13030
13030 12574
12574 13030
13030 13030
13030 13030
13030 13452
13452 13030
13030 13598
13598 13030
13030 13715
13715 13030
13030 13969
13969 13030
13030 14054
14054 13030
13030 23904
23904 13030
13030 24393
24393 13030
13030 24722
24722 13030
13034 3168
3168 13034
13034 13034
13034 13034
13034 19355
19355 13034
13045 22943
22943 13045
13049 642
642 13049
13049 13049
13049 13049
13049 13674
13674 13049
13049 19730
19730 13049
13065 212
212 13065
13065 13350
13350 13065
13065 13481
13481 13065
13066 2018
2018 13066
13066 6095
6095 13066
13066 8237
8237 13066
13066 12658
12658 13066
13068 2592
2592 13068
13068 13068
13068 13068
13083 9275
9275 13083
13083 13083
13083 13083
13083 13545
13545 13083
13083 13583
13583 13083
13083 13747
13747 13083
13084 13084
13084 13084
13086 13086
13086 13086
13089 12982
12982 13089
13089 13089
13089 13089
13098 13098
13098 13098
13098 13969
13969 13098
13099 8996
8996 13099
13099 9762
9762 13099
13099 13099
13099 13099
13103 13103
13103 13103
13109 13109
13109 13109
13119 13728
13728 13119
13125 13247
13247 13125
13140 13140
13140 13140
13144 13144
13144 13144
13179 8195
8195 13179
13185 1740
1740 13185
13185 13185
13185 13185
13191 4187
4187 13191
13191 6666
6666 13191
13191 13191
13191 13191
13210 2361
2361 13210
13214 12610
12610 13214
13214 13214
13214 13214
13214 13741
13741 13214
13218 13218
13218 13218
13218 13305
13305 13218
13218 13321
13321 13218
13231 22276
22276 13231
13236 335
335 13236
13237 6278
6278 13237
13237 13237
13237 13237
13237 13414
13414 13237
13240 13147
13147 13240
13247 333
333 13247
13247 1116
1116 13247
13247 1757
1757 13247
13247 6002
6002 13247
13247 6582
6582 13247
13247 8005
8005 13247
13247 8930
8930 13247
13247 11848
11848 13247
13247 12773
12773 13247
13247 13027
13027 13247
13247 13028
13028 13247
13247 13125
13125 13247
13247 13247
13247 13247
13247 13691
13691 13247
13247 13734
13734 13247
13247 18619
18619 13247
13247 23943
23943 13247
13248 586
586 13248
13254 2592
2592 13254
13261 13261
13261 13261
13270 13270
13270 13270
13278 1913
1913 13278
13286 13286
13286 13286
13290 4685
4685 13290
13290 24265
24265 13290
13305 902
902 13305
13305 1740
1740 13305
13305 1842
1842 13305
13305 2423
2423 13305
13305 4928
4928 13305
13305 9647
9647 13305
13305 12201
12201 13305
13305 13185
13185 13305
13305 13217
13217 13305
13305 13218
13218 13305
13305 13305
13305 13305
13305 13518
13518 13305
13305 13768
13768 13305
13305 13859
13859 13305
13305 13882
13882 13305
13305 13893
13893 13305
13305 13904
13904 13305
13309 13309
13309 13309
13321 1018
1018 13321
13321 1384
1384 13321
13321 5946
5946 13321
13321 7648
7648 13321
13321 7759
7759 13321
13321 8996
8996 13321
13321 11843
11843 13321
13321 12998
12998 13321
13321 13218
13218 13321
13321 13321
13321 13321
13321 13456
13456 13321
13321 13700
13700 13321
13321 18619
18619 13321
13321 23458
23458 13321
13321 24722
24722 13321
13331 13331
13331 13331
13336 19293
19293 13336
13337 20
20 13337
13343 1137
1137 13343
13343 13191
13191 13343
13343 24480
24480 13343
13353 12712
12712 13353
13366 13366
13366 13366
13368 2499
2499 13368
13368 13368
13368 13368
13369 13369
13369 13369
13369 13478
13478 13369
13369 13527
13527 13369
13369 18401
18401 13369
13370 1312
1312 13370
13370 4653
4653 13370
13372 12668
12668 13372
13372 13372
13372 13372
13387 1934
1934 13387
13390 13390
13390 13390
13399 13399
13399 13399
13406 155
155 13406
13406 8852
8852 13406
13408 23348
23348 13408
13414 13237
13237 13414
13414 13414
13414 13414
13427 13427
13427 13427
13431 4928
4928 13431
13431 11130
11130 13431
13440 21786
21786 13440
13446 3729
3729 13446
13447 3771
3771 13447
13448 13448
13448 13448
13450 9025
9025 13450
13452 1137
1137 13452
13452 13454
13454 13452
13454 13452
13452 13454
13456 13321
13321 13456
13456 13456
13456 13456
13457 5633
5633 13457
13458 876
876 13458
13458 9025
9025 13458
13461 2134
2134 13461
13461 2776
2776 13461
13461 14387
14387 13461
13469 4154
4154 13469
13472 642
642 13472
13472 5324
5324 13472
13472 13472
13472 13472
13472 13650
13650 13472
13472 13661
13661 13472
13478 6182
6182 13478
13478 13478
13478 13478
13479 13479
13479 13479
13482 2947
2947 13482
13486 13066
13066 13486
13490 13490
13490 13490
13491 13491
13491 13491
13496 2487
2487 13496
13496 13496
13496 13496
13497 18602
18602 13497
13498 12633
12633 13498
13498 13498
13498 13498
13501 4781
4781 13501
13501 12734
12734 13501
13502 1595
1595 13502
13502 5946
5946 13502
13502 13502
13502 13502
13503 1951
1951 13503
13503 13503
13503 13503
13504 13504
13504 13504
13504 18574
18574 13504
13504 22598
22598 13504
13509 13509
13509 13509
13518 1658
1658 13518
13518 13518
13518 13518
13519 13519
13519 13519
13520 4242
4242 13520
13525 13525
13525 13525
13527 13369
13369 13527
13527 13527
13527 13527
13529 13529
13529 13529
13530 13512
13512 13530
13533 13533
13533 13533
13536 1513
1513 13536
13538 13538
13538 13538
13540 4607
4607 13540
13542 13542
13542 13542
13544 1031
1031 13544
13544 7616
7616 13544
13544 13544
13544 13544
13545 13083
13083 13545
13547 13547
13547 13547
13550 12135
12135 13550
13551 6124
6124 13551
13553 13553
13553 13553
13553 20817
20817 13553
13554 1403
1403 13554
13555 12048
12048 13555
13562 1951
1951 13562
13562 12982
12982 13562
13562 13562
13562 13562
13562 23360
23360 13562
13562 24265
24265 13562
13563 13563
13563 13563
13563 19157
19157 13563
13564 13564
13564 13564
13569 13569
13569 13569
13569 24045
24045 13569
13571 24404
24404 13571
13576 24404
24404 13576
13580 701
701 13580
13581 6497
6497 13581
13582 3101
3101 13582
13583 13083
13083 13583
13583 13583
13583 13583
13586 13554
13554 13586
13587 13587
13587 13587
13588 13588
13588 13588
13588 15814
15814 13588
13589 12492
12492 13589
13591 13591
13591 13591
13593 701
701 13593
13598 3172
3172 13598
13598 4920
4920 13598
13598 18574
18574 13598
13600 13600
13600 13600
13602 13602
13602 13602
13605 11167
11167 13605
13611 13611
13611 13611
13612 642
642 13612
13612 10121
10121 13612
13612 13612
13612 13612
13613 7186
7186 13613
13614 19181
19181 13614
13616 13343
13343 13616
13620 13620
13620 13620
13621 12025
12025 13621
13624 13736
13736 13624
13627 1836
1836 13627
13628 130
130 13628
13628 642
642 13628
13628 3049
3049 13628
13628 4183
4183 13628
13628 4556
4556 13628
13628 8213
8213 13628
13628 10603
10603 13628
13628 11843
11843 13628
13628 16186
16186 13628
13628 18689
18689 13628
13629 13629
13629 13629
13630 12953
12953 13630
13630 14006
14006 13630
13631 12573
12573 13631
13631 13631
13631 13631
13631 24365
24365 13631
13632 9586
9586 13632
13632 22200
22200 13632
13634 13659
13659 13634
13634 20554
20554 13634
13635 12135
12135 13635
13635 22276
22276 13635
13639 412
412 13639
13639 8910
8910 13639
13639 11861
11861 13639
13639 13255
13255 13639
13639 13639
13639 13639
13639 24108
24108 13639
13640 13640
13640 13640
13643 13643
13643 13643
13643 18056
18056 13643
13647 13647
13647 13647
13648 13969
13969 13648
13649 13649
13649 13649
13649 14920
14920 13649
13650 13472
13472 13650
13650 13650
13650 13650
13653 231
231 13653
13655 13655
13655 13655
13657 6606
6606 13657
13662 13096
13096 13662
13665 4242
4242 13665
13672 11929
11929 13672
13674 596
596 13674
13674 13674
13674 13674
13674 20399
20399 13674
13675 10410
10410 13675
13677 13674
13674 13677
13680 14304
14304 13680
13684 4928
4928 13684
13684 9405
9405 13684
13684 10331
10331 13684
13684 13684
13684 13684
13684 13866
13866 13684
13686 8813
8813 13686
13688 13683
13683 13688
13689 13688
13688 13689
13690 11700
11700 13690
13691 13247
13247 13691
13691 13691
13691 13691
13692 12869
12869 13692
13693 18034
18034 13693
13696 12282
12282 13696
13697 10490
10490 13697
13705 21240
21240 13705
13706 13706
13706 13706
13709 13709
13709 13709
13709 19149
19149 13709
13713 9057
9057 13713
13714 11040
11040 13714
13714 13714
13714 13714
13716 3814
3814 13716
13716 6124
6124 13716
13716 13716
13716 13716
13718 5314
5314 13718
13718 11785
11785 13718
13720 13720
13720 13720
13721 906
906 13721
13721 2872
2872 13721
13721 13721
13721 13721
13722 572
572 13722
13722 13722
13722 13722
13725 8614
8614 13725
13728 701
701 13728
13728 13728
13728 13728
13729 1692
1692 13729
13729 10178
10178 13729
13730 596
596 13730
13731 701
701 13731
13731 9025
9025 13731
13731 13731
13731 13731
13731 23535
23535 13731
13733 12450
12450 13733
13734 13734
13734 13734
13735 13735
13735 13735
13737 13737
13737 13737
13739 1740
1740 13739
13740 24029
24029 13740
13741 13741
13741 13741
13748 1639
1639 13748
13751 13751
13751 13751
13755 6278
6278 13755
13755 13755
13755 13755
13757 3528
3528 13757
13758 24710
24710 13758
13759 13759
13759 13759
13760 13760
13760 13760
13761 1197
1197 13761
13763 6557
6557 13763
13767 13767
13767 13767
13768 13768
13768 13768
13770 13770
13770 13770
13771 12900
12900 13771
13771 13771
13771 13771
13772 13772
13772 13772
13775 13775
13775 13775
13776 13776
13776 13776
13779 22276
22276 13779
13780 11357
11357 13780
13783 255
255 13783
13783 11322
11322 13783
13783 13783
13783 13783
13786 1692
1692 13786
13786 6278
6278 13786
13786 6485
6485 13786
13786 7682
7682 13786
13786 8421
8421 13786
13786 8939
8939 13786
13786 9405
9405 13786
13786 9842
9842 13786
13786 10641
10641 13786
13786 10722
10722 13786
13786 11048
11048 13786
13786 12169
12169 13786
13786 12896
12896 13786
13786 13030
13030 13786
13786 13613
13613 13786
13786 13643
13643 13786
13786 13649
13649 13786
13786 13674
13674 13786
13786 13775
13775 13786
13786 13786
13786 13786
13786 15450
15450 13786
13786 17675
17675 13786
13787 13787
13787 13787
13787 13802
13802 13787
13788 16094
16094 13788
13790 19464
19464 13790
13792 13716
13716 13792
13793 22559
22559 13793
13794 2497
2497 13794
13795 7509
7509 13795
13795 13520
13520 13795
13795 13733
13733 13795
13795 14195
14195 13795
13797 13797
13797 13797
13801 3372
3372 13801
13802 13787
13787 13802
13805 5449
5449 13805
13806 12022
12022 13806
13806 13806
13806 13806
13807 6124
6124 13807
13814 5519
5519 13814
13814 10121
10121 13814
13814 13814
13814 13814
13819 1741
1741 13819
13819 13819
13819 13819
13820 22730
22730 13820
13822 1749
1749 13822
13823 701
701 13823
13826 5409
5409 13826
13827 13827
13827 13827
13831 2777
2777 13831
13832 6937
6937 13832
13832 13832
13832 13832
13833 13833
13833 13833
13835 2281
2281 13835
13842 11527
11527 13842
13843 18602
18602 13843
13845 13529
13529 13845
13846 2997
2997 13846
13847 23348
23348 13847
13851 4920
4920 13851
13851 7985
7985 13851
13852 1105
1105 13852
13856 287
287 13856
13857 12574
12574 13857
13860 13860
13860 13860
13864 13864
13864 13864
13865 12079
12079 13865
13872 16508
16508 13872
13876 13876
13876 13876
13877 13877
13877 13877
13879 12358
12358 13879
13881 12358
12358 13881
13882 3337
3337 13882
13882 7410
7410 13882
13884 124
124 13884
13885 6701
6701 13885
13885 10563
10563 13885
13885 11542
11542 13885
13886 13886
13886 13886
13888 9750
9750 13888
13889 10356
10356 13889
13890 13890
13890 13890
13892 22807
22807 13892
13894 8935
8935 13894
13895 8935
8935 13895
13896 3760
3760 13896
13897 12106
12106 13897
13901 13901
13901 13901
13902 830
830 13902
13902 1013
1013 13902
13902 2997
2997 13902
13902 10121
10121 13902
13902 11657
11657 13902
13902 13902
13902 13902
13904 13305
13305 13904
13906 13906
13906 13906
13910 16345
16345 13910
13969 1401
1401 13969
13969 1749
1749 13969
13969 2387
2387 13969
13969 2811
2811 13969
13969 5892
5892 13969
13969 7682
7682 13969
13969 8632
8632 13969
13969 13098
13098 13969
13969 13368
13368 13969
13969 13648
13648 13969
13969 13715
13715 13969
13969 13857
13857 13969
13969 13969
13969 13969
13969 14195
14195 13969
13969 17675
17675 13969
13969 19915
19915 13969
13969 23904
23904 13969
14054 13767
13767 14054
14054 14054
14054 14054
14054 23904
23904 14054
14189 4879
4879 14189
14195 5633
5633 14195
14195 6598
6598 14195
14195 6999
6999 14195
14195 7682
7682 14195
14195 8812
8812 14195
14195 13767
13767 14195
14195 13795
13795 14195
14195 13969
13969 14195
14195 14195
14195 14195
14224 1951
1951 14224
14232 9002
9002 14232
14232 14232
14232 14232
14304 8935
8935 14304
14304 24226
24226 14304
14361 11378
11378 14361
14361 14361
14361 14361
14387 12325
12325 14387
14387 13758
13758 14387
14414 4572
4572 14414
14414 9025
9025 14414
14414 13066
13066 14414
14414 22217
22217 14414
14500 11953
11953 14500
14583 6666
6666 14583
14583 14583
14583 14583
14595 2034
2034 14595
14595 2423
2423 14595
14595 7478
7478 14595
14595 7825
7825 14595
14595 12169
12169 14595
14595 13083
13083 14595
14595 14595
14595 14595
14806 2467
2467 14806
14888 5282
5282 14888
14888 8939
8939 14888
14888 9025
9025 14888
14888 12169
12169 14888
14888 14888
14888 14888
14888 20917
20917 14888
14920 155
155 14920
14920 285
285 14920
14920 3292
3292 14920
14920 5178
5178 14920
14920 5324
5324 14920
14920 6937
6937 14920
14920 12611
12611 14920
14920 13613
13613 14920
14920 13649
13649 14920
14920 13734
13734 14920
14920 14920
14920 14920
14920 22521
22521 14920
15024 3141
3141 15024
15057 11953
11953 15057
15161 3452
3452 15161
15161 11819
11819 15161
15161 13237
13237 15161
15161 13531
13531 15161
15161 13969
13969 15161
15161 24588
24588 15161
15282 1249
1249 15282
15282 13588
13588 15282
15332 11048
11048 15332
15332 13448
13448 15332
15332 19554
19554 15332
15361 6124
6124 15361
15361 13471
13471 15361
15361 15361
15361 15361
15361 24722
24722 15361
15382 7338
7338 15382
15406 13775
13775 15406
15447 20
20 15447
15447 929
929 15447
15447 2629
2629 15447
15447 8935
8935 15447
15447 13473
13473 15447
15447 13780
13780 15447
15447 15447
15447 15447
15450 5324
5324 15450
15450 11474
11474 15450
15450 17283
17283 15450
15684 7825
7825 15684
15684 15684
15684 15684
15814 2
2 15814
15814 124
124 15814
15814 3704
3704 15814
15814 4653
4653 15814
15814 4760
4760 15814
15814 6218
6218 15814
15814 6937
6937 15814
15814 7404
7404 15814
15814 12869
12869 15814
15814 13588
13588 15814
15814 13716
13716 15814
15814 15814
15814 15814
15814 20817
20817 15814
15888 21878
21878 15888
15991 13772
13772 15991
16018 5152
5152 16018
16018 5831
5831 16018
16018 6095
6095 16018
16018 6485
6485 16018
16018 12989
12989 16018
16018 13643
13643 16018
16018 14888
14888 16018
16018 16018
16018 16018
16018 22217
22217 16018
16186 903
903 16186
16186 6937
6937 16186
16186 11048
11048 16186
16186 12102
12102 16186
16186 13270
13270 16186
16186 13448
13448 16186
16186 18602
18602 16186
16186 23320
23320 16186
16306 18602
18602 16306
16336 1031
1031 16336
16336 1312
1312 16336
16345 642
642 16345
16345 8346
8346 16345
16345 9842
9842 16345
16345 11700
11700 16345
16345 16345
16345 16345
16377 876
876 16377
16377 4928
4928 16377
16377 7921
7921 16377
16377 16377
16377 16377
16548 6999
6999 16548
16548 15361
15361 16548
16581 496
496 16581
16581 4781
4781 16581
16581 11030
11030 16581
16581 11357
11357 16581
16581 11479
11479 16581
16581 13426
13426 16581
16581 13471
13471 16581
16581 13524
13524 16581
16581 13741
13741 16581
16581 14224
14224 16581
16613 6557
6557 16613
16613 13544
13544 16613
16613 13745
13745 16613
16859 4215
4215 16859
16859 4928
4928 16859
16859 12358
12358 16859
16859 13876
13876 16859
16863 4920
4920 16863
16863 16863
16863 16863
16867 16867
16867 16867
16884 287
287 16884
16892 23782
23782 16892
16895 9555
9555 16895
16895 13858
13858 16895
16895 14224
14224 16895
16895 16895
16895 16895
16909 7682
7682 16909
17058 18602
18602 17058
17066 13456
13456 17066
17097 10168
10168 17097
17097 17097
17097 17097
17157 4920
4920 17157
17157 13365
13365 17157
17291 13890
13890 17291
17298 269
269 17298
17298 8421
8421 17298
17298 9057
9057 17298
17336 11167
11167 17336
17336 17336
17336 17336
17675 1116
1116 17675
17675 4094
4094 17675
17675 11378
11378 17675
17675 13027
13027 17675
17675 13775
13775 17675
17675 13786
13786 17675
17675 16867
16867 17675
17675 17675
17675 17675
17706 662
662 17706
17706 17706
17706 17706
17732 12572
12572 17732
17742 6049
6049 17742
17742 11357
11357 17742
17742 17742
17742 17742
17809 13798
13798 17809
17840 7410
7410 17840
17840 17840
17840 17840
17977 13666
13666 17977
18005 3704
3704 18005
18005 13567
13567 18005
18034 1313
1313 18034
18034 4920
4920 18034
18034 6937
6937 18034
18034 9553
9553 18034
18034 12573
12573 18034
18034 18034
18034 18034
18034 23348
23348 18034
18056 20517
20517 18056
18088 11363
11363 18088
18323 24519
24519 18323
18401 13369
13369 18401
18401 18401
18401 18401
18438 9082
9082 18438
18568 1312
1312 18568
18574 630
630 18574
18574 804
804 18574
18574 2629
2629 18574
18574 4920
4920 18574
18574 6666
6666 18574
18574 9025
9025 18574
18574 9082
9082 18574
18574 10641
10641 18574
18574 13504
13504 18574
18574 13598
13598 18574
18574 13666
13666 18574
18574 18574
18574 18574
18574 19915
19915 18574
18602 20
20 18602
18602 726
726 18602
18602 1951
1951 18602
18602 2831
2831 18602
18602 3814
3814 18602
18602 5120
5120 18602
18602 5409
5409 18602
18602 6124
6124 18602
18602 8436
8436 18602
18602 10811
10811 18602
18602 11357
11357 18602
18602 11479
11479 18602
18602 12135
12135 18602
18602 12876
12876 18602
18602 13089
13089 18602
18602 13509
13509 18602
18602 13605
13605 18602
18602 13639
13639 18602
18602 13709
13709 18602
18602 13843
13843 18602
18602 18574
18574 18602
18602 18602
18602 18602
18602 19498
19498 18602
18619 155
155 18619
18619 726
726 18619
18619 6247
6247 18619
18619 6582
6582 18619
18619 6937
6937 18619
18619 7244
7244 18619
18619 7266
7266 18619
18619 7989
7989 18619
18619 8096
8096 18619
18619 9057
9057 18619
18619 10008
10008 18619
18619 10292
10292 18619
18619 11507
11507 18619
18619 11843
11843 18619
18619 12633
12633 18619
18619 12910
12910 18619
18619 13426
13426 18619
18619 13471
13471 18619
18619 13613
13613 18619
18619 13785
13785 18619
18619 14920
14920 18619
18619 18619
18619 18619
18619 20892
20892 18619
18619 21336
21336 18619
18619 24265
24265 18619
18689 3123
3123 18689
18689 3528
3528 18689
18689 12325
12325 18689
18689 13628
13628 18689
18689 23360
23360 18689
18863 3506
3506 18863
18863 7759
7759 18863
18919 7976
7976 18919
18940 2592
2592 18940
19087 118
118 19087
19087 1021
1021 19087
19087 19087
19087 19087
19149 6589
6589 19149
19149 9868
9868 19149
19149 13666
13666 19149
19149 13709
13709 19149
19149 14304
14304 19149
19149 18401
18401 19149
19149 23933
23933 19149
19156 13527
13527 19156
19172 13768
13768 19172
19293 4187
4187 19293
19328 13027
13027 19328
19328 13487
13487 19328
19328 13573
13573 19328
19355 13628
13628 19355
19421 9295
9295 19421
19426 21444
21444 19426
19438 19438
19438 19438
19439 11841
11841 19439
19454 215
215 19454
19480 1658
1658 19480
19480 9239
9239 19480
19480 13969
13969 19480
19498 252
252 19498
19498 13428
13428 19498
19498 19498
19498 19498
19554 7682
7682 19554
19554 9025
9025 19554
19554 19554
19554 19554
19554 24269
24269 19554
19685 13698
13698 19685
19730 1658
1658 19730
19730 2384
2384 19730
19730 2497
2497 19730
19730 3049
3049 19730
19730 5660
5660 19730
19730 8452
8452 19730
19730 9025
9025 19730
19730 11738
11738 19730
19730 13027
13027 19730
19730 13625
13625 19730
19730 13720
13720 19730
19730 13806
13806 19730
19730 19730
19730 19730
19730 22341
22341 19730
19871 12135
12135 19871
19888 1105
1105 19888
19901 2629
2629 19901
19901 6247
6247 19901
19901 8096
8096 19901
19901 9676
9676 19901
19901 12163
12163 19901
19901 14583
14583 19901
19901 19901
19901 19901
19915 1913
1913 19915
19915 2831
2831 19915
19915 8436
8436 19915
19915 8812
8812 19915
19915 9788
9788 19915
19915 13643
13643 19915
19915 14195
14195 19915
19915 15361
15361 19915
19915 16608
16608 19915
19915 18034
18034 19915
19915 18602
18602 19915
19915 19915
19915 19915
19915 24722
24722 19915
19938 13144
13144 19938
20101 3425
3425 20101
20259 13698
13698 20259
20285 13634
13634 20285
20387 11945
11945 20387
20517 7478
7478 20517
20517 12063
12063 20517
20517 18056
18056 20517
20517 20517
20517 20517
20676 2134
2134 20676
20676 9239
9239 20676
20817 630
630 20817
20817 4920
4920 20817
20817 5178
5178 20817
20817 5677
5677 20817
20817 6666
6666 20817
20817 9405
9405 20817
20817 10183
10183 20817
20817 10811
10811 20817
20817 11357
11357 20817
20817 12282
12282 20817
20817 13553
13553 20817
20817 13716
13716 20817
20817 13851
13851 20817
20817 18574
18574 20817
20817 20817
20817 20817
20817 22598
22598 20817
20817 24365
24365 20817
20883 13640
13640 20883
20883 18863
18863 20883
20883 20883
20883 20883
20889 12777
12777 20889
20889 13481
13481 20889
20889 20889
20889 20889
20897 4160
4160 20897
20917 2831
2831 20917
20917 6485
6485 20917
20917 9057
9057 20917
20917 20917
20917 20917
20970 1013
1013 20970
21071 11104
11104 21071
21079 13372
13372 21079
21089 1934
1934 21089
21110 2629
2629 21110
21110 5409
5409 21110
21110 9405
9405 21110
21110 12211
12211 21110
21110 13634
13634 21110
21110 13797
13797 21110
21110 21110
21110 21110
21213 8996
8996 21213
21213 13731
13731 21213
21240 2423
2423 21240
21240 2978
2978 21240
21240 9275
9275 21240
21240 11048
11048 21240
21240 13518
13518 21240
21240 13649
13649 21240
21240 13705
13705 21240
21240 13772
13772 21240
21240 13815
13815 21240
21240 13841
13841 21240
21240 16892
16892 21240
21240 21240
21240 21240
21240 24722
24722 21240
21336 1846
1846 21336
21336 6247
6247 21336
21336 6589
6589 21336
21336 8321
8321 21336
21336 9025
9025 21336
21336 13439
13439 21336
21336 21901
21901 21336
21336 24177
24177 21336
21356 357
357 21356
21356 630
630 21356
21356 1582
1582 21356
21356 17283
17283 21356
21402 630
630 21402
21542 21542
21542 21542
21542 24226
24226 21542
21584 6666
6666 21584
21584 21584
21584 21584
21699 13406
13406 21699
21786 496
496 21786
21786 1140
1140 21786
21786 6028
6028 21786
21786 8289
8289 21786
21786 8930
8930 21786
21786 11785
11785 21786
21786 13440
13440 21786
21786 13511
13511 21786
21786 13751
13751 21786
21786 21786
21786 21786
21786 22882
22882 21786
21800 13858
13858 21800
21876 11357
11357 21876
21876 13713
13713 21876
21878 11357
11357 21878
21881 9405
9405 21881
21901 6247
6247 21901
21901 13027
13027 21901
21901 21901
21901 21901
21913 9025
9025 21913
21926 475
475 21926
21926 9022
9022 21926
21954 8880
8880 21954
21954 21913
21913 21954
21954 21954
21954 21954
22160 13815
13815 22160
22217 1137
1137 22217
22217 9057
9057 22217
22217 10573
10573 22217
22217 20242
20242 22217
22217 21954
21954 22217
22217 22217
22217 22217
22276 212
212 22276
22276 460
460 22276
22276 496
496 22276
22276 1312
1312 22276
22276 4326
4326 22276
22276 12230
12230 22276
22276 12367
12367 22276
22276 13255
13255 22276
22276 13779
13779 22276
22276 22276
22276 22276
22276 24386
24386 22276
22283 804
804 22283
22283 5324
5324 22283
22283 12777
12777 22283
22283 13350
13350 22283
22315 22315
22315 22315
22341 1658
1658 22341
22341 2497
2497 22341
22341 3049
3049 22341
22341 13625
13625 22341
22341 22341
22341 22341
22364 1221
1221 22364
22412 8634
8634 22412
22412 24226
24226 22412
22452 22452
22452 22452
22513 2497
2497 22513
22513 13625
13625 22513
22521 13607
13607 22521
22521 22521
22521 22521
22536 9025
9025 22536
22598 644
644 22598
22598 1861
1861 22598
22598 4920
4920 22598
22598 11695
11695 22598
22598 12573
12573 22598
22598 12625
12625 22598
22598 13504
13504 22598
22598 13622
13622 22598
22598 13631
13631 22598
22598 13676
13676 22598
22598 20817
20817 22598
22598 22598
22598 22598
22598 24206
24206 22598
22819 18574
18574 22819
22882 1116
1116 22882
22882 2997
2997 22882
22906 4685
4685 22906
22906 12282
12282 22906
22906 19498
19498 22906
23085 22217
22217 23085
23130 6999
6999 23130
23144 7662
7662 23144
23235 118
118 23235
23235 381
381 23235
23235 441
441 23235
23235 574
574 23235
23235 1430
1430 23235
23235 7778
7778 23235
23235 9025
9025 23235
23235 10008
10008 23235
23235 10811
10811 23235
23235 11761
11761 23235
23235 12026
12026 23235
23235 12135
12135 23235
23235 13034
13034 23235
23235 13325
13325 23235
23235 13658
13658 23235
23235 13848
13848 23235
23235 23235
23235 23235
23235 23707
23707 23235
23298 6681
6681 23298
23298 7037
7037 23298
23298 12683
12683 23298
23348 285
285 23348
23348 477
477 23348
23348 747
747 23348
23348 2467
2467 23348
23348 2592
2592 23348
23348 2831
2831 23348
23348 3874
3874 23348
23348 4600
4600 23348
23348 4685
4685 23348
23348 5324
5324 23348
23348 6028
6028 23348
23348 7244
7244 23348
23348 8310
8310 23348
23348 9239
9239 23348
23348 9275
9275 23348
23348 9405
9405 23348
23348 9789
9789 23348
23348 11357
11357 23348
23348 12078
12078 23348
23348 12437
12437 23348
23348 12633
12633 23348
23348 13068
13068 23348
23348 13083
13083 23348
23348 13109
13109 23348
23348 13427
13427 23348
23348 13532
13532 23348
23348 13550
13550 23348
23348 13562
13562 23348
23348 13605
13605 23348
23348 13629
13629 23348
23348 13716
13716 23348
23348 13783
13783 23348
23348 13787
13787 23348
23348 13847
13847 23348
23348 18034
18034 23348
23348 18401
18401 23348
23348 18602
18602 23348
23348 18689
18689 23348
23348 20554
20554 23348
23348 21240
21240 23348
23348 21584
21584 23348
23348 23348
23348 23348
23348 24265
24265 23348
23360 13562
13562 23360
23360 19179
19179 23360
23360 23360
23360 23360
23473 6054
6054 23473
23473 13735
13735 23473
23535 13731
13731 23535
23535 23535
23535 23535
23707 1038
1038 23707
23707 5324
5324 23707
23707 7338
7338 23707
23707 7760
7760 23707
23707 9312
9312 23707
23707 23707
23707 23707
23711 17710
17710 23711
23782 16892
16892 23782
23782 23782
23782 23782
23904 23904
23904 23904
23921 13832
13832 23921
23933 12102
12102 23933
23933 13901
13901 23933
23933 23933
23933 23933
24088 833
833 24088
24088 24088
24088 24088
24108 24108
24108 24108
24133 12894
12894 24133
24133 13524
13524 24133
24133 13556
13556 24133
24133 13728
13728 24133
24133 24252
24252 24133
24150 1001
1001 24150
24150 3049
3049 24150
24150 11843
11843 24150
24177 24177
24177 24177
24206 22598
22598 24206
24224 2091
2091 24224
24224 7244
7244 24224
24224 13683
13683 24224
24226 1403
1403 24226
24226 1530
1530 24226
24226 1848
1848 24226
24226 3789
3789 24226
24226 4653
4653 24226
24226 5748
5748 24226
24226 6740
6740 24226
24226 11357
11357 24226
24226 11819
11819 24226
24226 12135
12135 24226
24226 13237
13237 24226
24226 13255
13255 24226
24226 13612
13612 24226
24226 13629
13629 24226
24226 13639
13639 24226
24226 14304
14304 24226
24226 21542
21542 24226
24226 24226
24226 24226
24226 24404
24404 24226
24238 9853
9853 24238
24250 8812
8812 24250
24252 496
496 24252
24252 2304
2304 24252
24252 2467
2467 24252
24252 4685
4685 24252
24252 8289
8289 24252
24252 11355
11355 24252
24252 12767
12767 24252
24252 13629
13629 24252
24252 13760
13760 24252
24252 13902
13902 24252
24252 14189
14189 24252
24252 14835
14835 24252
24252 24252
24252 24252
24252 24445
24445 24252
24265 4465
4465 24265
24265 4685
4685 24265
24265 9705
9705 24265
24265 11421
11421 24265
24265 11423
11423 24265
24265 13178
13178 24265
24265 13290
13290 24265
24265 13562
13562 24265
24265 13901
13901 24265
24265 24265
24265 24265
24266 8813
8813 24266
24298 24298
24298 24298
24313 10331
10331 24313
24322 1658
1658 24322
24322 4756
4756 24322
24365 8462
8462 24365
24365 24365
24365 24365
24381 11104
11104 24381
24386 6346
6346 24386
24386 19087
19087 24386
24393 2491
2491 24393
24393 4756
4756 24393
24393 4928
4928 24393
24393 6049
6049 24393
24393 8996
8996 24393
24393 11355
11355 24393
24393 12084
12084 24393
24393 12734
12734 24393
24393 12789
12789 24393
24393 13821
13821 24393
24393 13866
13866 24393
24393 13969
13969 24393
24393 24393
24393 24393
24435 24435
24435 24435
24474 3123
3123 24474
24480 5152
5152 24480
24480 12983
12983 24480
24480 13612
13612 24480
24480 24480
24480 24480
24492 13217
13217 24492
24492 13218
13218 24492
24492 13518
13518 24492
24492 13744
13744 24492
24518 11357
11357 24518
24518 12600
12600 24518
24518 12768
12768 24518
24518 24518
24518 24518
24568 2375
2375 24568
24568 3298
3298 24568
24568 7244
7244 24568
24568 13683
13683 24568
24568 13691
13691 24568
24568 13787
13787 24568
24568 13901
13901 24568
24568 23348
23348 24568
24579 5324
5324 24579
24579 5409
5409 24579
24579 13350
13350 24579
24588 13531
13531 24588
24640 8935
8935 24640
24640 24640
24640 24640
24680 24224
24224 24680
24704 23360
23360 24704
24710 13567
13567 24710
24710 13758
13758 24710
24710 14387
14387 24710
24710 24710
24710 24710
24722 876
876 24722
24722 1740
1740 24722
24722 7682
7682 24722
24722 9239
9239 24722
24722 15361
15361 24722
24722 21240
21240 24722
24722 24722
24722 24722
