163 402
163 659
163 1696
163 2295
163 1274
163 1286
163 1544
163 2600
163 2363
163 1905
163 1611
163 141
163 1807
163 1110
163 174
163 2521
163 1792
163 1675
163 1334
163 813
163 1799
163 1943
163 2077
163 765
163 769
163 781
163 940
163 942
163 1590
163 1734
163 1872
163 2286
163 390
163 1717
163 1030
163 2274
163 2518
163 606
163 800
163 1575
163 546
163 1070
163 309
163 935
163 1205
163 1571
163 1971
163 1127
163 530
163 856
163 2604
163 910
163 2173
163 191
163 1253
163 1728
163 1729
163 1206
163 2177
163 1136
163 1457
163 2265
163 1225
163 2563
163 1689
163 1498
163 563
163 2396
163 717
163 1890
163 188
163 982
163 1130
163 55
163 346
163 2673
163 1379
163 1380
163 1207
163 2451
163 961
163 42
163 624
163 1573
163 2232
163 145
163 2361
163 2659
163 743
163 744
163 1139
163 1572
163 1303
163 1305
163 129
163 415
163 2204
163 1224
163 219
163 2667
163 727
163 448
163 237
163 2557
163 2200
163 22
163 1218
163 2202
163 1069
163 1178
163 2175
163 966
163 1219
163 757
163 1685
163 1691
163 1850
163 1159
163 1410
163 380
163 1536
163 1650
163 1558
163 2564
163 2298
163 1362
163 1784
163 1831
163 1065
163 290
163 1277
163 395
163 1098
163 1404
163 1099
163 2196
163 2554
163 1715
163 2248
163 2251
163 2280
163 2296
163 1113
163 714
163 2638
163 602
163 1530
163 1257
163 2259
163 689
163 1060
163 2039
163 1594
163 2116
163 1775
163 422
163 2316
163 266
163 658
163 1333
163 1153
163 1515
163 1114
163 523
163 1106
163 1467
168 475
168 1756
168 2604
552 548
552 374
552 451
552 472
552 2
552 305
552 239
552 446
552 644
552 220
552 311
552 653
552 16
552 173
552 554
552 559
552 412
552 723
552 85
552 688
552 621
552 636
552 738
552 749
552 57
552 60
552 210
552 671
552 167
552 92
552 691
552 367
552 466
552 473
552 483
552 575
552 455
552 298
552 601
552 370
552 306
552 277
1459 2078
1459 2221
1459 1687
1459 2404
1459 775
1459 1540
1459 633
1459 749
1459 57
1459 45
1459 1137
1459 210
1459 671
1459 167
1459 473
1459 566
1459 804
554 446
554 1859
554 167
554 306
559 34
559 1816
559 167
682 1791
682 2430
87 383
87 47
87 2245
92 2438
1892 2131
1994 2097
1994 2241
1994 1995
1994 1800
1995 2097
1995 1907
1995 1800
523 478
523 870
523 2442
523 2600
523 1616
523 2551
523 910
523 882
523 283
523 1214
523 1687
523 1931
523 2408
523 961
523 54
523 2642
523 1676
523 508
523 540
523 415
523 1790
523 465
523 565
523 2480
523 551
523 1921
523 277
608 394
608 2230
608 680
608 975
608 179
608 133
608 611
611 899
611 2230
611 2501
611 1103
611 2340
611 2352
611 718
611 864
611 2505
611 1755
611 1763
611 2050
611 386
611 179
611 716
611 1732
611 511
611 2540
611 2676
611 2385
611 1668
611 28
611 633
611 1352
611 579
611 1493
611 133
611 1116
611 1564
611 368
611 1488
611 2378
611 938
611 1265
611 1935
611 1499
611 2260
611 1315
611 2325
611 601
611 413
1534 1597
1534 1163
1534 1556
1534 1498
1534 1278
1534 1122
1534 289
1534 1148
1535 1348
1535 629
1535 289
1537 1556
1537 1348
1537 629
1537 289
1537 1535
612 2568
612 289
612 1046
2302 403
2302 1353
2302 2111
2302 1880
2302 2104
402 403
402 681
403 2104
2309 403
2309 681
2309 1325
2527 1956
2527 2100
2527 1961
2537 1846
2537 2198
2537 451
2537 1927
1560 2198
1560 535
1560 791
1560 1161
1560 456
638 2465
638 2146
638 701
638 862
638 722
638 1808
638 1189
638 383
638 618
638 1460
638 1312
638 1468
638 1895
638 2673
638 2171
638 441
638 227
638 296
638 2541
638 2045
638 1327
638 264
638 779
638 348
638 89
638 1027
638 521
638 2426
638 375
638 1539
638 1919
638 449
747 83
747 336
747 73
747 600
747 203
747 349
747 112
747 234
747 458
747 680
747 695
747 198
747 502
747 724
747 328
747 397
747 737
747 599
747 665
747 545
747 186
747 494
747 609
747 610
747 315
747 330
747 386
747 620
747 229
747 235
747 700
747 628
747 526
747 527
747 763
747 146
747 283
747 104
747 771
747 572
747 699
747 217
747 110
747 202
747 204
747 43
747 655
747 72
747 579
747 26
747 685
747 368
747 18
747 779
747 542
747 588
747 703
747 741
747 310
747 124
747 127
747 719
747 153
747 205
747 207
747 113
747 696
747 489
747 561
747 369
747 175
747 353
747 91
747 362
66 2359
66 1248
66 2294
66 69
66 215
66 2310
66 1531
66 2441
66 2122
66 183
66 34
66 1698
66 149
66 2520
66 288
66 2157
1136 1286
1136 1030
1136 800
1136 1740
1136 1575
1136 935
1136 1063
1136 1142
1136 1018
1136 727
1136 1558
1136 1516
1136 1060
1136 1594
1136 1333
1142 1018
345 117
345 2389
345 2266
345 1924
345 261
1256 881
1351 900
2474 2425
2474 2078
580 922
580 1212
1496 1125
1497 901
1497 1163
1497 580
1497 1212
581 222
581 49
581 50
581 580
582 818
582 259
582 1792
582 1498
1498 2398
1498 1163
1498 2158
1498 1049
1498 1071
1498 1351
1498 2450
1498 1483
583 2398
583 2568
583 50
583 1214
583 1278
583 1126
583 64
583 284
583 643
583 2371
1512 1235
1512 1671
1512 949
1512 1087
1512 999
1512 1463
1512 1335
1512 1267
1512 1608
2508 1235
2508 2577
2508 2137
2508 632
2508 322
251 2560
251 6
251 932
251 1877
251 482
251 88
251 1505
344 1622
344 1
344 2617
344 2609
344 1671
344 335
344 1881
344 2339
344 2441
344 2229
344 963
344 316
344 1442
344 1445
344 2589
344 1312
344 1627
344 2032
344 2171
344 1267
344 1275
344 2290
344 2291
344 1260
344 348
344 1244
344 675
344 521
344 2426
344 1007
569 1181
569 767
569 550
569 1273
569 1092
569 1712
569 255
569 1522
569 1986
569 1457
569 1430
569 2099
569 514
569 710
569 1269
569 1000
569 456
569 1025
1484 1521
1484 1057
1484 1692
1484 1220
1484 1092
1484 931
1484 822
1484 1522
1484 1430
1484 1482
1484 1197
1484 1500
1484 1237
570 212
570 2026
570 1258
570 1381
570 1200
570 1243
570 1246
570 1524
570 1709
570 169
570 1922
570 1814
570 872
570 59
570 874
570 1245
570 1067
2486 1970
576 605
576 863
576 212
576 293
576 2026
576 1258
576 1381
576 1526
576 1200
576 330
576 354
576 1524
576 1710
576 570
576 1922
576 726
576 1801
576 834
576 839
576 1814
576 1014
576 2552
576 1932
576 59
576 874
576 1245
576 355
576 1067
2498 2147
2498 2567
2498 2500
2498 2322
2499 203
2499 2147
2499 863
2499 2376
2499 1787
2499 2505
2499 1871
2499 2357
2499 2385
2499 2422
2499 2498
2499 2500
2499 2322
2499 1418
2499 359
2499 1935
2499 1068
2500 2376
2500 2422
2500 2498
2500 2322
2500 1068
2570 480
2570 667
2570 1928
2570 1806
1122 799
1122 1194
1122 594
1123 539
1123 541
1123 1188
1123 1176
1123 75
1123 1483
1125 817
1125 818
1125 857
1125 1483
1126 2489
1126 923
1126 580
1126 1497
1126 1212
1212 817
1212 818
1212 819
1212 1552
1215 1699
1215 818
1215 819
1215 1209
1215 580
1215 1707
1215 824
1215 825
347 713
347 998
347 999
347 452
347 84
1240 912
1240 1201
1240 841
1240 897
1240 998
1240 999
1240 987
1240 1086
1240 742
1240 1141
1240 1241
1240 950
1240 84
1240 1347
1240 1147
1241 912
1241 998
1241 1141
1241 1240
1241 950
1241 84
1241 1347
1241 1147
1322 1622
1322 1020
1322 2539
1322 1027
1322 323
426 29
426 335
426 2369
426 1576
426 836
426 1187
426 2126
426 1486
426 937
426 303
426 1275
426 1061
426 1528
426 318
426 2431
1328 1423
1328 1584
1328 1101
1328 1031
1328 1513
1328 927
1328 1412
1328 1155
1328 1020
1328 1109
1328 1111
1328 1568
1328 947
1328 783
1328 785
1328 1173
1328 1107
2338 1024
2338 1478
2338 2677
2338 2127
2338 1986
2338 2443
1329 2127
1329 1049
1329 1071
1329 1986
1329 1020
427 2044
427 2295
427 1274
427 1766
427 1914
427 2255
427 1103
427 1811
427 2383
427 493
427 2453
427 1760
427 665
427 2574
427 2388
427 1399
427 1405
427 494
427 610
427 587
427 2258
427 823
427 1318
427 526
427 1547
427 2412
427 1037
427 146
427 2306
427 312
427 202
427 1283
427 1284
427 230
427 2658
427 399
427 698
427 406
427 1975
427 250
427 584
427 304
427 2448
427 2683
427 1488
427 18
427 954
427 2437
427 916
427 1999
427 674
427 946
427 1577
427 658
427 205
427 696
427 461
427 1340
427 561
427 353
427 391
430 2487
430 1617
430 2593
430 1637
430 683
430 2033
430 1165
430 1792
430 2197
430 2137
430 223
430 1020
430 524
430 1698
430 381
430 1284
430 651
430 1207
430 2343
430 547
430 1568
430 632
430 2557
430 208
430 686
430 172
430 177
430 89
430 1270
430 119
430 52
430 236
2342 2593
2342 2577
2342 2197
2342 381
2342 497
2342 2151
2342 1270
1335 1024
1335 1478
1335 944
1335 1607
1335 1512
1335 1223
1335 885
1335 1270
1335 1032
1336 1478
1336 1027
1337 944
1337 1020
1337 1335
1337 2343
1337 2300
2343 2443
1339 434
1339 2677
1339 1335
1339 1111
1339 1570
1339 2443
438 79
438 550
438 96
438 21
438 607
438 227
438 296
438 616
438 710
438 692
438 720
438 391
289 2568
289 1498
289 1278
289 64
2276 1864
2692 1370
2692 2038
2692 2172
71 929
71 677
71 2442
71 1559
71 1923
71 661
71 1641
74 906
74 1024
74 1017
74 1103
74 871
74 949
74 1220
74 1634
74 680
74 604
74 2513
74 2266
74 154
74 975
74 2654
74 2284
74 2335
74 505
74 511
74 987
74 2013
74 252
74 345
74 1676
74 622
74 547
74 881
74 787
74 2390
74 1928
74 263
74 71
74 661
74 2124
74 310
74 377
74 19
74 867
76 869
76 1128
76 131
76 975
76 694
76 1934
76 345
76 181
76 2532
76 250
76 2390
76 661
76 2327
76 1548
76 392
76 518
1151 1350
294 83
294 1353
294 21
294 502
294 1438
294 665
294 103
294 186
294 173
294 638
294 554
294 191
294 1672
294 807
294 252
294 699
294 85
294 633
294 636
294 2476
294 2430
294 465
294 466
294 477
294 483
294 564
294 565
294 566
294 588
294 128
294 153
294 277
2246 2475
1259 1944
1259 2213
1259 1081
1259 1082
1259 893
1259 92
1259 2312
1259 521
1259 136
1269 1312
1269 2618
1269 876
1269 1260
591 2690
591 2155
591 287
591 1186
591 453
591 549
591 1358
591 2475
591 2182
591 848
591 199
591 488
591 1032
591 1105
2520 2359
2637 2652
70 1521
70 1692
70 255
70 931
70 999
70 1986
75 2122
75 2299
75 1854
75 1855
75 288
1854 2122
1854 1976
1854 2048
1854 2645
1854 2299
1854 2482
1854 1855
1855 2122
1855 2482
1855 1854
1864 2122
1864 1854
1864 1855
84 12
84 715
84 998
84 155
84 347
84 1240
84 27
84 950
84 1803
84 1347
84 1550
1028 1435
1028 1037
1028 206
1028 1042
1028 1610
359 203
359 2376
359 1787
359 2567
359 2505
359 1871
359 330
359 1320
359 2422
359 2498
359 2499
359 2322
359 808
359 1342
359 1068
476 605
476 1091
476 1056
2378 2050
2378 2335
2378 1668
2378 611
1621 300
1621 1448
1621 1194
1621 594
1621 824
1935 2340
1935 611
2057 2465
2057 2695
2057 790
2057 1510
228 2465
228 2617
228 1692
228 259
228 900
228 119
228 323
228 52
456 1296
456 2455
456 2653
456 2099
456 1748
1366 2513
1366 2413
1366 2414
1366 2239
1366 2562
465 118
465 2027
465 103
465 2672
465 85
465 2368
465 466
465 565
465 566
2368 2642
466 16
1378 1440
1378 239
1378 21
1378 559
1378 882
1378 82
1378 1540
1378 970
471 2
471 1045
471 103
471 1632
471 1859
471 295
477 1645
477 1766
477 463
477 229
477 2409
477 2658
477 427
477 333
483 463
483 933
483 749
483 367
483 650
483 277
562 1401
562 2014
562 2018
562 252
562 440
562 1889
562 60
562 671
562 370
562 1117
562 1183
564 463
565 478
565 548
565 1782
565 2
565 118
565 1440
565 2027
565 305
565 1401
565 1585
565 239
565 425
565 2442
565 1012
565 1376
565 1616
565 502
565 1316
565 644
565 1438
565 773
565 385
565 842
565 1957
565 1213
565 103
565 173
565 910
565 554
565 1741
565 882
565 2672
565 34
565 1546
565 283
565 492
565 85
565 2118
565 1859
565 82
565 1529
565 410
565 1727
565 1540
565 621
565 633
565 738
565 57
565 60
565 2472
565 2642
565 1676
565 244
565 1975
565 671
565 333
565 92
565 691
565 367
565 1790
565 465
565 466
565 1378
565 477
565 564
565 566
565 2480
565 575
565 2485
565 2628
565 2629
565 128
565 1373
565 295
565 601
565 306
566 1782
566 472
566 1544
566 733
566 16
566 186
566 1447
566 173
566 34
566 2221
566 699
566 688
566 2658
566 633
566 858
566 1816
566 671
566 333
566 466
566 477
566 483
566 2480
566 2485
566 588
566 1643
566 274
566 321
566 449
2480 653
2480 2485
567 21
567 502
567 385
567 1828
567 970
567 277
575 882
575 1378
575 2485
2485 749
2485 1816
2485 1378
1491 1390
1491 851
1491 1605
1491 903
2583 2310
2583 1423
2583 2333
2583 1173
2585 1809
2585 2441
2585 1830
2585 1263
686 683
686 1273
686 116
686 225
686 760
686 223
686 44
686 1698
686 381
686 430
686 2541
686 2557
686 119
1626 1584
1626 1407
1626 1698
1626 1735
1626 1164
2597 2256
2597 1698
690 445
690 2457
1643 773
1643 1189
1643 868
1649 1228
1649 1213
1649 1687
1649 868
1649 691
1649 1643
1649 148
1649 1557
924 1480
1061 1010
1061 1578
1061 1651
1061 1244
1174 1033
1174 1074
1174 1135
1174 893
1174 303
1174 1297
1174 1102
1174 902
1174 414
318 445
318 2310
318 991
318 2333
318 686
318 2427
318 1173
322 1027
1195 1323
1195 1630
2180 2577
2180 1500
1203 1119
1203 816
1203 1630
1203 881
1203 779
1203 542
1203 1411
1203 1195
325 1201
325 211
1287 810
1287 945
1287 976
1287 1414
1287 1437
1287 1397
1287 787
1287 499
1287 905
1288 1502
1288 1128
1288 1091
1288 1414
1288 787
1288 499
1288 107
1288 108
420 10
420 2214
420 192
420 2590
420 519
420 439
519 2608
519 10
519 190
519 705
519 510
519 2223
519 2549
519 2590
519 280
2421 1829
2421 2389
2421 1856
2421 2266
2421 2654
2421 345
2421 263
2421 2590
2421 74
2421 1868
521 156
521 2312
2426 1686
2426 2126
2426 2282
2426 2493
2426 2431
2426 1919
2427 1888
2427 2548
2427 2591
2427 2391
2427 507
1428 1622
1428 2079
1428 2617
1428 2424
1428 2229
1428 1312
1428 2539
1428 2493
1429 1208
2431 2591
1608 949
1608 1220
1608 987
1608 2225
1608 431
1612 1517
2586 2162
2586 1647
2586 1889
2586 2486
2586 2113
122 1093
122 124
122 127
122 2400
124 2400
1916 2400
127 124
127 2228
127 2400
295 1782
295 197
295 2078
295 1012
295 1316
295 220
295 210
2150 2183
2150 1192
1281 1604
1281 948
1281 1471
1281 1272
1281 1282
1281 1451
1282 1494
1282 1022
1282 948
1282 1471
1282 1272
1282 1446
1282 1281
2652 2308
2652 240
1053 853
1053 1024
1053 931
1053 1463
1053 1607
1053 1197
1053 1568
378 960
378 335
378 2012
378 2195
378 2042
378 1238
378 218
378 178
378 286
378 585
378 1644
378 1290
378 1207
378 227
378 692
378 1275
378 2290
378 2291
378 1963
378 396
378 2447
378 2583
378 1027
378 1061
378 1678
731 1450
731 330
731 576
731 1778
731 808
2649 1956
2649 249
2649 2436
2649 2106
735 216
735 1956
735 2527
735 307
735 195
735 86
735 2106
735 2649
826 1273
826 1606
826 1457
826 1422
826 1237
828 1457
828 1422
1819 2580
1819 224
1823 2487
1823 2580
52 2487
52 2580
136 2399
136 2487
136 2580
136 1370
136 2172
136 1479
136 2543
136 1776
136 244
136 92
136 1413
136 159
136 1102
136 2231
136 2635
1961 2100
236 1617
236 156
1107 1617
1114 1696
1114 1588
1114 1261
1114 1603
1114 602
1114 1371
1114 1117
247 2257
247 500
247 2446
247 1973
247 563
247 982
247 1261
247 1117
2089 357
2089 1965
2089 1261
2089 1603
2089 714
2089 1530
2089 1117
1117 1588
1117 2332
1117 1225
1117 1261
1117 1603
2207 79
2207 1786
2053 2685
2054 2685
2054 591
2054 2053
2070 2602
2070 2640
2081 2159
2081 2366
2082 2545
2082 2178
414 1877
414 908
414 1442
414 1445
414 440
1309 1186
1309 1132
1309 924
635 683
635 722
635 442
635 660
635 256
635 381
635 474
635 651
635 430
635 632
635 634
635 208
635 264
635 686
635 172
635 177
635 89
635 436
635 375
2555 2560
640 635
640 287
640 459
640 1363
640 549
640 1897
640 109
640 2475
640 20
640 732
640 591
640 574
640 130
640 199
640 2054
649 2560
649 166
649 2294
649 96
649 2581
649 457
649 2403
649 2123
649 752
649 1643
2560 323
166 457
166 1125
986 2484
986 862
986 1642
986 2616
986 2605
986 136
258 7
258 400
258 544
258 1031
258 268
258 0
258 8
258 14
258 1111
258 751
258 435
478 96
478 215
478 618
478 218
478 520
478 497
478 227
478 470
478 303
478 754
478 396
478 568
478 52
478 274
479 649
479 478
479 147
479 418
479 1354
479 1627
479 2636
479 92
479 2300
479 136
479 449
1645 797
1645 204
871 1591
158 184
158 598
158 433
158 707
1227 1236
1234 977
1234 1226
1234 1187
1234 1263
1234 13
1234 937
1234 1275
1234 790
1234 1510
2210 1808
1236 1227
1236 861
1236 296
1236 382
1236 1669
1238 1500
1238 1025
1238 1550
2350 2168
1343 1364
1343 1456
2354 400
2354 556
2356 1705
2356 2246
2356 1105
453 2156
453 9
453 706
453 1712
453 2059
453 2354
453 2455
453 1566
453 1358
453 1661
453 2092
453 2098
453 2099
453 1449
453 514
453 2618
453 1269
453 876
453 1025
453 2034
1360 1095
2360 2004
2360 400
2360 556
2360 1386
2360 2273
2360 2354
2360 1006
2360 2040
459 267
459 1705
459 130
1363 2168
1363 1343
1363 1364
1363 2475
1363 2653
1363 786
1364 1705
1364 1469
549 287
549 453
549 591
549 507
549 456
549 574
549 488
2455 2354
555 615
555 400
555 556
555 2354
1469 1705
1469 1456
667 2270
667 480
667 2072
667 1974
667 2227
667 1356
667 1928
667 257
667 867
1592 1734
1592 1293
1592 405
1592 1298
1592 1176
1592 1161
1600 1293
1600 946
672 2329
672 535
672 2004
672 1386
672 1343
672 2360
672 1363
672 549
672 2696
672 1460
672 1293
672 1003
672 1004
672 2653
672 591
672 456
672 924
672 574
672 130
1606 2381
1606 1293
1606 28
1732 853
1732 2225
1732 1493
910 1589
910 1673
910 1131
910 1432
910 1590
910 1140
910 1253
910 982
910 1573
910 1311
910 964
910 966
910 764
910 811
910 1221
910 981
910 1481
910 902
910 1117
192 10
192 705
192 510
192 193
192 280
192 420
192 519
192 439
193 10
193 238
193 2549
193 74
193 280
193 420
193 519
652 373
2676 1787
2676 2385
1741 492
1741 601
3 197
3 463
3 601
1844 1979
1844 1845
1845 1979
1845 979
68 1979
68 979
68 1845
68 1632
68 2007
68 522
68 1825
879 700
879 979
898 1687
496 2393
496 501
496 1896
2393 1813
2393 1952
2393 1896
2393 2029
501 174
503 1813
503 174
503 1952
503 501
503 2396
503 1851
503 2029
2409 2027
2409 174
2409 638
2409 2672
597 434
597 106
597 224
1672 899
1672 807
1672 1352
1672 1564
1672 903
807 1438
35 34
39 24
39 82
40 761
1016 1110
1016 943
1016 1070
1016 1205
1016 856
1016 1729
1016 1305
1016 727
1016 1670
1016 728
1016 1466
1023 1090
1029 1090
1029 2456
1503 1108
1503 1276
1503 1504
1503 1507
1503 1525
1503 1308
1504 1108
1504 1276
1504 1415
1504 1507
1504 1525
1504 1308
1506 1108
1506 1276
1506 1415
1506 1504
1506 1507
1506 1525
1506 1308
1507 1108
2607 2074
2607 2310
2607 2369
2607 1987
1636 2074
1636 1073
1636 928
1636 983
1636 1684
1636 245
2615 2074
2615 1647
1647 2074
1647 1684
1062 1323
1062 2651
1389 1079
1389 821
109 635
109 640
109 535
109 1296
109 1888
109 1074
109 459
109 672
109 884
109 2315
109 778
109 1661
109 171
109 955
109 507
109 488
109 967
109 2053
109 2054
114 171
2177 1883
539 1665
539 1210
539 1209
539 183
539 1453
539 454
539 541
1453 1152
1453 1210
645 51
645 312
645 742
645 211
2559 841
2559 51
2559 1241
2559 2076
2559 1747
2559 260
772 1502
772 768
772 51
772 2166
772 2167
772 312
772 742
772 1240
772 1241
772 2076
772 1147
1285 770
1285 405
1285 1298
1285 1176
1285 1382
1285 968
1293 2284
2306 2594
405 753
407 512
407 2439
407 1763
407 1298
407 1875
1298 407
409 2582
409 753
409 1606
409 1298
411 1891
411 512
411 2594
411 1470
411 536
411 2582
411 1600
411 2232
41 1733
41 889
41 94
41 1982
41 725
41 533
41 2456
41 1713
41 892
41 352
41 23
41 115
48 1783
48 2682
48 2456
490 6
490 220
490 5
490 492
490 734
490 45
490 213
492 2323
492 1186
492 734
492 45
492 213
513 117
513 452
2526 2448
1687 1228
1687 870
1687 773
1687 1189
1687 1632
1687 54
1687 1137
1687 148
1687 1557
1688 1228
1693 1228
256 2369
256 928
256 430
256 2225
256 634
256 983
2192 1743
2192 177
1217 1349
835 1248
132 346
2186 2321
2187 2314
2187 531
2187 2321
1312 1622
1312 1269
1312 1260
418 135
418 1312
418 1269
2461 2492
2461 1076
2461 1078
2462 1986
2462 401
557 423
558 2660
558 376
558 1934
558 2463
558 557
558 1137
558 1816
558 905
558 1641
