163 402
163 659
163 1696
163 2295
163 1274
163 1286
163 1544
163 2600
163 2363
163 1905
163 1611
163 141
163 1807
163 1110
163 174
163 2521
163 1792
163 1675
163 1334
163 813
163 1799
163 1943
163 2077
163 765
163 769
163 781
163 940
163 942
163 1590
163 1734
163 1872
163 2286
163 390
163 1717
163 1030
163 2274
163 2518
163 606
163 800
163 1575
163 546
163 1070
163 309
163 935
163 1205
163 1571
163 1971
163 1127
163 530
163 856
163 2604
163 910
163 2173
163 191
163 1253
163 1728
163 1729
163 1206
163 2177
163 1136
163 1457
163 2265
163 1225
163 2563
163 1689
163 1498
163 563
163 2396
163 717
163 1890
163 188
163 982
163 1130
163 55
163 346
163 2673
163 1379
163 1380
163 1207
163 2451
163 961
163 42
163 624
163 1573
163 2232
163 145
163 2361
163 2659
163 743
163 744
163 1139
163 1572
163 1303
163 1305
163 129
163 415
163 2204
163 1224
163 219
163 2667
163 727
163 448
163 237
163 2557
163 2200
163 22
163 1218
163 2202
163 1069
163 1178
163 2175
163 966
163 1219
163 757
163 1685
163 1691
163 1850
163 1159
163 1410
163 380
163 1536
163 1650
163 1558
163 2564
163 2298
163 1362
163 1784
163 1831
163 1065
163 290
163 1277
163 395
163 1098
163 1404
163 1099
163 2196
163 2554
163 1715
163 2248
163 2251
163 2280
163 2296
163 1113
163 714
163 2638
163 602
163 1530
163 1257
163 2259
163 689
163 1060
163 2039
163 1594
163 2116
163 1775
163 422
163 2316
163 266
163 658
163 1333
163 1153
163 1515
163 1114
163 523
163 1106
163 1467
168 475
168 1756
168 2604
552 548
552 374
552 451
552 472
552 2
552 305
552 239
552 446
552 644
552 220
552 311
552 653
552 16
552 173
552 554
552 559
552 412
552 723
552 85
552 688
552 621
552 636
552 738
552 749
552 57
552 60
552 210
552 671
552 167
552 92
552 691
552 367
552 466
552 473
552 483
552 575
552 455
552 298
552 601
552 370
552 306
552 277
1459 2078
1459 2221
1459 1687
1459 2404
1459 775
1459 1540
1459 633
1459 749
1459 57
1459 45
1459 1137
1459 210
1459 671
1459 167
1459 473
1459 566
1459 804
554 446
554 1859
554 167
554 306
559 34
559 1816
559 167
682 1791
682 2430
87 383
87 47
87 2245
92 2438
1892 2131
1994 2097
1994 2241
1994 1995
1994 1800
1995 2097
1995 1907
1995 1800
523 478
523 870
523 2442
523 2600
523 1616
523 2551
523 910
523 882
523 283
523 1214
523 1687
523 1931
523 2408
523 961
523 54
523 2642
523 1676
523 508
523 540
523 415
523 1790
523 465
523 565
523 2480
523 551
523 1921
523 277
608 394
608 2230
608 680
608 975
608 179
608 133
608 611
611 899
611 2230
611 2501
611 1103
611 2340
611 2352
611 718
611 864
611 2505
611 1755
611 1763
611 2050
611 386
611 179
611 716
611 1732
611 511
611 2540
611 2676
611 2385
611 1668
611 28
611 633
611 1352
611 579
611 1493
611 133
611 1116
611 1564
611 368
611 1488
611 2378
611 938
611 1265
611 1935
611 1499
611 2260
611 1315
611 2325
611 601
611 413
1534 1597
1534 1163
1534 1556
1534 1498
1534 1278
1534 1122
1534 289
1534 1148
1535 1348
1535 629
1535 289
1537 1556
1537 1348
1537 629
1537 289
1537 1535
612 2568
612 289
612 1046
2302 403
2302 1353
2302 2111
2302 1880
2302 2104
402 403
402 681
403 2104
2309 403
2309 681
2309 1325
2527 1956
2527 2100
2527 1961
2537 1846
2537 2198
2537 451
2537 1927
1560 2198
1560 535
1560 791
1560 1161
1560 456
638 2465
638 2146
638 701
638 862
638 722
638 1808
638 1189
638 383
638 618
638 1460
638 1312
638 1468
638 1895
638 2673
638 2171
638 441
638 227
638 296
638 2541
638 2045
638 1327
638 264
638 779
638 348
638 89
638 1027
638 521
638 2426
638 375
638 1539
638 1919
638 449
747 83
747 336
747 73
747 600
747 203
747 349
747 112
747 234
747 458
747 680
747 695
747 198
747 502
747 724
747 328
747 397
747 737
747 599
747 665
747 545
747 186
747 494
747 609
747 610
747 315
747 330
747 386
747 620
747 229
747 235
747 700
747 628
747 526
747 527
747 763
747 146
747 283
747 104
747 771
747 572
747 699
747 217
747 110
747 202
747 204
747 43
747 655
747 72
747 579
747 26
747 685
747 368
747 18
747 779
747 542
747 588
747 703
747 741
747 310
747 124
747 127
747 719
747 153
747 205
747 207
747 113
747 696
747 489
747 561
747 369
747 175
747 353
747 91
747 362
66 2359
66 1248
66 2294
66 69
66 215
66 2310
66 1531
66 2441
66 2122
66 183
66 34
66 1698
66 149
66 2520
66 288
66 2157
1136 1286
1136 1030
1136 800
1136 1740
1136 1575
1136 935
1136 1063
1136 1142
1136 1018
1136 727
1136 1558
1136 1516
1136 1060
1136 1594
1136 1333
1142 1018
345 117
345 2389
345 2266
345 1924
345 261
1256 881
1351 900
2474 2425
2474 2078
580 922
580 1212
1496 1125
1497 901
1497 1163
1497 580
1497 1212
581 222
581 49
581 50
581 580
582 818
582 259
582 1792
582 1498
1498 2398
1498 1163
1498 2158
1498 1049
1498 1071
1498 1351
1498 2450
1498 1483
583 2398
583 2568
583 50
583 1214
583 1278
583 1126
583 64
583 284
583 643
583 2371
1512 1235
1512 1671
1512 949
1512 1087
1512 999
1512 1463
1512 1335
1512 1267
1512 1608
2508 1235
2508 2577
2508 2137
2508 632
2508 322
251 2560
251 6
251 932
251 1877
251 482
251 88
251 1505
344 1622
344 1
344 2617
344 2609
344 1671
344 335
344 1881
344 2339
344 2441
344 2229
344 963
344 316
344 1442
344 1445
344 2589
344 1312
344 1627
344 2032
344 2171
344 1267
344 1275
344 2290
344 2291
344 1260
344 348
344 1244
344 675
344 521
344 2426
344 1007
569 1181
569 767
569 550
569 1273
569 1092
569 1712
569 255
569 1522
569 1986
569 1457
569 1430
569 2099
569 514
569 710
569 1269
569 1000
569 456
569 1025
1484 1521
1484 1057
1484 1692
1484 1220
1484 1092
1484 931
1484 822
1484 1522
1484 1430
1484 1482
1484 1197
1484 1500
1484 1237
570 212
570 2026
570 1258
570 1381
570 1200
570 1243
570 1246
570 1524
570 1709
570 169
570 1922
570 1814
570 872
570 59
570 874
570 1245
570 1067
2486 1970
576 605
576 863
576 212
576 293
576 2026
576 1258
576 1381
576 1526
576 1200
576 330
576 354
576 1524
576 1710
576 570
576 1922
576 726
576 1801
576 834
576 839
576 1814
576 1014
576 2552
576 1932
576 59
576 874
576 1245
576 355
576 1067
2498 2147
2498 2567
2498 2500
2498 2322
2499 203
2499 2147
2499 863
2499 2376
2499 1787
2499 2505
2499 1871
2499 2357
2499 2385
2499 2422
2499 2498
2499 2500
2499 2322
2499 1418
2499 359
2499 1935
2499 1068
2500 2376
2500 2422
2500 2498
2500 2322
2500 1068
2570 480
2570 667
2570 1928
2570 1806
1122 799
1122 1194
1122 594
1123 539
1123 541
1123 1188
1123 1176
1123 75
1123 1483
1125 817
1125 818
1125 857
1125 1483
1126 2489
1126 923
1126 580
1126 1497
1126 1212
1212 817
1212 818
1212 819
1212 1552
1215 1699
1215 818
1215 819
1215 1209
1215 580
1215 1707
1215 824
1215 825
347 713
347 998
347 999
347 452
347 84
1240 912
1240 1201
1240 841
1240 897
1240 998
1240 999
1240 987
1240 1086
1240 742
1240 1141
1240 1241
1240 950
1240 84
1240 1347
1240 1147
1241 912
1241 998
1241 1141
1241 1240
1241 950
1241 84
1241 1347
1241 1147
1322 1622
1322 1020
1322 2539
1322 1027
1322 323
426 29
426 335
426 2369
426 1576
426 836
426 1187
426 2126
426 1486
426 937
426 303
426 1275
426 1061
426 1528
426 318
426 2431
1328 1423
1328 1584
1328 1101
1328 1031
1328 1513
1328 927
1328 1412
1328 1155
1328 1020
1328 1109
1328 1111
1328 1568
1328 947
1328 783
1328 785
1328 1173
1328 1107
2338 1024
2338 1478
2338 2677
2338 2127
2338 1986
2338 2443
1329 2127
1329 1049
1329 1071
1329 1986
1329 1020
427 2044
427 2295
427 1274
427 1766
427 1914
427 2255
427 1103
427 1811
427 2383
427 493
427 2453
427 1760
427 665
427 2574
427 2388
427 1399
427 1405
427 494
427 610
427 587
427 2258
427 823
427 1318
427 526
427 1547
427 2412
427 1037
427 146
427 2306
427 312
427 202
427 1283
427 1284
427 230
427 2658
427 399
427 698
427 406
427 1975
427 250
427 584
427 304
427 2448
427 2683
427 1488
427 18
427 954
427 2437
427 916
427 1999
427 674
427 946
427 1577
427 658
427 205
427 696
427 461
427 1340
427 561
427 353
427 391
430 2487
430 1617
430 2593
430 1637
430 683
430 2033
430 1165
430 1792
430 2197
430 2137
430 223
430 1020
430 524
430 1698
430 381
430 1284
430 651
430 1207
430 2343
430 547
430 1568
430 632
430 2557
430 208
430 686
430 172
430 177
430 89
430 1270
430 119
430 52
430 236
2342 2593
2342 2577
2342 2197
2342 381
2342 497
2342 2151
2342 1270
1335 1024
1335 1478
1335 944
1335 1607
1335 1512
1335 1223
1335 885
1335 1270
1335 1032
1336 1478
1336 1027
1337 944
1337 1020
1337 1335
1337 2343
1337 2300
2343 2443
1339 434
1339 2677
1339 1335
1339 1111
1339 1570
1339 2443
438 79
438 550
438 96
438 21
438 607
438 227
438 296
438 616
438 710
438 692
438 720
438 391
289 2568
289 1498
289 1278
289 64
2276 1864
2692 1370
2692 2038
2692 2172
71 929
71 677
71 2442
71 1559
71 1923
71 661
71 1641
74 906
74 1024
74 1017
74 1103
74 871
74 949
74 1220
74 1634
74 680
74 604
74 2513
74 2266
74 154
74 975
74 2654
74 2284
74 2335
74 505
74 511
74 987
74 2013
74 252
74 345
74 1676
74 622
74 547
74 881
74 787
74 2390
74 1928
74 263
74 71
74 661
74 2124
74 310
74 377
74 19
74 867
76 869
76 1128
76 131
76 975
76 694
76 1934
76 345
76 181
76 2532
76 250
76 2390
76 661
76 2327
76 1548
76 392
76 518
1151 1350
294 83
294 1353
294 21
294 502
294 1438
294 665
294 103
294 186
294 173
294 638
294 554
294 191
294 1672
294 807
294 252
294 699
294 85
294 633
294 636
294 2476
294 2430
294 465
294 466
294 477
294 483
294 564
294 565
294 566
294 588
294 128
294 153
294 277
2246 2475
1259 1944
1259 2213
1259 1081
1259 1082
1259 893
1259 92
1259 2312
1259 521
1259 136
1269 1312
1269 2618
1269 876
1269 1260
591 2690
591 2155
591 287
591 1186
591 453
591 549
591 1358
591 2475
591 2182
591 848
591 199
591 488
591 1032
591 1105
2520 2359
2637 2652
70 1521
70 1692
70 255
70 931
70 999
70 1986
75 2122
75 2299
