0 2
0 5
0 6
0 12
0 32
0 50
0 141
0 145
0 175
0 179
0 226
0 248
0 332
0 355
0 378
2 14
2 27
2 33
2 36
2 48
2 57
2 68
2 84
2 124
2 168
2 179
2 284
2 288
2 390
5 13
5 22
5 26
5 30
5 31
5 97
5 107
5 113
5 114
5 147
5 150
5 155
5 157
5 170
5 180
5 194
5 200
5 201
5 220
5 239
5 246
5 267
5 314
5 316
5 348
6 9
6 161
6 336
12 46
12 117
12 135
12 216
12 381
32 57
32 62
32 64
32 65
32 265
32 315
32 352
50 68
50 93
141 21
175 158
175 308
179 385
179 386
226 168
226 390
248 7
248 336
355 14
378 275
14 25
14 39
14 128
14 130
14 335
14 340
27 3
27 53
27 54
27 125
27 207
27 257
27 392
33 61
36 21
36 53
48 154
48 395
68 323
84 307
124 9
284 260
288 56
13 91
13 108
13 146
13 182
13 199
13 236
13 282
13 374
13 394
22 19
22 26
22 194
26 295
26 49
26 90
26 147
26 339
30 3
30 101
30 123
30 266
30 294
31 3
97 61
97 211
107 1
113 59
155 17
157 61
157 374
170 3
170 190
170 234
180 93
194 291
200 1
201 18
220 186
239 28
239 247
239 278
246 16
267 231
267 387
314 250
316 52
9 16
9 74
9 146
9 198
9 251
9 277
46 94
46 41
117 143
216 1
381 199
64 1
65 4
65 335
265 24
315 56
315 361
352 3
93 230
93 215
93 204
21 79
21 47
21 129
21 133
21 260
158 342
158 235
158 357
385 90
386 247
7 108
7 206
7 238
7 253
7 349
275 251
275 312
275 301
275 330
1 35
1 56
1 86
1 87
1 94
1 116
1 138
1 165
1 167
1 196
1 210
1 227
1 237
1 245
1 281
1 311
1 342
1 343
1 346
1 362
1 371
35 17
35 72
35 75
35 87
35 225
56 51
56 99
56 163
87 294
94 125
116 16
138 149
138 321
165 34
165 203
167 236
167 290
196 118
196 368
210 49
210 367
227 28
227 296
237 206
245 195
281 137
311 37
343 52
346 120
371 60
17 11
17 162
17 183
17 214
17 382
72 15
72 172
75 128
75 102
75 139
75 177
225 319
51 171
51 187
51 307
163 44
16 166
149 144
321 3
34 224
34 258
203 42
118 40
118 55
118 213
118 359
368 197
49 192
49 252
296 217
206 47
195 8
195 172
137 20
137 286
37 3
37 152
37 283
52 253
52 78
52 354
52 76
52 143
120 173
120 191
120 324
120 325
60 55
60 136
25 71
25 354
39 23
130 111
3 193
3 208
3 228
3 295
3 328
3 399
53 88
53 127
53 233
54 144
54 176
54 252
54 264
54 310
207 162
207 268
257 109
392 358
61 356
61 154
61 169
61 344
61 373
61 393
154 166
154 353
323 202
260 24
260 364
193 42
208 192
228 92
295 329
328 142
101 156
123 19
123 212
123 317
266 190
266 389
152 329
283 131
283 345
190 162
190 222
234 218
42 111
42 126
42 233
42 327
42 363
192 217
192 320
92 286
92 377
92 383
142 81
4 45
4 197
4 304
45 8
45 289
304 23
8 230
23 349
23 10
23 81
23 96
23 100
23 115
23 122
23 144
23 178
23 241
91 89
91 365
146 219
146 243
146 322
182 38
199 282
199 394
19 181
19 67
19 215
19 243
19 262
19 388
90 110
90 204
90 326
211 391
59 11
59 18
18 391
186 115
186 58
231 47
387 69
74 44
198 66
251 272
238 209
209 71
172 297
172 232
172 274
172 375
44 174
243 320
66 20
66 153
66 159
272 215
10 79
79 88
79 169
81 162
81 396
115 298
122 73
144 298
178 133
178 191
241 80
11 20
11 29
11 104
11 356
20 132
20 223
20 376
29 58
104 83
162 313
214 140
382 350
132 112
132 258
223 160
376 292
58 38
41 67
41 73
41 111
41 269
41 280
41 337
41 373
89 353
89 372
38 55
38 119
38 164
38 312
71 76
71 224
15 40
15 63
15 80
15 181
15 297
40 276
80 112
112 327
112 341
350 305
317 379
320 369
160 205
129 217
133 70
24 78
24 222
24 229
364 379
78 98
78 331
222 319
229 185
229 264
229 318
331 134
318 139
204 398
127 43
176 148
109 302
389 344
361 189
393 202
102 305
131 303
345 205
55 164
119 271
271 279
213 126
213 287
269 240
126 85
363 134
363 380
174 221
148 259
136 254
274 103
274 370
375 333
305 293
305 384
341 357
82 103
384 189
287 244
325 330
205 347
77 77
95 95
105 105
106 106
121 121
151 151
184 184
188 188
242 242
249 249
255 255
256 256
261 261
263 263
270 270
273 273
285 285
299 299
300 300
306 306
309 309
334 334
338 338
351 351
360 360
366 366
397 397
