0 85
0 109
0 135
0 145
0 179
0 261
0 273
0 301
0 306
0 340
0 341
0 355
85 86
85 156
109 13
109 257
109 333
135 12
145 309
179 386
179 397
261 247
273 162
306 24
306 28
306 77
306 97
306 105
306 107
306 147
306 150
306 157
306 180
306 184
306 194
306 201
306 220
306 246
306 267
306 300
306 309
306 314
306 316
306 326
306 348
306 383
340 14
341 112
341 357
355 14
86 309
156 101
13 55
13 96
13 108
13 199
13 209
13 236
13 282
13 303
13 374
13 394
257 27
333 375
12 46
12 51
12 117
12 216
12 360
309 197
309 8
309 56
309 61
309 63
309 64
309 87
309 99
309 134
309 151
309 153
309 165
309 185
309 196
309 210
309 216
309 227
309 237
309 244
309 276
309 278
309 292
309 300
309 311
309 322
309 342
309 343
309 360
309 362
309 371
309 397
386 247
397 124
397 35
397 32
397 33
397 34
397 48
397 68
397 84
397 270
397 288
397 289
397 300
247 103
162 17
162 81
162 190
162 207
162 313
24 29
24 222
24 229
24 265
24 302
28 23
28 227
28 239
77 285
97 218
97 211
97 313
105 103
147 26
150 67
157 374
157 61
180 93
184 49
194 22
194 291
201 18
220 277
220 186
246 16
267 231
267 387
300 360
300 268
314 250
316 52
326 90
348 163
383 92
14 43
14 39
14 66
14 89
14 128
14 130
112 132
112 327
357 158
2 124
124 9
9 16
9 18
9 74
9 146
9 251
9 263
9 277
4 43
4 45
4 183
4 197
4 304
43 127
45 289
197 368
304 23
127 53
368 196
23 10
23 39
23 51
23 81
23 100
23 115
23 131
23 178
23 241
6 161
6 254
6 336
161 235
254 136
336 248
235 158
136 60
136 344
248 7
7 95
7 98
7 159
7 253
95 19
95 171
98 78
159 66
19 181
19 20
19 67
19 123
19 205
19 262
171 51
78 52
78 331
66 20
66 153
66 187
66 198
66 372
8 230
8 285
56 51
56 315
56 163
56 99
56 288
61 356
61 154
61 83
61 169
61 310
61 344
63 15
64 32
87 255
87 35
87 103
87 114
134 93
134 331
134 256
134 363
151 20
151 192
165 34
165 203
185 263
185 229
196 118
210 49
210 367
227 296
237 206
244 287
276 360
278 239
292 96
292 376
311 37
322 146
343 52
360 27
360 34
360 40
360 90
360 139
360 170
360 193
360 208
360 228
360 295
360 328
360 352
362 94
16 116
18 59
18 249
18 324
18 337
18 391
74 44
146 219
146 243
251 240
251 272
59 11
59 113
249 138
324 120
337 41
391 211
44 351
44 163
243 320
240 269
272 215
10 79
10 255
79 88
79 106
79 169
51 187
51 293
100 68
131 303
131 283
178 133
178 191
241 80
88 53
11 104
11 356
113 347
113 364
46 41
46 94
117 143
117 268
117 377
41 67
41 73
41 111
41 225
41 269
41 280
94 125
293 37
293 305
143 52
377 92
27 53
27 125
27 207
34 50
34 224
34 325
40 118
90 26
90 110
90 204
90 385
139 318
170 190
170 234
170 270
193 42
228 92
295 26
328 142
352 32
55 60
55 118
96 359
199 280
199 282
199 394
209 71
209 238
236 167
60 21
118 359
71 224
71 82
71 76
167 47
167 290
89 353
89 372
128 75
130 111
130 168
20 62
20 92
20 132
20 223
20 376
198 279
198 308
75 35
75 177
15 72
15 101
15 181
15 218
15 297
15 398
72 35
218 234
297 172
398 204
35 17
172 375
204 93
204 291
17 155
17 382
382 350
190 266
350 305
138 21
138 149
138 321
120 140
123 212
123 317
205 160
262 137
62 32
62 93
62 365
92 119
92 231
92 286
92 290
223 160
317 30
317 379
160 25
137 103
137 286
32 65
32 315
119 259
119 271
231 47
192 217
192 320
21 133
21 260
133 70
260 299
260 364
70 177
149 144
299 52
364 379
68 50
283 345
29 58
29 188
222 319
229 264
229 318
58 38
58 186
319 225
25 354
354 52
52 76
26 49
26 339
49 82
49 370
370 274
110 83
53 36
53 233
233 42
296 217
38 164
38 351
30 266
30 294
30 358
266 389
358 103
389 344
103 274
65 335
315 361
361 189
33 84
48 129
48 154
48 395
84 307
325 330
203 42
330 275
37 73
37 152
73 122
152 69
152 329
69 387
305 102
42 327
47 206
129 217
154 202
395 175
175 158
175 308
54 144
54 176
54 252
259 148
363 380
140 214
320 369
158 338
174 221
174 369
189 384
213 287
226 390
275 312
1 1
3 3
5 5
31 31
57 57
91 91
121 121
126 126
141 141
166 166
173 173
182 182
195 195
200 200
232 232
242 242
245 245
258 258
281 281
284 284
298 298
323 323
332 332
334 334
346 346
349 349
366 366
373 373
378 378
381 381
388 388
392 392
393 393
396 396
399 399
