0 4
0 32
0 48
0 50
0 85
0 109
0 112
0 135
0 140
0 145
0 261
0 273
0 309
0 332
0 340
0 341
0 355
4 43
4 45
4 65
4 183
4 304
32 57
32 62
32 64
32 315
32 352
32 397
48 129
48 154
48 397
50 68
50 93
85 23
85 126
85 156
109 257
109 302
109 333
112 80
112 132
112 327
112 341
135 12
140 120
140 214
261 247
273 162
309 14
309 18
309 35
309 63
309 64
309 80
309 94
309 99
309 107
309 116
309 134
309 165
309 167
309 172
309 185
309 196
309 197
309 216
309 227
309 245
309 256
309 276
309 278
309 281
309 292
309 300
309 311
309 342
309 346
309 360
309 362
332 338
340 14
355 14
43 14
43 127
45 8
45 289
65 158
65 335
183 17
304 23
57 61
57 397
62 20
62 365
315 56
315 361
352 360
397 124
397 33
397 34
397 68
397 84
397 168
397 270
397 284
397 288
397 300
129 21
129 217
154 166
154 61
154 353
68 100
68 323
93 215
23 349
23 51
23 28
23 81
23 100
23 178
126 42
126 213
126 300
302 334
333 375
80 15
132 20
132 258
327 42
12 46
12 51
12 216
120 324
120 173
120 191
120 346
247 239
247 103
162 17
162 81
162 313
14 39
14 128
14 335
18 9
18 142
18 201
18 249
18 324
18 337
18 391
35 17
35 75
35 87
35 225
94 46
94 125
94 362
99 56
107 306
116 16
134 363
134 331
134 256
165 34
165 203
167 47
167 236
167 290
172 297
172 274
172 375
185 263
196 118
196 368
197 368
227 28
227 296
245 195
276 40
276 360
278 239
281 137
292 96
292 376
300 306
300 360
300 268
311 37
342 158
360 40
360 139
360 208
360 228
360 321
360 328
338 158
127 53
8 16
8 121
8 195
8 230
8 285
158 113
158 175
158 202
158 235
158 357
17 155
17 339
17 382
6 160
6 254
6 336
160 25
160 205
160 223
254 136
336 248
25 306
25 354
205 19
205 345
205 347
223 20
136 344
7 44
7 98
7 108
7 159
7 206
7 238
7 253
7 349
44 74
44 163
44 351
98 78
108 13
159 66
206 47
206 237
238 209
253 52
74 9
163 56
163 348
351 38
78 52
78 331
13 146
13 55
13 96
13 182
13 209
13 250
13 374
13 394
66 198
66 20
66 153
66 187
66 372
209 71
52 70
52 76
52 299
52 343
16 166
16 246
121 21
21 306
21 36
21 60
21 133
21 138
21 141
21 260
9 124
9 146
9 198
9 263
9 277
146 219
146 322
198 279
198 308
277 220
142 328
249 138
337 41
279 271
308 175
220 186
10 255
10 306
255 87
306 11
306 22
306 24
306 26
306 28
306 77
306 105
306 113
306 114
306 117
306 147
306 157
306 184
306 194
306 267
306 314
306 326
306 348
306 366
306 383
87 294
11 29
11 59
11 104
11 148
11 356
22 194
24 29
24 222
24 229
24 265
26 339
26 90
26 147
26 295
28 239
105 103
113 59
113 347
117 110
117 377
117 268
157 61
184 49
194 291
267 231
326 90
366 30
29 188
104 83
148 176
148 259
356 61
188 70
176 54
259 119
61 33
61 169
61 310
61 373
61 393
46 41
51 187
51 293
41 225
41 73
41 67
41 280
293 37
293 305
55 38
55 60
96 359
182 38
394 199
38 58
38 312
359 118
71 224
71 76
199 280
199 282
128 75
75 102
75 139
75 177
15 102
15 181
15 211
15 218
15 297
15 398
102 305
218 234
398 204
305 350
305 384
234 170
204 90
204 291
382 350
225 319
313 97
350 19
138 149
138 321
19 123
19 215
19 262
19 388
123 30
123 317
215 272
262 137
388 34
30 101
30 266
30 294
30 317
345 283
272 251
137 200
34 224
20 151
20 376
151 192
372 89
192 49
192 208
192 217
192 320
36 53
133 70
133 178
260 284
260 299
53 27
53 88
53 233
217 296
70 177
178 191
149 144
222 190
222 319
229 264
229 318
190 266
190 170
318 139
90 110
90 189
90 385
90 399
189 361
385 179
27 49
27 125
27 207
27 392
49 210
49 252
49 370
207 268
252 54
370 274
88 79
233 42
266 389
389 344
31 396
84 307
168 130
168 226
270 170
393 202
203 42
37 73
73 122
58 186
40 173
40 232
228 92
67 150
42 111
42 193
42 363
111 130
213 118
213 287
290 92
353 89
320 369
320 243
54 144
323 202
323 367
79 106
144 298
298 115
202 221
175 395
235 161
92 119
92 231
92 377
119 271
95 171
97 200
103 358
287 244
226 390
131 283
131 303
152 329
221 174
174 369
275 330
330 325
364 379
1 1
2 2
3 3
5 5
69 69
72 72
82 82
86 86
91 91
143 143
164 164
180 180
212 212
240 240
241 241
242 242
269 269
286 286
301 301
316 316
371 371
378 378
380 380
381 381
386 386
387 387
