0 3
0 8
3 5
1 5
5 2
5 4
5 6
5 7
5 13
5 23
5 25
9 10
9 20
10 14
10 16
10 19
10 21
10 24
10 26
20 12
20 15
20 17
20 22
16 18
11 18
27 49
49 31
49 35
49 38
49 44
49 54
49 55
49 63
49 69
28 53
53 32
53 33
53 36
53 39
53 40
53 42
53 45
53 50
53 51
53 58
53 105
53 142
53 256
53 278
29 48
29 56
48 52
48 67
56 54
30 52
52 34
52 41
52 55
31 68
31 74
31 243
68 58
68 69
68 70
68 318
74 70
74 242
74 271
74 282
74 318
74 320
243 242
32 43
43 47
43 55
37 46
37 50
42 61
42 251
61 58
61 70
61 125
61 319
251 252
251 254
251 257
251 258
67 70
67 317
67 322
54 51
58 57
58 157
58 168
58 281
58 332
105 113
142 137
278 182
57 70
70 157
70 168
70 281
70 301
70 332
70 357
70 364
70 366
70 368
70 371
157 158
157 160
281 334
281 345
281 358
332 327
59 72
72 60
72 62
72 64
72 65
72 66
72 71
72 73
72 317
72 318
72 319
72 320
72 322
72 331
125 76
125 80
125 82
125 127
125 137
125 145
125 146
125 169
125 205
125 207
125 270
319 324
301 303
357 359
331 333
271 270
282 186
282 244
282 341
282 359
75 78
78 78
78 81
78 83
78 84
78 87
78 88
78 91
78 92
78 118
78 120
78 144
78 180
78 221
78 222
78 223
78 225
78 241
78 280
78 283
78 335
76 86
76 89
89 77
77 79
77 85
77 195
79 172
79 213
81 133
81 147
83 133
83 147
84 133
84 147
87 133
87 147
88 133
91 80
91 93
91 330
92 133
92 147
118 93
118 124
118 208
118 217
120 93
120 126
120 172
120 213
144 133
144 147
180 133
221 133
223 133
225 133
241 93
241 172
241 239
283 133
283 172
335 307
335 309
335 315
335 351
172 80
172 97
172 146
172 204
172 321
213 80
213 97
213 146
80 82
80 204
82 82
82 90
82 124
82 126
82 146
82 152
82 155
82 156
82 158
82 161
82 164
82 170
82 194
82 196
82 199
82 201
82 202
82 205
82 233
82 239
82 255
82 263
82 264
82 272
82 324
82 326
82 329
82 330
204 206
204 326
204 330
133 132
133 151
133 162
133 163
133 167
133 193
133 199
133 201
133 224
133 273
133 336
147 127
147 146
147 149
147 166
124 121
126 121
146 122
146 272
146 307
146 309
146 315
156 165
156 192
156 197
161 165
164 166
164 203
164 253
170 127
170 137
170 205
194 192
196 165
196 197
196 234
199 165
199 197
199 234
201 165
201 197
201 224
201 234
201 253
202 165
202 234
205 206
233 298
233 307
233 309
233 315
239 121
272 127
272 145
272 261
272 299
324 206
93 97
93 99
93 175
93 178
93 191
93 355
97 94
97 95
97 98
97 99
97 176
97 177
97 181
97 208
97 209
97 211
97 214
97 217
97 247
99 98
99 100
99 171
99 173
99 174
99 175
99 178
99 179
99 218
99 219
99 246
99 249
99 355
99 356
191 185
191 186
94 190
94 248
94 249
190 185
190 186
190 210
190 214
248 185
249 177
249 348
96 98
96 101
177 179
217 179
217 218
217 219
247 244
247 341
171 352
173 352
246 244
246 341
102 111
102 115
102 116
111 109
111 113
115 112
116 106
116 107
116 108
103 104
103 110
103 114
117 119
119 145
119 148
119 149
119 150
119 162
119 163
119 165
119 166
119 167
119 197
119 215
119 224
145 122
149 151
149 273
165 151
165 200
165 273
166 151
166 273
167 169
167 192
167 259
197 151
197 198
197 273
215 216
224 151
121 127
127 122
127 123
127 151
127 159
127 193
127 198
127 200
127 273
127 274
127 275
127 336
122 216
216 212
137 131
137 141
137 143
137 220
137 228
137 230
137 232
169 141
169 151
169 193
169 200
169 220
169 230
169 234
169 238
169 240
169 260
169 273
169 274
169 275
207 206
151 192
151 203
151 253
151 259
151 298
151 307
151 309
151 315
193 192
193 259
200 192
200 259
273 253
273 259
128 129
129 153
129 154
129 294
129 328
294 293
130 134
134 135
134 136
131 132
132 220
220 259
141 140
141 160
141 192
141 203
141 226
141 237
141 253
141 259
141 293
141 300
143 138
143 140
228 227
228 232
230 231
230 259
232 231
138 139
192 257
237 257
253 257
259 234
259 238
259 240
259 262
259 302
293 296
300 257
307 308
307 316
309 308
315 308
298 296
298 310
234 227
238 231
240 231
260 261
260 262
352 188
352 349
321 206
182 185
182 290
182 338
182 348
185 183
185 187
185 188
185 189
185 210
185 244
185 250
185 334
185 345
185 358
185 375
290 284
338 342
348 349
183 186
186 184
186 244
186 245
186 277
186 279
186 285
186 287
186 337
186 339
186 340
186 341
186 343
186 347
186 353
186 354
186 373
188 344
188 350
188 374
244 277
244 279
244 286
345 346
358 365
375 257
375 341
277 341
279 341
340 361
341 342
341 353
341 354
341 373
344 342
350 342
374 342
206 325
325 333
227 235
227 236
235 229
229 231
231 265
231 266
231 267
231 268
231 269
286 284
302 303
299 303
276 284
284 288
284 289
359 367
291 296
296 292
296 295
296 297
310 314
304 306
306 316
305 308
308 311
308 312
308 323
316 313
314 313
333 327
351 349
342 346
342 365
361 367
367 360
367 362
367 363
367 369
367 370
367 372
